Date,Open Price,High Price,Low Price,Close Price,WAP,No.of Shares,No. of Trades,Total Turnover (Rs.),Deliverable Quantity,% Deli. Qty to Traded Qty,Spread High-Low,Spread Close-Open,Unix Date
2021-04-23,11.4,11.94,10.85,11.66,11.429086229086227,27195,77,310814.0,27195.0,100.0,1.09,0.26,1619116200.0
2021-04-22,11.25,11.45,10.5,11.38,11.189963077386784,13271,45,148502.0,13271.0,100.0,0.95,0.13,1619029800.0
2021-04-20,11.5,11.5,10.96,10.96,11.091780296807404,18261,46,202547.0,18261.0,100.0,0.54,-0.54,1618857000.0
2021-04-19,10.75,11.86,10.75,11.53,11.314303190947088,9809,44,110982.0,9809.0,100.0,1.11,0.78,1618770600.0
2021-04-16,11.44,11.44,10.61,11.3,11.211360864262065,5739,36,64342.0,5739.0,100.0,0.83,-0.14,1618511400.0
2021-04-15,10.6,10.9,9.89,10.9,10.686386709736963,10835,50,115787.0,10835.0,100.0,1.01,0.3,1618425000.0
2021-04-13,10.8,10.8,10.39,10.39,10.393134888710108,7458,27,77512.0,7458.0,100.0,0.41,-0.41,1618252200.0
2021-04-12,11.59,11.59,10.93,10.93,10.930097862991811,5007,26,54727.0,5007.0,100.0,0.66,-0.66,1618165800.0
2021-04-09,11.59,11.59,10.66,11.5,11.280907985407376,2467,32,27830.0,2467.0,100.0,0.93,-0.09,1617906600.0
2021-04-08,11.6,11.6,10.63,11.15,11.244006393180609,5631,42,63315.0,5631.0,100.0,0.97,-0.45,1617820200.0
2021-04-07,11.6,11.6,10.56,11.1,10.896505263157893,11875,32,129396.0,11875.0,100.0,1.04,-0.5,1617733800.0
2021-04-06,11.3,11.31,10.27,11.1,10.978865482582954,14526,50,159479.0,14526.0,100.0,1.04,-0.2,1617647400.0
2021-04-05,11.0,11.25,10.22,10.78,10.485541447849497,15043,65,157734.0,15043.0,100.0,1.03,-0.22,1617561000.0
2021-04-01,11.08,11.08,10.6,10.75,11.01878317680686,7347,39,80955.0,7347.0,100.0,0.48,-0.33,1617215400.0
2021-03-31,11.65,11.65,10.56,10.56,10.589567327133036,4946,31,52376.0,4946.0,100.0,1.09,-1.09,1617129000.0
2021-03-30,11.11,11.99,11.11,11.11,11.144806506195076,18321,42,204184.0,18321.0,100.0,0.88,0.0,1617042600.0
2021-03-26,11.7,12.9,11.69,11.69,11.994589637780834,10905,65,130801.0,10905.0,100.0,1.21,-0.01,1616697000.0
2021-03-25,12.3,12.3,12.3,12.3,12.299846331156358,5206,24,64033.0,5206.0,100.0,0.0,0.0,1616610600.0
2021-03-24,13.67,13.67,12.92,12.92,12.985228122662676,5348,31,69445.0,5348.0,100.0,0.75,-0.75,1616524200.0
2021-03-23,14.38,14.38,13.02,13.59,13.193442968585284,18972,66,250306.0,18972.0,100.0,1.36,-0.79,1616437800.0
2021-03-22,13.75,14.11,13.3,13.7,13.551232314011866,17528,62,237526.0,17528.0,100.0,0.81,-0.05,1616351400.0
2021-03-19,14.0,14.11,13.11,13.99,13.832124897672786,17102,89,236557.0,17102.0,100.0,1.0,-0.01,1616092200.0
2021-03-18,14.39,14.5,13.21,13.44,13.904308065226973,18152,105,252391.0,18152.0,100.0,1.29,-0.95,1616005800.0
2021-03-17,13.41,14.04,12.72,13.82,13.761921708185051,59010,169,812091.0,59010.0,100.0,1.32,0.41,1615919400.0
2021-03-16,13.15,13.38,12.53,13.38,13.19296109632482,35318,107,465949.0,35318.0,100.0,0.85,0.23,1615833000.0
2021-03-15,11.9,13.1,11.89,12.75,12.634170762789005,21972,105,277598.0,21972.0,100.0,1.21,0.85,1615746600.0
2021-03-12,13.5,13.8,12.51,12.51,12.93428608436596,23161,127,299571.0,23161.0,100.0,1.29,-0.99,1615487400.0
2021-03-10,13.35,13.35,12.09,13.16,13.264553006391232,63681,290,844700.0,55966.0,87.88,1.26,-0.19,1615314600.0
2021-03-09,12.72,12.72,12.71,12.72,12.719929644161818,14782,44,188026.0,14782.0,100.0,0.01,0.0,1615228200.0
2021-03-08,12.12,12.12,11.56,12.12,12.104189909507872,32268,118,390578.0,31551.0,97.78,0.56,0.0,1615141800.0
2021-03-05,11.55,11.55,11.55,11.55,11.549954421148588,10970,34,126703.0,10870.0,99.09,0.0,0.0,1614882600.0
2021-03-04,10.98,11.0,10.3,11.0,10.770391580250736,38766,106,417525.0,37150.0,95.83,0.7,0.02,1614796200.0
2021-03-03,10.25,10.25,9.5,10.0,9.874227190407792,32026,103,316232.0,27916.0,87.17,0.75,-0.25,1614709800.0
2021-03-02,9.0,9.57,9.0,9.41,9.34665070782946,48458,160,452920.0,37891.0,78.19,0.57,0.41,1614623400.0
2021-03-01,8.98,8.98,8.11,8.7,8.666865750879287,30138,96,261202.0,24412.0,81.0,0.87,-0.28,1614537000.0
2021-02-26,8.69,8.9,8.36,8.47,8.763388143007996,39774,89,348555.0,29678.0,74.62,0.54,-0.22,1614277800.0
2021-02-25,8.85,8.85,8.06,8.27,8.44883303411131,12254,33,103532.0,9809.0,80.05,0.79,-0.58,1614191400.0
2021-02-24,8.11,8.85,8.11,8.5,8.35706351610623,9903,38,82760.0,7486.0,75.59,0.74,0.39,1614105000.0
2021-02-23,8.45,8.9,8.1,8.23,8.36570072869005,11802,62,98732.0,8803.0,74.59,0.8,-0.22,1614018600.0
2021-02-22,8.99,8.99,8.0,8.61,8.48512608353034,10152,56,86141.0,7427.0,73.16,0.99,-0.38,1613932200.0
2021-02-19,8.3,8.3,7.81,8.24,8.090337601862633,8590,48,69496.0,6901.0,80.34,0.49,-0.06,1613673000.0
2021-02-18,8.55,8.85,8.18,8.56,8.561839985681045,5587,46,47835.0,5131.0,91.84,0.67,0.01,1613586600.0
2021-02-17,9.46,9.46,8.26,8.35,8.705823847938998,9049,77,78779.0,6592.0,72.85,1.2,-1.11,1613500200.0
2021-02-16,7.97,8.74,7.97,8.61,8.45467280368221,19988,115,168992.0,15139.0,75.74,0.77,0.64,1613413800.0
2021-02-15,7.95,7.97,7.26,7.97,7.74829056935888,14771,43,114450.0,14771.0,100.0,0.71,0.02,1613327400.0
2021-02-12,7.85,7.96,7.17,7.26,7.499607227022781,3819,32,28641.0,2455.0,64.28,0.79,-0.59,1613068200.0
2021-02-11,7.55,8.47,7.55,7.66,7.8784248256898755,20366,76,160452.0,16944.0,83.2,0.92,0.11,1612981800.0
2021-02-10,9.25,9.59,8.0,8.19,8.59655566929608,33214,96,285526.0,23998.0,72.25,1.59,-1.06,1612895400.0
2021-02-09,8.99,9.3,8.75,8.79,9.058735849056605,53000,160,480113.0,47125.0,88.92,0.55,-0.2,1612809000.0
2021-02-08,8.4,8.75,8.1,8.46,8.461257976298997,18649,64,157794.0,15656.0,83.95,0.65,0.06,1612722600.0
2021-02-05,8.0,8.25,7.53,8.23,8.009679594832258,75623,97,605716.0,75196.0,99.44,0.72,0.23,1612463400.0
2021-02-04,7.1,7.89,7.1,7.72,7.599587256545853,38765,84,294598.0,35362.0,91.22,0.79,0.62,1612377000.0
2021-02-03,7.37,7.38,7.1,7.18,7.34983329058733,15596,37,114628.0,14896.0,95.51,0.28,-0.19,1612290600.0
2021-02-02,7.25,7.44,7.1,7.14,7.1968515971267,6543,28,47089.0,6337.0,96.85,0.34,-0.11,1612204200.0
2021-02-01,7.28,7.5,7.0,7.25,7.156412295887335,42746,65,305908.0,29023.0,67.9,0.5,-0.03,1612117800.0
2021-01-29,7.01,7.23,6.87,7.01,7.055709103472102,11578,30,81691.0,11568.0,99.91,0.36,0.0,1611858600.0
2021-01-28,7.0,7.29,6.77,6.78,6.934199344421513,32948,56,228468.0,29936.0,90.86,0.52,-0.22,1611772200.0
2021-01-27,6.75,7.4,6.75,7.21,7.0711033743974285,14936,51,105614.0,13431.0,89.92,0.65,0.46,1611685800.0
2021-01-25,6.95,7.26,6.82,6.99,7.064961071693683,57927,116,409252.0,48583.0,83.87,0.44,0.04,1611513000.0
2021-01-22,7.19,7.19,6.55,6.6,6.734045274331756,15638,48,105307.0,14994.0,95.88,0.64,-0.59,1611253800.0
2021-01-21,7.44,7.44,6.51,6.79,6.757407513952017,34762,48,234901.0,25321.0,72.84,0.93,-0.65,1611167400.0
2021-01-20,7.45,7.45,6.61,6.84,6.7354949598179035,21527,53,144995.0,15567.0,72.31,0.84,-0.61,1611081000.0
2021-01-19,7.34,7.34,6.5,6.86,6.801148742325212,40392,73,274712.0,33535.0,83.02,0.84,-0.48,1610994600.0
2021-01-18,6.95,7.47,6.9,6.92,7.196575920992788,30782,59,221525.0,23441.0,76.15,0.57,-0.03,1610908200.0
2021-01-15,7.47,7.47,6.71,7.06,7.009178321678322,11440,53,80185.0,8114.0,70.93,0.76,-0.41,1610649000.0
2021-01-14,7.3,7.3,6.91,7.0,7.059303824666952,4654,26,32854.0,2551.0,54.81,0.39,-0.3,1610562600.0
2021-01-13,7.05,7.34,6.87,7.07,7.044504383007417,1483,20,10447.0,1208.0,81.46,0.47,0.02,1610476200.0
2021-01-12,7.49,7.49,7.03,7.05,7.1140569529420645,13239,50,94183.0,11965.0,90.38,0.46,-0.44,1610389800.0
2021-01-11,7.76,7.76,7.12,7.22,7.302587111059317,17162,50,125327.0,15750.0,91.77,0.64,-0.54,1610303400.0
2021-01-08,7.6,7.6,7.19,7.23,7.368238557558947,4326,19,31875.0,3926.0,90.75,0.41,-0.37,1610044200.0
2021-01-07,7.56,7.56,7.03,7.34,7.325078260869565,14375,37,105298.0,10880.0,75.69,0.53,-0.22,1609957800.0
2021-01-06,7.68,7.68,7.06,7.35,7.237858427679609,37804,69,273620.0,31103.0,82.27,0.62,-0.33,1609871400.0
2021-01-05,7.39,7.4,7.01,7.06,7.117814726840855,25260,53,179796.0,24037.0,95.16,0.39,-0.33,1609785000.0
2021-01-04,7.77,7.77,7.06,7.23,7.348361874814089,23533,49,172929.0,17786.0,75.58,0.71,-0.54,1609698600.0
2021-01-01,7.75,7.75,7.01,7.29,7.257463454807494,9714,40,70499.0,7865.0,80.97,0.74,-0.46,1609439400.0
2020-12-31,7.79,7.79,7.01,7.08,7.199156746031745,8064,33,58054.0,6322.0,78.4,0.78,-0.71,1609353000.0
2020-12-30,6.9,7.63,6.73,7.09,7.2126583354586415,23526,39,169685.0,16318.0,69.36,0.9,0.19,1609266600.0
2020-12-29,7.93,7.93,6.83,7.08,7.1096985107155835,27530,51,195730.0,26739.0,97.13,1.1,-0.85,1609180200.0
2020-12-28,7.6,7.6,6.76,7.25,7.248384684608861,617836,56,4478313.0,615598.0,99.64,0.84,-0.35,1609093800.0
2020-12-24,8.0,8.0,7.02,7.3,7.299219733616062,603640,28,4406101.0,602853.0,99.87,0.98,-0.7,1608748200.0
2020-12-23,6.99,7.3,6.65,7.29,7.246612075568243,617561,58,4475225.0,614861.0,99.56,0.65,0.3,1608661800.0
2020-12-22,6.65,7.35,6.56,6.65,7.248840318027195,601458,41,4359873.0,600956.0,99.92,0.79,0.0,1608575400.0
2020-12-21,7.3,7.47,6.57,7.24,7.2313533385944995,519530,94,3756905.0,509518.0,98.07,0.9,-0.06,1608489000.0
2020-12-18,7.76,7.76,7.1,7.3,7.313385589388002,6634,28,48517.0,5907.0,89.04,0.66,-0.46,1608229800.0
2020-12-17,7.35,7.83,7.0,7.43,7.223816249163756,13453,76,97182.0,8042.0,59.78,0.83,0.08,1608143400.0
2020-12-16,7.97,7.97,7.15,7.21,7.229651162790698,2064,19,14922.0,1362.0,65.99,0.82,-0.76,1608057000.0
2020-12-15,7.99,7.99,7.1,7.5,7.283523123402277,21515,82,156705.0,14557.0,67.66,0.89,-0.49,1607970600.0
2020-12-14,8.21,8.21,7.06,7.34,7.438521346431399,21479,94,159772.0,12292.0,57.23,1.15,-0.87,1607884200.0
2020-12-11,7.83,7.83,7.23,7.48,7.483721222006147,15941,49,119298.0,10661.0,66.88,0.6,-0.35,1607625000.0
2020-12-10,7.05,7.6,7.03,7.12,7.107712380400116,6898,40,49029.0,5639.0,81.75,0.57,0.07,1607538600.0
2020-12-09,8.5,8.55,7.41,7.52,7.946104125799917,62194,137,494200.0,42035.0,67.59,1.14,-0.98,1607452200.0
2020-12-08,8.16,8.3,7.8,8.17,8.146621680579388,34381,112,280089.0,24767.0,72.04,0.5,0.01,1607365800.0
2020-12-07,7.62,7.62,6.93,7.6,7.544782313438466,39759,104,299973.0,34418.0,86.57,0.69,-0.02,1607279400.0
2020-12-04,6.9,6.93,6.6,6.93,6.843334122661616,21115,53,144497.0,19675.0,93.18,0.33,0.03,1607020200.0
2020-12-03,6.6,6.6,6.32,6.6,6.58586493156832,22285,51,146766.0,22185.0,99.55,0.28,0.0,1606933800.0
2020-12-02,6.34,6.34,5.82,6.29,6.120794617109901,9363,43,57309.0,6657.0,71.1,0.52,-0.05,1606847400.0
2020-12-01,6.29,6.3,5.75,6.07,6.121200820436322,16089,58,98484.0,10698.0,66.49,0.55,-0.22,1606761000.0
2020-11-27,5.99,6.07,5.64,6.0,6.023087525844245,5804,26,34958.0,5754.0,99.14,0.43,0.01,1606415400.0
2020-11-26,6.17,6.17,5.7,5.81,5.798731088335773,10245,29,59408.0,7900.0,77.11,0.47,-0.36,1606329000.0
2020-11-25,6.44,6.44,5.86,5.94,5.95616929022528,21218,41,126378.0,19723.0,92.95,0.58,-0.5,1606242600.0
2020-11-24,6.25,6.25,6.11,6.14,6.132993883498255,31227,70,191515.0,18011.0,57.68,0.14,-0.11,1606156200.0
2020-11-23,6.26,6.76,6.22,6.43,6.476853377265239,12140,44,78629.0,6418.0,52.87,0.54,0.17,1606069800.0
2020-11-20,6.94,6.94,6.41,6.44,6.687103187327647,15593,43,104272.0,9289.0,59.57,0.53,-0.5,1605810600.0
2020-11-19,6.01,6.62,6.01,6.61,6.595774160027711,5774,34,38084.0,5705.0,98.8,0.61,0.6,1605724200.0
2020-11-18,5.8,6.37,5.78,6.31,6.2739597942964,10695,45,67100.0,9330.0,87.24,0.59,0.51,1605637800.0
2020-11-17,6.44,6.44,5.85,6.07,6.085566119273984,1157,11,7041.0,1156.0,99.91,0.59,-0.37,1605551400.0
2020-11-14,6.14,6.14,5.7,6.14,6.123878787878788,4125,9,25261.0,4125.0,100.0,0.44,0.0,1605292200.0
2020-11-13,6.37,6.37,5.78,5.85,5.8636856695191035,8297,40,48651.0,6159.0,74.23,0.59,-0.52,1605205800.0
2020-11-12,6.5,6.5,6.04,6.07,6.110337626174729,11492,42,70220.0,7703.0,67.03,0.46,-0.43,1605119400.0
2020-11-11,6.66,6.66,6.35,6.35,6.501673173452314,3586,20,23315.0,2977.0,83.02,0.31,-0.31,1605033000.0
2020-11-10,6.89,6.89,6.32,6.35,6.46858407079646,6780,30,43857.0,4900.0,72.27,0.57,-0.54,1604946600.0
2020-11-09,6.77,6.77,6.16,6.65,6.3685496183206105,3275,12,20857.0,2744.0,83.79,0.61,-0.12,1604860200.0
2020-11-06,6.85,6.94,6.35,6.45,6.570884146341464,2624,33,17242.0,1260.0,48.02,0.59,-0.4,1604601000.0
2020-11-05,7.25,7.27,6.59,6.68,6.675652667423384,28192,65,188200.0,16611.0,58.92,0.68,-0.57,1604514600.0
2020-11-04,6.8,6.98,6.32,6.93,6.722557960663663,18202,49,122364.0,16738.0,91.96,0.66,0.13,1604428200.0
2020-11-03,6.95,6.95,6.45,6.65,6.577168606834396,5326,31,35030.0,3904.0,73.3,0.5,-0.3,1604341800.0
2020-11-02,7.1,7.1,6.5,6.78,6.75699558173785,679,9,4588.0,626.0,92.19,0.6,-0.32,1604255400.0
2020-10-30,6.99,6.99,6.39,6.82,6.635084697100201,3483,14,23110.0,2080.0,59.72,0.6,-0.17,1603996200.0
2020-10-29,6.84,7.17,6.49,6.72,6.566480294558844,7333,41,48152.0,5183.0,70.68,0.68,-0.12,1603909800.0
2020-10-28,6.74,6.84,6.34,6.83,6.426193118756937,901,14,5790.0,797.0,88.46,0.5,0.09,1603823400.0
2020-10-27,6.15,6.75,6.15,6.67,6.39185393258427,1424,17,9102.0,860.0,60.39,0.6,0.52,1603737000.0
2020-10-26,6.79,6.95,6.46,6.46,6.503813559322033,2360,15,15349.0,2359.0,99.96,0.49,-0.33,1603650600.0
2020-10-23,6.5,6.8,6.46,6.79,6.4764649375600385,1041,17,6742.0,1013.0,97.31,0.34,0.29,1603391400.0
2020-10-22,6.94,6.94,6.5,6.8,6.696219931271478,1455,21,9743.0,855.0,58.76,0.44,-0.14,1603305000.0
2020-10-21,6.23,6.87,6.23,6.8,6.352145214521452,3030,18,19247.0,2527.0,83.4,0.64,0.57,1603218600.0
2020-10-20,6.55,6.8,6.26,6.55,6.542553191489362,1410,16,9225.0,1410.0,100.0,0.54,0.0,1603132200.0
2020-10-19,6.56,6.56,6.24,6.55,6.245524296675192,1564,13,9768.0,1563.0,99.94,0.32,-0.01,1603045800.0
2020-10-16,6.99,7.0,6.56,6.56,6.894804775734108,3099,14,21367.0,3099.0,100.0,0.44,-0.43,1602786600.0
2020-10-15,6.9,6.95,6.38,6.9,6.8903449704755,19306,41,133025.0,19306.0,100.0,0.57,0.0,1602700200.0
2020-10-14,6.83,6.83,6.19,6.69,6.303030303030303,1056,20,6656.0,1056.0,100.0,0.64,-0.14,1602613800.0
2020-10-13,6.49,6.52,6.01,6.51,6.299021061999407,3371,23,21234.0,3371.0,100.0,0.51,0.02,1602527400.0
2020-10-12,6.5,6.5,6.2,6.21,6.308359621451104,2536,13,15998.0,2536.0,100.0,0.3,-0.29,1602441000.0
2020-10-09,6.8,6.84,6.45,6.5,6.688412017167382,3495,18,23376.0,3495.0,100.0,0.39,-0.3,1602181800.0
2020-10-08,6.2,6.78,6.16,6.78,6.492297678455196,4609,26,29923.0,4609.0,100.0,0.62,0.58,1602095400.0
2020-10-07,6.8,6.8,6.46,6.46,6.460219151977132,10495,21,67800.0,10495.0,100.0,0.34,-0.34,1602009000.0
2020-10-06,6.41,6.8,6.4,6.8,6.491336430718776,18295,31,118759.0,18295.0,100.0,0.4,0.39,1601922600.0
2020-10-05,6.75,6.76,6.34,6.73,6.6019638537071295,7027,35,46392.0,7027.0,100.0,0.42,-0.02,1601836200.0
2020-10-01,6.9,6.9,6.26,6.67,6.550149700598801,5344,33,35004.0,5344.0,100.0,0.64,-0.23,1601490600.0
2020-09-30,6.78,6.78,6.38,6.58,6.568564787914003,6884,23,45218.0,6884.0,100.0,0.4,-0.2,1601404200.0
2020-09-29,6.98,6.98,6.33,6.71,6.530961552438404,27518,93,179719.0,27518.0,100.0,0.65,-0.27,1601317800.0
2020-09-28,6.7,6.99,6.66,6.66,6.733574442435201,1659,16,11171.0,1659.0,100.0,0.33,-0.04,1601231400.0
2020-09-25,6.8,7.45,6.8,7.01,7.3886352105530175,1971,10,14563.0,1971.0,100.0,0.65,0.21,1600972200.0
2020-09-24,7.88,7.88,7.14,7.14,7.411550151975683,1645,16,12192.0,1645.0,100.0,0.74,-0.74,1600885800.0
2020-09-23,7.52,7.9,7.51,7.51,7.513442044953725,2269,12,17048.0,2269.0,100.0,0.39,-0.01,1600799400.0
2020-09-22,8.35,8.35,7.57,7.9,7.8268823707287565,6614,23,51767.0,6614.0,100.0,0.78,-0.45,1600713000.0
2020-09-21,7.9,7.96,7.5,7.96,7.527193618564177,1379,16,10380.0,1379.0,100.0,0.46,0.06,1600626600.0
2020-09-18,7.96,7.96,7.3,7.89,7.760674157303369,2670,27,20721.0,2670.0,100.0,0.66,-0.07,1600367400.0
2020-09-17,7.22,7.98,7.22,7.68,7.6213106950174545,12604,22,96059.0,12604.0,100.0,0.76,0.46,1600281000.0
2020-09-16,7.6,8.4,7.6,7.6,7.600955794504181,837,12,6362.0,837.0,100.0,0.8,0.0,1600194600.0
2020-09-15,8.34,8.34,7.56,8.0,7.6030664395229985,1761,20,13389.0,1761.0,100.0,0.78,-0.34,1600108200.0
2020-09-14,7.4,8.1,7.4,7.95,7.825062034739455,806,13,6307.0,806.0,100.0,0.7,0.55,1600021800.0
2020-09-11,8.16,8.16,7.4,7.75,7.568710359408035,473,15,3580.0,473.0,100.0,0.76,-0.41,1599762600.0
2020-09-10,7.84,7.84,7.1,7.78,7.365153115100317,4735,24,34874.0,4735.0,100.0,0.74,-0.06,1599676200.0
2020-09-09,7.99,7.99,7.37,7.47,7.400495143782136,5251,21,38860.0,5251.0,100.0,0.62,-0.52,1599589800.0
2020-09-08,7.38,8.05,7.38,7.75,7.880663974876626,4458,9,35132.0,4458.0,100.0,0.67,0.37,1599503400.0
2020-09-07,7.4,7.78,7.25,7.75,7.709640572646969,26264,44,202486.0,26264.0,100.0,0.53,0.35,1599417000.0
2020-09-04,7.5,7.5,7.41,7.41,7.42354821523708,3754,10,27868.0,3754.0,100.0,0.09,-0.09,1599157800.0
2020-09-03,7.31,7.97,7.31,7.42,7.6251937984496125,2580,29,19673.0,1901.0,73.68,0.66,0.11,1599071400.0
2020-09-02,7.75,7.75,7.03,7.69,7.614534943739031,19374,47,147524.0,17836.0,92.06,0.72,-0.06,1598985000.0
2020-09-01,7.02,7.61,6.89,7.4,6.922154333559629,4419,19,30589.0,4419.0,100.0,0.72,0.38,1598898600.0
2020-08-31,7.25,7.55,7.18,7.25,7.258882046423496,4222,20,30647.0,4222.0,100.0,0.37,0.0,1598812200.0
2020-08-28,6.9,7.56,6.88,7.55,7.516682882161048,17473,24,131339.0,17473.0,100.0,0.68,0.65,1598553000.0
2020-08-27,7.24,7.24,6.88,7.2,7.032707567253726,5167,25,36338.0,5162.0,99.9,0.36,-0.04,1598466600.0
2020-08-26,6.92,7.26,6.92,7.24,7.218075353403915,16907,51,122036.0,16554.0,97.91,0.34,0.32,1598380200.0
2020-08-25,6.86,7.2,6.86,6.92,7.092241547781904,10234,39,72582.0,10227.0,99.93,0.34,0.06,1598293800.0
2020-08-24,6.26,6.86,6.26,6.86,6.773411190409986,32367,50,219235.0,29209.0,90.24,0.6,0.6,1598207400.0
2020-08-21,6.4,6.99,6.4,6.54,6.69086260560249,8996,22,60191.0,6846.0,76.1,0.59,0.14,1597948200.0
2020-08-20,6.66,7.05,6.65,6.66,6.8006162328711595,12333,45,83872.0,8536.0,69.21,0.4,0.0,1597861800.0
2020-08-19,7.1,7.1,6.52,7.0,6.960859329017069,6796,35,47306.0,6367.0,93.69,0.58,-0.1,1597775400.0
2020-08-18,6.9,7.23,6.55,6.8,6.850774823034245,10454,32,71618.0,8932.0,85.44,0.68,-0.1,1597689000.0
2020-08-17,6.98,6.98,6.89,6.89,6.978197674418605,2752,7,19204.0,2752.0,100.0,0.09,-0.09,1597602600.0
2020-08-14,7.32,7.32,6.65,6.65,7.243816254416962,6226,17,45100.0,6226.0,100.0,0.67,-0.67,1597343400.0
2020-08-13,6.65,6.98,6.65,6.98,6.782433983926521,3484,17,23630.0,3484.0,100.0,0.33,0.33,1597257000.0
2020-08-12,6.09,6.69,6.09,6.65,6.3053395541731465,1929,12,12163.0,1929.0,100.0,0.6,0.56,1597170600.0
2020-08-11,6.08,6.38,5.78,6.38,6.291675147567678,14739,26,92733.0,14739.0,100.0,0.6,0.3,1597084200.0
2020-08-10,6.08,6.4,6.08,6.08,6.099266565503288,7908,33,48233.0,7908.0,100.0,0.32,0.0,1596997800.0
2020-08-07,6.4,6.4,6.4,6.4,6.399743342957973,3117,14,19948.0,3117.0,100.0,0.0,0.0,1596738600.0
2020-08-06,6.11,6.11,6.11,6.11,6.1095489162273,1707,10,10429.0,1707.0,100.0,0.0,0.0,1596652200.0
2020-08-05,5.5,5.82,5.5,5.82,5.667780429594272,2095,8,11874.0,2095.0,100.0,0.32,0.32,1596565800.0
2020-08-04,5.8,5.8,5.55,5.55,5.587343248760572,3429,22,19159.0,3429.0,100.0,0.25,-0.25,1596479400.0
2020-08-03,6.1,6.1,5.8,5.8,5.847689075630252,952,7,5567.0,952.0,100.0,0.3,-0.3,1596393000.0
2020-07-31,6.1,6.1,6.1,6.1,6.099955177050649,4462,12,27218.0,4462.0,100.0,0.0,0.0,1596133800.0
2020-07-30,6.45,7.08,6.42,6.42,6.448512585812357,2185,16,14090.0,2185.0,100.0,0.66,-0.03,1596047400.0
2020-07-29,7.1,7.45,6.75,6.75,6.7728764126868395,2743,25,18578.0,2743.0,100.0,0.7,-0.35,1595961000.0
2020-07-28,7.0,7.15,6.95,7.1,7.007650273224044,915,7,6412.0,915.0,100.0,0.2,0.1,1595874600.0
2020-07-27,7.03,7.3,7.03,7.3,7.029988465974625,2601,19,18285.0,2601.0,100.0,0.27,0.27,1595788200.0
2020-07-24,7.13,7.4,7.13,7.39,7.259237875288683,1732,5,12573.0,1732.0,100.0,0.27,0.26,1595529000.0
2020-07-23,7.6,7.6,6.94,7.5,7.196605827729747,3123,20,22475.0,3123.0,100.0,0.66,-0.1,1595442600.0
2020-07-22,6.81,7.45,6.8,7.3,7.01813880126183,5072,19,35596.0,5072.0,100.0,0.65,0.49,1595356200.0
2020-07-21,7.5,7.5,7.13,7.13,7.135610079575597,6032,13,43042.0,6032.0,100.0,0.37,-0.37,1595269800.0
2020-07-20,7.67,7.67,6.96,7.5,7.493939611274474,13943,27,104488.0,13943.0,100.0,0.71,-0.17,1595183400.0
2020-07-17,7.35,7.69,7.31,7.31,7.328474752732951,1921,11,14078.0,1921.0,100.0,0.38,-0.04,1594924200.0
2020-07-16,7.75,7.75,7.41,7.69,7.415455746367239,1514,10,11227.0,1514.0,100.0,0.34,-0.06,1594837800.0
2020-07-15,7.89,7.92,7.2,7.8,7.78896,6250,21,48681.0,6250.0,100.0,0.72,-0.09,1594751400.0
2020-07-14,7.54,8.2,7.54,7.55,7.713737201365187,4688,15,36162.0,4688.0,100.0,0.66,0.01,1594665000.0
2020-07-13,8.3,8.71,7.89,7.93,8.466273427837502,21022,45,177978.0,21022.0,100.0,0.82,-0.37,1594578600.0
2020-07-10,8.3,8.3,8.3,8.3,8.299965033218442,20019,17,166157.0,20019.0,100.0,0.0,0.0,1594319400.0
2020-07-09,7.54,7.91,7.54,7.91,7.903683492496588,14660,17,115868.0,14660.0,100.0,0.37,0.37,1594233000.0
2020-07-08,7.4,7.54,6.9,7.54,7.458802435159702,23982,62,178877.0,23982.0,100.0,0.64,0.14,1594146600.0
2020-07-07,6.56,7.2,6.56,7.19,6.839602925809823,1914,12,13091.0,1914.0,100.0,0.64,0.63,1594060200.0
2020-07-06,7.5,7.5,6.9,6.9,7.4085088806278385,2421,8,17936.0,2421.0,100.0,0.6,-0.6,1593973800.0
2020-07-03,7.13,7.4,6.78,7.25,7.04983282916733,6281,13,44280.0,6281.0,100.0,0.62,0.12,1593714600.0
2020-07-02,7.85,7.85,7.13,7.13,7.341509657542361,8439,19,61955.0,8439.0,100.0,0.72,-0.72,1593628200.0
2020-07-01,7.8,7.8,7.1,7.5,7.474426807760141,8505,25,63570.0,8505.0,100.0,0.7,-0.3,1593541800.0
2020-06-30,7.25,7.55,6.9,7.45,7.4375,1824,17,13566.0,1824.0,100.0,0.65,0.2,1593455400.0
2020-06-29,7.55,7.55,6.88,7.25,7.193137601697913,8481,23,61005.0,8481.0,100.0,0.67,-0.3,1593369000.0
2020-06-26,7.2,7.24,7.0,7.24,7.202008814184688,9757,42,70270.0,9757.0,100.0,0.24,0.04,1593109800.0
2020-06-25,6.55,6.9,6.35,6.9,6.596502186133666,1601,12,10561.0,1601.0,100.0,0.55,0.35,1593023400.0
2020-06-24,7.14,7.14,6.51,6.6,6.916528366832625,16269,29,112525.0,16269.0,100.0,0.63,-0.54,1592937000.0
2020-06-23,6.8,6.82,6.2,6.8,6.42173002095181,6682,24,42910.0,6682.0,100.0,0.62,0.0,1592850600.0
2020-06-22,6.45,6.77,6.15,6.5,6.482339643967222,3539,12,22941.0,3539.0,100.0,0.62,0.05,1592764200.0
2020-06-19,7.09,7.09,6.45,6.45,6.544444444444445,2790,12,18259.0,2790.0,100.0,0.64,-0.64,1592505000.0
2020-06-18,6.6,7.2,6.56,6.78,6.811364027292012,17441,40,118797.0,17441.0,100.0,0.64,0.18,1592418600.0
2020-06-17,6.85,7.55,6.85,6.9,6.91010512765501,4661,17,32208.0,4661.0,100.0,0.7,0.05,1592332200.0
2020-06-16,7.2,7.2,6.52,7.2,7.064186633039092,7930,32,56019.0,7930.0,100.0,0.68,0.0,1592245800.0
2020-06-15,7.53,7.53,6.83,6.86,7.027417027417028,3465,17,24350.0,3465.0,100.0,0.7,-0.67,1592159400.0
2020-06-12,7.05,7.4,7.05,7.18,7.262122134307162,4929,17,35795.0,4929.0,100.0,0.35,0.13,1591900200.0
2020-06-11,7.41,7.41,7.41,7.41,7.4091341579448144,1051,13,7787.0,1051.0,100.0,0.0,0.0,1591813800.0
2020-06-10,7.43,7.8,7.06,7.8,7.456195027356466,14439,49,107660.0,14439.0,100.0,0.74,0.37,1591727400.0
2020-06-09,7.43,7.43,7.43,7.43,7.429956896551725,20416,35,151690.0,20416.0,100.0,0.0,0.0,1591641000.0
2020-06-08,8.0,8.0,7.82,7.82,7.850004241961483,11787,31,92528.0,11787.0,100.0,0.18,-0.18,1591554600.0
2020-06-05,8.92,8.92,8.08,8.23,8.57542579075426,27126,60,232617.0,27126.0,100.0,0.84,-0.69,1591295400.0
2020-06-04,9.09,9.09,8.23,8.5,8.529466423644616,27981,58,238663.0,27981.0,100.0,0.86,-0.59,1591209000.0
2020-06-03,8.66,8.66,8.66,8.66,8.659942539275018,16359,37,141668.0,16359.0,100.0,0.0,0.0,1591122600.0
2020-06-02,8.25,8.25,8.25,8.25,8.25,4940,10,40755.0,4940.0,100.0,0.0,0.0,1591036200.0
2020-06-01,7.85,7.86,7.85,7.86,7.850314225861741,5251,6,41222.0,5251.0,100.0,0.01,0.01,1590949800.0
2020-05-29,7.49,7.49,7.47,7.49,7.48051948051948,4312,9,32256.0,4312.0,100.0,0.02,0.0,1590690600.0
2020-05-28,7.09,7.14,7.09,7.14,7.137991967871486,12450,31,88868.0,12450.0,100.0,0.05,0.05,1590604200.0
2020-05-27,7.14,7.14,6.46,6.8,6.919376856982253,12453,42,86167.0,12453.0,100.0,0.68,-0.34,1590517800.0
2020-05-26,6.8,6.8,6.8,6.8,6.8,4315,12,29342.0,4315.0,100.0,0.0,0.0,1590431400.0
2020-05-22,6.48,6.48,6.48,6.48,6.479682391405885,2141,8,13873.0,2141.0,100.0,0.0,0.0,1590085800.0
2020-05-21,5.9,6.18,5.9,6.18,6.039900249376559,401,6,2422.0,201.0,50.12,0.28,0.28,1589999400.0
2020-05-20,5.34,5.89,5.34,5.89,5.889775750665145,5262,11,30992.0,5259.0,99.94,0.55,0.55,1589913000.0
2020-05-19,5.61,5.61,5.33,5.61,5.533963508463399,27294,20,151044.0,26293.0,96.33,0.28,0.0,1589826600.0
2020-05-18,5.56,5.56,5.04,5.35,5.417743625567586,8589,14,46533.0,8038.0,93.58,0.52,-0.21,1589740200.0
2020-05-15,5.1,5.3,5.1,5.3,5.187018375815056,10122,15,52503.0,10122.0,100.0,0.2,0.2,1589481000.0
2020-05-14,5.11,5.11,4.65,5.1,5.067598684210527,18240,12,92433.0,18240.0,100.0,0.46,-0.01,1589394600.0
2020-05-13,5.06,5.06,4.6,4.87,5.0317788272333726,10164,21,51143.0,10163.0,99.99,0.46,-0.19,1589308200.0
2020-05-12,4.82,4.82,4.46,4.82,4.590877192982456,1425,10,6542.0,1425.0,100.0,0.36,0.0,1589221800.0
2020-05-11,4.85,4.85,4.61,4.61,4.6265625,1280,5,5922.0,1280.0,100.0,0.24,-0.24,1589135400.0
2020-05-08,4.84,5.0,4.6,4.85,4.791567695961995,5052,17,24207.0,4552.0,90.1,0.4,0.01,1588876200.0
2020-05-07,5.25,5.34,4.84,4.84,4.93549138332557,4294,9,21193.0,3297.0,76.78,0.5,-0.41,1588789800.0
2020-05-06,5.0,5.25,4.75,5.09,5.102120416991704,14101,17,71945.0,11601.0,82.27,0.5,0.09,1588703400.0
2020-05-05,5.02,5.02,4.56,5.0,4.7503143524339855,5567,17,26445.0,5567.0,100.0,0.46,-0.02,1588617000.0
2020-05-04,4.62,4.85,4.39,4.79,4.686147053412645,16307,31,76417.0,10770.0,66.05,0.46,0.17,1588530600.0
2020-04-30,4.64,4.64,4.2,4.62,4.620525059665871,1257,9,5808.0,1257.0,100.0,0.44,-0.02,1588185000.0
2020-04-29,4.42,4.42,4.4,4.42,4.419354838709677,4433,12,19591.0,4433.0,100.0,0.02,0.0,1588098600.0
2020-04-28,4.21,4.21,4.21,4.21,4.0,1,1,4.0,1.0,100.0,0.0,0.0,1588012200.0
2020-04-27,4.43,4.6,4.21,4.21,4.370226537216829,1545,18,6752.0,1543.0,99.87,0.39,-0.22,1587925800.0
2020-04-24,4.02,4.44,4.02,4.43,4.246851385390428,397,8,1686.0,231.0,58.19,0.42,0.41,1587666600.0
2020-04-23,4.67,4.67,4.23,4.23,4.462012320328542,15584,24,69536.0,11060.0,70.97,0.44,-0.44,1587580200.0
2020-04-22,4.45,4.45,4.45,4.45,4.449686693697014,2713,26,12072.0,2693.0,99.26,0.0,0.0,1587493800.0
2020-04-21,4.3,4.3,4.3,4.3,4.3,200,3,860.0,200.0,100.0,0.0,0.0,1587407400.0
2020-04-20,4.11,4.11,4.1,4.11,4.1091265519494655,4591,12,18865.0,4591.0,100.0,0.01,0.0,1587321000.0
2020-04-17,3.92,3.92,3.92,3.92,3.915422885572139,201,3,787.0,200.0,99.5,0.0,0.0,1587061800.0
2020-04-16,3.74,3.74,3.7,3.74,3.7379912663755457,229,6,856.0,229.0,100.0,0.04,0.0,1586975400.0
2020-04-15,3.4,3.57,3.4,3.57,3.559241706161137,211,12,751.0,210.0,99.53,0.17,0.17,1586889000.0
2020-04-13,3.4,3.42,3.4,3.4,3.4028436018957344,211,5,718.0,210.0,99.53,0.02,0.0,1586716200.0
2020-04-09,3.26,3.26,2.96,3.26,3.1164444444444444,1125,8,3506.0,750.0,66.67,0.3,0.0,1586370600.0
2020-04-08,3.11,3.11,3.11,3.11,3.11,100,1,311.0,100.0,100.0,0.0,0.0,1586284200.0
2020-04-07,3.0,3.11,2.83,3.11,2.9968354430379742,1580,11,4735.0,1245.0,78.8,0.28,0.11,1586197800.0
2020-04-03,3.04,3.04,2.95,2.97,2.9758337361043985,2069,10,6157.0,1654.0,79.94,0.09,-0.07,1585852200.0
2020-04-01,3.1,3.2,3.04,3.09,3.0970504281636537,1051,11,3255.0,1051.0,100.0,0.16,-0.01,1585679400.0
2020-03-31,3.2,3.2,3.2,3.2,3.1984126984126986,504,2,1612.0,504.0,100.0,0.0,0.0,1585593000.0
2020-03-26,3.35,3.35,3.35,3.35,3.35,500,2,1675.0,500.0,100.0,0.0,0.0,1585161000.0
2020-03-25,3.35,3.35,3.35,3.35,3.0,1,1,3.0,1.0,100.0,0.0,0.0,1585074600.0
2020-03-24,3.35,3.35,3.35,3.35,3.35,100,1,335.0,100.0,100.0,0.0,0.0,1584988200.0
2020-03-23,3.5,3.5,3.5,3.5,3.5,4,3,14.0,3.0,75.0,0.0,0.0,1584901800.0
2020-03-20,3.5,3.5,3.5,3.5,3.495867768595041,121,4,423.0,121.0,100.0,0.0,0.0,1584642600.0
2020-03-19,3.4,3.5,3.4,3.5,3.39622641509434,53,3,180.0,53.0,100.0,0.1,0.1,1584556200.0
2020-03-18,3.5,3.5,3.5,3.5,3.5,250,1,875.0,250.0,100.0,0.0,0.0,1584469800.0
2020-03-17,3.99,3.99,3.66,3.66,3.6770685579196214,2115,9,7777.0,2114.0,99.95,0.33,-0.33,1584383400.0
2020-03-16,4.05,4.05,3.85,3.85,3.851851851851852,108,8,416.0,108.0,100.0,0.2,-0.2,1584297000.0
2020-03-13,4.05,4.05,4.05,4.05,4.033333333333333,30,1,121.0,30.0,100.0,0.0,0.0,1584037800.0
2020-03-12,4.05,4.05,4.05,4.05,4.0,2,2,8.0,2.0,100.0,0.0,0.0,1583951400.0
2020-03-11,4.1,4.1,4.0,4.05,4.060283687943262,282,3,1145.0,282.0,100.0,0.1,-0.05,1583865000.0
2020-03-09,4.11,4.11,4.11,4.11,4.08,25,3,102.0,25.0,100.0,0.0,0.0,1583692200.0
2020-03-05,4.11,4.11,4.11,4.11,4.109561752988048,502,4,2063.0,502.0,100.0,0.0,0.0,1583346600.0
2020-03-03,3.92,3.93,3.92,3.92,3.9211956521739126,1104,5,4329.0,1100.0,99.64,0.01,0.0,1583173800.0
2020-02-26,3.92,3.92,3.92,3.92,3.0,1,1,3.0,1.0,100.0,0.0,0.0,1582655400.0
2020-02-25,4.05,4.05,4.05,4.05,4.049270072992701,548,4,2219.0,548.0,100.0,0.0,0.0,1582569000.0
2020-02-24,4.04,4.25,4.04,4.24,4.058076225045372,1102,5,4472.0,1002.0,90.93,0.21,0.2,1582482600.0
2020-02-20,4.25,4.46,4.25,4.25,4.393835616438356,1752,5,7698.0,1752.0,100.0,0.21,0.0,1582137000.0
2020-02-19,4.25,4.25,4.25,4.25,4.249569707401033,581,5,2469.0,581.0,100.0,0.0,0.0,1582050600.0
2020-02-18,4.25,4.25,4.25,4.25,4.242718446601941,103,4,437.0,103.0,100.0,0.0,0.0,1581964200.0
2020-02-17,4.25,4.47,4.25,4.25,4.252474671014324,8587,5,36516.0,8587.0,100.0,0.22,0.0,1581877800.0
2020-02-14,4.47,4.9,4.47,4.47,4.468292682926829,205,5,916.0,204.0,99.51,0.43,0.0,1581618600.0
2020-02-13,5.0,5.1,4.7,4.7,4.846366145354185,1087,8,5268.0,1062.0,97.7,0.4,-0.3,1581532200.0
2020-02-12,5.0,5.0,4.89,4.94,4.921442687747036,2024,10,9961.0,2024.0,100.0,0.11,-0.06,1581445800.0
2020-02-10,5.14,5.14,5.14,5.14,5.132352941176471,68,3,349.0,68.0,100.0,0.0,0.0,1581273000.0
2020-02-07,5.3,5.3,5.2,5.2,5.205696202531645,2212,12,11515.0,2212.0,100.0,0.1,-0.1,1581013800.0
2020-02-06,5.1,5.62,5.1,5.3,5.232252410166521,2282,20,11940.0,2279.0,99.87,0.52,0.2,1580927400.0
2020-02-05,5.2,5.36,5.16,5.36,5.163384390955507,2742,11,14158.0,2742.0,100.0,0.2,0.16,1580841000.0
2020-02-04,5.46,5.46,5.26,5.26,5.36036299765808,3416,20,18311.0,2416.0,70.73,0.2,-0.2,1580754600.0
2020-02-03,5.36,5.36,5.36,5.36,5.357142857142857,56,3,300.0,56.0,100.0,0.0,0.0,1580668200.0
2020-02-01,5.3,5.46,5.26,5.46,5.2869318181818175,352,5,1861.0,301.0,85.51,0.2,0.16,1580495400.0
2020-01-31,5.56,5.56,5.36,5.36,5.3870139398385914,2726,19,14685.0,2346.0,86.06,0.2,-0.2,1580409000.0
2020-01-30,5.46,5.46,5.46,5.46,5.0,2,2,10.0,0.0,0.0,0.0,0.0,1580322600.0
2020-01-29,5.56,5.56,5.36,5.36,5.449093444909344,2151,11,11721.0,2151.0,100.0,0.2,-0.2,1580236200.0
2020-01-28,5.47,5.47,5.46,5.46,5.464810348607761,4561,16,24925.0,4561.0,100.0,0.01,-0.01,1580149800.0
2020-01-27,5.27,5.37,5.17,5.37,5.3109163650219084,5249,23,27877.0,5149.0,98.09,0.2,0.1,1580063400.0
2020-01-24,5.47,5.47,5.27,5.27,5.461131209741463,22666,19,123782.0,22665.0,100.0,0.2,-0.2,1579804200.0
2020-01-23,5.37,5.37,5.37,5.37,5.369876613246348,7051,12,37863.0,7051.0,100.0,0.0,0.0,1579717800.0
2020-01-22,5.27,5.27,5.27,5.27,5.269868173258004,5310,9,27983.0,5310.0,100.0,0.0,0.0,1579631400.0
2020-01-21,5.17,5.17,4.97,5.17,5.145043246839655,12024,14,61864.0,10523.0,87.52,0.2,0.0,1579545000.0
2020-01-20,5.07,5.07,5.07,5.07,5.069851610568223,2763,7,14008.0,2763.0,100.0,0.0,0.0,1579458600.0
2020-01-17,4.82,4.98,4.82,4.98,4.8935624519107455,3899,9,19080.0,3898.0,99.97,0.16,0.16,1579199400.0
2020-01-16,4.98,5.07,4.89,4.89,4.990596532471349,3403,12,16983.0,2403.0,70.61,0.18,-0.09,1579113000.0
2020-01-15,4.99,4.99,4.81,4.98,4.81061224489796,1225,7,5893.0,1223.0,99.84,0.18,-0.01,1579026600.0
2020-01-14,4.9,4.9,4.9,4.9,4.891089108910891,101,3,494.0,101.0,100.0,0.0,0.0,1578940200.0
2020-01-13,5.17,5.17,4.97,5.0,5.011842105263158,2280,8,11427.0,2280.0,100.0,0.2,-0.17,1578853800.0
2020-01-10,4.98,5.07,4.89,5.07,5.048498845265589,2598,15,13116.0,2598.0,100.0,0.18,0.09,1578594600.0
2020-01-09,4.98,4.98,4.8,4.98,4.928632357122548,3517,19,17334.0,3484.0,99.06,0.18,0.0,1578508200.0
2020-01-08,4.89,5.07,4.89,4.89,4.981111111111111,900,10,4483.0,897.0,99.67,0.18,0.0,1578421800.0
2020-01-07,4.98,4.98,4.98,4.98,4.98,2300,8,11454.0,2300.0,100.0,0.0,0.0,1578335400.0
2020-01-06,4.8,4.89,4.71,4.89,4.793621013133208,533,11,2555.0,433.0,81.24,0.18,0.09,1578249000.0
2020-01-03,4.8,4.8,4.71,4.8,4.790322580645161,1116,7,5346.0,1116.0,100.0,0.09,0.0,1577989800.0
2020-01-02,4.71,4.71,4.62,4.71,4.702380952380952,1092,10,5135.0,1092.0,100.0,0.09,0.0,1577903400.0
2020-01-01,4.62,4.62,4.62,4.62,4.333333333333333,3,1,13.0,3.0,100.0,0.0,0.0,1577817000.0
2019-12-31,4.45,4.53,4.45,4.53,4.490291262135922,206,5,925.0,105.0,50.97,0.08,0.08,1577730600.0
2019-12-30,4.45,4.45,4.45,4.45,4.25,4,1,17.0,4.0,100.0,0.0,0.0,1577644200.0
2019-12-27,4.29,4.45,4.29,4.45,4.288961038961039,308,3,1321.0,301.0,97.73,0.16,0.16,1577385000.0
2019-12-26,4.21,4.37,4.21,4.37,4.212045169385194,797,4,3357.0,797.0,100.0,0.16,0.16,1577298600.0
2019-12-24,4.29,4.29,4.29,4.29,4.0,3,1,12.0,3.0,100.0,0.0,0.0,1577125800.0
2019-12-23,4.37,4.37,4.37,4.37,4.0,1,1,4.0,1.0,100.0,0.0,0.0,1577039400.0
2019-12-20,4.6,4.6,4.45,4.45,4.4496253122398,1201,2,5344.0,1201.0,100.0,0.15,-0.15,1576780200.0
2019-12-17,4.54,4.54,4.54,4.54,4.333333333333333,3,1,13.0,3.0,100.0,0.0,0.0,1576521000.0
2019-12-13,4.62,4.63,4.54,4.54,4.558490566037736,530,5,2416.0,530.0,100.0,0.09,-0.08,1576175400.0
2019-12-12,4.54,4.63,4.54,4.63,4.60126582278481,158,2,727.0,158.0,100.0,0.09,0.09,1576089000.0
2019-12-11,4.46,4.54,4.45,4.54,4.480645161290322,3100,5,13890.0,3100.0,100.0,0.09,0.08,1576002600.0
2019-12-10,4.63,4.63,4.54,4.54,4.551666666666667,1200,4,5462.0,1200.0,100.0,0.09,-0.09,1575916200.0
2019-12-09,4.7,4.72,4.63,4.63,4.702127659574468,1739,6,8177.0,1739.0,100.0,0.09,-0.07,1575829800.0
2019-12-06,4.63,4.8,4.63,4.72,4.722782984859409,2774,10,13101.0,2774.0,100.0,0.17,0.09,1575570600.0
2019-12-05,4.72,4.72,4.72,4.72,4.712871287128713,101,2,476.0,101.0,100.0,0.0,0.0,1575484200.0
2019-12-04,4.81,4.81,4.81,4.81,4.809523809523809,1995,6,9595.0,1995.0,100.0,0.0,0.0,1575397800.0
2019-12-03,4.88,4.88,4.72,4.72,4.807692307692308,26,3,125.0,26.0,100.0,0.16,-0.16,1575311400.0
2019-12-02,4.8,4.8,4.8,4.8,4.0,1,1,4.0,1.0,100.0,0.0,0.0,1575225000.0
2019-11-29,4.88,4.88,4.88,4.88,4.88,1100,3,5368.0,1100.0,100.0,0.0,0.0,1574965800.0
2019-11-26,4.97,4.97,4.97,4.97,4.97,500,1,2485.0,500.0,100.0,0.0,0.0,1574706600.0
2019-11-25,5.08,5.08,5.07,5.07,5.066666666666666,45,2,228.0,45.0,100.0,0.01,-0.01,1574620200.0
2019-11-22,4.99,4.99,4.99,4.99,4.99,1200,2,5988.0,1200.0,100.0,0.0,0.0,1574361000.0
2019-11-21,4.9,4.9,4.9,4.9,4.8181818181818175,11,1,53.0,11.0,100.0,0.0,0.0,1574274600.0
2019-11-20,5.0,5.0,5.0,5.0,5.0,1000,2,5000.0,1000.0,100.0,0.0,0.0,1574188200.0
2019-11-19,5.0,5.05,4.87,5.0,4.978571428571429,280,7,1394.0,280.0,100.0,0.18,0.0,1574101800.0
2019-11-18,4.96,4.96,4.96,4.96,4.96,50,1,248.0,50.0,100.0,0.0,0.0,1574015400.0
2019-11-15,4.85,4.94,4.85,4.88,4.8811423771524565,2381,8,11622.0,2381.0,100.0,0.09,0.03,1573756200.0
2019-11-14,4.85,4.85,4.85,4.85,4.85,100,1,485.0,100.0,100.0,0.0,0.0,1573669800.0
2019-11-13,4.9,4.9,4.85,4.85,4.891666666666667,2400,4,11740.0,2400.0,100.0,0.05,-0.05,1573583400.0
2019-11-11,4.85,4.85,4.85,4.85,4.8,5,1,24.0,5.0,100.0,0.0,0.0,1573410600.0
2019-11-08,4.69,4.87,4.69,4.87,4.75,80,3,380.0,80.0,100.0,0.18,0.18,1573151400.0
2019-11-07,4.75,4.78,4.75,4.78,4.7785365853658535,1025,3,4898.0,1025.0,100.0,0.03,0.03,1573065000.0
2019-11-06,4.69,4.69,4.69,4.69,4.69,400,1,1876.0,400.0,100.0,0.0,0.0,1572978600.0
2019-11-05,4.9,4.9,4.78,4.78,4.838775510204082,1960,3,9484.0,1960.0,100.0,0.12,-0.12,1572892200.0
2019-11-04,5.05,5.05,4.87,4.87,4.9957805907173,711,5,3552.0,711.0,100.0,0.18,-0.18,1572805800.0
2019-11-01,4.93,4.96,4.93,4.96,4.958297506448839,2326,6,11533.0,2326.0,100.0,0.03,0.03,1572546600.0
2019-10-31,4.74,4.74,4.35,4.73,4.73354735152488,9345,14,44235.0,9345.0,100.0,0.39,-0.01,1572460200.0
2019-10-30,4.52,4.52,4.1,4.52,4.280983606557377,6100,8,26114.0,6100.0,100.0,0.42,0.0,1572373800.0
2019-10-29,4.32,4.32,3.93,4.31,4.241856769946658,8811,12,37375.0,8811.0,100.0,0.39,-0.01,1572287400.0
2019-10-27,4.12,4.12,4.12,4.12,4.1190476190476195,210,2,865.0,210.0,100.0,0.0,0.0,1572114600.0
2019-10-25,3.93,3.93,3.93,3.93,3.9298911667932166,3951,9,15527.0,3951.0,100.0,0.0,0.0,1571941800.0
2019-10-24,3.75,3.75,3.75,3.75,3.7,10,1,37.0,10.0,100.0,0.0,0.0,1571855400.0
2019-10-23,3.58,3.58,3.58,3.58,3.58,2500,3,8950.0,2500.0,100.0,0.0,0.0,1571769000.0
2019-10-22,3.41,3.41,3.41,3.41,3.41,100,1,341.0,100.0,100.0,0.0,0.0,1571682600.0
2019-10-18,3.25,3.25,3.25,3.25,3.25,2000,1,6500.0,2000.0,100.0,0.0,0.0,1571337000.0
2019-10-17,3.27,3.27,3.27,3.27,3.26996400479936,7501,7,24528.0,7501.0,100.0,0.0,0.0,1571250600.0
2019-10-16,3.12,3.12,3.12,3.12,3.119476268412438,1222,4,3812.0,1222.0,100.0,0.0,0.0,1571164200.0
2019-10-15,2.71,2.98,2.71,2.98,2.843137254901961,102,3,290.0,102.0,100.0,0.27,0.27,1571077800.0
2019-10-14,2.58,2.84,2.58,2.84,2.7,10,3,27.0,10.0,100.0,0.26,0.26,1570991400.0
2019-10-07,2.71,2.71,2.71,2.71,2.708,250,2,677.0,250.0,100.0,0.0,0.0,1570386600.0
2019-10-04,2.85,2.85,2.85,2.85,2.0,1,1,2.0,1.0,100.0,0.0,0.0,1570127400.0
2019-10-03,3.15,3.15,2.85,3.0,2.9993935718617344,1649,8,4946.0,1649.0,100.0,0.3,-0.15,1570041000.0
2019-09-30,3.0,3.0,3.0,3.0,3.0,100,1,300.0,100.0,100.0,0.0,0.0,1569781800.0
2019-09-27,3.14,3.14,3.14,3.14,3.14,500,1,1570.0,500.0,100.0,0.0,0.0,1569522600.0
2019-09-25,3.3,3.3,3.3,3.3,3.3,550,5,1815.0,550.0,100.0,0.0,0.0,1569349800.0
2019-09-24,3.15,3.15,3.15,3.15,3.15,200,1,630.0,200.0,100.0,0.0,0.0,1569263400.0
2019-09-23,3.15,3.47,3.15,3.25,3.268796260225945,2567,9,8391.0,2567.0,100.0,0.32,0.1,1569177000.0
2019-09-20,3.25,3.31,3.25,3.31,3.296353762606672,1289,5,4249.0,1289.0,100.0,0.06,0.06,1568917800.0
2019-09-19,3.36,3.36,3.31,3.31,3.335,1000,2,3335.0,1000.0,100.0,0.05,-0.05,1568831400.0
2019-09-18,3.47,3.47,3.47,3.47,3.47,1000,1,3470.0,1000.0,100.0,0.0,0.0,1568745000.0
2019-09-17,3.62,3.62,3.62,3.62,3.62,150,1,543.0,150.0,100.0,0.0,0.0,1568658600.0
2019-09-16,3.78,3.78,3.78,3.78,3.78,100,1,378.0,100.0,100.0,0.0,0.0,1568572200.0
2019-09-11,4.15,4.15,3.91,3.93,3.9341563786008233,486,2,1912.0,486.0,100.0,0.24,-0.22,1568140200.0
2019-09-03,4.1,4.1,4.1,4.1,4.0,1,1,4.0,1.0,100.0,0.0,0.0,1567449000.0
2019-08-29,4.15,4.15,4.1,4.1,4.132075471698113,53,3,219.0,53.0,100.0,0.05,-0.05,1567017000.0
2019-08-28,4.1,4.1,4.1,4.1,4.0,2,1,8.0,2.0,100.0,0.0,0.0,1566930600.0
2019-08-26,4.18,4.18,4.18,4.18,4.0,2,1,8.0,2.0,100.0,0.0,0.0,1566757800.0
2019-08-23,4.2,4.2,4.2,4.2,4.0,1,1,4.0,1.0,100.0,0.0,0.0,1566498600.0
2019-08-21,4.2,4.2,4.2,4.2,4.0,1,1,4.0,1.0,100.0,0.0,0.0,1566325800.0
2019-08-20,4.14,4.14,4.14,4.14,4.1,10,1,41.0,10.0,100.0,0.0,0.0,1566239400.0
2019-08-19,3.8,3.98,3.8,3.98,3.907692307692308,260,2,1016.0,260.0,100.0,0.18,0.18,1566153000.0
2019-08-16,3.71,3.99,3.71,3.8,3.778801843317972,1302,5,4920.0,1302.0,100.0,0.28,0.09,1565893800.0
2019-08-14,3.72,3.9,3.54,3.9,3.547683923705722,1101,6,3906.0,1101.0,100.0,0.36,0.18,1565721000.0
2019-08-13,3.9,4.05,3.71,3.72,3.724441833137485,1702,7,6339.0,1702.0,100.0,0.34,-0.18,1565634600.0
2019-08-09,3.95,3.95,3.9,3.9,3.75,4,2,15.0,4.0,100.0,0.05,-0.05,1565289000.0
2019-08-08,4.05,4.05,3.8,3.8,3.925,1000,3,3925.0,1000.0,100.0,0.25,-0.25,1565202600.0
2019-08-07,4.2,4.2,3.95,3.95,3.955609756097561,2050,8,8109.0,2050.0,100.0,0.25,-0.25,1565116200.0
2019-08-06,4.35,4.35,4.15,4.15,4.151027703306524,4476,7,18580.0,4476.0,100.0,0.2,-0.2,1565029800.0
2019-08-05,4.2,4.41,4.11,4.27,4.395097908618623,7507,12,32994.0,7507.0,100.0,0.3,0.07,1564943400.0
2019-08-02,4.25,4.25,4.2,4.2,4.20253164556962,79,5,332.0,79.0,100.0,0.05,-0.05,1564684200.0
2019-08-01,4.0,4.2,4.0,4.2,4.011659192825112,2230,12,8946.0,2230.0,100.0,0.2,0.2,1564597800.0
2019-07-31,3.67,4.0,3.67,4.0,3.9950248756218905,201,3,803.0,201.0,100.0,0.33,0.33,1564511400.0
2019-07-30,3.85,3.85,3.85,3.85,3.849206349206349,252,2,970.0,252.0,100.0,0.0,0.0,1564425000.0
2019-07-29,4.13,4.33,4.05,4.05,4.15,1600,4,6640.0,1600.0,100.0,0.28,-0.08,1564338600.0
2019-07-26,4.05,4.2,4.0,4.13,4.105348460291735,1851,3,7599.0,1851.0,100.0,0.2,0.08,1564079400.0
2019-07-25,4.18,4.18,4.0,4.0,4.168,1500,2,6252.0,1500.0,100.0,0.18,-0.18,1563993000.0
2019-07-24,4.02,4.02,3.99,3.99,3.998765432098765,810,6,3239.0,810.0,100.0,0.03,-0.03,1563906600.0
2019-07-23,3.65,3.83,3.65,3.83,3.829268292682927,410,3,1570.0,410.0,100.0,0.18,0.18,1563820200.0
2019-07-22,3.7,3.7,3.49,3.65,3.6553075995174904,3316,14,12121.0,3316.0,100.0,0.21,-0.05,1563733800.0
2019-07-19,3.67,3.67,3.67,3.67,3.67,500,1,1835.0,500.0,100.0,0.0,0.0,1563474600.0
2019-07-18,3.67,3.67,3.67,3.67,3.6538461538461537,52,3,190.0,52.0,100.0,0.0,0.0,1563388200.0
2019-07-16,3.33,3.5,3.33,3.5,3.387692307692308,325,4,1101.0,325.0,100.0,0.17,0.17,1563215400.0
2019-07-15,3.5,3.5,3.5,3.5,3.5,500,2,1750.0,500.0,100.0,0.0,0.0,1563129000.0
2019-07-12,3.5,3.5,3.5,3.5,3.5,200,1,700.0,200.0,100.0,0.0,0.0,1562869800.0
2019-07-11,3.85,3.85,3.5,3.5,3.7485714285714287,350,3,1312.0,350.0,100.0,0.35,-0.35,1562783400.0
2019-07-10,3.67,3.67,3.5,3.67,3.6438461538461535,1300,4,4737.0,1300.0,100.0,0.17,0.0,1562697000.0
2019-07-09,3.8,3.8,3.5,3.5,3.769565217391304,230,3,867.0,230.0,100.0,0.3,-0.3,1562610600.0
2019-07-08,3.8,3.8,3.67,3.67,3.688557213930348,1005,3,3707.0,1005.0,100.0,0.13,-0.13,1562524200.0
2019-07-05,4.2,4.2,3.85,3.85,4.188333333333333,3000,4,12565.0,3000.0,100.0,0.35,-0.35,1562265000.0
2019-07-04,4.0,4.0,4.0,4.0,4.0,50,2,200.0,50.0,100.0,0.0,0.0,1562178600.0
2019-07-03,4.25,4.25,3.85,3.85,3.8666666666666663,105,2,406.0,105.0,100.0,0.4,-0.4,1562092200.0
2019-07-02,4.3,4.3,4.05,4.05,4.229337712096333,1827,6,7727.0,1827.0,100.0,0.25,-0.25,1562005800.0
2019-07-01,4.11,4.11,4.1,4.1,4.097014925373134,268,4,1098.0,268.0,100.0,0.01,-0.01,1561919400.0
2019-06-28,3.92,3.92,3.9,3.92,3.902380952380952,840,4,3278.0,840.0,100.0,0.02,0.0,1561660200.0
2019-06-27,3.5,3.74,3.4,3.74,3.552,1000,3,3552.0,1000.0,100.0,0.34,0.24,1561573800.0
2019-06-26,3.57,3.57,3.57,3.57,3.57,300,1,1071.0,300.0,100.0,0.0,0.0,1561487400.0
2019-06-25,3.74,3.74,3.74,3.74,3.74,200,1,748.0,200.0,100.0,0.0,0.0,1561401000.0
2019-06-24,3.75,3.93,3.57,3.57,3.8270893371757926,347,5,1328.0,347.0,100.0,0.36,-0.18,1561314600.0
2019-06-21,3.75,3.75,3.75,3.75,3.7490494296577945,526,8,1972.0,526.0,100.0,0.0,0.0,1561055400.0
2019-06-20,3.24,3.58,3.24,3.58,3.325,400,2,1330.0,400.0,100.0,0.34,0.34,1560969000.0
2019-06-19,3.25,3.41,3.25,3.41,3.4061611374407583,2110,4,7187.0,2110.0,100.0,0.16,0.16,1560882600.0
2019-06-18,3.15,3.25,3.15,3.25,3.194444444444444,900,4,2875.0,900.0,100.0,0.1,0.1,1560796200.0
2019-06-17,3.15,3.15,3.01,3.1,3.0846153846153848,1300,3,4010.0,1300.0,100.0,0.14,-0.05,1560709800.0
2019-06-14,3.15,3.15,3.15,3.15,3.14,50,1,157.0,50.0,100.0,0.0,0.0,1560450600.0
2019-06-13,3.11,3.31,3.01,3.31,3.105730337078652,8900,19,27641.0,8900.0,100.0,0.3,0.2,1560364200.0
2019-06-11,3.16,3.16,3.16,3.16,3.16,500,2,1580.0,500.0,100.0,0.0,0.0,1560191400.0
2019-06-07,3.32,3.32,3.32,3.32,3.32,500,2,1660.0,500.0,100.0,0.0,0.0,1559845800.0
2019-06-06,3.17,3.17,3.17,3.17,3.1,10,1,31.0,10.0,100.0,0.0,0.0,1559759400.0
2019-06-03,3.28,3.28,3.28,3.28,3.28,100,1,328.0,100.0,100.0,0.0,0.0,1559500200.0
2019-05-31,3.4,3.41,3.4,3.41,3.405,200,2,681.0,200.0,100.0,0.01,0.01,1559241000.0
2019-05-30,3.42,3.42,3.32,3.32,3.37,100,2,337.0,100.0,100.0,0.1,-0.1,1559154600.0
2019-05-29,3.35,3.42,3.35,3.42,3.272727272727273,11,2,36.0,11.0,100.0,0.07,0.07,1559068200.0
2019-05-28,3.65,3.65,3.51,3.51,3.5086419753086417,405,4,1421.0,405.0,100.0,0.14,-0.14,1558981800.0
2019-05-27,3.65,3.65,3.65,3.65,3.6466666666666665,150,2,547.0,150.0,100.0,0.0,0.0,1558895400.0
2019-05-24,3.65,3.65,3.65,3.65,3.6497524752475248,808,5,2949.0,808.0,100.0,0.0,0.0,1558636200.0
2019-05-23,3.84,3.84,3.84,3.84,3.8398420359806926,2279,8,8751.0,2279.0,100.0,0.0,0.0,1558549800.0
2019-05-22,4.04,4.04,4.04,4.04,4.033333333333333,60,4,242.0,60.0,100.0,0.0,0.0,1558463400.0
2019-05-21,3.8,3.85,3.79,3.85,3.7942794279427936,2727,10,10347.0,2727.0,100.0,0.06,0.05,1558377000.0
2019-05-17,4.15,4.15,3.98,3.98,4.07962962962963,1620,4,6609.0,1620.0,100.0,0.17,-0.17,1558031400.0
2019-05-16,4.16,4.16,4.16,4.16,4.16,1000,1,4160.0,1000.0,100.0,0.0,0.0,1557945000.0
2019-05-15,3.62,3.97,3.62,3.97,3.7717112922002327,8590,11,32399.0,8590.0,100.0,0.35,0.35,1557858600.0
2019-05-14,3.79,3.8,3.79,3.79,3.7898876404494386,2670,5,10119.0,2670.0,100.0,0.01,0.0,1557772200.0
2019-05-13,4.26,4.26,3.98,3.98,4.246428571428571,2800,4,11890.0,2800.0,100.0,0.28,-0.28,1557685800.0
2019-05-10,4.3,4.3,4.18,4.18,4.272658035034273,1313,3,5610.0,1313.0,100.0,0.12,-0.12,1557426600.0
2019-05-09,4.67,4.67,4.23,4.4,4.613863636363636,4400,6,20301.0,4400.0,100.0,0.44,-0.27,1557340200.0
2019-05-08,4.45,4.76,4.45,4.45,4.65,3100,6,14415.0,3100.0,100.0,0.31,0.0,1557253800.0
2019-05-07,4.12,4.54,4.12,4.54,4.11988011988012,1001,2,4124.0,1001.0,100.0,0.42,0.42,1557167400.0
2019-05-06,4.35,4.35,4.33,4.33,4.334,2500,2,10835.0,2500.0,100.0,0.02,-0.02,1557081000.0
2019-05-03,4.65,4.65,4.55,4.55,4.6,2000,3,9200.0,2000.0,100.0,0.1,-0.1,1556821800.0
2019-04-30,4.75,4.75,4.75,4.75,4.75,3000,3,14250.0,3000.0,100.0,0.0,0.0,1556562600.0
2019-04-26,5.0,5.29,5.0,5.0,5.122048553375457,9021,10,46206.0,9021.0,100.0,0.29,0.0,1556217000.0
2019-04-25,5.29,5.29,5.04,5.04,5.241666666666666,120,2,629.0,120.0,100.0,0.25,-0.25,1556130600.0
2019-04-24,5.8,5.83,5.29,5.29,5.812159709618874,1102,5,6405.0,1102.0,100.0,0.54,-0.51,1556044200.0
2019-04-23,5.56,5.56,5.56,5.56,5.56,200,1,1112.0,200.0,100.0,0.0,0.0,1555957800.0
2019-04-22,5.25,5.3,5.25,5.3,5.2911813643926795,601,4,3180.0,601.0,100.0,0.05,0.05,1555871400.0
2019-04-18,5.3,5.5,5.3,5.3,5.365333333333333,1500,6,8048.0,1500.0,100.0,0.2,0.0,1555525800.0
2019-04-16,5.38,5.6,5.12,5.49,5.369109947643979,1910,7,10255.0,1910.0,100.0,0.48,0.11,1555353000.0
2019-04-15,4.9,5.39,4.9,5.38,5.304585333554047,6041,10,32045.0,6041.0,100.0,0.49,0.48,1555266600.0
2019-04-12,5.0,5.17,4.93,5.14,5.073696589572717,2551,9,12943.0,2551.0,100.0,0.24,0.14,1555007400.0
2019-04-11,4.93,4.93,4.93,4.93,4.93,900,1,4437.0,900.0,100.0,0.0,0.0,1554921000.0
2019-04-10,4.8,4.8,4.7,4.7,4.785714285714286,1400,3,6700.0,1400.0,100.0,0.1,-0.1,1554834600.0
2019-04-09,4.5,4.94,4.49,4.94,4.502608695652174,2300,7,10356.0,2300.0,100.0,0.45,0.44,1554748200.0
2019-04-08,4.76,4.76,4.72,4.72,4.74361820199778,1802,5,8548.0,1802.0,100.0,0.04,-0.04,1554661800.0
2019-04-05,4.5,4.96,4.5,4.91,4.829130211013896,3886,9,18766.0,3886.0,100.0,0.46,0.41,1554402600.0
2019-04-04,4.73,4.73,4.73,4.73,4.73,100,1,473.0,100.0,100.0,0.0,0.0,1554316200.0
2019-04-03,4.75,4.9,4.44,4.86,4.83,2800,13,13524.0,2800.0,100.0,0.46,0.11,1554229800.0
2019-04-02,4.5,4.67,4.5,4.67,4.609677419354839,310,3,1429.0,310.0,100.0,0.17,0.17,1554143400.0
2019-04-01,4.73,4.73,4.45,4.45,4.714556213017752,4225,14,19919.0,4225.0,100.0,0.28,-0.28,1554057000.0
2019-03-29,4.68,4.68,4.5,4.51,4.673758865248226,2820,7,13180.0,2820.0,100.0,0.18,-0.17,1553797800.0
2019-03-28,4.05,4.46,4.05,4.46,4.060913705583756,1379,9,5600.0,1379.0,100.0,0.41,0.41,1553711400.0
2019-03-27,3.89,4.29,3.89,4.25,3.958423378382737,341033,18,1349953.0,341033.0,100.0,0.4,0.36,1553625000.0
2019-03-26,3.96,4.09,3.96,4.09,3.960064967516242,400200,5,1584818.0,400200.0,100.0,0.13,0.13,1553538600.0
2019-03-25,4.1,4.16,3.96,4.16,4.030019577985643,4597,15,18526.0,4597.0,100.0,0.2,0.06,1553452200.0
2019-03-20,4.16,4.16,4.16,4.16,4.16,200,2,832.0,200.0,100.0,0.0,0.0,1553020200.0
2019-03-19,3.97,3.97,3.97,3.97,3.97,100,1,397.0,100.0,100.0,0.0,0.0,1552933800.0
2019-03-18,3.79,3.79,3.79,3.79,3.7864077669902914,103,2,390.0,103.0,100.0,0.0,0.0,1552847400.0
2019-03-15,3.62,3.63,3.61,3.61,3.615067079463364,969,4,3503.0,969.0,100.0,0.02,-0.01,1552588200.0
2019-03-14,3.7,3.75,3.7,3.71,3.747514910536779,503,4,1885.0,503.0,100.0,0.05,0.01,1552501800.0
2019-03-13,3.82,4.01,3.82,3.85,3.970258410531448,2051,10,8143.0,2051.0,100.0,0.19,0.03,1552415400.0
2019-03-12,3.79,3.82,3.79,3.82,3.8193220338983047,2950,3,11267.0,2950.0,100.0,0.03,0.03,1552329000.0
2019-03-11,4.15,4.15,3.96,3.96,4.064086021505376,4650,9,18898.0,4650.0,100.0,0.19,-0.19,1552242600.0
2019-03-08,4.15,4.15,3.96,3.96,4.064444444444445,450,3,1829.0,450.0,100.0,0.19,-0.19,1551983400.0
2019-03-07,4.34,4.34,4.15,4.15,4.214890510948905,6850,5,28872.0,6850.0,100.0,0.19,-0.19,1551897000.0
2019-03-06,4.0,4.14,4.0,4.14,4.08,2450,6,9996.0,2450.0,100.0,0.14,0.14,1551810600.0
2019-03-05,3.64,4.02,3.64,3.95,3.9868831168831167,7700,6,30699.0,7700.0,100.0,0.38,0.31,1551724200.0
2019-03-01,4.23,4.23,3.83,3.83,4.02970297029703,101,3,407.0,101.0,100.0,0.4,-0.4,1551378600.0
2019-02-28,3.8,4.03,3.8,4.03,3.915,2000,2,7830.0,2000.0,100.0,0.23,0.23,1551292200.0
2019-02-27,3.55,3.84,3.49,3.84,3.6300214658080336,6522,6,23675.0,6522.0,100.0,0.35,0.29,1551205800.0
2019-02-26,3.35,3.68,3.35,3.67,3.6514918486619505,3251,6,11871.0,3251.0,100.0,0.33,0.32,1551119400.0
2019-02-25,3.22,3.51,3.22,3.51,3.3294444444444444,1800,3,5993.0,1800.0,100.0,0.29,0.29,1551033000.0
2019-02-22,3.35,3.35,3.35,3.35,3.34,50,1,167.0,50.0,100.0,0.0,0.0,1550773800.0
2019-02-21,3.45,3.45,3.45,3.45,3.45,100,1,345.0,100.0,100.0,0.0,0.0,1550687400.0
2019-02-20,3.37,3.53,3.21,3.53,3.3231580930846047,21228,12,70544.0,21228.0,100.0,0.32,0.16,1550601000.0
2019-02-19,3.36,3.41,3.36,3.37,3.370053475935829,9350,16,31510.0,9350.0,100.0,0.05,0.01,1550514600.0
2019-02-18,3.6,3.6,3.52,3.53,3.534615384615385,1300,3,4595.0,1300.0,100.0,0.08,-0.07,1550428200.0
2019-02-15,3.58,3.7,3.58,3.68,3.6491308325709055,4372,12,15954.0,4372.0,100.0,0.12,0.1,1550169000.0
2019-02-14,3.8,3.8,3.76,3.76,3.762,4000,8,15048.0,4000.0,100.0,0.04,-0.04,1550082600.0
2019-02-13,4.0,4.0,3.95,3.95,3.9666666666666663,3000,3,11900.0,3000.0,100.0,0.05,-0.05,1549996200.0
2019-02-12,4.56,4.56,4.15,4.15,4.50843222985634,1601,6,7218.0,1601.0,100.0,0.41,-0.41,1549909800.0
2019-02-11,4.37,4.37,3.99,4.36,4.277462121212121,2112,6,9034.0,2112.0,100.0,0.38,-0.01,1549823400.0
2019-02-08,3.85,4.19,3.85,4.19,3.8498498498498495,999,2,3846.0,999.0,100.0,0.34,0.34,1549564200.0
2019-02-07,3.8,4.0,3.7,4.0,3.9174092588567695,4601,6,18024.0,4601.0,100.0,0.3,0.2,1549477800.0
2019-02-06,3.63,3.81,3.5,3.81,3.7488186114140314,2751,5,10313.0,2751.0,100.0,0.31,0.18,1549391400.0
2019-02-05,3.63,3.63,3.63,3.63,3.62,50,1,181.0,50.0,100.0,0.0,0.0,1549305000.0
2019-02-01,3.71,3.71,3.71,3.71,3.71,100,1,371.0,100.0,100.0,0.0,0.0,1548959400.0
2019-01-31,3.76,3.76,3.76,3.76,3.76,250,2,940.0,250.0,100.0,0.0,0.0,1548873000.0
2019-01-30,3.62,3.98,3.62,3.93,3.844144536351763,2297,8,8830.0,2297.0,100.0,0.36,0.31,1548786600.0
2019-01-29,3.98,3.98,3.81,3.81,3.8380102040816326,13328,23,51153.0,13328.0,100.0,0.17,-0.17,1548700200.0
2019-01-28,3.9,4.07,3.71,4.01,3.792669683257919,11050,23,41909.0,11050.0,100.0,0.36,0.11,1548613800.0
2019-01-25,3.9,3.9,3.9,3.9,3.8994974874371855,199,1,776.0,199.0,100.0,0.0,0.0,1548354600.0
2019-01-24,4.05,4.05,3.9,3.9,3.97,100,2,397.0,100.0,100.0,0.15,-0.15,1548268200.0
2019-01-23,4.0,4.0,4.0,4.0,4.0,900,1,3600.0,900.0,100.0,0.0,0.0,1548181800.0
2019-01-22,4.6,4.6,4.18,4.18,4.2,105,2,441.0,105.0,100.0,0.42,-0.42,1548095400.0
2019-01-21,3.99,4.41,3.99,4.39,4.388992248062016,6450,10,28309.0,6450.0,100.0,0.42,0.4,1548009000.0
2019-01-18,4.38,4.4,4.2,4.2,4.390119869233563,2753,8,12086.0,2753.0,100.0,0.2,-0.18,1547749800.0
2019-01-17,4.25,4.4,4.04,4.4,4.360596146855689,2751,10,11996.0,2751.0,100.0,0.36,0.15,1547663400.0
2019-01-16,4.3,4.3,4.25,4.25,4.255882352941176,1700,5,7235.0,1700.0,100.0,0.05,-0.05,1547577000.0
2019-01-15,4.19,4.4,4.18,4.3,4.201315789473684,760,5,3193.0,760.0,100.0,0.22,0.11,1547490600.0
2019-01-14,4.0,4.4,4.0,4.4,4.333333333333333,600,3,2600.0,600.0,100.0,0.4,0.4,1547404200.0
2019-01-11,4.0,4.41,4.0,4.2,4.36294964028777,2780,8,12129.0,2780.0,100.0,0.41,0.2,1547145000.0
2019-01-10,4.35,4.35,4.2,4.2,4.349136069114471,9260,10,40273.0,9260.0,100.0,0.15,-0.15,1547058600.0
2019-01-09,4.15,4.15,4.15,4.15,4.149959183673468,12250,6,50837.0,12250.0,100.0,0.0,0.0,1546972200.0
2019-01-08,3.88,3.96,3.88,3.96,3.9066666666666663,300,2,1172.0,300.0,100.0,0.08,0.08,1546885800.0
2019-01-07,4.05,4.05,3.95,3.95,4.0,500,4,2000.0,500.0,100.0,0.1,-0.1,1546799400.0
2019-01-04,4.1,4.1,4.05,4.05,4.050833333333332,1200,4,4861.0,1200.0,100.0,0.05,-0.05,1546540200.0
2019-01-03,4.1,4.1,4.1,4.1,4.0,1,1,4.0,1.0,100.0,0.0,0.0,1546453800.0
2019-01-02,4.01,4.1,4.0,4.1,4.022379269729093,849,4,3415.0,849.0,100.0,0.1,0.09,1546367400.0
2018-12-31,4.15,4.15,3.96,3.96,3.966,500,4,1983.0,500.0,100.0,0.19,-0.19,1546194600.0
2018-12-28,4.15,4.15,4.15,4.15,4.149253731343284,201,2,834.0,201.0,100.0,0.0,0.0,1545935400.0
2018-12-27,4.35,4.35,4.33,4.34,4.3425,1200,3,5211.0,1200.0,100.0,0.02,-0.01,1545849000.0
2018-12-26,4.53,4.65,4.53,4.55,4.561332312404288,13060,10,59571.0,13060.0,100.0,0.12,0.02,1545762600.0
2018-12-24,4.78,4.78,4.34,4.76,4.760869565217392,1150,4,5475.0,1150.0,100.0,0.44,-0.02,1545589800.0
2018-12-21,4.56,4.56,4.56,4.56,4.56,500,4,2280.0,500.0,100.0,0.0,0.0,1545330600.0
2018-12-19,4.35,4.35,4.35,4.35,4.35,100,1,435.0,100.0,100.0,0.0,0.0,1545157800.0
2018-12-18,3.96,4.15,3.96,4.15,4.126153846153846,1300,9,5364.0,1300.0,100.0,0.19,0.19,1545071400.0
2018-12-17,3.86,3.96,3.86,3.96,3.8975757575757575,1650,5,6431.0,1650.0,100.0,0.1,0.1,1544985000.0
2018-12-14,3.98,4.35,3.95,4.0,4.09922480620155,1935,5,7932.0,1935.0,100.0,0.4,0.02,1544725800.0
2018-12-13,4.17,4.17,4.15,4.15,4.152,500,2,2076.0,500.0,100.0,0.02,-0.02,1544639400.0
2018-12-12,4.36,4.36,4.36,4.36,4.36,2000,1,8720.0,2000.0,100.0,0.0,0.0,1544553000.0
2018-12-10,4.2,4.2,4.16,4.16,4.173333333333333,1500,2,6260.0,1500.0,100.0,0.04,-0.04,1544380200.0
2018-12-05,4.32,4.37,4.32,4.37,4.366336633663367,101,2,441.0,101.0,100.0,0.05,0.05,1543948200.0
2018-12-04,4.45,4.47,4.45,4.47,4.456666666666666,300,2,1337.0,300.0,100.0,0.02,0.02,1543861800.0
2018-12-03,4.57,4.57,4.57,4.57,4.57,200,1,914.0,200.0,100.0,0.0,0.0,1543775400.0
2018-11-30,4.81,4.81,4.81,4.81,4.81,100,3,481.0,100.0,100.0,0.0,0.0,1543516200.0
2018-11-29,5.05,5.05,5.05,5.05,5.048571428571429,350,2,1767.0,350.0,100.0,0.0,0.0,1543429800.0
2018-11-27,4.59,4.81,4.59,4.81,4.799479166666666,1152,8,5529.0,1152.0,100.0,0.22,0.22,1543257000.0
2018-11-26,4.63,5.04,4.59,4.59,4.76984126984127,630,9,3005.0,630.0,100.0,0.45,-0.04,1543170600.0
2018-11-22,5.06,5.06,4.83,4.83,4.85,60,3,291.0,60.0,100.0,0.23,-0.23,1542825000.0
2018-11-21,5.06,5.06,5.06,5.06,5.06,800,3,4048.0,800.0,100.0,0.0,0.0,1542738600.0
2018-11-20,5.32,5.32,5.32,5.32,5.32,1000,2,5320.0,1000.0,100.0,0.0,0.0,1542652200.0
2018-11-19,5.58,5.58,5.58,5.58,5.58,300,1,1674.0,300.0,100.0,0.0,0.0,1542565800.0
2018-11-16,5.87,6.09,5.87,5.87,5.878723404255319,1410,5,8289.0,1410.0,100.0,0.22,0.0,1542306600.0
2018-11-14,6.24,6.24,6.17,6.17,6.225419664268585,1251,3,7788.0,1251.0,100.0,0.07,-0.07,1542133800.0
2018-11-13,5.94,6.23,5.94,6.23,6.11325782811459,1501,4,9176.0,1501.0,100.0,0.29,0.29,1542047400.0
2018-11-12,6.24,6.24,5.94,5.94,6.097894736842105,1900,4,11586.0,1900.0,100.0,0.3,-0.3,1541961000.0
2018-11-09,6.3,6.3,6.25,6.25,6.266526757607555,3812,9,23888.0,3812.0,100.0,0.05,-0.05,1541701800.0
2018-11-07,6.55,6.55,6.54,6.54,6.546111111111111,5400,12,35349.0,5400.0,100.0,0.01,-0.01,1541529000.0
2018-11-06,6.24,6.24,6.24,6.24,6.24,300,1,1872.0,300.0,100.0,0.0,0.0,1541442600.0
2018-11-05,6.55,6.55,6.0,6.0,6.508804108584005,2726,5,17743.0,2726.0,100.0,0.55,-0.55,1541356200.0
2018-11-02,5.8,6.24,5.8,6.24,6.174914675767918,1172,2,7237.0,1172.0,100.0,0.44,0.44,1541097000.0
2018-11-01,6.24,6.24,6.1,6.1,6.229629629629629,1350,3,8410.0,1350.0,100.0,0.14,-0.14,1541010600.0
2018-10-30,6.47,6.47,6.42,6.42,6.0,2,2,12.0,2.0,100.0,0.05,-0.05,1540837800.0
2018-10-29,5.7,6.18,5.66,6.18,5.720512820512821,390,6,2231.0,390.0,100.0,0.52,0.48,1540751400.0
2018-10-25,6.24,6.24,5.95,5.95,6.010526315789473,95,2,571.0,95.0,100.0,0.29,-0.29,1540405800.0
2018-10-24,5.7,6.25,5.7,6.25,5.782312925170068,147,2,850.0,147.0,100.0,0.55,0.55,1540319400.0
2018-10-23,5.65,6.19,5.65,5.98,5.922204213938412,617,8,3654.0,617.0,100.0,0.54,0.33,1540233000.0
2018-10-22,6.23,6.23,5.9,5.9,6.202312138728324,1211,2,7511.0,1211.0,100.0,0.33,-0.33,1540146600.0
2018-10-19,6.54,6.54,5.95,5.95,6.441004184100418,1195,10,7697.0,1195.0,100.0,0.59,-0.59,1539887400.0
2018-10-17,5.7,6.28,5.7,6.23,6.18885294849465,12057,18,74619.0,12057.0,100.0,0.58,0.53,1539714600.0
2018-10-16,6.15,6.15,5.85,5.99,5.928504233301976,2126,11,12604.0,2126.0,100.0,0.3,-0.16,1539628200.0
2018-10-15,6.15,6.44,6.15,6.15,6.14569536423841,151,6,928.0,151.0,100.0,0.29,0.0,1539541800.0
2018-10-12,6.44,6.44,6.44,6.44,6.363636363636364,11,2,70.0,11.0,100.0,0.0,0.0,1539282600.0
2018-10-11,6.45,6.45,6.44,6.44,6.446780551905388,1522,11,9812.0,1522.0,100.0,0.01,-0.01,1539196200.0
2018-10-10,6.33,6.33,6.19,6.19,6.292865589278676,2537,8,15965.0,2537.0,100.0,0.14,-0.14,1539109800.0
2018-10-09,5.6,6.04,5.59,6.04,5.6087534331531845,11287,18,63306.0,11287.0,100.0,0.45,0.44,1539023400.0
2018-10-08,6.0,6.0,5.88,5.88,5.880530973451328,2260,7,13290.0,2260.0,100.0,0.12,-0.12,1538937000.0
2018-10-05,6.8,6.8,6.18,6.18,6.180561747659385,11215,20,69315.0,11215.0,100.0,0.62,-0.62,1538677800.0
2018-10-04,6.25,6.5,6.1,6.5,6.448068152482575,11621,13,74933.0,11621.0,100.0,0.4,0.25,1538591400.0
2018-10-03,6.72,6.94,6.37,6.4,6.66484041216386,19895,34,132597.0,19895.0,100.0,0.57,-0.32,1538505000.0
2018-10-01,7.38,7.38,6.68,6.7,7.172119441739695,92430,87,662919.0,92430.0,100.0,0.7,-0.68,1538332200.0
2018-09-28,7.03,7.03,7.03,7.03,7.029787234042553,3290,8,23128.0,3290.0,100.0,0.0,0.0,1538073000.0
2018-09-27,6.7,6.7,6.7,6.7,6.7,500,1,3350.0,500.0,100.0,0.0,0.0,1537986600.0
2018-09-26,6.39,6.39,6.39,6.39,6.389967487227125,10765,4,68788.0,10765.0,100.0,0.0,0.0,1537900200.0
2018-09-25,6.09,6.09,6.08,6.09,6.089714177754986,37051,10,225630.0,37051.0,100.0,0.01,0.0,1537813800.0
2018-09-24,5.8,5.8,5.8,5.8,5.79997379283234,15263,18,88525.0,15263.0,100.0,0.0,0.0,1537727400.0
2018-09-21,5.53,5.53,5.53,5.53,5.529980371097367,27001,24,149315.0,27001.0,100.0,0.0,0.0,1537468200.0
2018-09-19,5.27,5.27,5.27,5.27,5.269988655938826,23801,26,125431.0,23801.0,100.0,0.0,0.0,1537295400.0
2018-09-18,5.02,5.02,4.98,5.02,5.00783641484021,16334,35,81798.0,16334.0,100.0,0.04,0.0,1537209000.0
2018-09-17,4.79,4.79,4.4,4.79,4.787619201551641,12374,19,59242.0,12374.0,100.0,0.39,0.0,1537122600.0
2018-09-14,4.57,4.57,4.57,4.57,4.569842738205365,3243,7,14820.0,3243.0,100.0,0.0,0.0,1536863400.0
2018-09-12,4.36,4.36,4.36,4.36,4.36,1250,4,5450.0,1250.0,100.0,0.0,0.0,1536690600.0
2018-09-11,4.16,4.16,4.06,4.16,4.15084476096674,13199,17,54787.0,13199.0,100.0,0.1,0.0,1536604200.0
2018-09-10,3.97,3.97,3.81,3.97,3.969686888454012,51100,28,202851.0,51100.0,100.0,0.16,0.0,1536517800.0
2018-09-07,3.82,3.98,3.79,3.79,3.8248601215634177,24843,35,95021.0,24843.0,100.0,0.19,-0.03,1536258600.0
2018-09-06,4.0,4.05,3.8,3.98,3.8759068668803778,11854,16,45945.0,11854.0,100.0,0.25,-0.02,1536172200.0
2018-09-05,4.1,4.1,3.9,3.93,4.014279835390947,24300,15,97547.0,24300.0,100.0,0.2,-0.17,1536085800.0
2018-09-04,4.4,4.46,4.09,4.09,4.3159375,16000,9,69055.0,16000.0,100.0,0.37,-0.31,1535999400.0
2018-09-03,4.58,4.58,4.25,4.25,4.362238050996181,19374,16,84514.0,19374.0,100.0,0.33,-0.33,1535913000.0
2018-08-31,4.39,4.39,4.06,4.37,4.373540085780271,15155,13,66281.0,15155.0,100.0,0.33,-0.02,1535653800.0
2018-08-30,4.2,4.2,4.19,4.19,4.199274292223957,23701,10,99527.0,23701.0,100.0,0.01,-0.01,1535567400.0
2018-08-29,4.03,4.15,4.0,4.0,4.054844533600802,49850,32,202134.0,49850.0,100.0,0.15,-0.03,1535481000.0
2018-08-28,4.17,4.17,3.8,4.17,4.12620242095089,21727,21,89650.0,21727.0,100.0,0.37,0.0,1535394600.0
2018-08-27,4.05,4.06,3.9,3.98,4.040285948320799,13429,8,54257.0,13429.0,100.0,0.16,-0.07,1535308200.0
2018-08-24,4.1,4.4,4.02,4.04,4.304186046511628,4300,5,18508.0,4300.0,100.0,0.38,-0.06,1535049000.0
2018-08-23,4.28,4.5,4.22,4.22,4.334,1000,3,4334.0,1000.0,100.0,0.28,-0.06,1534962600.0
2018-08-21,4.33,4.45,4.07,4.44,4.285935483870968,15500,14,66432.0,15500.0,100.0,0.38,0.11,1534789800.0
2018-08-20,4.5,4.5,4.28,4.28,4.485747663551401,4280,9,19199.0,4280.0,100.0,0.22,-0.22,1534703400.0
2018-08-17,4.5,4.5,4.5,4.5,4.5,1400,5,6300.0,1400.0,100.0,0.0,0.0,1534444200.0
2018-08-16,4.51,4.51,4.49,4.51,4.508654970760234,8550,27,38549.0,8550.0,100.0,0.02,0.0,1534357800.0
2018-08-14,4.3,4.3,4.3,4.3,4.3,3500,8,15050.0,3500.0,100.0,0.0,0.0,1534185000.0
2018-08-13,4.05,4.33,4.05,4.1,4.139489194499018,5090,11,21070.0,5090.0,100.0,0.28,0.05,1534098600.0
2018-08-10,4.2,4.3,4.0,4.13,4.195720399429386,7010,13,29412.0,7010.0,100.0,0.3,-0.07,1533839400.0
2018-08-09,3.8,4.17,3.79,4.1,3.992542372881356,2950,8,11778.0,2950.0,100.0,0.38,0.3,1533753000.0
2018-08-08,4.1,4.1,3.98,3.98,4.073380171740827,1281,7,5218.0,1281.0,100.0,0.12,-0.12,1533666600.0
2018-08-07,3.94,4.05,3.94,4.01,4.006650246305418,8120,12,32534.0,8120.0,100.0,0.11,0.07,1533580200.0
2018-08-06,4.15,4.15,4.14,4.14,4.14468153895894,6186,8,25639.0,6186.0,100.0,0.01,-0.01,1533493800.0
2018-08-03,3.95,3.96,3.95,3.96,3.9533333333333327,150,2,593.0,150.0,100.0,0.01,0.01,1533234600.0
2018-08-02,3.97,4.37,3.97,3.97,4.260916442048518,1855,8,7904.0,1855.0,100.0,0.4,0.0,1533148200.0
2018-08-01,4.35,4.35,4.15,4.17,4.168181818181818,2200,2,9170.0,2200.0,100.0,0.2,-0.18,1533061800.0
2018-07-31,3.93,4.33,3.93,4.15,4.151851851851852,4860,6,20178.0,4860.0,100.0,0.4,0.22,1532975400.0
2018-07-30,4.13,4.13,4.1,4.13,4.12990514228657,10015,20,41361.0,10015.0,100.0,0.03,0.0,1532889000.0
2018-07-27,3.9,3.94,3.9,3.94,3.9009756097560975,2050,2,7997.0,2050.0,100.0,0.04,0.04,1532629800.0
2018-07-26,3.76,3.76,3.76,3.76,3.76,250,2,940.0,250.0,100.0,0.0,0.0,1532543400.0
2018-07-25,3.81,3.81,3.81,3.81,3.0,1,1,3.0,1.0,100.0,0.0,0.0,1532457000.0
2018-07-24,3.97,3.97,3.97,3.97,3.969655172413793,725,3,2878.0,725.0,100.0,0.0,0.0,1532370600.0
2018-07-20,3.99,4.17,3.8,4.17,3.9809885931558937,1052,4,4188.0,1052.0,100.0,0.37,0.18,1532025000.0
2018-07-19,3.99,3.99,3.62,3.99,3.951666666666666,2400,8,9484.0,2400.0,100.0,0.37,0.0,1531938600.0
2018-07-18,3.8,3.8,3.8,3.8,3.0,1,1,3.0,1.0,100.0,0.0,0.0,1531852200.0
2018-07-17,4.0,4.0,3.62,4.0,3.944365192582026,1402,8,5530.0,1402.0,100.0,0.38,0.0,1531765800.0
2018-07-16,4.18,4.18,3.81,3.81,4.153586497890295,1185,7,4922.0,1185.0,100.0,0.37,-0.37,1531679400.0
2018-07-13,4.19,4.19,4.0,4.0,4.000369344413666,5415,5,21662.0,5415.0,100.0,0.19,-0.19,1531420200.0
2018-07-12,4.4,4.4,4.0,4.0,4.0,1351,5,5404.0,1351.0,100.0,0.4,-0.4,1531333800.0
2018-07-11,4.1,4.2,4.0,4.2,4.006451612903225,155,3,621.0,155.0,100.0,0.2,0.1,1531247400.0
2018-07-10,4.0,4.18,4.0,4.0,4.061184210526316,1520,7,6173.0,1520.0,100.0,0.18,0.0,1531161000.0
2018-07-09,4.41,4.41,3.99,3.99,3.997607655502392,12540,18,50130.0,12540.0,100.0,0.42,-0.42,1531074600.0
2018-07-05,4.19,4.2,4.19,4.2,4.195,2000,2,8390.0,2000.0,100.0,0.01,0.01,1530729000.0
2018-07-04,4.0,4.02,4.0,4.0,4.0015680125441,2551,12,10208.0,2551.0,100.0,0.02,0.0,1530642600.0
2018-07-03,4.42,4.42,4.21,4.21,4.321428571428571,280,4,1210.0,280.0,100.0,0.21,-0.21,1530556200.0
2018-07-02,4.42,4.42,4.42,4.42,4.0,1,1,4.0,1.0,100.0,0.0,0.0,1530469800.0
2018-06-29,4.65,4.65,4.65,4.65,4.65,60,1,279.0,60.0,100.0,0.0,0.0,1530210600.0
2018-06-28,4.8,4.8,4.65,4.65,4.682758620689655,145,3,679.0,145.0,100.0,0.15,-0.15,1530124200.0
2018-06-27,4.7,4.7,4.64,4.64,4.694693877551021,1225,3,5751.0,1225.0,100.0,0.06,-0.06,1530037800.0
2018-06-26,4.66,4.66,4.66,4.66,4.654545454545455,110,2,512.0,110.0,100.0,0.0,0.0,1529951400.0
2018-06-25,4.65,4.66,4.25,4.56,4.627906976744185,129,6,597.0,129.0,100.0,0.41,-0.09,1529865000.0
2018-06-22,4.2,4.45,4.2,4.45,4.43079200592154,1351,4,5986.0,1351.0,100.0,0.25,0.25,1529605800.0
2018-06-21,4.22,4.66,4.22,4.24,4.245510435204659,24724,21,104966.0,24724.0,100.0,0.44,0.02,1529519400.0
2018-06-20,4.35,4.66,4.28,4.44,4.471627408993576,5604,14,25059.0,5604.0,100.0,0.38,0.09,1529433000.0
2018-06-19,4.66,4.66,4.36,4.5,4.657876181074601,7091,7,33029.0,7091.0,100.0,0.3,-0.16,1529346600.0
2018-06-18,4.23,4.65,4.23,4.5,4.4541984732824424,262,4,1167.0,262.0,100.0,0.42,0.27,1529260200.0
2018-06-15,4.45,4.45,4.45,4.45,4.44,50,1,222.0,50.0,100.0,0.0,0.0,1529001000.0
2018-06-14,4.66,4.66,4.47,4.66,4.653666666666666,12000,7,55844.0,12000.0,100.0,0.19,0.0,1528914600.0
2018-06-13,4.66,4.66,4.41,4.66,4.657894736842104,570,9,2655.0,570.0,100.0,0.25,0.0,1528828200.0
2018-06-12,4.89,4.89,4.64,4.64,4.74,2500,3,11850.0,2500.0,100.0,0.25,-0.25,1528741800.0
2018-06-11,4.67,4.67,4.66,4.66,4.660111158614793,21051,9,98100.0,21051.0,100.0,0.01,-0.01,1528655400.0
2018-06-08,4.94,4.94,4.9,4.9,4.905090909090909,5500,9,26978.0,5500.0,100.0,0.04,-0.04,1528396200.0
2018-06-07,5.15,5.15,5.15,5.15,5.149977827050997,11275,12,58066.0,11275.0,100.0,0.0,0.0,1528309800.0
2018-06-06,5.51,5.51,5.42,5.42,5.458926919518964,10810,17,59011.0,10810.0,100.0,0.09,-0.09,1528223400.0
2018-06-05,5.7,5.7,5.7,5.7,5.7,250,3,1425.0,250.0,100.0,0.0,0.0,1528137000.0
2018-06-04,6.0,6.01,6.0,6.0,6.001036806635562,1929,7,11576.0,1929.0,100.0,0.01,0.0,1528050600.0
2018-06-01,6.34,6.5,6.31,6.31,6.335660673765055,11458,13,72594.0,11458.0,100.0,0.19,-0.03,1527791400.0
2018-05-30,6.51,6.8,6.51,6.64,6.607917059377945,1061,6,7011.0,1061.0,100.0,0.29,0.13,1527618600.0
2018-05-29,6.7,6.8,6.46,6.8,6.6971102390296116,56060,13,375440.0,56060.0,100.0,0.34,0.1,1527532200.0
2018-05-28,6.8,6.8,6.8,6.8,6.8,12400,17,84320.0,12400.0,100.0,0.0,0.0,1527445800.0
2018-05-23,7.15,7.15,7.15,7.15,7.1484375,256,2,1830.0,256.0,100.0,0.0,0.0,1527013800.0
2018-05-17,6.58,7.2,6.58,7.2,7.198473282442748,1703,2,12259.0,1703.0,100.0,0.62,0.62,1526495400.0
2018-05-16,6.41,6.88,6.24,6.88,6.302839116719243,5389,7,33966.0,5389.0,100.0,0.64,0.47,1526409000.0
2018-05-15,6.6,6.6,6.56,6.56,6.57788944723618,199,4,1309.0,199.0,100.0,0.04,-0.04,1526322600.0
2018-05-14,7.05,7.05,6.9,6.9,6.940952380952381,1050,7,7288.0,1050.0,100.0,0.15,-0.15,1526236200.0
2018-05-11,7.0,7.57,7.0,7.05,7.269087523277467,1074,5,7807.0,1074.0,100.0,0.57,0.05,1525977000.0
2018-05-10,7.2,7.9,7.2,7.21,7.638297872340425,282,5,2154.0,282.0,100.0,0.7,0.01,1525890600.0
2018-05-09,7.6,7.6,7.5,7.56,7.517142857142858,700,6,5262.0,700.0,100.0,0.1,-0.04,1525804200.0
2018-05-07,7.88,7.88,7.88,7.88,7.879518072289155,1079,3,8502.0,1079.0,100.0,0.0,0.0,1525631400.0
2018-05-04,7.2,7.84,7.2,7.51,7.621914509331728,1661,7,12660.0,1661.0,100.0,0.64,0.31,1525372200.0
2018-05-03,8.15,8.15,7.45,7.47,8.04702380952381,1680,6,13519.0,1680.0,100.0,0.7,-0.68,1525285800.0
2018-05-02,8.01,8.01,7.8,7.8,7.919683257918552,7956,16,63009.0,7956.0,100.0,0.21,-0.21,1525199400.0
2018-04-30,8.2,8.2,8.17,8.17,8.173880030372057,3951,8,32295.0,3951.0,100.0,0.03,-0.03,1525026600.0
2018-04-27,8.6,8.65,8.6,8.6,8.610305577858593,21173,29,182306.0,21173.0,100.0,0.05,0.0,1524767400.0
2018-04-26,9.9,9.9,9.05,9.05,9.782983120909405,2903,11,28400.0,2903.0,100.0,0.85,-0.85,1524681000.0
2018-04-25,10.0,10.0,9.49,9.49,9.66,300,5,2898.0,300.0,100.0,0.51,-0.51,1524594600.0
2018-04-24,10.25,10.25,9.98,9.98,10.07,1500,2,15105.0,1500.0,100.0,0.27,-0.27,1524508200.0
2018-04-23,9.97,9.97,9.97,9.97,9.97,100,1,997.0,100.0,100.0,0.0,0.0,1524421800.0
2018-04-20,9.51,9.51,9.5,9.5,9.502,500,3,4751.0,500.0,100.0,0.01,-0.01,1524162600.0
2018-04-19,10.0,10.0,10.0,10.0,10.0,360,4,3600.0,360.0,100.0,0.0,0.0,1524076200.0
2018-04-18,10.0,10.52,9.53,10.52,9.631724137931034,10150,14,97762.0,10150.0,100.0,0.99,0.52,1523989800.0
2018-04-17,9.5,10.5,9.5,10.03,10.124451953133017,146201,29,1480205.0,146201.0,100.0,1.0,0.53,1523903400.0
2018-04-12,9.16,10.0,9.16,10.0,9.18083333333333,1200,10,11017.0,1200.0,100.0,0.84,0.84,1523471400.0
2018-04-10,9.19,9.64,9.19,9.64,9.618932430253185,6201,6,59647.0,6201.0,100.0,0.45,0.45,1523298600.0
2018-04-09,9.19,9.19,9.0,9.19,9.18873543059666,54738,13,502973.0,54738.0,100.0,0.19,0.0,1523212200.0
2018-04-06,8.25,9.1,8.24,8.76,8.64692749008488,106151,42,917880.0,106151.0,100.0,0.86,0.51,1522953000.0
2018-04-05,8.67,8.67,8.67,8.67,8.661538461538461,65,1,563.0,65.0,100.0,0.0,0.0,1522866600.0
2018-04-04,9.25,9.38,9.11,9.11,9.135742474152831,30661,5,280111.0,30661.0,100.0,0.27,-0.14,1522780200.0
2018-04-03,9.27,9.38,9.27,9.38,9.377924528301886,26500,8,248515.0,26500.0,100.0,0.11,0.11,1522693800.0
2018-04-02,8.94,8.94,8.94,8.94,8.939992787594662,55460,13,495812.0,55460.0,100.0,0.0,0.0,1522607400.0
2018-03-28,8.5,8.52,8.5,8.52,8.516,500,5,4258.0,500.0,100.0,0.02,0.02,1522175400.0
2018-03-27,9.18,9.18,8.33,8.87,8.986384808312431,2791,13,25081.0,2791.0,100.0,0.85,-0.31,1522089000.0
2018-03-26,8.51,9.36,8.51,8.75,8.747634841958995,187831,12,1643077.0,187831.0,100.0,0.85,0.24,1522002600.0
2018-03-23,8.55,9.24,8.51,8.95,8.84566596194503,3311,16,29288.0,3311.0,100.0,0.73,0.4,1521743400.0
2018-03-22,8.13,8.97,8.13,8.95,8.261572373254959,9527,19,78708.0,9527.0,100.0,0.84,0.82,1521657000.0
2018-03-21,7.9,8.67,7.85,8.55,8.178771961601159,11042,13,90310.0,11042.0,100.0,0.82,0.65,1521570600.0
2018-03-20,8.67,8.67,8.24,8.26,8.310942665914038,12401,16,103064.0,12401.0,100.0,0.43,-0.41,1521484200.0
2018-03-19,8.7,8.7,8.67,8.67,8.670672280834555,21137,16,183272.0,21137.0,100.0,0.03,-0.03,1521397800.0
2018-03-16,9.5,9.5,9.11,9.12,9.236966265628686,16956,14,156622.0,16956.0,100.0,0.39,-0.38,1521138600.0
2018-03-15,9.5,10.5,9.5,9.5,9.504362089048422,42067,19,399820.0,42067.0,100.0,1.0,0.0,1521052200.0
2018-03-14,10.0,10.5,10.0,10.0,10.314303465414884,14486,14,149413.0,14486.0,100.0,0.5,0.0,1520965800.0
2018-03-13,11.1,11.1,10.52,10.52,10.589475798353082,4979,11,52725.0,4979.0,100.0,0.58,-0.58,1520879400.0
2018-03-12,12.05,12.1,11.02,11.07,11.459775383910152,4363,16,49999.0,4363.0,100.0,1.08,-0.98,1520793000.0
2018-03-09,12.0,12.0,11.6,11.6,11.98968481375358,17450,9,209220.0,17450.0,100.0,0.4,-0.4,1520533800.0
2018-03-08,12.0,12.0,11.58,11.58,11.792664670658683,1336,9,15755.0,1336.0,100.0,0.42,-0.42,1520447400.0
2018-03-07,13.0,13.0,11.82,11.83,12.545754119138149,3945,18,49493.0,3945.0,100.0,1.18,-1.17,1520361000.0
2018-03-06,12.91,12.91,12.34,12.39,12.808458982877587,7826,32,100239.0,7826.0,100.0,0.57,-0.52,1520274600.0
2018-03-05,11.5,12.3,11.22,12.3,12.253221010901884,2018,9,24727.0,2018.0,100.0,1.08,0.8,1520188200.0
2018-03-01,12.25,12.86,11.72,11.72,12.502970885323826,3366,11,42085.0,3366.0,100.0,1.14,-0.53,1519842600.0
2018-02-28,12.0,12.25,12.0,12.25,12.141018466703972,1787,6,21696.0,1787.0,100.0,0.25,0.25,1519756200.0
2018-02-27,12.6,12.63,11.62,11.91,12.163564905791239,8651,9,105227.0,8651.0,100.0,1.01,-0.69,1519669800.0
2018-02-26,10.97,12.05,10.97,12.05,11.388986013986012,1144,7,13029.0,1144.0,100.0,1.08,1.08,1519583400.0
2018-02-23,11.5,11.5,11.3,11.48,11.307692307692308,52,4,588.0,52.0,100.0,0.2,-0.02,1519324200.0
2018-02-22,11.86,11.86,11.86,11.86,11.86,50,1,593.0,50.0,100.0,0.0,0.0,1519237800.0
2018-02-21,12.5,13.0,12.45,12.45,12.487986128313104,4037,21,50414.0,4037.0,100.0,0.55,-0.05,1519151400.0
2018-02-20,12.54,13.85,12.54,13.1,12.551507208387942,3815,6,47884.0,3815.0,100.0,1.31,0.56,1519065000.0
2018-02-16,14.0,14.58,13.2,13.2,14.295801354401805,11075,28,158326.0,11075.0,100.0,1.38,-0.8,1518719400.0
2018-02-15,13.91,13.91,12.6,13.89,13.883561643835616,7154,20,99323.0,7154.0,100.0,1.31,-0.02,1518633000.0
2018-02-14,13.35,13.35,13.25,13.25,13.2752052545156,3045,9,40423.0,3045.0,100.0,0.1,-0.1,1518546600.0
2018-02-12,12.06,13.1,12.06,13.1,12.82707423580786,1145,5,14687.0,1145.0,100.0,1.04,1.04,1518373800.0
2018-02-09,12.48,12.48,12.47,12.48,12.478667767685108,3633,7,45335.0,3633.0,100.0,0.01,0.0,1518114600.0
2018-02-08,11.89,11.89,11.34,11.89,11.738327694538423,10345,15,121433.0,10345.0,100.0,0.55,0.0,1518028200.0
2018-02-07,11.51,12.1,11.33,11.33,11.385798328000824,9689,24,110317.0,9689.0,100.0,0.77,-0.18,1517941800.0
2018-02-06,12.0,12.42,11.8,11.91,11.882824344812647,9234,26,109726.0,9234.0,100.0,0.62,-0.09,1517855400.0
2018-02-05,13.35,13.35,12.4,12.42,12.574524714828897,2630,8,33071.0,2630.0,100.0,0.95,-0.93,1517769000.0
2018-02-02,13.35,13.35,12.6,12.73,12.79083094555874,8725,15,111600.0,8725.0,100.0,0.75,-0.62,1517509800.0
2018-02-01,13.9,13.96,13.1,13.1,13.288900005265653,37982,40,504739.0,37982.0,100.0,0.86,-0.8,1517423400.0
2018-01-31,13.5,14.0,13.3,13.3,13.321667050425972,43430,35,578560.0,43430.0,100.0,0.7,-0.2,1517337000.0
2018-01-30,14.0,14.0,14.0,14.0,14.0,200,2,2800.0,200.0,100.0,0.0,0.0,1517250600.0
2018-01-29,15.0,15.3,14.6,14.6,14.686467661691543,10050,16,147599.0,10050.0,100.0,0.7,-0.4,1517164200.0
2018-01-25,14.55,14.65,14.55,14.6,14.604996096799375,1281,9,18709.0,1281.0,100.0,0.1,0.05,1516818600.0
2018-01-24,15.0,15.96,14.55,14.61,15.590084108012395,6777,21,105654.0,6777.0,100.0,1.41,-0.39,1516732200.0
2018-01-23,15.2,15.55,15.2,15.2,15.301388888888887,3600,14,55085.0,3600.0,100.0,0.35,0.0,1516645800.0
2018-01-22,17.32,17.32,15.68,16.0,15.99726775956284,7320,28,117100.0,7320.0,100.0,1.64,-1.32,1516559400.0
2018-01-19,16.8,16.8,16.07,16.5,16.41190476190476,420,4,6893.0,420.0,100.0,0.73,-0.3,1516300200.0
2018-01-18,17.8,17.8,16.91,16.91,17.55031779661017,1888,10,33135.0,1888.0,100.0,0.89,-0.89,1516213800.0
2018-01-17,17.4,18.0,16.34,17.8,17.72808771364076,15505,14,274874.0,15505.0,100.0,1.66,0.4,1516127400.0
2018-01-16,17.2,18.06,16.5,17.2,17.843188298004215,40335,58,719705.0,40335.0,100.0,1.56,0.0,1516041000.0
2018-01-15,15.61,17.2,15.61,17.2,17.10879366091352,65877,96,1127076.0,65877.0,100.0,1.59,1.59,1515954600.0
2018-01-12,17.5,18.11,16.39,16.39,16.821751633986928,19125,42,321716.0,19125.0,100.0,1.72,-1.11,1515695400.0
2018-01-11,17.25,17.25,17.25,17.25,17.25,81772,61,1410567.0,81772.0,100.0,0.0,0.0,1515609000.0
2018-01-10,16.43,16.43,16.43,16.43,16.429939749729645,12946,14,212702.0,12946.0,100.0,0.0,0.0,1515522600.0
2018-01-09,15.25,15.65,15.25,15.65,15.641661457248036,28794,21,450386.0,28794.0,100.0,0.4,0.4,1515436200.0
2018-01-08,14.25,14.91,14.25,14.91,14.888110336081166,31540,24,469571.0,31540.0,100.0,0.66,0.66,1515349800.0
2018-01-05,13.11,14.2,13.1,14.2,14.110894164632793,22535,21,317989.0,22535.0,100.0,1.1,1.09,1515090600.0
2018-01-04,13.53,13.53,13.0,13.53,13.526958525345622,21700,18,293535.0,21700.0,100.0,0.53,0.0,1515004200.0
2018-01-03,13.0,13.38,12.81,12.89,13.263205592957016,7724,17,102445.0,7724.0,100.0,0.57,-0.11,1514917800.0
2018-01-02,12.7,13.23,12.65,12.75,12.88464488418469,6519,11,83995.0,6519.0,100.0,0.58,0.05,1514831400.0
2018-01-01,12.6,12.6,12.6,12.6,12.59765625,256,3,3225.0,256.0,100.0,0.0,0.0,1514745000.0
2017-12-29,12.55,12.55,12.5,12.5,12.543478260869565,1150,2,14425.0,1150.0,100.0,0.05,-0.05,1514485800.0
2017-12-28,12.7,12.7,12.5,12.7,12.575,200,5,2515.0,200.0,100.0,0.2,0.0,1514399400.0
2017-12-27,12.5,13.75,12.5,13.08,13.627722986886312,9227,17,125743.0,9227.0,100.0,1.25,0.58,1514313000.0
2017-12-26,12.25,13.11,12.25,13.11,12.348162527256289,37606,9,464365.0,37606.0,100.0,0.86,0.86,1514226600.0
2017-12-22,13.25,13.4,12.3,12.5,12.907885714285714,4375,10,56472.0,4375.0,100.0,1.1,-0.75,1513881000.0
2017-12-21,12.79,12.79,11.86,12.78,12.29344537815126,5950,14,73146.0,5950.0,100.0,0.93,-0.01,1513794600.0
2017-12-20,12.5,12.6,11.69,12.19,12.031500313435954,57428,21,690945.0,57428.0,100.0,0.91,-0.31,1513708200.0
2017-12-19,12.25,12.5,11.47,12.01,12.190856777493606,3128,10,38133.0,3128.0,100.0,1.03,-0.24,1513621800.0
2017-12-18,11.11,12.0,11.11,12.0,11.14819734345351,52700,6,587510.0,52700.0,100.0,0.89,0.89,1513535400.0
2017-12-15,11.27,11.8,11.27,11.66,11.295146981429967,53204,8,600947.0,53204.0,100.0,0.53,0.39,1513276200.0
2017-12-14,11.85,11.85,11.85,11.85,11.85,100,1,1185.0,100.0,100.0,0.0,0.0,1513189800.0
2017-12-13,12.3,12.3,12.3,12.3,12.299992040117806,62815,4,772624.0,62815.0,100.0,0.0,0.0,1513103400.0
2017-12-12,12.5,12.92,12.5,12.5,12.538181818181817,1100,5,13792.0,1100.0,100.0,0.42,0.0,1513017000.0
2017-12-11,12.65,12.65,12.32,12.32,12.51000645577792,1549,5,19378.0,1549.0,100.0,0.33,-0.33,1512930600.0
2017-12-08,11.5,12.65,11.5,12.65,12.649516441005803,5170,10,65398.0,5170.0,100.0,1.15,1.15,1512671400.0
2017-12-07,12.15,12.15,12.03,12.05,12.083952027412906,1751,6,21159.0,1751.0,100.0,0.12,-0.1,1512585000.0
2017-12-06,13.2,13.2,12.64,12.64,12.683333333333332,2700,4,34245.0,2700.0,100.0,0.56,-0.56,1512498600.0
2017-12-05,13.2,13.3,13.2,13.3,13.267960146827477,1907,6,25302.0,1907.0,100.0,0.1,0.1,1512412200.0
2017-12-04,13.1,13.75,12.55,13.75,13.629649099750296,7609,18,103708.0,7609.0,100.0,1.2,0.65,1512325800.0
2017-12-01,13.3,13.3,13.1,13.1,13.21,1000,4,13210.0,1000.0,100.0,0.2,-0.2,1512066600.0
2017-11-30,12.25,13.4,12.25,13.4,13.292723149866008,4851,17,64483.0,4851.0,100.0,1.15,1.15,1511980200.0
2017-11-29,12.35,12.85,12.35,12.85,12.845238095238097,252,4,3237.0,252.0,100.0,0.5,0.5,1511893800.0
2017-11-28,13.35,13.35,12.25,12.25,12.6625,800,2,10130.0,800.0,100.0,1.1,-1.1,1511807400.0
2017-11-27,12.7,13.95,12.7,12.75,13.536666666666665,1500,6,20305.0,1500.0,100.0,1.25,0.05,1511721000.0
2017-11-24,13.0,13.65,12.35,13.35,13.191722296395191,3745,13,49403.0,3745.0,100.0,1.3,0.35,1511461800.0
2017-11-23,12.3,13.0,12.3,13.0,12.9230101930167,4611,11,59588.0,4611.0,100.0,0.7,0.7,1511375400.0
2017-11-22,11.9,12.4,11.9,12.4,12.358883109772789,3653,11,45147.0,3653.0,100.0,0.5,0.5,1511289000.0
2017-11-21,12.15,12.5,11.85,11.85,12.035121328224776,6264,13,75388.0,6264.0,100.0,0.65,-0.3,1511202600.0
2017-11-20,11.85,12.9,11.85,12.2,12.486052631578948,3800,9,47447.0,3800.0,100.0,1.05,0.35,1511116200.0
2017-11-17,11.85,12.3,11.85,12.3,11.879268292682926,820,6,9741.0,820.0,100.0,0.45,0.45,1510857000.0
2017-11-16,12.0,12.5,11.85,11.85,12.232274815258636,5007,13,61247.0,5007.0,100.0,0.65,-0.15,1510770600.0
2017-11-15,12.4,12.4,12.4,12.4,12.4,100,1,1240.0,100.0,100.0,0.0,0.0,1510684200.0
2017-11-14,13.15,13.15,12.55,12.55,12.6084799278304,2217,9,27953.0,2217.0,100.0,0.6,-0.6,1510597800.0
2017-11-13,13.0,13.45,13.0,13.15,13.170557592128112,5183,11,68263.0,5183.0,100.0,0.45,0.15,1510511400.0
2017-11-10,14.7,14.7,13.4,13.6,14.119569120287252,5570,15,78646.0,5570.0,100.0,1.3,-1.1,1510252200.0
2017-11-09,14.95,14.95,13.55,14.05,13.940970873786409,2575,13,35898.0,2575.0,100.0,1.4,-0.9,1510165800.0
2017-11-08,14.6,14.6,14.25,14.25,14.333874709976797,4310,14,61779.0,4310.0,100.0,0.35,-0.35,1510079400.0
2017-11-07,15.5,15.5,15.0,15.0,15.098847262247839,6940,25,104786.0,6940.0,100.0,0.5,-0.5,1509993000.0
2017-11-06,15.8,15.8,15.75,15.75,15.787513691128147,913,12,14414.0,913.0,100.0,0.05,-0.05,1509906600.0
2017-11-03,16.0,16.6,15.15,16.55,15.828528072837631,3295,24,52155.0,3295.0,100.0,1.45,0.55,1509647400.0
2017-11-02,15.5,16.0,15.35,15.85,15.646470766434412,6602,33,103298.0,6602.0,100.0,0.65,0.35,1509561000.0
2017-11-01,17.7,17.7,16.05,16.05,17.372413911167797,116827,149,2029567.0,116827.0,100.0,1.65,-1.65,1509474600.0
2017-10-31,16.87,16.87,16.87,16.87,16.86999719104046,96121,59,1621561.0,96121.0,100.0,0.0,0.0,1509388200.0
2017-10-30,16.07,16.07,16.07,16.07,16.069993467804192,50519,57,811840.0,50519.0,100.0,0.0,0.0,1509301800.0
2017-10-27,15.69,15.7,14.31,15.31,15.638832823172445,74813,57,1169988.0,74813.0,100.0,1.39,-0.38,1509042600.0
2017-10-26,14.94,14.96,14.1,14.96,14.86965921501326,89734,81,1334314.0,89734.0,100.0,0.86,0.02,1508956200.0
2017-10-25,14.25,14.25,13.58,14.25,14.241018479896992,220564,47,3141056.0,220564.0,100.0,0.67,0.0,1508869800.0
2017-10-24,13.58,13.58,13.58,13.58,13.579989532449407,11464,12,155681.0,11464.0,100.0,0.0,0.0,1508783400.0
2017-10-23,12.94,12.94,12.94,12.94,12.93989266547406,5590,14,72334.0,5590.0,100.0,0.0,0.0,1508697000.0
2017-10-19,12.33,12.33,12.32,12.33,12.329107237189646,3786,15,46678.0,3786.0,100.0,0.01,0.0,1508351400.0
2017-10-18,11.1,11.75,11.05,11.75,11.520597014925372,13400,14,154376.0,13400.0,100.0,0.7,0.65,1508265000.0
2017-10-17,11.05,11.55,11.05,11.55,11.31299316149395,1901,7,21506.0,1901.0,100.0,0.5,0.5,1508178600.0
2017-10-16,11.0,11.0,11.0,11.0,11.0,5021,5,55231.0,5021.0,100.0,0.0,0.0,1508092200.0
2017-10-13,11.1,11.5,11.1,11.1,11.456506849315067,14600,6,167265.0,14600.0,100.0,0.4,0.0,1507833000.0
2017-10-12,10.78,11.9,10.78,11.4,10.797466127045574,5683,10,61362.0,5683.0,100.0,1.12,0.62,1507746600.0
2017-10-11,10.8,11.34,10.28,11.34,11.157404872707364,3653,13,40758.0,3653.0,100.0,1.06,0.54,1507660200.0
2017-10-10,10.8,10.8,10.6,10.8,10.799206349206347,15120,4,163284.0,15120.0,100.0,0.2,0.0,1507573800.0
2017-10-09,10.5,10.97,10.5,10.97,10.501990049751244,2010,2,21109.0,2010.0,100.0,0.47,0.47,1507487400.0
2017-10-06,10.82,10.82,10.45,10.45,10.77925391518564,11366,11,122517.0,11366.0,100.0,0.37,-0.37,1507228200.0
2017-10-05,10.32,10.32,10.31,10.31,10.315950920245397,1630,5,16815.0,1630.0,100.0,0.01,-0.01,1507141800.0
2017-10-04,11.23,11.23,10.7,10.7,10.728546409807356,571,7,6126.0,571.0,100.0,0.53,-0.53,1507055400.0
2017-10-03,10.6,10.7,10.55,10.7,10.56395061728395,2025,4,21392.0,2025.0,100.0,0.15,0.1,1506969000.0
2017-09-29,11.2,11.55,11.1,11.1,11.190196078431372,2550,4,28535.0,2550.0,100.0,0.45,-0.1,1506623400.0
2017-09-28,11.0,11.55,10.5,11.0,11.438793103448276,5800,11,66345.0,5800.0,100.0,1.05,0.0,1506537000.0
2017-09-27,11.0,11.0,11.0,11.0,11.0,2100,5,23100.0,2100.0,100.0,0.0,0.0,1506450600.0
2017-09-26,11.6,11.6,11.05,11.05,11.52608695652174,230,4,2651.0,230.0,100.0,0.55,-0.55,1506364200.0
2017-09-22,11.15,11.52,11.15,11.5,11.506405793065031,28724,38,330510.0,28724.0,100.0,0.37,0.35,1506018600.0
2017-09-21,11.1,11.15,10.65,10.98,11.141314878892732,14450,20,160992.0,14450.0,100.0,0.5,-0.12,1505932200.0
2017-09-20,10.15,11.05,10.15,10.62,10.778095238095238,1050,6,11317.0,1050.0,100.0,0.9,0.47,1505845800.0
2017-09-19,10.5,10.8,10.5,10.61,10.594647887323944,3550,8,37611.0,3550.0,100.0,0.3,0.11,1505759400.0
2017-09-18,10.4,11.0,10.3,10.3,10.451764705882352,850,8,8884.0,850.0,100.0,0.7,-0.1,1505673000.0
2017-09-15,11.15,11.69,10.67,10.68,11.318471337579616,2355,9,26655.0,2355.0,100.0,1.02,-0.47,1505413800.0
2017-09-14,10.45,11.15,10.45,11.15,10.566666666666666,60,2,634.0,60.0,100.0,0.7,0.7,1505327400.0
2017-09-13,10.85,11.75,10.75,10.75,10.9750233426704,4284,13,47017.0,4284.0,100.0,1.0,-0.1,1505241000.0
2017-09-12,10.97,11.25,10.97,11.25,11.053582554517131,3210,5,35482.0,3210.0,100.0,0.28,0.28,1505154600.0
2017-09-11,11.58,11.58,10.75,11.54,11.23415435139573,3045,18,34208.0,3045.0,100.0,0.83,-0.04,1505068200.0
2017-09-08,11.0,11.03,10.41,11.03,10.573333333333332,1500,5,15860.0,1500.0,100.0,0.62,0.03,1504809000.0
2017-09-07,10.09,10.51,10.09,10.51,10.310526315789472,190,2,1959.0,190.0,100.0,0.42,0.42,1504722600.0
2017-09-06,11.5,11.5,10.56,10.62,11.206315789473685,1900,5,21292.0,1900.0,100.0,0.94,-0.88,1504636200.0
2017-09-05,10.3,11.02,9.98,11.02,10.544053370140325,8694,14,91670.0,8694.0,100.0,1.04,0.72,1504549800.0
2017-09-04,9.9,10.5,9.9,10.5,10.384910485933505,1564,6,16242.0,1564.0,100.0,0.6,0.6,1504463400.0
2017-09-01,10.0,10.3,10.0,10.3,10.25,1200,3,12300.0,1200.0,100.0,0.3,0.3,1504204200.0
2017-08-31,10.56,11.08,10.45,10.45,10.582857142857142,2625,9,27780.0,,,0.63,-0.11,1504117800.0
2017-08-30,10.86,10.86,10.45,10.56,10.716129032258063,310,4,3322.0,310.0,100.0,0.41,-0.3,1504031400.0
2017-08-28,10.35,10.35,10.35,10.35,10.34,50,1,517.0,50.0,100.0,0.0,0.0,1503858600.0
2017-08-24,10.12,10.45,10.12,10.45,10.42109375,1280,4,13339.0,1280.0,100.0,0.33,0.33,1503513000.0
2017-08-23,11.0,11.0,10.35,10.65,10.606051873198847,3470,13,36803.0,3470.0,100.0,0.65,-0.35,1503426600.0
2017-08-22,10.3,10.8,10.3,10.8,10.484885872917951,1621,8,16996.0,1621.0,100.0,0.5,0.5,1503340200.0
2017-08-21,10.55,10.7,10.3,10.33,10.47888260724975,3007,12,31510.0,3007.0,100.0,0.4,-0.22,1503253800.0
2017-08-18,10.6,11.0,10.55,10.55,10.708292682926828,2050,7,21952.0,2050.0,100.0,0.45,-0.05,1502994600.0
2017-08-17,10.5,10.85,10.5,10.85,10.72396694214876,605,4,6488.0,605.0,100.0,0.35,0.35,1502908200.0
2017-08-16,10.85,10.85,10.83,10.83,10.842539682539682,3150,10,34154.0,3150.0,100.0,0.02,-0.02,1502821800.0
2017-08-14,10.94,11.4,10.7,11.4,10.914893617021276,2350,4,25650.0,2350.0,100.0,0.7,0.46,1502649000.0
2017-08-11,11.0,11.8,10.84,10.93,10.961849192100537,2228,9,24423.0,2228.0,100.0,0.96,-0.07,1502389800.0
2017-08-10,11.38,11.9,11.38,11.38,11.38,2000,7,22760.0,2000.0,100.0,0.52,0.0,1502303400.0
2017-08-09,10.83,11.97,10.83,11.97,11.206611570247931,3146,12,35256.0,3146.0,100.0,1.14,1.14,1502217000.0
2017-08-08,11.4,11.4,11.4,11.4,11.399645808736716,1694,10,19311.0,1694.0,100.0,0.0,0.0,1502130600.0
2017-08-07,11.4,12.0,11.4,12.0,11.557284299858557,3535,14,40855.0,3535.0,100.0,0.6,0.6,1502044200.0
2017-08-04,12.0,12.8,11.93,11.93,11.973130841121495,856,11,10249.0,856.0,100.0,0.87,-0.07,1501785000.0
2017-08-03,12.17,12.59,12.17,12.55,12.51237396883593,1091,8,13651.0,1091.0,100.0,0.42,0.38,1501698600.0
2017-08-02,11.1,12.17,11.03,12.17,11.198187995469988,883,7,9888.0,883.0,100.0,1.14,1.07,1501612200.0
2017-08-01,10.91,11.61,10.91,11.61,11.402906208718626,757,13,8632.0,757.0,100.0,0.7,0.7,1501525800.0
2017-07-31,11.01,11.06,11.01,11.06,11.015372168284788,1236,4,13615.0,1236.0,100.0,0.05,0.05,1501439400.0
2017-07-28,11.6,12.39,11.24,11.4,11.395774647887324,710,4,8091.0,710.0,100.0,1.15,-0.2,1501180200.0
2017-07-27,11.26,12.25,11.26,11.8,11.7914653784219,1242,6,14645.0,1242.0,100.0,0.99,0.54,1501093800.0
2017-07-26,11.65,12.77,11.65,11.8,11.776923076923076,910,4,10717.0,910.0,100.0,1.12,0.15,1501007400.0
2017-07-25,12.05,12.4,11.9,12.2,12.009635416666667,3840,14,46117.0,3840.0,100.0,0.5,0.15,1500921000.0
2017-07-24,12.3,12.6,12.3,12.49,12.401556420233463,2570,11,31872.0,2570.0,100.0,0.3,0.19,1500834600.0
2017-07-21,11.9,13.0,11.9,12.93,12.779830880050108,6386,21,81612.0,6386.0,100.0,1.1,1.03,1500575400.0
2017-07-20,11.87,12.8,11.85,12.5,11.956961077844312,2672,14,31949.0,2672.0,100.0,0.95,0.63,1500489000.0
2017-07-19,12.69,12.69,11.5,12.41,11.940477779260643,7493,18,89470.0,7493.0,100.0,1.19,-0.28,1500402600.0
2017-07-18,13.12,13.12,12.0,12.1,12.354297053884904,6551,19,80933.0,6551.0,100.0,1.12,-1.02,1500316200.0
2017-07-17,12.49,12.58,11.69,12.5,12.461311475409836,6100,13,76014.0,6100.0,100.0,0.89,0.01,1500229800.0
2017-07-14,11.1,11.99,11.1,11.99,11.241935483870968,310,5,3485.0,310.0,100.0,0.89,0.89,1499970600.0
2017-07-13,11.03,11.6,11.03,11.6,11.29883542078664,4551,18,51421.0,4551.0,100.0,0.57,0.57,1499884200.0
2017-07-12,11.15,11.65,11.1,11.11,11.322055137844613,798,10,9035.0,798.0,100.0,0.55,-0.04,1499797800.0
2017-07-11,10.6,11.1,10.6,11.1,10.966774113563105,4033,20,44229.0,4033.0,100.0,0.5,0.5,1499711400.0
2017-07-10,10.1,10.58,10.1,10.58,10.571272727272728,2750,7,29071.0,2750.0,100.0,0.48,0.48,1499625000.0
2017-07-07,10.08,10.08,10.08,10.08,10.079219288174512,871,6,8779.0,871.0,100.0,0.0,0.0,1499365800.0
2017-07-06,9.6,9.6,9.6,9.6,9.59982332155477,1132,4,10867.0,1132.0,100.0,0.0,0.0,1499279400.0
2017-07-05,9.47,9.48,9.1,9.15,9.450511945392492,586,7,5538.0,586.0,100.0,0.38,-0.32,1499193000.0
2017-07-04,9.0,9.03,8.8,9.03,9.00557880055788,717,6,6457.0,717.0,100.0,0.23,0.03,1499106600.0
2017-07-03,9.1,9.1,9.0,9.0,9.086956521739129,230,2,2090.0,230.0,100.0,0.1,-0.1,1499020200.0
2017-06-30,8.9,9.15,8.9,9.15,9.036363636363635,1100,4,9940.0,1100.0,100.0,0.25,0.25,1498761000.0
2017-06-29,8.81,9.55,8.81,9.1,9.138114209827357,1506,7,13762.0,1506.0,100.0,0.74,0.29,1498674600.0
2017-06-28,9.1,9.1,9.1,9.1,9.097087378640776,206,4,1874.0,206.0,100.0,0.0,0.0,1498588200.0
2017-06-27,9.23,9.71,9.23,9.24,9.333620689655172,1160,9,10827.0,1160.0,100.0,0.48,0.01,1498501800.0
2017-06-23,8.8,9.71,8.8,9.71,9.54825870646766,1005,5,9596.0,1005.0,100.0,0.91,0.91,1498156200.0
2017-06-22,8.46,9.26,8.45,9.26,8.991399904443382,2093,9,18819.0,2093.0,100.0,0.81,0.8,1498069800.0
2017-06-21,8.25,8.82,8.25,8.82,8.60625,800,3,6885.0,800.0,100.0,0.57,0.57,1497983400.0
2017-06-20,8.75,8.75,8.35,8.4,8.677551020408163,245,4,2126.0,245.0,100.0,0.4,-0.35,1497897000.0
2017-06-19,9.37,9.37,8.75,8.75,9.05099150141643,2471,7,22365.0,2471.0,100.0,0.62,-0.62,1497810600.0
2017-06-16,9.19,9.19,8.9,8.93,9.0775,1600,5,14524.0,1600.0,100.0,0.29,-0.26,1497551400.0
2017-06-15,8.77,9.19,8.77,9.19,8.979444444444445,1800,9,16163.0,1800.0,100.0,0.42,0.42,1497465000.0
2017-06-14,9.23,9.69,8.77,8.77,8.800540123456791,2592,13,22811.0,2592.0,100.0,0.92,-0.46,1497378600.0
2017-06-13,9.22,9.67,9.22,9.23,9.430221811460257,2164,10,20407.0,2164.0,100.0,0.45,0.01,1497292200.0
2017-06-12,10.18,10.18,9.22,9.22,9.850625,1600,8,15761.0,1600.0,100.0,0.96,-0.96,1497205800.0
2017-06-09,9.2,9.7,9.2,9.7,9.628571428571426,1050,4,10110.0,1050.0,100.0,0.5,0.5,1496946600.0
2017-06-08,9.35,9.35,9.0,9.25,9.1031884057971,1725,9,15703.0,1725.0,100.0,0.35,-0.1,1496860200.0
2017-06-07,9.0,9.88,8.94,9.12,9.010108864696734,11574,20,104283.0,11574.0,100.0,0.94,0.12,1496773800.0
2017-06-06,9.41,9.85,9.41,9.41,9.416995735270888,6331,12,59619.0,6331.0,100.0,0.44,0.0,1496687400.0
2017-06-05,9.8,10.0,9.41,9.9,9.485855495410684,21245,30,201527.0,21245.0,100.0,0.59,0.1,1496601000.0
2017-06-02,9.82,10.25,9.82,9.9,10.00531748514232,3197,10,31987.0,3197.0,100.0,0.43,0.08,1496341800.0
2017-06-01,10.35,11.0,10.32,10.32,10.342483660130718,15300,13,158240.0,15300.0,100.0,0.68,-0.03,1496255400.0
2017-05-31,11.0,11.0,10.85,10.86,10.947765212708669,1857,10,20330.0,1857.0,100.0,0.15,-0.14,1496169000.0
2017-05-30,11.4,11.5,11.4,11.41,11.408333333333331,2400,6,27380.0,2400.0,100.0,0.1,0.01,1496082600.0
2017-05-29,11.4,12.58,11.4,12.0,11.548109143130684,2089,8,24124.0,2089.0,100.0,1.18,0.6,1495996200.0
2017-05-26,12.0,12.65,11.5,12.0,11.780968006562755,2438,11,28722.0,2438.0,100.0,1.15,0.0,1495737000.0
2017-05-25,12.09,12.09,12.09,12.09,12.09,200,2,2418.0,200.0,100.0,0.0,0.0,1495650600.0
2017-05-24,12.0,12.73,11.65,12.72,11.676935524022902,16068,8,187625.0,16068.0,100.0,1.08,0.72,1495564200.0
2017-05-23,12.23,12.23,12.23,12.23,12.229591836734691,588,6,7191.0,588.0,100.0,0.0,0.0,1495477800.0
2017-05-22,11.7,12.88,11.7,12.87,11.753614806246384,1729,8,20322.0,1729.0,100.0,1.18,1.17,1495391400.0
2017-05-19,12.4,12.4,12.3,12.3,12.348780487804879,2050,7,25315.0,2050.0,100.0,0.1,-0.1,1495132200.0
2017-05-18,13.38,14.0,12.75,12.94,13.365115814696484,10016,20,133865.0,10016.0,100.0,1.25,-0.44,1495045800.0
2017-05-17,12.77,13.39,12.77,13.39,12.76938369781312,503,4,6423.0,503.0,100.0,0.62,0.62,1494959400.0
2017-05-16,12.77,12.77,12.0,12.77,12.768463073852296,501,3,6397.0,501.0,100.0,0.77,0.0,1494873000.0
2017-05-15,12.16,12.17,12.16,12.17,12.16,500,5,6080.0,500.0,100.0,0.01,0.01,1494786600.0
2017-05-12,12.76,13.39,12.15,12.76,12.791220556745182,15878,12,203099.0,15878.0,100.0,1.24,0.0,1494527400.0
2017-05-11,12.76,12.76,12.76,12.76,12.759817351598173,4380,12,55888.0,4380.0,100.0,0.0,0.0,1494441000.0
2017-05-10,13.33,13.33,12.08,12.16,12.13157894736842,380,5,4610.0,380.0,100.0,1.25,-1.17,1494354600.0
2017-05-09,12.7,12.7,11.81,12.7,12.506666666666666,525,5,6566.0,525.0,100.0,0.89,0.0,1494268200.0
2017-05-08,11.91,12.1,11.91,12.1,11.976331360946745,1690,5,20240.0,1690.0,100.0,0.19,0.19,1494181800.0
2017-05-05,11.78,12.86,11.78,11.88,12.135430318916557,2289,12,27778.0,2289.0,100.0,1.08,0.1,1493922600.0
2017-05-04,12.89,13.0,12.25,12.25,12.616113744075829,211,5,2662.0,211.0,100.0,0.75,-0.64,1493836200.0
2017-05-03,12.1,12.89,12.0,12.89,12.10322864045684,4553,14,55106.0,4553.0,100.0,0.89,0.79,1493749800.0
2017-05-02,13.0,13.0,12.03,12.5,12.540058930826435,7127,21,89373.0,7127.0,100.0,0.97,-0.5,1493663400.0
2017-04-28,12.4,13.0,12.4,12.46,12.500276803838346,5419,25,67739.0,5419.0,100.0,0.6,0.06,1493317800.0
2017-04-27,13.03,13.75,13.03,13.03,13.09255079006772,3101,12,40600.0,3101.0,100.0,0.72,0.0,1493231400.0
2017-04-26,13.0,13.75,13.0,13.71,13.441405269761606,3985,19,53564.0,3985.0,100.0,0.75,0.71,1493145000.0
2017-04-25,13.0,13.1,12.85,13.1,12.915862068965517,2175,12,28092.0,2175.0,100.0,0.25,0.1,1493058600.0
2017-04-24,13.25,13.65,13.2,13.5,13.585365853658535,2050,10,27850.0,2050.0,100.0,0.45,0.25,1492972200.0
2017-04-21,13.0,13.0,13.0,13.0,13.0,786,8,10218.0,786.0,100.0,0.0,0.0,1492713000.0
2017-04-20,12.3,13.0,12.3,12.4,12.789855072463768,2070,9,26475.0,2070.0,100.0,0.7,0.1,1492626600.0
2017-04-19,13.0,13.65,12.42,12.64,12.83046237533998,2206,14,28304.0,2206.0,100.0,1.23,-0.36,1492540200.0
2017-04-18,13.16,13.81,12.55,13.0,13.100895724184552,5917,21,77518.0,5917.0,100.0,1.26,-0.16,1492453800.0
2017-04-17,13.17,14.54,13.16,13.16,13.16840171463564,4899,17,64512.0,4899.0,100.0,1.38,-0.01,1492367400.0
2017-04-13,15.0,15.0,13.78,13.85,14.333211811884796,5486,35,78632.0,5486.0,100.0,1.22,-1.15,1492021800.0
2017-04-12,14.25,14.7,13.5,14.5,14.414013071895424,19125,43,275668.0,19125.0,100.0,1.2,0.25,1491935400.0
2017-04-11,14.17,14.17,13.25,14.0,14.017999345478346,9167,39,128503.0,9167.0,100.0,0.92,-0.17,1491849000.0
2017-04-10,13.4,13.5,12.3,13.5,13.266420664206642,1355,8,17976.0,1355.0,100.0,1.2,0.1,1491762600.0
2017-04-07,11.75,12.94,11.75,12.94,12.50632603406326,8220,16,102802.0,8220.0,100.0,1.19,1.19,1491503400.0
2017-04-06,12.0,12.33,12.0,12.33,12.306896551724137,1450,6,17845.0,1450.0,100.0,0.33,0.33,1491417000.0
2017-04-05,11.75,11.76,11.75,11.75,11.75129802699896,3852,10,45266.0,3852.0,100.0,0.01,0.0,1491330600.0
2017-04-03,11.2,11.4,11.2,11.4,11.335267569310123,1551,4,17581.0,1551.0,100.0,0.2,0.2,1491157800.0
2017-03-31,11.96,11.96,11.77,11.77,11.944615384615384,650,4,7764.0,650.0,100.0,0.19,-0.19,1490898600.0
2017-03-30,11.96,12.55,11.96,11.96,11.98533724340176,341,8,4087.0,341.0,100.0,0.59,0.0,1490812200.0
2017-03-29,12.05,12.9,11.95,11.96,12.040827077571448,7593,22,91426.0,7593.0,100.0,0.95,-0.09,1490725800.0
2017-03-28,12.89,13.0,12.5,12.55,12.658602150537634,1116,14,14127.0,1116.0,100.0,0.5,-0.34,1490639400.0
2017-03-27,12.0,13.0,12.0,12.93,12.780933062880324,3451,8,44107.0,3451.0,100.0,1.0,0.93,1490553000.0
2017-03-24,12.5,12.5,12.5,12.5,12.5,500,2,6250.0,500.0,100.0,0.0,0.0,1490293800.0
2017-03-23,12.5,12.5,11.75,12.3,12.03904761904762,2100,11,25282.0,2100.0,100.0,0.75,-0.2,1490207400.0
2017-03-22,11.8,12.15,11.8,12.0,12.139110416837951,12163,5,147648.0,12163.0,100.0,0.35,0.2,1490121000.0
2017-03-21,12.4,12.5,12.4,12.4,12.406654052349417,12684,23,157366.0,12684.0,100.0,0.1,0.0,1490034600.0
2017-03-20,13.1,13.1,12.46,13.05,13.005,600,3,7803.0,600.0,100.0,0.64,-0.05,1489948200.0
2017-03-17,13.1,13.1,12.8,13.1,13.060857772503814,5899,13,77046.0,5899.0,100.0,0.3,0.0,1489689000.0
2017-03-16,13.07,13.17,13.07,13.1,13.12861388813834,3701,10,48589.0,3701.0,100.0,0.1,0.03,1489602600.0
2017-03-15,12.7,13.75,12.7,13.75,12.740526653821451,3114,14,39674.0,3114.0,100.0,1.05,1.05,1489516200.0
2017-03-14,12.3,13.2,12.3,13.2,12.777037037037037,1350,7,17249.0,1350.0,100.0,0.9,0.9,1489429800.0
2017-03-10,13.25,13.5,12.92,12.92,13.114440433212996,2770,13,36327.0,2770.0,100.0,0.58,-0.33,1489084200.0
2017-03-09,12.96,13.6,12.32,13.6,12.515078821110349,2918,12,36519.0,2918.0,100.0,1.28,0.64,1488997800.0
2017-03-08,12.97,12.97,12.96,12.96,12.965744400527008,759,4,9841.0,759.0,100.0,0.01,-0.01,1488911400.0
2017-03-07,13.65,14.95,13.63,13.63,13.633355614973262,8976,15,122373.0,8976.0,100.0,1.32,-0.02,1488825000.0
2017-03-06,13.2,14.34,13.2,14.34,14.057692307692308,572,6,8041.0,572.0,100.0,1.14,1.14,1488738600.0
2017-03-03,13.22,13.7,13.22,13.7,13.652061855670103,776,3,10594.0,776.0,100.0,0.48,0.48,1488479400.0
2017-03-02,14.6,14.6,13.22,13.22,13.263823251417769,8464,15,112265.0,8464.0,100.0,1.38,-1.38,1488393000.0
2017-03-01,13.3,13.91,13.3,13.91,13.688077077478924,2491,8,34097.0,2491.0,100.0,0.61,0.61,1488306600.0
2017-02-28,12.8,13.3,12.8,13.25,13.26027397260274,803,6,10648.0,803.0,100.0,0.5,0.45,1488220200.0
2017-02-27,13.0,13.45,12.3,12.7,13.210286021216596,7447,13,98377.0,7447.0,100.0,1.15,-0.3,1488133800.0
2017-02-23,13.0,13.0,12.0,12.85,12.63712686567164,2144,14,27094.0,2144.0,100.0,1.0,-0.15,1487788200.0
2017-02-22,12.9,13.45,12.3,12.4,12.486407968458186,4819,15,60172.0,4819.0,100.0,1.15,-0.5,1487701800.0
2017-02-21,12.9,13.55,12.9,12.9,12.947596063436343,15953,17,206553.0,15953.0,100.0,0.65,0.0,1487615400.0
2017-02-20,13.0,13.9,12.6,12.95,13.11410923276983,6152,17,80678.0,6152.0,100.0,1.3,-0.05,1487529000.0
2017-02-17,13.6,14.0,13.25,13.25,13.64158441225484,7801,22,106418.0,7801.0,100.0,0.75,-0.35,1487269800.0
2017-02-16,13.9,13.9,13.7,13.7,13.833333333333332,1500,2,20750.0,1500.0,100.0,0.2,-0.2,1487183400.0
2017-02-15,14.0,14.0,13.8,14.0,13.882209783402288,4109,15,57042.0,4109.0,100.0,0.2,0.0,1487097000.0
2017-02-14,14.5,15.0,14.1,14.5,14.480614973262032,1496,11,21663.0,1496.0,100.0,0.9,0.0,1487010600.0
2017-02-13,15.55,15.55,14.8,14.8,15.21599111604664,1801,8,27404.0,1801.0,100.0,0.75,-0.75,1486924200.0
2017-02-10,14.9,15.6,14.9,15.55,15.1914968376669,2846,18,43235.0,2846.0,100.0,0.7,0.65,1486665000.0
2017-02-09,14.0,14.9,13.7,14.9,14.06287588846364,1829,8,25721.0,1829.0,100.0,1.2,0.9,1486578600.0
2017-02-08,14.2,14.2,13.8,14.2,14.169383991147178,13555,21,192066.0,13555.0,100.0,0.4,0.0,1486492200.0
2017-02-07,14.05,14.05,13.55,13.55,13.682298192231968,5587,13,76443.0,5587.0,100.0,0.5,-0.5,1486405800.0
2017-02-06,13.75,13.75,13.1,13.7,13.627654065251164,3862,21,52630.0,3862.0,100.0,0.65,-0.05,1486319400.0
2017-02-03,14.0,14.95,13.75,13.75,14.260114249941308,12779,36,182230.0,12779.0,100.0,1.2,-0.25,1486060200.0
2017-02-02,14.45,14.65,14.45,14.45,14.464811276914338,19367,37,280140.0,19367.0,100.0,0.2,0.0,1485973800.0
2017-02-01,15.2,15.2,15.2,15.2,15.19990242712526,8199,17,124624.0,8199.0,100.0,0.0,0.0,1485887400.0
2017-01-31,16.21,17.0,15.55,16.0,16.100845911428095,6029,22,97072.0,6029.0,100.0,1.45,-0.21,1485801000.0
2017-01-30,17.0,17.0,16.21,16.26,16.404710920770874,7005,20,114915.0,7005.0,100.0,0.79,-0.74,1485714600.0
2017-01-27,17.1,17.1,16.5,16.98,16.84244167465644,3129,23,52700.0,3129.0,100.0,0.6,-0.12,1485455400.0
2017-01-25,17.02,18.1,17.02,17.25,17.468824228028502,3368,16,58835.0,3368.0,100.0,1.08,0.23,1485282600.0
2017-01-24,17.8,18.45,17.25,17.8,17.787447698744767,4780,20,85024.0,4780.0,100.0,1.2,0.0,1485196200.0
2017-01-23,18.35,18.35,17.0,18.03,17.875322283609577,5430,16,97063.0,5430.0,100.0,1.35,-0.32,1485109800.0
2017-01-20,17.65,17.85,17.25,17.5,17.556998556998558,3465,13,60835.0,3465.0,100.0,0.6,-0.15,1484850600.0
2017-01-19,16.95,17.83,16.95,17.75,17.450714285714284,5600,19,97724.0,5600.0,100.0,0.88,0.8,1484764200.0
2017-01-18,18.39,18.39,16.91,16.99,17.075113658825853,10118,28,172766.0,10118.0,100.0,1.48,-1.4,1484677800.0
2017-01-17,18.5,18.56,17.45,17.58,17.646727761729256,20078,24,354311.0,20078.0,100.0,1.11,-0.92,1484591400.0
2017-01-16,18.25,18.5,17.4,18.35,18.130445731553763,15884,41,287984.0,15884.0,100.0,1.1,0.1,1484505000.0
2017-01-13,18.56,18.56,17.9,18.25,18.245198549491874,22337,32,407543.0,22337.0,100.0,0.66,-0.31,1484245800.0
2017-01-12,17.8,18.45,17.15,18.23,17.813260515473797,10437,31,185917.0,10437.0,100.0,1.3,0.43,1484159400.0
2017-01-11,18.25,18.43,17.4,17.61,18.18559377027904,16951,36,308264.0,16951.0,100.0,1.03,-0.64,1484073000.0
2017-01-10,17.0,17.8,17.0,17.56,17.320323655402188,10505,31,181950.0,10505.0,100.0,0.8,0.56,1483986600.0
2017-01-09,17.98,17.98,17.0,17.06,17.756234740146493,22936,65,407257.0,22936.0,100.0,0.98,-0.92,1483900200.0
2017-01-06,17.13,17.13,16.85,17.13,17.127691562400816,119726,43,2050630.0,119726.0,100.0,0.28,0.0,1483641000.0
2017-01-05,17.13,17.13,16.85,17.13,17.12970137207425,12390,42,212237.0,12390.0,100.0,0.28,0.0,1483554600.0
2017-01-04,15.5,16.51,15.5,16.51,16.386960458798672,16565,60,271450.0,16565.0,100.0,1.01,1.01,1483468200.0
2017-01-03,15.5,15.73,15.01,15.73,15.619221209610604,12070,35,188524.0,12070.0,100.0,0.72,0.23,1483381800.0
2017-01-02,14.8,14.99,14.75,14.99,14.9196365352844,8474,23,126429.0,8474.0,100.0,0.24,0.19,1483295400.0
2016-12-30,13.54,14.28,13.54,14.28,14.232180663373324,7085,24,100835.0,7085.0,100.0,0.74,0.74,1483036200.0
2016-12-29,13.75,14.28,13.75,14.24,13.848439821693908,673,4,9320.0,673.0,100.0,0.53,0.49,1482949800.0
2016-12-28,14.23,14.28,14.2,14.28,14.276048263449104,15001,17,214155.0,15001.0,100.0,0.08,0.05,1482863400.0
2016-12-27,14.16,14.17,13.95,14.15,14.120459290187892,9580,79,135274.0,9580.0,100.0,0.22,-0.01,1482777000.0
2016-12-26,13.65,14.28,12.98,13.5,14.12654355953325,8827,23,124695.0,8827.0,100.0,1.3,-0.15,1482690600.0
2016-12-23,13.65,13.65,13.1,13.65,13.503968253968251,9324,16,125911.0,9324.0,100.0,0.55,0.0,1482431400.0
2016-12-22,13.0,13.89,13.0,13.0,13.419674796747968,6150,10,82531.0,6150.0,100.0,0.89,0.0,1482345000.0
2016-12-21,12.0,13.23,12.0,13.23,13.143949044585987,3140,10,41272.0,3140.0,100.0,1.23,1.23,1482258600.0
2016-12-20,13.65,13.65,12.41,12.6,12.600858826981035,262451,8,3307108.0,262451.0,100.0,1.24,-1.05,1482172200.0
2016-12-19,12.81,14.0,12.81,13.0,13.13235294117647,1700,6,22325.0,1700.0,100.0,1.19,0.19,1482085800.0
2016-12-16,13.47,14.28,13.47,13.48,14.269257858837484,53952,46,769855.0,53952.0,100.0,0.81,0.01,1481826600.0
2016-12-15,14.17,14.17,14.17,14.17,14.16992700729927,6850,29,97064.0,6850.0,100.0,0.0,0.0,1481740200.0
2016-12-14,14.28,14.28,13.3,13.5,14.229214123006832,14048,25,199892.0,14048.0,100.0,0.98,-0.78,1481653800.0
2016-12-13,13.2,13.99,13.2,13.99,13.7925,800,3,11034.0,800.0,100.0,0.79,0.79,1481567400.0
2016-12-12,13.25,13.79,12.55,13.79,13.420742637644047,3905,8,52408.0,3905.0,100.0,1.24,0.54,1481481000.0
2016-12-09,14.26,14.26,12.97,13.14,13.318229166666667,9600,28,127855.0,9600.0,100.0,1.29,-1.12,1481221800.0
2016-12-08,13.3,13.65,12.5,13.65,13.629641025641025,19500,30,265778.0,19500.0,100.0,1.15,0.35,1481135400.0
2016-12-07,12.35,13.0,12.35,13.0,12.749615384615383,2600,15,33149.0,2600.0,100.0,0.65,0.65,1481049000.0
2016-12-06,13.13,13.19,11.96,13.0,12.4881192106323,4966,16,62016.0,4966.0,100.0,1.23,-0.13,1480962600.0
2016-12-05,11.4,12.58,11.4,12.58,12.334656488549617,3275,14,40396.0,3275.0,100.0,1.18,1.18,1480876200.0
2016-12-02,11.65,12.26,11.12,11.99,11.371162790697674,2150,11,24448.0,2150.0,100.0,1.14,0.34,1480617000.0
2016-12-01,11.25,11.76,10.65,11.7,11.176271186440676,1475,9,16485.0,1475.0,100.0,1.11,0.45,1480530600.0
2016-11-30,11.25,11.25,10.25,11.2,10.829166666666666,1200,4,12995.0,1200.0,100.0,1.0,-0.05,1480444200.0
2016-11-29,11.5,11.65,10.75,10.75,11.480263157894736,1216,7,13960.0,1216.0,100.0,0.9,-0.75,1480357800.0
2016-11-28,10.5,11.13,10.1,11.13,10.34890597279716,1691,6,17500.0,1691.0,100.0,1.03,0.63,1480271400.0
2016-11-25,10.6,10.6,10.6,10.6,10.6,250,2,2650.0,250.0,100.0,0.0,0.0,1480012200.0
2016-11-24,9.15,10.11,9.15,10.11,9.441742383752004,3742,11,35331.0,3742.0,100.0,0.96,0.96,1479925800.0
2016-11-23,9.3,10.0,9.18,9.63,9.207136090937794,3167,13,29159.0,3167.0,100.0,0.82,0.33,1479839400.0
2016-11-22,9.61,9.61,9.61,9.61,9.609885146470512,7749,19,74467.0,7749.0,100.0,0.0,0.0,1479753000.0
2016-11-21,10.11,10.11,10.11,10.11,10.109931506849316,5840,6,59042.0,5840.0,100.0,0.0,0.0,1479666600.0
2016-11-18,10.64,10.64,10.64,10.64,10.64,1750,4,18620.0,1750.0,100.0,0.0,0.0,1479407400.0
2016-11-17,11.19,11.19,11.19,11.19,11.189988876529476,8990,15,100598.0,8990.0,100.0,0.0,0.0,1479321000.0
2016-11-16,12.99,12.99,11.77,11.77,11.85221702631134,17749,15,210365.0,17749.0,100.0,1.22,-1.22,1479234600.0
2016-11-15,13.03,13.03,12.38,12.38,12.5910641754671,6155,18,77498.0,6155.0,100.0,0.65,-0.65,1479148200.0
2016-11-11,13.03,13.03,13.0,13.03,13.029073313544504,73779,46,961272.0,73779.0,100.0,0.03,0.0,1478802600.0
2016-11-10,13.0,13.03,13.0,13.03,13.025336893746505,16103,18,209747.0,16103.0,100.0,0.03,0.03,1478716200.0
2016-11-09,12.4,13.03,12.38,13.0,12.751084100908429,31593,82,402845.0,31593.0,100.0,0.65,0.6,1478629800.0
2016-11-08,12.0,13.03,12.0,13.03,12.706471068503252,37969,82,482452.0,37969.0,100.0,1.03,1.03,1478543400.0
2016-11-07,12.63,12.63,12.5,12.63,12.615390362345908,13385,27,168857.0,13385.0,100.0,0.13,0.0,1478457000.0
2016-11-04,12.03,12.03,12.0,12.03,12.029848061826744,361397,67,4347551.0,361397.0,100.0,0.03,0.0,1478197800.0
2016-11-03,11.6,11.6,11.6,11.6,11.597938144329897,388,3,4500.0,388.0,100.0,0.0,0.0,1478111400.0
2016-11-02,11.05,11.05,11.05,11.05,11.05,1600,3,17680.0,1600.0,100.0,0.0,0.0,1478025000.0
2016-11-01,10.53,10.53,10.53,10.53,10.53,1500,2,15795.0,1500.0,100.0,0.0,0.0,1477938600.0
2016-10-28,10.03,10.03,10.03,10.03,10.029702970297029,101,2,1013.0,101.0,100.0,0.0,0.0,1477593000.0
2016-10-27,10.03,10.03,10.03,10.03,10.029389017788088,1293,5,12968.0,1293.0,100.0,0.0,0.0,1477506600.0
2016-10-25,10.03,10.03,10.03,10.03,10.02991202346041,1705,8,17101.0,1705.0,100.0,0.0,0.0,1477333800.0
2016-10-24,10.03,10.03,10.03,10.03,10.029523809523807,1050,2,10531.0,1050.0,100.0,0.0,0.0,1477247400.0
2016-10-21,10.03,10.03,10.03,10.03,10.029828952857738,4794,9,48083.0,4794.0,100.0,0.0,0.0,1476988200.0
2016-10-20,10.03,10.03,10.03,10.03,10.029987505206163,2401,5,24082.0,2401.0,100.0,0.0,0.0,1476901800.0
2016-10-19,10.03,10.03,10.03,10.03,10.029952606635073,5275,4,52908.0,5275.0,100.0,0.0,0.0,1476815400.0
2016-10-18,10.03,10.03,10.03,10.03,10.029874009611635,7699,13,77220.0,7699.0,100.0,0.0,0.0,1476729000.0
2016-10-14,10.03,10.03,10.02,10.03,10.029927760577916,19380,25,194380.0,19380.0,100.0,0.01,0.0,1476383400.0
2016-10-13,10.03,10.03,10.0,10.02,10.028570753937332,42351,57,424720.0,42351.0,100.0,0.03,-0.01,1476297000.0
2016-10-10,9.72,9.72,9.72,9.72,9.7,10,1,97.0,10.0,100.0,0.0,0.0,1476037800.0
2016-10-07,9.26,9.26,9.26,9.26,9.259961551904928,11444,9,105971.0,11444.0,100.0,0.0,0.0,1475778600.0
2016-10-06,9.13,9.13,9.13,9.13,9.129925351979589,10583,9,96622.0,10583.0,100.0,0.0,0.0,1475692200.0
2016-10-05,8.7,8.7,8.7,8.7,8.7,650,3,5655.0,650.0,100.0,0.0,0.0,1475605800.0
2016-10-04,8.29,8.29,8.29,8.29,8.289743589743589,1950,6,16165.0,1950.0,100.0,0.0,0.0,1475519400.0
2016-10-03,8.1,8.1,7.5,7.9,7.840259740259741,3850,12,30185.0,3850.0,100.0,0.6,-0.2,1475433000.0
2016-09-30,7.08,7.72,7.08,7.72,7.213244481466054,2401,5,17319.0,2401.0,100.0,0.64,0.64,1475173800.0
2016-09-29,7.72,7.72,7.36,7.38,7.586591190518307,5653,10,42887.0,5653.0,100.0,0.36,-0.34,1475087400.0
2016-09-28,7.72,7.72,7.72,7.72,7.72,200,1,1544.0,200.0,100.0,0.0,0.0,1475001000.0
2016-09-27,7.72,7.72,7.72,7.72,7.72,175,1,1351.0,175.0,100.0,0.0,0.0,1474914600.0
2016-09-26,7.72,7.72,7.72,7.72,7.72,300,2,2316.0,300.0,100.0,0.0,0.0,1474828200.0
2016-09-23,7.27,7.72,7.27,7.72,7.591428571428572,350,4,2657.0,350.0,100.0,0.45,0.45,1474569000.0
2016-09-22,7.72,7.72,7.31,7.38,7.398125,1600,5,11837.0,1600.0,100.0,0.41,-0.34,1474482600.0
2016-09-21,7.72,7.72,7.46,7.51,7.573714285714285,1750,7,13254.0,1750.0,100.0,0.26,-0.21,1474396200.0
2016-09-20,7.72,7.72,7.51,7.72,7.717686513827038,18189,12,140377.0,18189.0,100.0,0.21,0.0,1474309800.0
2016-09-19,7.72,7.72,7.36,7.55,7.6879858657243805,14150,21,108785.0,14150.0,100.0,0.36,-0.17,1474223400.0
2016-09-16,7.46,7.72,7.46,7.72,7.7102803738317744,5350,5,41250.0,5350.0,100.0,0.26,0.26,1473964200.0
2016-09-15,7.46,7.46,7.46,7.46,7.46,450,2,3357.0,450.0,100.0,0.0,0.0,1473877800.0
2016-09-14,7.72,7.72,7.72,7.72,7.7197960540900015,4511,7,34824.0,4511.0,100.0,0.0,0.0,1473791400.0
2016-09-12,7.72,7.72,7.72,7.72,7.719939690915944,5306,5,40962.0,5306.0,100.0,0.0,0.0,1473618600.0
2016-09-09,7.72,7.72,7.72,7.72,7.719884628435698,5894,7,45501.0,5894.0,100.0,0.0,0.0,1473359400.0
2016-09-08,7.72,7.72,7.72,7.72,7.719766877124819,2059,7,15895.0,2059.0,100.0,0.0,0.0,1473273000.0
2016-09-07,7.72,7.72,7.72,7.72,7.7197814705212835,4393,7,33913.0,4393.0,100.0,0.0,0.0,1473186600.0
2016-09-06,7.72,7.72,7.72,7.72,7.72,3050,6,23546.0,3050.0,100.0,0.0,0.0,1473100200.0
2016-09-02,7.11,7.72,7.11,7.72,7.709886916830202,92233,29,711106.0,92233.0,100.0,0.61,0.61,1472754600.0
2016-09-01,7.72,7.72,7.2,7.4,7.46966799930471,11506,13,85946.0,11506.0,100.0,0.52,-0.32,1472668200.0
2016-08-31,7.72,7.72,7.53,7.53,7.704444808922419,36582,29,281844.0,36582.0,100.0,0.19,-0.19,1472581800.0
2016-08-26,7.72,7.72,7.72,7.72,7.718367346938774,245,2,1891.0,245.0,100.0,0.0,0.0,1472149800.0
2016-08-25,7.72,7.72,7.72,7.72,7.7199512469529346,10666,9,82341.0,10666.0,100.0,0.0,0.0,1472063400.0
2016-08-24,7.72,7.72,7.72,7.72,7.72,10900,12,84148.0,10900.0,100.0,0.0,0.0,1471977000.0
2016-08-23,7.72,7.72,7.72,7.72,7.72,500,1,3860.0,500.0,100.0,0.0,0.0,1471890600.0
2016-08-19,7.72,7.72,7.72,7.72,7.72,2000,3,15440.0,2000.0,100.0,0.0,0.0,1471545000.0
2016-08-18,7.72,7.72,7.72,7.72,7.719626168224299,321,2,2478.0,321.0,100.0,0.0,0.0,1471458600.0
2016-08-17,7.72,7.72,7.72,7.72,7.72,600,2,4632.0,600.0,100.0,0.0,0.0,1471372200.0
2016-08-11,7.72,7.72,7.72,7.72,7.72,300,1,2316.0,300.0,100.0,0.0,0.0,1470853800.0
2016-08-10,7.72,7.72,7.72,7.72,7.72,50600,3,390632.0,50600.0,100.0,0.0,0.0,1470767400.0
2016-08-09,7.72,7.72,7.72,7.72,7.72,50,1,386.0,50.0,100.0,0.0,0.0,1470681000.0
2016-08-08,7.72,7.72,7.71,7.71,7.71038162068634,104030,7,802111.0,104030.0,100.0,0.01,-0.01,1470594600.0
2016-08-05,7.72,7.72,7.72,7.72,7.719986423584173,20624,13,159217.0,20624.0,100.0,0.0,0.0,1470335400.0
2016-08-04,7.72,7.72,7.72,7.72,7.72,3150,10,24318.0,3150.0,100.0,0.0,0.0,1470249000.0
2016-08-03,7.6,7.72,7.6,7.72,7.714013709063215,2626,18,20257.0,2626.0,100.0,0.12,0.12,1470162600.0
2016-08-02,7.4,7.7,7.4,7.69,7.5675981873111775,2648,7,20039.0,2648.0,100.0,0.3,0.29,1470076200.0
2016-08-01,7.72,7.72,7.36,7.72,7.7199345514044175,11001,14,84927.0,11001.0,100.0,0.36,0.0,1469989800.0
2016-07-29,7.35,7.72,7.35,7.72,7.693058368624562,5431,17,41781.0,5431.0,100.0,0.37,0.37,1469730600.0
2016-07-28,7.72,7.72,7.72,7.72,7.72,20200,18,155944.0,20200.0,100.0,0.0,0.0,1469644200.0
2016-07-27,7.72,7.72,7.72,7.72,7.72,150,1,1158.0,150.0,100.0,0.0,0.0,1469557800.0
2016-07-26,7.72,7.72,7.72,7.72,7.719933646668509,7234,7,55846.0,7234.0,100.0,0.0,0.0,1469471400.0
2016-07-25,7.72,7.72,7.72,7.72,7.7191235059760945,502,3,3875.0,502.0,100.0,0.0,0.0,1469385000.0
2016-07-22,7.72,7.72,7.72,7.72,7.72,500,1,3860.0,500.0,100.0,0.0,0.0,1469125800.0
2016-07-21,7.72,7.72,7.72,7.72,7.72,50,1,386.0,50.0,100.0,0.0,0.0,1469039400.0
2016-07-20,7.72,7.72,7.72,7.72,7.719153936545242,851,3,6569.0,851.0,100.0,0.0,0.0,1468953000.0
2016-07-15,7.72,7.72,7.72,7.72,7.718905472636816,402,7,3103.0,402.0,100.0,0.0,0.0,1468521000.0
2016-07-14,7.72,7.72,7.72,7.72,7.72,550,4,4246.0,550.0,100.0,0.0,0.0,1468434600.0
2016-07-13,7.72,7.72,7.72,7.72,7.72,100,1,772.0,100.0,100.0,0.0,0.0,1468348200.0
2016-07-12,7.72,7.72,7.72,7.72,7.5,2,2,15.0,2.0,100.0,0.0,0.0,1468261800.0
2016-07-11,7.72,7.72,7.72,7.72,7.72,600,2,4632.0,600.0,100.0,0.0,0.0,1468175400.0
2016-07-08,7.72,7.72,7.72,7.72,7.719843342036554,3830,9,29567.0,3830.0,100.0,0.0,0.0,1467916200.0
2016-07-07,7.72,7.72,7.72,7.72,7.719736842105262,760,5,5867.0,760.0,100.0,0.0,0.0,1467829800.0
2016-07-05,7.72,7.72,7.72,7.72,7.72,2500,7,19300.0,2500.0,100.0,0.0,0.0,1467657000.0
2016-07-04,7.0,7.48,7.0,7.48,7.4491778774289985,1338,8,9967.0,1338.0,100.0,0.48,0.48,1467570600.0
2016-07-01,7.27,7.63,6.91,7.13,7.291187739463601,2349,11,17127.0,2349.0,100.0,0.72,-0.14,1467311400.0
2016-06-30,7.72,7.72,7.27,7.27,7.653442622950819,3050,6,23343.0,3050.0,100.0,0.45,-0.45,1467225000.0
2016-06-29,7.65,7.65,7.65,7.65,7.65,1000,1,7650.0,1000.0,100.0,0.0,0.0,1467138600.0
2016-06-28,7.29,7.29,7.29,7.29,7.29,1000,1,7290.0,1000.0,100.0,0.0,0.0,1467052200.0
2016-06-27,6.95,6.95,6.95,6.95,6.95,1100,3,7645.0,1100.0,100.0,0.0,0.0,1466965800.0
2016-06-24,7.0,7.0,7.0,7.0,7.0,250,1,1750.0,250.0,100.0,0.0,0.0,1466706600.0
2016-06-23,6.91,6.91,6.91,6.91,6.91,300,2,2073.0,300.0,100.0,0.0,0.0,1466620200.0
2016-06-22,7.6,7.6,7.27,7.27,7.354166666666665,192,4,1412.0,192.0,100.0,0.33,-0.33,1466533800.0
2016-06-21,7.65,7.65,7.65,7.65,7.6,10,1,76.0,10.0,100.0,0.0,0.0,1466447400.0
2016-06-20,7.72,7.72,7.32,7.65,7.591261061946902,1808,8,13725.0,1808.0,100.0,0.4,-0.07,1466361000.0
2016-06-17,7.7,7.7,7.7,7.7,7.666666666666665,12,12,92.0,12.0,100.0,0.0,0.0,1466101800.0
2016-06-16,7.32,7.71,7.32,7.71,7.5661764705882355,816,4,6174.0,816.0,100.0,0.39,0.39,1466015400.0
2016-06-14,7.71,7.71,7.0,7.7,7.633333333333333,1500,12,11450.0,1500.0,100.0,0.71,-0.01,1465842600.0
2016-06-10,7.35,7.35,7.35,7.35,7.2,5,1,36.0,5.0,100.0,0.0,0.0,1465497000.0
2016-06-07,7.35,7.35,7.35,7.35,7.25,4,3,29.0,4.0,100.0,0.0,0.0,1465237800.0
2016-06-06,6.9,7.2,6.9,7.0,7.055543687246314,4681,9,33027.0,4681.0,100.0,0.3,0.1,1465151400.0
2016-06-03,7.14,7.14,6.5,7.14,7.077876791941108,2581,12,18268.0,2581.0,100.0,0.64,0.0,1464892200.0
2016-06-02,6.8,6.8,6.8,6.8,6.8,260,4,1768.0,260.0,100.0,0.0,0.0,1464805800.0
2016-06-01,6.48,6.48,6.48,6.48,6.48,300,4,1944.0,300.0,100.0,0.0,0.0,1464719400.0
2016-05-31,6.8,6.8,6.17,6.18,6.185365853658537,1025,5,6340.0,1025.0,100.0,0.63,-0.62,1464633000.0
2016-05-30,6.02,6.49,6.02,6.49,6.469565217391304,1150,5,7440.0,1150.0,100.0,0.47,0.47,1464546600.0
2016-05-27,6.32,6.32,6.32,6.32,6.32,500,1,3160.0,500.0,100.0,0.0,0.0,1464287400.0
2016-05-26,6.98,6.98,6.32,6.32,6.32,75,5,474.0,75.0,100.0,0.66,-0.66,1464201000.0
2016-05-25,6.63,6.66,6.62,6.65,6.633270764899108,4262,13,28271.0,4262.0,100.0,0.04,0.02,1464114600.0
2016-05-24,6.96,7.32,6.96,6.96,7.2195121951219505,205,3,1480.0,205.0,100.0,0.36,0.0,1464028200.0
2016-05-23,7.32,7.32,7.32,7.32,7.0,1,1,7.0,1.0,100.0,0.0,0.0,1463941800.0
2016-05-18,7.7,7.7,7.7,7.7,7.7,3310,13,25487.0,3310.0,100.0,0.0,0.0,1463509800.0
2016-05-17,7.34,7.7,7.34,7.34,7.594285714285713,700,4,5316.0,700.0,100.0,0.36,0.0,1463423400.0
2016-05-16,7.72,7.72,7.3,7.72,7.52555910543131,626,10,4711.0,626.0,100.0,0.42,0.0,1463337000.0
2016-05-13,7.35,7.72,7.35,7.4,7.385164051355207,701,5,5177.0,701.0,100.0,0.37,0.05,1463077800.0
2016-05-12,7.72,7.72,7.72,7.72,7.72,300,2,2316.0,300.0,100.0,0.0,0.0,1462991400.0
2016-05-11,7.35,7.72,7.35,7.72,7.7,3700,8,28490.0,3700.0,100.0,0.37,0.37,1462905000.0
2016-05-10,7.41,7.72,7.41,7.72,7.706574394463667,11560,22,89088.0,11560.0,100.0,0.31,0.31,1462818600.0
2016-05-09,7.72,7.72,7.4,7.71,7.718459093317187,26426,27,203968.0,26426.0,100.0,0.32,-0.01,1462732200.0
2016-05-06,7.72,7.72,7.72,7.72,7.719950348251843,14501,10,111947.0,14501.0,100.0,0.0,0.0,1462473000.0
2016-05-05,7.6,7.72,7.6,7.6,7.600036327309055,11011,5,83684.0,11011.0,100.0,0.12,0.0,1462386600.0
2016-05-04,7.27,7.63,7.27,7.63,7.629969566687598,20701,13,157948.0,20701.0,100.0,0.36,0.36,1462300200.0
2016-05-03,7.27,7.27,7.26,7.27,7.2696969696969695,22110,14,160733.0,22110.0,100.0,0.01,0.0,1462213800.0
2016-05-02,6.93,6.93,6.5,6.93,6.9242151312403495,15544,16,107630.0,15544.0,100.0,0.43,0.0,1462127400.0
2016-04-28,6.6,6.6,6.6,6.6,6.6,20,2,132.0,20.0,100.0,0.0,0.0,1461781800.0
2016-04-27,6.37,6.37,6.36,6.36,6.3478260869565215,23,4,146.0,23.0,100.0,0.01,-0.01,1461695400.0
2016-04-26,6.07,6.07,5.52,6.07,6.039800995024876,1005,12,6070.0,1005.0,100.0,0.55,0.0,1461609000.0
2016-04-25,5.79,5.79,5.29,5.79,5.462305295950156,1605,9,8767.0,1605.0,100.0,0.5,0.0,1461522600.0
2016-04-22,5.52,5.52,5.52,5.52,5.52,500,3,2760.0,500.0,100.0,0.0,0.0,1461263400.0
2016-04-21,5.26,5.26,5.26,5.26,5.26,5000,5,26300.0,5000.0,100.0,0.0,0.0,1461177000.0
2016-04-20,5.5,5.5,5.1,5.11,5.244285714285714,1400,4,7342.0,1400.0,100.0,0.4,-0.39,1461090600.0
2016-04-18,5.81,5.81,5.27,5.27,5.2811111111111115,900,6,4753.0,900.0,100.0,0.54,-0.54,1460917800.0
2016-04-13,5.54,5.54,5.54,5.54,5.54,650,1,3601.0,650.0,100.0,0.0,0.0,1460485800.0
2016-04-12,5.26,5.28,5.26,5.28,5.276,250,2,1319.0,250.0,100.0,0.02,0.02,1460399400.0
2016-04-08,5.26,5.26,5.26,5.26,5.26,500,1,2630.0,500.0,100.0,0.0,0.0,1460053800.0
2016-04-06,5.4,5.46,5.4,5.46,5.411764705882352,136,2,736.0,136.0,100.0,0.06,0.06,1459881000.0
2016-04-04,5.3,5.3,5.3,5.3,5.3,150,1,795.0,150.0,100.0,0.0,0.0,1459708200.0
2016-04-01,5.05,5.05,5.05,5.05,5.0,6,1,30.0,6.0,100.0,0.0,0.0,1459449000.0
2016-03-31,5.5,5.5,5.1,5.1,5.1,3360,8,17136.0,3360.0,100.0,0.4,-0.4,1459362600.0
2016-03-30,5.39,5.39,5.26,5.26,5.386138613861386,101,2,544.0,101.0,100.0,0.13,-0.13,1459276200.0
2016-03-29,5.36,5.36,5.36,5.36,5.342857142857143,35,2,187.0,35.0,100.0,0.0,0.0,1459189800.0
2016-03-28,5.85,5.85,5.39,5.39,5.5771428571428565,700,4,3904.0,700.0,100.0,0.46,-0.46,1459103400.0
2016-03-23,5.61,5.61,5.38,5.6,5.397849462365591,651,5,3514.0,651.0,100.0,0.23,-0.01,1458671400.0
2016-03-22,5.35,5.35,5.35,5.35,5.34,50,1,267.0,50.0,100.0,0.0,0.0,1458585000.0
2016-03-21,5.33,5.33,5.33,5.33,5.3,10,1,53.0,10.0,100.0,0.0,0.0,1458498600.0
2016-03-17,5.52,5.56,5.52,5.56,5.557768924302789,251,2,1395.0,251.0,100.0,0.04,0.04,1458153000.0
2016-03-16,5.71,5.71,5.71,5.71,5.71,200,2,1142.0,200.0,100.0,0.0,0.0,1458066600.0
2016-03-14,6.12,6.12,5.87,5.87,5.86734693877551,98,3,575.0,98.0,100.0,0.25,-0.25,1457893800.0
2016-03-11,6.11,6.12,6.11,6.12,6.115,200,4,1223.0,200.0,100.0,0.01,0.01,1457634600.0
2016-03-10,6.07,6.11,6.07,6.11,6.08,150,2,912.0,150.0,100.0,0.04,0.04,1457548200.0
2016-03-09,7.03,7.03,6.37,6.37,7.029686991728698,316637,4,2225859.0,316637.0,100.0,0.66,-0.66,1457461800.0
2016-03-08,6.7,6.7,6.7,6.7,6.697986577181208,149,3,998.0,149.0,100.0,0.0,0.0,1457375400.0
2016-03-04,6.7,6.7,6.7,6.7,6.695364238410596,151,4,1011.0,151.0,100.0,0.0,0.0,1457029800.0
2016-03-02,7.05,7.05,7.05,7.05,7.0,1,1,7.0,1.0,100.0,0.0,0.0,1456857000.0
2016-02-29,7.03,7.03,7.03,7.03,7.028,250,2,1757.0,250.0,100.0,0.0,0.0,1456684200.0
2016-02-26,7.7,7.7,7.4,7.4,7.55,200,3,1510.0,200.0,100.0,0.3,-0.3,1456425000.0
2016-02-25,7.7,7.7,7.7,7.7,7.5,2,2,15.0,2.0,100.0,0.0,0.0,1456338600.0
2016-02-24,6.98,7.7,6.98,7.7,7.698533966549659,125918,17,969384.0,125918.0,100.0,0.72,0.72,1456252200.0
2016-02-23,7.35,7.35,7.34,7.34,7.0,2,2,14.0,2.0,100.0,0.01,-0.01,1456165800.0
2016-02-22,7.35,7.35,6.7,7.35,7.129212121212121,4125,13,29408.0,4125.0,100.0,0.65,0.0,1456079400.0
2016-02-18,7.0,7.0,7.0,7.0,7.0,1,1,7.0,1.0,100.0,0.0,0.0,1455733800.0
2016-02-17,7.25,7.25,7.25,7.25,7.25,300,1,2175.0,300.0,100.0,0.0,0.0,1455647400.0
2016-02-16,7.3,7.3,7.3,7.3,7.0,1,1,7.0,1.0,100.0,0.0,0.0,1455561000.0
2016-02-15,6.98,6.98,6.98,6.98,6.979923635915752,8119,22,56670.0,8119.0,100.0,0.0,0.0,1455474600.0
2016-02-11,6.65,6.65,6.65,6.65,6.643564356435644,101,2,671.0,101.0,100.0,0.0,0.0,1455129000.0
2016-02-10,6.98,6.98,6.98,6.98,6.98,700,3,4886.0,700.0,100.0,0.0,0.0,1455042600.0
2016-02-09,7.36,7.36,7.34,7.34,7.353333333333333,1500,2,11030.0,1500.0,100.0,0.02,-0.02,1454956200.0
2016-02-08,7.1,7.72,7.1,7.72,7.4215625,3200,8,23749.0,3200.0,100.0,0.62,0.62,1454869800.0
2016-02-05,7.45,7.45,7.45,7.45,7.45,1000,4,7450.0,1000.0,100.0,0.0,0.0,1454610600.0
2016-02-04,7.1,7.1,7.1,7.1,7.0,1,1,7.0,1.0,100.0,0.0,0.0,1454524200.0
2016-02-03,7.0,7.0,6.7,6.98,6.98371335504886,307,4,2144.0,307.0,100.0,0.3,-0.02,1454437800.0
2016-02-02,7.05,7.05,7.05,7.05,7.049718093285495,1951,8,13754.0,1951.0,100.0,0.0,0.0,1454351400.0
2016-02-01,6.4,6.72,6.4,6.72,6.411111111111111,1440,2,9232.0,1440.0,100.0,0.32,0.32,1454265000.0
2016-01-29,6.4,6.4,6.4,6.4,6.4,50,1,320.0,50.0,100.0,0.0,0.0,1454005800.0
2016-01-28,6.25,6.25,6.1,6.1,6.2,150,2,930.0,150.0,100.0,0.15,-0.15,1453919400.0
2016-01-27,6.0,6.0,6.0,6.0,6.0,50,1,300.0,50.0,100.0,0.0,0.0,1453833000.0
2016-01-25,6.21,6.21,6.21,6.21,6.209950248756218,1005,3,6241.0,1005.0,100.0,0.0,0.0,1453660200.0
2016-01-22,6.35,6.98,6.32,6.4,6.363404255319149,1175,8,7477.0,1175.0,100.0,0.66,0.05,1453401000.0
2016-01-21,6.65,6.65,6.65,6.65,6.65,100,1,665.0,100.0,100.0,0.0,0.0,1453314600.0
2016-01-20,7.28,7.28,6.9,6.9,6.921714285714286,1750,7,12113.0,1750.0,100.0,0.38,-0.38,1453228200.0
2016-01-19,6.9,7.28,6.9,7.26,7.241745730550285,2635,6,19082.0,2635.0,100.0,0.38,0.36,1453141800.0
2016-01-18,7.0,7.26,7.0,7.23,7.2265055219837455,4799,7,34680.0,4799.0,100.0,0.26,0.23,1453055400.0
2016-01-15,7.28,7.28,6.92,6.92,7.001479654747226,4055,13,28391.0,4055.0,100.0,0.36,-0.36,1452796200.0
2016-01-14,7.27,7.28,7.27,7.28,7.279848557564123,18753,18,136519.0,18753.0,100.0,0.01,0.01,1452709800.0
2016-01-13,7.28,7.28,6.7,7.28,7.265440869201838,11965,28,86931.0,11965.0,100.0,0.58,0.0,1452623400.0
2016-01-12,6.99,6.99,6.99,6.99,6.989955903968642,4082,7,28533.0,4082.0,100.0,0.0,0.0,1452537000.0
2016-01-11,6.66,6.66,6.25,6.66,6.623440285204992,2244,10,14863.0,2244.0,100.0,0.41,0.0,1452450600.0
2016-01-08,5.75,6.35,5.75,6.35,6.1728323699421965,1730,7,10679.0,1730.0,100.0,0.6,0.6,1452191400.0
2016-01-06,6.05,6.05,6.05,6.05,6.05,600,2,3630.0,600.0,100.0,0.0,0.0,1452018600.0
2016-01-05,5.55,5.77,5.55,5.77,5.715,800,2,4572.0,800.0,100.0,0.22,0.22,1451932200.0
2016-01-04,5.5,5.5,5.5,5.5,5.5,180,4,990.0,180.0,100.0,0.0,0.0,1451845800.0
2016-01-01,5.88,5.88,5.55,5.55,5.825,600,4,3495.0,600.0,100.0,0.33,-0.33,1451586600.0
2015-12-31,5.6,5.6,5.6,5.6,5.6,300,1,1680.0,300.0,100.0,0.0,0.0,1451500200.0
2015-12-29,5.41,5.41,5.41,5.41,5.408695652173913,115,3,622.0,115.0,100.0,0.0,0.0,1451327400.0
2015-12-28,5.35,5.4,5.35,5.39,5.372727272727273,550,3,2955.0,550.0,100.0,0.05,0.04,1451241000.0
2015-12-24,5.31,5.6,5.31,5.6,5.455,200,2,1091.0,200.0,100.0,0.29,0.29,1450895400.0
2015-12-23,5.35,5.38,5.35,5.38,5.378018018018017,5550,5,29848.0,5550.0,100.0,0.03,0.03,1450809000.0
2015-12-22,5.71,5.71,5.57,5.57,5.663333333333333,300,2,1699.0,300.0,100.0,0.14,-0.14,1450722600.0
2015-12-21,5.66,5.71,5.66,5.71,5.66036036036036,1110,3,6283.0,1110.0,100.0,0.05,0.05,1450636200.0
2015-12-17,5.87,5.87,5.87,5.87,5.87,500,1,2935.0,500.0,100.0,0.0,0.0,1450290600.0
2015-12-15,6.17,6.17,6.0,6.17,6.1585074626865675,6700,5,41262.0,6700.0,100.0,0.17,0.0,1450117800.0
2015-12-14,6.15,6.15,6.15,6.15,6.15,100,1,615.0,100.0,100.0,0.0,0.0,1450031400.0
2015-12-11,6.15,6.16,6.15,6.15,6.154320987654321,2268,8,13958.0,2268.0,100.0,0.01,0.0,1449772200.0
2015-12-10,6.0,6.11,6.0,6.11,6.038,1000,7,6038.0,1000.0,100.0,0.11,0.11,1449685800.0
2015-12-09,6.11,6.11,6.11,6.11,6.1090909090909085,495,3,3024.0,495.0,100.0,0.0,0.0,1449599400.0
2015-12-08,6.16,6.17,6.16,6.17,6.16590909090909,880,5,5426.0,880.0,100.0,0.01,0.01,1449513000.0
2015-12-07,5.81,6.1,5.81,6.1,5.849411764705882,850,6,4972.0,850.0,100.0,0.29,0.29,1449426600.0
2015-12-04,6.11,6.11,6.11,6.11,6.11,100,2,611.0,100.0,100.0,0.0,0.0,1449167400.0
2015-12-03,5.89,5.89,5.89,5.89,5.88,50,1,294.0,50.0,100.0,0.0,0.0,1449081000.0
2015-12-02,5.89,5.89,5.89,5.89,5.888,125,2,736.0,125.0,100.0,0.0,0.0,1448994600.0
2015-12-01,5.36,5.62,5.15,5.61,5.530405405405404,1480,10,8185.0,1480.0,100.0,0.47,0.25,1448908200.0
2015-11-30,5.37,5.37,4.87,5.36,5.367625899280576,1390,8,7461.0,1390.0,100.0,0.5,-0.01,1448821800.0
2015-11-27,5.12,5.12,4.92,5.12,4.961904761904762,735,5,3647.0,735.0,100.0,0.2,0.0,1448562600.0
2015-11-26,4.88,4.88,4.88,4.88,4.876984126984127,252,4,1229.0,252.0,100.0,0.0,0.0,1448476200.0
2015-11-23,4.55,4.65,4.52,4.65,4.554666666666666,1500,5,6832.0,1500.0,100.0,0.13,0.1,1448217000.0
2015-11-20,4.44,4.44,4.43,4.43,4.4390909090909085,1100,3,4883.0,1100.0,100.0,0.01,-0.01,1447957800.0
2015-11-19,4.42,4.42,4.42,4.42,4.419879518072289,1660,2,7337.0,1660.0,100.0,0.0,0.0,1447871400.0
2015-11-17,4.52,4.52,4.52,4.52,4.52,400,1,1808.0,400.0,100.0,0.0,0.0,1447698600.0
2015-11-16,4.64,4.64,4.64,4.64,4.64,200,1,928.0,200.0,100.0,0.0,0.0,1447612200.0
2015-11-13,4.42,4.42,4.42,4.42,4.42,300,1,1326.0,300.0,100.0,0.0,0.0,1447353000.0
2015-11-06,4.98,4.98,4.52,4.52,4.75,200,2,950.0,200.0,100.0,0.46,-0.46,1446748200.0
2015-11-05,4.75,4.75,4.75,4.75,4.748091603053435,262,2,1244.0,262.0,100.0,0.0,0.0,1446661800.0
2015-11-03,4.6,4.98,4.6,4.98,4.716923076923077,325,4,1533.0,325.0,100.0,0.38,0.38,1446489000.0
2015-11-02,4.95,4.95,4.73,4.75,4.81,600,3,2886.0,600.0,100.0,0.22,-0.2,1446402600.0
2015-10-30,4.5,4.95,4.5,4.95,4.875,120,2,585.0,120.0,100.0,0.45,0.45,1446143400.0
2015-10-29,4.9,5.0,4.72,4.72,4.948334466349422,1471,6,7279.0,1471.0,100.0,0.28,-0.18,1446057000.0
2015-10-23,4.96,4.96,4.96,4.96,4.96,200,1,992.0,200.0,100.0,0.0,0.0,1445538600.0
2015-10-21,4.77,4.77,4.77,4.77,4.77,200,1,954.0,200.0,100.0,0.0,0.0,1445365800.0
2015-10-20,4.55,4.55,4.55,4.55,4.55,500,2,2275.0,500.0,100.0,0.0,0.0,1445279400.0
2015-10-19,4.34,4.34,4.34,4.34,4.34,400,1,1736.0,400.0,100.0,0.0,0.0,1445193000.0
2015-10-16,3.9,4.14,3.9,4.14,3.906442577030812,1785,9,6973.0,1785.0,100.0,0.24,0.24,1444933800.0
2015-10-15,4.2,4.2,3.93,3.95,4.186274509803922,816,4,3416.0,816.0,100.0,0.27,-0.25,1444847400.0
2015-10-14,4.01,4.01,4.01,4.01,4.0,11,1,44.0,11.0,100.0,0.0,0.0,1444761000.0
2015-10-12,3.8,4.0,3.8,4.0,3.9489361702127654,470,4,1856.0,470.0,100.0,0.2,0.2,1444588200.0
2015-10-09,3.93,3.93,3.93,3.93,3.93,300,3,1179.0,300.0,100.0,0.0,0.0,1444329000.0
2015-10-08,3.78,4.12,3.78,4.12,3.7807308970099673,301,3,1138.0,301.0,100.0,0.34,0.34,1444242600.0
2015-10-06,3.93,3.93,3.93,3.93,3.93,100,1,393.0,100.0,100.0,0.0,0.0,1444069800.0
2015-10-01,3.86,3.86,3.86,3.86,3.86,150,1,579.0,150.0,100.0,0.0,0.0,1443637800.0
2015-09-30,3.84,3.9,3.84,3.86,3.851428571428571,2800,6,10784.0,2800.0,100.0,0.06,0.02,1443551400.0
2015-09-29,3.82,3.82,3.82,3.82,3.82,200,1,764.0,200.0,100.0,0.0,0.0,1443465000.0
2015-09-24,3.94,3.94,3.94,3.94,3.0,1,1,3.0,1.0,100.0,0.0,0.0,1443033000.0
2015-09-23,3.93,3.93,3.93,3.93,3.93,100,1,393.0,100.0,100.0,0.0,0.0,1442946600.0
2015-09-21,3.75,3.75,3.75,3.75,3.75,60000,3,225000.0,60000.0,100.0,0.0,0.0,1442773800.0
2015-09-18,3.86,3.86,3.86,3.86,3.86,50,1,193.0,50.0,100.0,0.0,0.0,1442514600.0
2015-09-16,4.06,4.06,4.06,4.06,4.06,200,2,812.0,200.0,100.0,0.0,0.0,1442341800.0
2015-09-11,4.7,4.7,4.27,4.27,4.2745098039215685,51,2,218.0,51.0,100.0,0.43,-0.43,1441909800.0
2015-09-10,4.49,4.49,4.49,4.49,4.49,1000,1,4490.0,1000.0,100.0,0.0,0.0,1441823400.0
2015-09-04,4.5,4.5,4.1,4.49,4.241762310255461,2701,6,11457.0,2701.0,100.0,0.4,-0.01,1441305000.0
2015-09-02,4.27,4.48,4.27,4.31,4.358490566037736,2650,5,11550.0,2650.0,100.0,0.21,0.04,1441132200.0
2015-09-01,4.27,4.27,4.27,4.27,4.27,200,1,854.0,200.0,100.0,0.0,0.0,1441045800.0
2015-08-28,4.27,4.47,4.27,4.47,4.451681308694335,3301,7,14695.0,3301.0,100.0,0.2,0.2,1440700200.0
2015-08-27,4.6,4.6,4.26,4.26,4.273815315753625,30831,14,131766.0,30831.0,100.0,0.34,-0.34,1440613800.0
2015-08-26,4.47,4.47,4.47,4.47,4.469306930693069,505,2,2257.0,505.0,100.0,0.0,0.0,1440527400.0
2015-08-24,4.26,4.26,4.26,4.26,4.259600614439324,651,6,2773.0,651.0,100.0,0.0,0.0,1440354600.0
2015-08-21,4.02,4.06,4.02,4.06,4.037406483790524,401,3,1619.0,401.0,100.0,0.04,0.04,1440095400.0
2015-08-20,4.11,4.11,4.11,4.11,4.106508875739645,169,1,694.0,169.0,100.0,0.0,0.0,1440009000.0
2015-08-19,4.2,4.25,4.2,4.25,4.22,350,3,1477.0,350.0,100.0,0.05,0.05,1439922600.0
2015-08-18,4.22,4.22,4.22,4.22,4.22,50,1,211.0,50.0,100.0,0.0,0.0,1439836200.0
2015-08-17,4.3,4.4,4.3,4.35,4.32716049382716,810,7,3505.0,810.0,100.0,0.1,0.05,1439749800.0
2015-08-14,4.89,4.89,4.46,4.46,4.654285714285714,700,4,3258.0,700.0,100.0,0.43,-0.43,1439490600.0
2015-08-13,4.66,4.66,4.66,4.66,4.652631578947368,95,1,442.0,95.0,100.0,0.0,0.0,1439404200.0
2015-08-11,4.9,4.9,4.9,4.9,4.899785765293978,4201,9,20584.0,4201.0,100.0,0.0,0.0,1439231400.0
2015-08-10,5.4,5.4,5.15,5.15,5.220038816108684,8244,17,43034.0,8244.0,100.0,0.25,-0.25,1439145000.0
2015-08-07,5.42,5.42,5.42,5.42,5.41959140911472,1909,6,10346.0,1909.0,100.0,0.0,0.0,1438885800.0
2015-08-06,6.0,6.3,5.7,5.7,5.984284532671629,13299,13,79585.0,13299.0,100.0,0.6,-0.3,1438799400.0
2015-08-05,6.0,6.0,5.51,6.0,5.901220865704773,901,12,5317.0,901.0,100.0,0.49,0.0,1438713000.0
2015-08-04,5.8,5.8,5.8,5.8,5.799647732276529,2271,10,13171.0,2271.0,100.0,0.0,0.0,1438626600.0
2015-08-03,6.1,6.1,6.1,6.1,6.099639855942377,833,8,5081.0,833.0,100.0,0.0,0.0,1438540200.0
2015-07-31,6.42,6.42,6.4,6.42,6.419625564880568,3098,14,19888.0,3098.0,100.0,0.02,0.0,1438281000.0
2015-07-30,6.12,6.12,6.12,6.12,6.119289340101522,788,5,4822.0,788.0,100.0,0.0,0.0,1438194600.0
2015-07-29,5.83,5.83,5.83,5.83,5.829850746268657,670,5,3906.0,670.0,100.0,0.0,0.0,1438108200.0
2015-07-28,5.56,5.56,5.56,5.56,5.56,3250,6,18070.0,3250.0,100.0,0.0,0.0,1438021800.0
2015-07-27,5.3,5.3,5.3,5.3,5.3,1480,8,7844.0,1480.0,100.0,0.0,0.0,1437935400.0
2015-07-24,5.05,5.05,5.05,5.05,5.038461538461537,78,2,393.0,78.0,100.0,0.0,0.0,1437676200.0
2015-07-23,4.81,4.81,4.65,4.81,4.8068,2500,5,12017.0,2500.0,100.0,0.16,0.0,1437589800.0
2015-07-22,4.59,4.59,4.59,4.59,4.58962962962963,1350,4,6196.0,1350.0,100.0,0.0,0.0,1437503400.0
2015-07-21,4.38,4.38,4.38,4.38,4.38,550,3,2409.0,550.0,100.0,0.0,0.0,1437417000.0
2015-07-20,4.18,4.18,4.18,4.18,4.178841309823677,794,3,3318.0,794.0,100.0,0.0,0.0,1437330600.0
2015-07-17,3.99,3.99,3.99,3.99,3.9887218045112784,266,2,1061.0,266.0,100.0,0.0,0.0,1437071400.0
2015-07-16,3.8,3.8,3.66,3.8,3.666116248348745,9084,4,33303.0,9084.0,100.0,0.14,0.0,1436985000.0
2015-07-15,3.63,3.63,3.63,3.63,3.629090909090909,550,12,1996.0,550.0,100.0,0.0,0.0,1436898600.0
2015-07-13,3.63,3.63,3.63,3.63,3.6296296296296298,351,4,1274.0,351.0,100.0,0.0,0.0,1436725800.0
2015-07-10,3.46,3.46,3.46,3.46,3.333333333333333,3,1,10.0,3.0,100.0,0.0,0.0,1436466600.0
2015-07-07,3.46,3.46,3.46,3.46,3.4598101265822785,3160,6,10933.0,3160.0,100.0,0.0,0.0,1436207400.0
2015-07-06,3.3,3.3,3.3,3.3,3.3,100,2,330.0,100.0,100.0,0.0,0.0,1436121000.0
2015-07-03,3.2,3.3,3.2,3.3,3.276595744680851,893,6,2926.0,893.0,100.0,0.1,0.1,1435861800.0
2015-07-02,3.1,3.15,3.1,3.15,3.1142857142857143,350,2,1090.0,350.0,100.0,0.05,0.05,1435775400.0
2015-07-01,3.1,3.1,3.1,3.1,3.0,2,2,6.0,2.0,100.0,0.0,0.0,1435689000.0
2015-06-24,3.0,3.0,3.0,3.0,3.0,200,1,600.0,200.0,100.0,0.0,0.0,1435084200.0
2015-06-22,3.01,3.01,3.01,3.01,3.0,1,1,3.0,1.0,100.0,0.0,0.0,1434911400.0
2015-06-18,3.14,3.14,3.14,3.14,3.14,500,1,1570.0,500.0,100.0,0.0,0.0,1434565800.0
2015-06-16,3.59,3.59,3.26,3.26,3.26,300,2,978.0,300.0,100.0,0.33,-0.33,1434393000.0
2015-06-15,3.41,3.42,3.41,3.42,3.41,100,2,341.0,100.0,100.0,0.01,0.01,1434306600.0
2015-06-11,3.41,3.41,3.41,3.41,3.4057142857142857,175,1,596.0,175.0,100.0,0.0,0.0,1433961000.0
2015-06-10,3.4,3.7,3.4,3.53,3.5099715099715096,351,3,1232.0,351.0,100.0,0.3,0.13,1433874600.0
2015-06-09,3.57,3.57,3.57,3.57,3.5689655172413794,580,2,2070.0,580.0,100.0,0.0,0.0,1433788200.0
2015-06-04,3.75,3.75,3.75,3.75,3.744,125,1,468.0,125.0,100.0,0.0,0.0,1433356200.0
2015-06-03,3.96,3.96,3.61,3.61,3.624,125,3,453.0,125.0,100.0,0.35,-0.35,1433269800.0
2015-06-01,3.6,3.78,3.6,3.78,3.747857142857143,1400,4,5247.0,1400.0,100.0,0.18,0.18,1433097000.0
2015-05-28,3.6,3.6,3.4,3.6,3.5851851851851846,270,4,968.0,270.0,100.0,0.2,0.0,1432751400.0
2015-05-22,3.55,3.55,3.55,3.55,3.55,640,3,2272.0,640.0,100.0,0.0,0.0,1432233000.0
2015-05-20,3.39,3.39,3.39,3.39,3.39,100,1,339.0,100.0,100.0,0.0,0.0,1432060200.0
2015-05-19,3.23,3.23,3.23,3.23,3.23,2000,1,6460.0,2000.0,100.0,0.0,0.0,1431973800.0
2015-05-15,3.08,3.08,3.08,3.08,3.08,750,3,2310.0,750.0,100.0,0.0,0.0,1431628200.0
2015-05-12,3.24,3.24,3.24,3.24,3.24,1500,2,4860.0,1500.0,100.0,0.0,0.0,1431369000.0
2015-05-07,3.25,3.3,3.25,3.3,3.299502487562189,2010,8,6632.0,2010.0,100.0,0.05,0.05,1430937000.0
2015-05-04,3.24,3.24,3.24,3.24,3.2384615384615385,260,6,842.0,260.0,100.0,0.0,0.0,1430677800.0
2015-04-30,3.4,3.4,3.4,3.4,3.4,200,2,680.0,200.0,100.0,0.0,0.0,1430332200.0
2015-04-28,3.57,3.57,3.57,3.57,3.5694117647058823,850,11,3034.0,850.0,100.0,0.0,0.0,1430159400.0
2015-04-27,3.38,3.4,3.38,3.4,3.3866666666666663,300,6,1016.0,300.0,100.0,0.02,0.02,1430073000.0
2015-04-24,3.38,3.38,3.38,3.38,3.35,20,2,67.0,20.0,100.0,0.0,0.0,1429813800.0
2015-04-22,3.55,3.55,3.55,3.55,3.55,100,2,355.0,100.0,100.0,0.0,0.0,1429641000.0
2015-04-20,3.71,3.71,3.71,3.71,3.71,200,4,742.0,200.0,100.0,0.0,0.0,1429468200.0
2015-04-17,3.71,3.71,3.71,3.71,3.71,200,2,742.0,200.0,100.0,0.0,0.0,1429209000.0
2015-04-16,3.56,3.56,3.56,3.56,3.56,100,2,356.0,100.0,100.0,0.0,0.0,1429122600.0
2015-04-15,3.65,4.02,3.65,3.7,3.7,250,6,925.0,250.0,100.0,0.37,0.05,1429036200.0
2015-04-10,3.83,3.83,3.83,3.83,3.0,1,2,3.0,1.0,100.0,0.0,0.0,1428604200.0
2015-04-09,3.65,3.65,3.65,3.65,3.65,100,2,365.0,100.0,100.0,0.0,0.0,1428517800.0
2015-04-08,3.68,3.68,3.56,3.56,3.577142857142857,350,6,1252.0,350.0,100.0,0.12,-0.12,1428431400.0
2015-04-07,3.51,3.51,3.51,3.51,3.509394572025052,958,12,3362.0,958.0,100.0,0.0,0.0,1428345000.0
2015-04-01,3.35,3.35,3.35,3.35,3.35,900,4,3015.0,900.0,100.0,0.0,0.0,1427826600.0
2015-03-31,3.29,3.29,3.29,3.29,3.28735632183908,261,4,858.0,261.0,100.0,0.0,0.0,1427740200.0
2015-03-30,3.29,3.29,3.29,3.29,3.289655172413793,1740,8,5724.0,1740.0,100.0,0.0,0.0,1427653800.0
2015-03-27,3.45,3.45,3.45,3.45,3.4489795918367343,98,2,338.0,98.0,100.0,0.0,0.0,1427394600.0
2015-03-25,3.45,3.45,3.45,3.45,3.44,50,2,172.0,50.0,100.0,0.0,0.0,1427221800.0
2015-03-24,3.45,3.45,3.45,3.45,3.45,1000,2,3450.0,1000.0,100.0,0.0,0.0,1427135400.0
2015-03-23,3.5,3.5,3.5,3.5,3.5,1496,9,5236.0,1496.0,100.0,0.0,0.0,1427049000.0
2015-03-20,3.5,3.74,3.5,3.62,3.62,400,8,1448.0,400.0,100.0,0.24,0.12,1426789800.0
2015-03-19,3.43,3.57,3.43,3.57,3.5677737535639977,12977,4,46299.0,12977.0,100.0,0.14,0.14,1426703400.0
2015-03-18,3.4,3.4,3.4,3.4,3.4,550,7,1870.0,550.0,100.0,0.0,0.0,1426617000.0
2015-03-16,3.5,3.5,3.45,3.45,3.4980676328502414,2070,4,7241.0,2070.0,100.0,0.05,-0.05,1426444200.0
2015-03-13,3.4,3.6,3.4,3.6,3.4876325088339226,566,6,1974.0,566.0,100.0,0.2,0.2,1426185000.0
2015-03-12,3.43,3.43,3.43,3.43,3.43,100,2,343.0,100.0,100.0,0.0,0.0,1426098600.0
2015-03-11,3.6,3.6,3.6,3.6,3.6,50,2,180.0,50.0,100.0,0.0,0.0,1426012200.0
2015-03-09,3.62,3.95,3.6,3.6,3.6122222222222224,900,12,3251.0,900.0,100.0,0.35,-0.02,1425839400.0
2015-03-05,3.95,3.95,3.77,3.77,3.887375113533152,1101,14,4280.0,1101.0,100.0,0.18,-0.18,1425493800.0
2015-03-04,3.95,3.95,3.95,3.95,3.949795081967213,1952,20,7710.0,1952.0,100.0,0.0,0.0,1425407400.0
2015-03-03,3.95,3.97,3.95,3.95,3.951904761904762,4200,15,16598.0,4200.0,100.0,0.02,0.0,1425321000.0
2015-03-02,4.15,4.15,4.15,4.15,4.15,200,4,830.0,200.0,100.0,0.0,0.0,1425234600.0
2015-02-28,4.35,4.35,4.35,4.35,4.35,100,2,435.0,100.0,100.0,0.0,0.0,1425061800.0
2015-02-27,4.5,4.5,4.5,4.5,4.5,50,2,225.0,50.0,100.0,0.0,0.0,1424975400.0
2015-02-26,4.73,4.73,4.55,4.73,4.645714285714286,1400,10,6504.0,1400.0,100.0,0.18,0.0,1424889000.0
2015-02-25,4.52,4.52,4.5,4.51,4.508,250,6,1127.0,250.0,100.0,0.02,-0.01,1424802600.0
2015-02-24,4.6,4.6,4.6,4.6,4.6,100,2,460.0,100.0,100.0,0.0,0.0,1424716200.0
2015-02-20,4.79,4.79,4.79,4.79,4.79,100,2,479.0,100.0,100.0,0.0,0.0,1424370600.0
2015-02-18,4.57,4.57,4.57,4.57,4.566666666666666,150,6,685.0,150.0,100.0,0.0,0.0,1424197800.0
2015-02-16,4.36,4.36,4.36,4.36,4.359623307828135,1699,6,7407.0,1699.0,100.0,0.0,0.0,1424025000.0
2015-02-13,5.05,5.05,4.58,4.58,4.6422297297297295,2960,20,13741.0,2960.0,100.0,0.47,-0.47,1423765800.0
2015-02-12,4.81,4.99,4.81,4.82,4.88042328042328,945,14,4612.0,945.0,100.0,0.18,0.01,1423679400.0
2015-02-11,5.52,5.52,5.02,5.02,5.4593406593406595,455,10,2484.0,455.0,100.0,0.5,-0.5,1423593000.0
2015-02-10,5.74,5.75,5.27,5.27,5.695,1400,14,7973.0,1400.0,100.0,0.48,-0.47,1423506600.0
2015-02-09,5.54,5.54,5.09,5.54,5.363636363636364,385,6,2065.0,385.0,100.0,0.45,0.0,1423420200.0
2015-02-06,5.34,5.34,4.84,5.34,5.085015027908973,2329,34,11843.0,2329.0,100.0,0.5,0.0,1423161000.0
2015-02-05,5.09,5.09,5.09,5.09,5.076923076923077,52,4,264.0,52.0,100.0,0.0,0.0,1423074600.0
2015-02-04,4.85,4.85,4.85,4.85,4.8497461928934005,985,16,4777.0,985.0,100.0,0.0,0.0,1422988200.0
2015-02-03,4.62,4.62,4.62,4.62,4.617529880478088,251,6,1159.0,251.0,100.0,0.0,0.0,1422901800.0
2015-02-02,4.4,4.42,4.22,4.4,4.400921658986175,651,10,2865.0,651.0,100.0,0.2,0.0,1422815400.0
2015-01-30,3.85,4.21,3.85,4.21,3.9953846153846153,1300,12,5194.0,1300.0,100.0,0.36,0.36,1422556200.0
2015-01-29,3.78,4.14,3.77,4.05,3.7954545454545454,1100,8,4175.0,1100.0,100.0,0.37,0.27,1422469800.0
2015-01-28,4.05,4.05,3.91,3.95,3.9379407616361073,709,13,2792.0,709.0,100.0,0.14,-0.1,1422383400.0
2015-01-27,4.3,4.31,4.11,4.11,4.2275757575757575,3300,24,13951.0,3300.0,100.0,0.2,-0.19,1422297000.0
2015-01-23,4.28,4.32,4.28,4.32,4.297029702970296,101,6,434.0,101.0,100.0,0.04,0.04,1421951400.0
2015-01-22,4.5,4.5,4.5,4.5,4.49800796812749,251,7,1129.0,251.0,100.0,0.0,0.0,1421865000.0
2015-01-21,4.27,4.69,4.25,4.69,4.528617961842718,2149,21,9732.0,2149.0,100.0,0.44,0.42,1421778600.0
2015-01-20,4.76,4.77,4.46,4.47,4.761845386533666,802,16,3819.0,802.0,100.0,0.31,-0.29,1421692200.0
2015-01-19,4.54,4.55,4.34,4.55,4.466090850927703,3126,25,13961.0,3126.0,100.0,0.21,0.01,1421605800.0
2015-01-16,4.34,4.34,4.34,4.34,4.34,200,2,868.0,200.0,100.0,0.0,0.0,1421346600.0
2015-01-15,4.31,4.5,4.3,4.46,4.404077540106952,2992,19,13177.0,2992.0,100.0,0.2,0.15,1421260200.0
2015-01-14,4.64,4.64,4.29,4.29,4.410550458715596,436,18,1923.0,436.0,100.0,0.35,-0.35,1421173800.0
2015-01-13,4.5,4.5,4.5,4.5,4.5,300,2,1350.0,300.0,100.0,0.0,0.0,1421087400.0
2015-01-12,4.5,4.5,4.3,4.3,4.3876404494382015,890,6,3905.0,890.0,100.0,0.2,-0.2,1421001000.0
2015-01-09,4.3,4.3,4.3,4.3,4.3,50,2,215.0,50.0,100.0,0.0,0.0,1420741800.0
2015-01-07,4.25,4.25,4.25,4.25,4.25,100,2,425.0,100.0,100.0,0.0,0.0,1420569000.0
2015-01-06,4.47,4.47,4.47,4.47,4.4,5,2,22.0,5.0,100.0,0.0,0.0,1420482600.0
2015-01-05,4.28,4.7,4.28,4.7,4.62054018006002,2999,14,13857.0,2999.0,100.0,0.42,0.42,1420396200.0
2015-01-02,4.5,4.5,4.5,4.5,4.4950495049504955,101,6,454.0,101.0,100.0,0.0,0.0,1420137000.0
2014-12-31,4.3,4.65,4.3,4.65,4.590909090909091,1958,9,8989.0,1958.0,100.0,0.35,0.35,1419964200.0
2014-12-24,4.43,4.43,4.43,4.43,4.429945880938064,6652,21,29468.0,6652.0,100.0,0.0,0.0,1419359400.0
2014-12-23,4.7,4.7,4.66,4.66,4.670289855072464,552,8,2578.0,552.0,100.0,0.04,-0.04,1419273000.0
2014-12-16,4.9,4.9,4.9,4.9,4.9,100,2,490.0,100.0,100.0,0.0,0.0,1418668200.0
2014-12-15,4.7,4.7,4.7,4.7,4.68,25,2,117.0,25.0,100.0,0.0,0.0,1418581800.0
2014-12-12,4.7,4.7,4.7,4.7,4.7,200,2,940.0,200.0,100.0,0.0,0.0,1418322600.0
2014-12-10,4.72,4.72,4.72,4.72,4.7,40,2,188.0,40.0,100.0,0.0,0.0,1418149800.0
2014-12-09,4.5,4.5,4.49,4.5,4.493333333333333,150,8,674.0,150.0,100.0,0.01,0.0,1418063400.0
2014-12-05,4.67,4.67,4.44,4.47,4.504995458673933,2202,19,9920.0,2202.0,100.0,0.23,-0.2,1417717800.0
2014-12-04,4.67,4.67,4.67,4.67,4.66,50,2,233.0,50.0,100.0,0.0,0.0,1417631400.0
2014-12-03,4.9,5.4,4.9,4.9,5.095402298850575,4350,21,22165.0,4350.0,100.0,0.5,0.0,1417545000.0
2014-12-02,5.69,5.69,5.15,5.15,5.2018018018018015,555,7,2887.0,555.0,100.0,0.54,-0.54,1417458600.0
2014-12-01,5.7,5.7,5.42,5.42,5.476,250,4,1369.0,250.0,100.0,0.28,-0.28,1417372200.0
2014-11-28,5.8,5.8,5.7,5.7,5.708571428571429,700,11,3996.0,700.0,100.0,0.1,-0.1,1417113000.0
2014-11-27,5.7,6.0,5.7,6.0,5.777227722772277,1010,13,5835.0,1010.0,100.0,0.3,0.3,1417026600.0
2014-11-26,6.0,6.0,6.0,6.0,6.0,1200,8,7200.0,1200.0,100.0,0.0,0.0,1416940200.0
2014-11-25,6.0,6.0,6.0,6.0,6.0,550,4,3300.0,550.0,100.0,0.0,0.0,1416853800.0
2014-11-24,6.49,6.49,5.9,6.19,6.193069306930693,202,8,1251.0,202.0,100.0,0.59,-0.3,1416767400.0
2014-11-21,6.51,6.8,6.19,6.19,6.504166666666666,1200,18,7805.0,1200.0,100.0,0.61,-0.32,1416508200.0
2014-11-20,6.51,6.51,6.51,6.51,6.5,90,5,585.0,90.0,100.0,0.0,0.0,1416421800.0
2014-11-19,6.2,6.5,6.2,6.2,6.340707964601769,1130,11,7165.0,1130.0,100.0,0.3,0.0,1416335400.0
2014-11-18,6.55,6.55,6.5,6.52,6.523538961038961,1232,8,8037.0,1232.0,100.0,0.05,-0.03,1416249000.0
2014-11-17,6.84,6.84,6.21,6.84,6.810587262200165,1209,15,8234.0,1209.0,100.0,0.63,0.0,1416162600.0
2014-11-13,6.52,6.52,6.52,6.52,6.52,200,2,1304.0,200.0,100.0,0.0,0.0,1415817000.0
2014-11-12,6.86,6.86,6.86,6.86,6.86,600,7,4116.0,600.0,100.0,0.0,0.0,1415730600.0
2014-11-11,7.22,7.22,7.22,7.22,7.218832891246684,754,8,5443.0,754.0,100.0,0.0,0.0,1415644200.0
2014-11-10,7.2,7.6,7.2,7.6,7.3996003996003985,1001,10,7407.0,1001.0,100.0,0.4,0.4,1415557800.0
2014-11-07,6.86,7.57,6.86,7.57,6.863387978142077,549,6,3768.0,549.0,100.0,0.71,0.71,1415298600.0
2014-11-05,7.21,7.85,7.21,7.21,7.355862068965517,725,16,5333.0,725.0,100.0,0.64,0.0,1415125800.0
2014-10-31,7.88,7.88,7.14,7.58,7.654450261780104,191,11,1462.0,191.0,100.0,0.74,-0.3,1414693800.0
2014-10-29,7.86,8.24,7.51,7.51,7.806666666666666,3000,22,23420.0,3000.0,100.0,0.73,-0.35,1414521000.0
2014-10-28,7.86,7.86,7.86,7.86,7.86,500,4,3930.0,500.0,100.0,0.0,0.0,1414434600.0
2014-10-27,8.27,8.27,8.27,8.27,8.142857142857142,7,6,57.0,7.0,100.0,0.0,0.0,1414348200.0
2014-10-16,8.7,8.7,8.7,8.7,8.5,2,4,17.0,2.0,100.0,0.0,0.0,1413397800.0
2014-10-14,8.7,8.7,8.7,8.7,8.7,100,2,870.0,100.0,100.0,0.0,0.0,1413225000.0
2014-10-13,8.75,8.75,8.75,8.75,8.666666666666666,3,6,26.0,3.0,100.0,0.0,0.0,1413138600.0
2014-10-10,8.53,8.53,8.15,8.35,8.366666666666665,1050,6,8785.0,1050.0,100.0,0.38,-0.18,1412879400.0
2014-10-09,8.53,8.53,8.53,8.53,8.529268292682929,410,8,3497.0,410.0,100.0,0.0,0.0,1412793000.0
2014-10-08,8.13,8.13,7.37,8.13,8.102692998204668,2785,22,22566.0,2785.0,100.0,0.76,0.0,1412706600.0
2014-10-07,7.03,7.75,7.03,7.75,7.125188536953242,1989,11,14172.0,1989.0,100.0,0.72,0.72,1412620200.0
2014-10-01,7.39,7.4,7.39,7.39,7.396052631578947,760,8,5621.0,760.0,100.0,0.01,0.0,1412101800.0
2014-09-30,8.0,8.17,7.77,7.77,7.859712230215827,1112,22,8740.0,1112.0,100.0,0.4,-0.23,1412015400.0
2014-09-29,8.2,8.2,8.17,8.17,8.170103092783506,970,15,7925.0,970.0,100.0,0.03,-0.03,1411929000.0
2014-09-26,8.6,8.6,8.6,8.6,8.6,570,8,4902.0,570.0,100.0,0.0,0.0,1411669800.0
2014-09-25,9.55,9.55,9.05,9.05,9.090909090909092,110,4,1000.0,110.0,100.0,0.5,-0.5,1411583400.0
2014-09-24,10.02,10.02,9.52,9.52,9.553333333333331,900,8,8598.0,900.0,100.0,0.5,-0.5,1411497000.0
2014-09-23,11.02,11.02,9.98,10.02,10.274407926534556,8276,48,85031.0,8276.0,100.0,1.04,-1.0,1411410600.0
2014-09-22,10.6,11.0,10.5,10.5,10.561652131782944,8256,40,87197.0,8256.0,100.0,0.5,-0.1,1411324200.0
2014-09-19,10.5,10.56,10.05,10.5,10.233473073202193,3101,26,31734.0,3101.0,100.0,0.51,0.0,1411065000.0
2014-09-18,10.0,10.06,9.85,10.06,10.032293178519591,5512,41,55298.0,5512.0,100.0,0.21,0.06,1410978600.0
2014-09-17,9.1,9.6,8.75,9.59,9.317876454202851,6103,60,56867.0,6103.0,100.0,0.85,0.49,1410892200.0
2014-09-16,8.5,9.24,8.5,9.19,9.131614654002712,4422,38,40380.0,4422.0,100.0,0.74,0.69,1410805800.0
2014-09-15,9.47,9.48,8.8,8.8,9.22854340362923,4078,27,37634.0,4078.0,100.0,0.68,-0.67,1410719400.0
2014-09-12,9.0,9.03,9.0,9.03,9.013190436933224,1213,15,10933.0,1213.0,100.0,0.03,0.03,1410460200.0
2014-09-11,8.93,8.93,8.55,8.6,8.810316139767057,601,12,5295.0,601.0,100.0,0.38,-0.33,1410373800.0
2014-09-10,8.55,8.55,8.51,8.51,8.514563106796116,412,10,3508.0,412.0,100.0,0.04,-0.04,1410287400.0
2014-09-09,9.35,9.35,8.9,8.9,8.979099405267629,5885,64,52842.0,5885.0,100.0,0.45,-0.45,1410201000.0
2014-09-08,9.36,9.36,8.7,9.36,9.17572664743732,4507,59,41355.0,4507.0,100.0,0.66,0.0,1410114600.0
2014-09-05,8.92,8.92,8.13,8.92,8.883180972413236,12361,143,109805.0,12361.0,100.0,0.79,0.0,1409855400.0
2014-09-04,8.5,8.5,8.5,8.5,8.499812663919071,2669,11,22686.0,2669.0,100.0,0.0,0.0,1409769000.0
2014-09-03,8.1,8.1,8.1,8.1,8.099761051373953,3348,26,27118.0,3348.0,100.0,0.0,0.0,1409682600.0
2014-09-02,7.72,7.72,7.72,7.72,7.72,3525,18,27213.0,3525.0,100.0,0.0,0.0,1409596200.0
2014-09-01,7.0,7.36,7.0,7.36,7.338383838383838,792,10,5812.0,792.0,100.0,0.36,0.36,1409509800.0
2014-08-28,7.35,7.35,7.01,7.01,7.123333333333333,3000,6,21370.0,3000.0,100.0,0.34,-0.34,1409164200.0
2014-08-27,6.8,7.0,6.8,7.0,6.842650103519669,483,16,3305.0,483.0,100.0,0.2,0.2,1409077800.0
2014-08-26,6.6,6.93,6.5,6.93,6.687857596948506,3146,20,21040.0,3146.0,100.0,0.43,0.33,1408991400.0
2014-08-25,6.5,6.9,6.4,6.6,6.840943370355135,7293,12,49891.0,7293.0,100.0,0.5,0.1,1408905000.0
2014-08-22,6.06,6.68,6.06,6.58,6.613438735177866,2530,33,16732.0,2530.0,100.0,0.62,0.52,1408645800.0
2014-08-21,6.06,6.37,6.06,6.37,6.358518518518519,1350,10,8584.0,1350.0,100.0,0.31,0.31,1408559400.0
2014-08-20,6.0,6.37,5.8,6.37,6.305510534846029,6170,25,38905.0,6170.0,100.0,0.57,0.37,1408473000.0
2014-08-19,6.07,6.07,6.07,6.07,6.069848156182212,4610,17,27982.0,4610.0,100.0,0.0,0.0,1408386600.0
2014-08-18,5.52,5.79,5.52,5.79,5.776074641786071,3001,21,17334.0,3001.0,100.0,0.27,0.27,1408300200.0
2014-08-14,6.09,6.09,5.51,5.52,5.855004402700322,3407,21,19948.0,3407.0,100.0,0.58,-0.57,1407954600.0
2014-08-13,5.8,5.8,5.8,5.8,5.8,1230,14,7134.0,1230.0,100.0,0.0,0.0,1407868200.0
2014-08-12,6.0,6.1,5.7,6.1,5.731914893617021,1880,43,10776.0,1880.0,100.0,0.4,0.1,1407781800.0
2014-08-11,6.28,6.28,6.0,6.0,6.110671936758893,253,11,1546.0,253.0,100.0,0.28,-0.28,1407695400.0
2014-08-08,5.99,5.99,5.99,5.99,5.99,1900,12,11381.0,1900.0,100.0,0.0,0.0,1407436200.0
2014-08-07,5.9,6.3,5.9,6.3,5.96822308690013,1542,14,9203.0,1542.0,100.0,0.4,0.4,1407349800.0
2014-08-06,6.0,6.0,5.78,6.0,5.985294117647058,1428,16,8547.0,1428.0,100.0,0.22,0.0,1407263400.0
2014-08-05,6.08,6.08,6.08,6.08,6.069444444444445,72,10,437.0,72.0,100.0,0.0,0.0,1407177000.0
2014-08-04,5.8,5.8,5.7,5.8,5.758441558441558,385,13,2217.0,385.0,100.0,0.1,0.0,1407090600.0
2014-07-31,5.19,5.7,5.19,5.7,5.632659932659933,2970,21,16729.0,2970.0,100.0,0.51,0.51,1406745000.0
2014-07-30,5.6,5.6,5.44,5.44,5.52,3700,26,20424.0,3700.0,100.0,0.16,-0.16,1406658600.0
2014-07-28,5.45,5.72,5.25,5.72,5.471760797342193,301,8,1647.0,301.0,100.0,0.47,0.27,1406485800.0
2014-07-25,5.45,5.45,5.45,5.45,5.44993968636912,4145,5,22590.0,4145.0,100.0,0.0,0.0,1406226600.0
2014-07-24,5.35,5.35,5.35,5.35,5.349219391947412,1217,9,6510.0,1217.0,100.0,0.0,0.0,1406140200.0
2014-07-23,4.95,5.1,4.9,5.1,5.044176706827309,1245,14,6280.0,1245.0,100.0,0.2,0.15,1406053800.0
2014-07-22,5.3,5.55,5.1,5.1,5.461538461538462,1300,12,7100.0,1300.0,100.0,0.45,-0.2,1405967400.0
2014-07-21,5.05,5.3,5.0,5.3,5.252631578947368,1520,19,7984.0,1520.0,100.0,0.3,0.25,1405881000.0
2014-07-18,5.05,5.05,5.05,5.05,5.0,10,2,50.0,10.0,100.0,0.0,0.0,1405621800.0
2014-07-17,5.3,5.3,5.3,5.3,5.299889746416759,907,8,4807.0,907.0,100.0,0.0,0.0,1405535400.0
2014-07-16,5.37,5.8,5.37,5.37,5.370722433460076,1052,14,5650.0,1052.0,100.0,0.43,0.0,1405449000.0
2014-07-15,5.65,5.65,5.13,5.65,5.491688749698868,4151,33,22796.0,4151.0,100.0,0.52,0.0,1405362600.0
2014-07-09,5.39,5.39,5.39,5.39,5.39,100,2,539.0,100.0,100.0,0.0,0.0,1404844200.0
2014-07-08,5.67,5.67,5.67,5.67,5.669805123713598,4567,14,25894.0,4567.0,100.0,0.0,0.0,1404757800.0
2014-07-07,5.4,5.4,5.4,5.4,5.4,450,6,2430.0,450.0,100.0,0.0,0.0,1404671400.0
2014-07-04,5.15,5.15,5.15,5.15,5.149820985954283,3631,10,18699.0,3631.0,100.0,0.0,0.0,1404412200.0
2014-07-03,4.91,4.91,4.91,4.91,4.91,500,2,2455.0,500.0,100.0,0.0,0.0,1404325800.0
2014-07-02,4.91,4.91,4.91,4.91,4.9,10,2,49.0,10.0,100.0,0.0,0.0,1404239400.0
2014-07-01,4.68,4.68,4.68,4.68,4.68,2000,6,9360.0,2000.0,100.0,0.0,0.0,1404153000.0
2014-06-27,4.46,4.46,4.46,4.46,4.46,400,2,1784.0,400.0,100.0,0.0,0.0,1403807400.0
2014-06-26,4.25,4.25,4.25,4.25,4.25,3000,5,12750.0,3000.0,100.0,0.0,0.0,1403721000.0
2014-06-24,3.87,4.05,3.87,4.05,4.001463057790783,1367,7,5470.0,1367.0,100.0,0.18,0.18,1403548200.0
2014-06-23,4.07,4.07,4.07,4.07,4.063636363636364,110,2,447.0,110.0,100.0,0.0,0.0,1403461800.0
2014-06-19,4.28,4.28,4.28,4.28,4.28,800,7,3424.0,800.0,100.0,0.0,0.0,1403116200.0
2014-06-18,4.5,4.5,4.5,4.5,4.5,3330,8,14985.0,3330.0,100.0,0.0,0.0,1403029800.0
2014-06-17,4.5,4.5,4.5,4.5,4.5,70,4,315.0,70.0,100.0,0.0,0.0,1402943400.0
2014-06-16,4.72,4.72,4.29,4.72,4.708378378378377,3700,7,17421.0,3700.0,100.0,0.43,0.0,1402857000.0
2014-06-13,4.51,4.51,4.51,4.51,4.51,2900,13,13079.0,2900.0,100.0,0.0,0.0,1402597800.0
2014-06-12,4.3,4.31,4.3,4.3,4.302413273001508,2652,8,11410.0,2652.0,100.0,0.01,0.0,1402511400.0
2014-06-11,3.8,4.12,3.8,4.12,4.102094240837696,1910,9,7835.0,1810.0,94.76,0.32,0.32,1402425000.0
2014-06-10,3.93,3.93,3.93,3.93,3.93,300,2,1179.0,300.0,100.0,0.0,0.0,1402338600.0
2014-06-09,3.93,3.93,3.93,3.93,3.9294117647058817,680,6,2672.0,680.0,100.0,0.0,0.0,1402252200.0
2014-06-06,3.75,3.75,3.75,3.75,3.75,200,2,750.0,200.0,100.0,0.0,0.0,1401993000.0
2014-06-04,3.75,3.75,3.75,3.75,3.74,50,2,187.0,50.0,100.0,0.0,0.0,1401820200.0
2014-06-03,3.48,3.58,3.48,3.58,3.5601123595505615,1780,5,6337.0,1780.0,100.0,0.1,0.1,1401733800.0
2014-06-02,3.4,3.41,3.31,3.41,3.3796349663784824,5205,11,17591.0,5205.0,100.0,0.1,0.01,1401647400.0
2014-05-29,3.32,3.32,3.04,3.25,3.151093439363817,503,7,1585.0,503.0,100.0,0.28,-0.07,1401301800.0
2014-05-28,3.2,3.2,3.2,3.2,3.2,700,2,2240.0,700.0,100.0,0.0,0.0,1401215400.0
2014-05-27,3.05,3.05,3.05,3.05,3.049755301794453,2452,10,7478.0,2452.0,100.0,0.0,0.0,1401129000.0
2014-05-26,3.21,3.21,2.91,2.91,3.186923076923077,1300,9,4143.0,1300.0,100.0,0.3,-0.3,1401042600.0
2014-05-23,2.95,3.06,2.95,3.06,3.0,735,5,2205.0,735.0,100.0,0.11,0.11,1400783400.0
2014-05-22,2.9,2.92,2.9,2.92,2.906312292358804,1505,4,4374.0,1505.0,100.0,0.02,0.02,1400697000.0
2014-05-21,2.84,2.84,2.84,2.84,2.84,350,2,994.0,350.0,100.0,0.0,0.0,1400610600.0
2014-05-19,2.71,2.71,2.71,2.71,2.71,600,4,1626.0,600.0,100.0,0.0,0.0,1400437800.0
2014-05-15,2.85,2.85,2.85,2.85,2.848,250,5,712.0,250.0,100.0,0.0,0.0,1400092200.0
2014-05-13,2.85,2.85,2.85,2.85,2.849631966351209,951,6,2710.0,951.0,100.0,0.0,0.0,1399919400.0
2014-05-12,2.85,2.85,2.85,2.85,2.848,250,3,712.0,250.0,100.0,0.0,0.0,1399833000.0
2014-05-09,2.85,2.85,2.85,2.85,2.85,100,2,285.0,100.0,100.0,0.0,0.0,1399573800.0
2014-05-06,2.76,2.76,2.72,2.72,2.747586206896552,1450,7,3984.0,1450.0,100.0,0.04,-0.04,1399314600.0
2014-04-30,2.86,2.86,2.86,2.86,2.86,200,2,572.0,200.0,100.0,0.0,0.0,1398796200.0
2014-04-28,2.86,2.86,2.86,2.86,2.0,1,2,2.0,1.0,100.0,0.0,0.0,1398623400.0
2014-04-23,2.73,2.73,2.73,2.73,2.7299370035606683,3651,6,9967.0,3651.0,100.0,0.0,0.0,1398191400.0
2014-04-21,2.6,2.6,2.6,2.6,2.6,90,4,234.0,90.0,100.0,0.0,0.0,1398018600.0
2014-04-16,2.48,2.48,2.48,2.48,2.4,10,2,24.0,10.0,100.0,0.0,0.0,1397586600.0
2014-04-03,2.37,2.37,2.37,2.37,2.3,10,1,23.0,10.0,100.0,0.0,0.0,1396463400.0
2014-04-02,2.26,2.26,2.26,2.26,2.2545454545454544,55,3,124.0,55.0,100.0,0.0,0.0,1396377000.0
2014-04-01,2.26,2.26,2.26,2.26,2.26,100,1,226.0,100.0,100.0,0.0,0.0,1396290600.0
2014-03-31,2.32,2.32,2.32,2.32,2.32,100,1,232.0,100.0,100.0,0.0,0.0,1396204200.0
2014-03-27,2.35,2.35,2.32,2.32,2.3241176470588236,1700,8,3951.0,1700.0,100.0,0.03,-0.03,1395858600.0
2014-03-26,2.43,2.43,2.43,2.43,2.428,250,1,607.0,250.0,100.0,0.0,0.0,1395772200.0
2014-03-25,2.32,2.32,2.32,2.32,2.32,2300,6,5336.0,2300.0,100.0,0.0,0.0,1395685800.0
2014-03-24,2.25,2.25,2.21,2.21,2.2483584395519505,2589,8,5821.0,2589.0,100.0,0.04,-0.04,1395599400.0
2014-03-21,2.15,2.15,2.15,2.15,2.15,300,3,645.0,300.0,100.0,0.0,0.0,1395340200.0
2014-03-19,1.94,2.05,1.94,2.05,1.9917269906928643,967,8,1926.0,967.0,100.0,0.11,0.11,1395167400.0
2014-03-18,1.9,2.04,1.9,2.04,1.9988372093023252,860,6,1719.0,860.0,100.0,0.14,0.14,1395081000.0
2014-03-14,1.95,1.95,1.95,1.95,1.9493333333333331,750,2,1462.0,750.0,100.0,0.0,0.0,1394735400.0
2014-03-13,1.9,1.9,1.9,1.9,1.9,150,1,285.0,150.0,100.0,0.0,0.0,1394649000.0
2014-03-07,1.85,1.94,1.85,1.94,1.91,300,2,573.0,300.0,100.0,0.09,0.09,1394130600.0
2014-03-06,1.81,1.93,1.81,1.93,1.8969879518072288,1660,4,3149.0,1660.0,100.0,0.12,0.12,1394044200.0
2014-03-04,1.68,1.84,1.68,1.84,1.7417061611374407,2110,7,3675.0,1310.0,62.09,0.16,0.16,1393871400.0
2014-02-28,1.76,1.76,1.76,1.76,1.76,1200,2,2112.0,1200.0,100.0,0.0,0.0,1393525800.0
2014-02-26,1.81,1.81,1.81,1.81,1.8,10,1,18.0,10.0,100.0,0.0,0.0,1393353000.0
2014-02-25,1.73,1.73,1.73,1.73,1.728,250,3,432.0,250.0,100.0,0.0,0.0,1393266600.0
2014-02-24,1.8,1.8,1.8,1.8,1.8,490,3,882.0,490.0,100.0,0.0,0.0,1393180200.0
2014-02-21,1.96,1.96,1.87,1.87,1.876,1500,11,2814.0,1500.0,100.0,0.09,-0.09,1392921000.0
2014-02-20,1.74,1.87,1.74,1.87,1.815,2600,5,4719.0,1500.0,57.69,0.13,0.13,1392834600.0
2014-02-19,1.81,1.96,1.79,1.79,1.8533333333333333,6000,4,11120.0,4000.0,66.67,0.17,-0.02,1392748200.0
2014-02-14,1.87,1.87,1.87,1.87,1.87,100,1,187.0,100.0,100.0,0.0,0.0,1392316200.0
2014-02-13,1.91,1.91,1.91,1.91,1.91,500,1,955.0,500.0,100.0,0.0,0.0,1392229800.0
2014-02-12,1.86,2.0,1.86,2.0,1.860174781523096,801,2,1490.0,800.0,99.88,0.14,0.14,1392143400.0
2014-02-11,1.95,1.95,1.95,1.95,1.95,100,1,195.0,100.0,100.0,0.0,0.0,1392057000.0
2014-02-07,2.05,2.05,2.05,2.05,2.0490196078431366,510,2,1045.0,510.0,100.0,0.0,0.0,1391711400.0
2014-02-06,2.1,2.15,2.1,2.15,2.106151990349819,829,2,1746.0,829.0,100.0,0.05,0.05,1391625000.0
2014-02-05,2.1,2.1,2.1,2.1,2.1,330,1,693.0,330.0,100.0,0.0,0.0,1391538600.0
2014-02-04,2.2,2.2,2.18,2.18,2.1908256880733945,1090,4,2388.0,1090.0,100.0,0.02,-0.02,1391452200.0
2014-02-03,2.29,2.29,2.29,2.29,2.29,300,1,687.0,300.0,100.0,0.0,0.0,1391365800.0
2014-01-28,2.39,2.39,2.39,2.39,2.39,2500,2,5975.0,2500.0,100.0,0.0,0.0,1390847400.0
2014-01-24,2.3,2.3,2.3,2.3,2.3,100,1,230.0,100.0,100.0,0.0,0.0,1390501800.0
2014-01-23,2.2,2.2,2.2,2.2,2.2,1200,2,2640.0,1200.0,100.0,0.0,0.0,1390415400.0
2014-01-21,2.21,2.21,2.2,2.2,2.20306258322237,1502,6,3309.0,1502.0,100.0,0.01,-0.01,1390242600.0
2014-01-20,2.12,2.12,1.95,2.12,2.1177450352338245,7805,8,16529.0,7805.0,100.0,0.17,0.0,1390156200.0
2014-01-17,2.02,2.02,2.02,2.02,2.02,5000,2,10100.0,5000.0,100.0,0.0,0.0,1389897000.0
2014-01-16,1.93,1.93,1.93,1.93,1.9276807980049877,401,2,773.0,401.0,100.0,0.0,0.0,1389810600.0
2014-01-15,1.92,2.02,1.92,2.02,1.995,400,3,798.0,300.0,75.0,0.1,0.1,1389724200.0
2014-01-14,1.84,2.02,1.84,2.02,1.9271523178807948,302,4,582.0,151.0,50.0,0.18,0.18,1389637800.0
2014-01-10,1.93,1.93,1.93,1.93,1.93,300,1,579.0,300.0,100.0,0.0,0.0,1389292200.0
2014-01-09,1.77,1.93,1.77,1.93,1.866,500,3,933.0,300.0,60.0,0.16,0.16,1389205800.0
2014-01-07,1.71,1.84,1.71,1.84,1.7745098039215685,1122,2,1991.0,561.0,50.0,0.13,0.13,1389033000.0
2014-01-02,1.76,1.76,1.76,1.76,1.76,100,1,176.0,100.0,100.0,0.0,0.0,1388601000.0
2013-12-31,1.76,1.91,1.76,1.8,1.8311111111111111,450,3,824.0,250.0,55.56,0.15,0.04,1388428200.0
2013-12-30,1.88,2.0,1.82,1.82,1.852941176470588,204,3,378.0,200.0,98.04,0.18,-0.06,1388341800.0
2013-12-27,1.76,1.91,1.76,1.91,1.7846153846153845,65,3,116.0,50.0,76.92,0.15,0.15,1388082600.0
2013-12-23,1.82,1.82,1.82,1.82,1.82,100,1,182.0,100.0,100.0,0.0,0.0,1387737000.0
2013-12-20,1.91,1.91,1.91,1.91,1.9096196868008948,2235,5,4268.0,2235.0,100.0,0.0,0.0,1387477800.0
2013-12-19,2.01,2.01,2.01,2.01,2.01,500,1,1005.0,500.0,100.0,0.0,0.0,1387391400.0
2013-12-16,1.92,1.92,1.92,1.92,1.918854415274463,419,3,804.0,419.0,100.0,0.0,0.0,1387132200.0
2013-12-13,1.83,2.0,1.83,2.0,1.9468965517241377,1450,5,2823.0,1100.0,75.86,0.17,0.17,1386873000.0
2013-12-12,1.91,1.91,1.91,1.91,1.5,2,1,3.0,2.0,100.0,0.0,0.0,1386786600.0
2013-12-11,2.0,2.0,2.0,2.0,2.0,200,1,400.0,200.0,100.0,0.0,0.0,1386700200.0
2013-12-10,2.04,2.04,2.04,2.04,2.04,1150,2,2346.0,1150.0,100.0,0.0,0.0,1386613800.0
2013-12-09,1.9,1.95,1.9,1.95,1.9045454545454543,1100,2,2095.0,1100.0,100.0,0.05,0.05,1386527400.0
2013-12-03,1.99,1.99,1.99,1.99,1.988,250,2,497.0,250.0,100.0,0.0,0.0,1386009000.0
2013-12-02,1.9,1.9,1.9,1.9,1.8993231810490692,1182,1,2245.0,1182.0,100.0,0.0,0.0,1385922600.0
2013-11-29,1.94,2.0,1.94,1.94,1.939903846153846,4160,8,8070.0,4160.0,100.0,0.06,0.0,1385663400.0
2013-11-28,2.04,2.04,2.04,2.04,2.0,12,2,24.0,12.0,100.0,0.0,0.0,1385577000.0
2013-11-26,2.14,2.14,2.14,2.14,2.14,500,1,1070.0,500.0,100.0,0.0,0.0,1385404200.0
2013-11-25,2.25,2.25,2.25,2.25,2.25,200,1,450.0,200.0,100.0,0.0,0.0,1385317800.0
2013-11-19,2.32,2.32,2.32,2.32,2.32,100,1,232.0,100.0,100.0,0.0,0.0,1384799400.0
2013-11-14,2.21,2.43,2.21,2.43,2.32,200,6,464.0,100.0,50.0,0.22,0.22,1384367400.0
2013-11-13,2.32,2.32,2.32,2.32,2.32,300,2,696.0,300.0,100.0,0.0,0.0,1384281000.0
2013-11-11,2.31,2.31,2.31,2.31,2.31,300,2,693.0,300.0,100.0,0.0,0.0,1384108200.0
2013-11-08,2.31,2.31,2.31,2.31,2.2916666666666665,48,1,110.0,48.0,100.0,0.0,0.0,1383849000.0
2013-11-06,2.2,2.2,2.2,2.2,2.0,2,1,4.0,2.0,100.0,0.0,0.0,1383676200.0
2013-11-05,2.18,2.3,2.18,2.3,2.2384615384615385,390,2,873.0,195.0,50.0,0.12,0.12,1383589800.0
2013-11-01,2.11,2.29,2.11,2.29,2.146153846153846,130,4,279.0,100.0,76.92,0.18,0.18,1383244200.0
2013-10-31,2.19,2.19,2.19,2.19,2.0,5,1,10.0,5.0,100.0,0.0,0.0,1383157800.0
2013-10-30,2.3,2.3,2.3,2.3,2.3,300,3,690.0,300.0,100.0,0.0,0.0,1383071400.0
2013-10-29,2.33,2.33,2.33,2.33,2.33,400,1,932.0,400.0,100.0,0.0,0.0,1382985000.0
2013-10-24,2.45,2.45,2.4,2.45,2.4473007712082264,389,6,952.0,389.0,100.0,0.05,0.0,1382553000.0
2013-10-22,2.43,2.43,2.43,2.43,2.333333333333333,9,1,21.0,9.0,100.0,0.0,0.0,1382380200.0
2013-10-21,2.16,2.32,2.16,2.32,2.2384615384615385,390,2,873.0,195.0,50.0,0.16,0.16,1382293800.0
2013-10-18,2.23,2.23,2.21,2.21,2.2285115303983227,477,5,1063.0,477.0,100.0,0.02,-0.02,1382034600.0
2013-10-17,2.32,2.32,2.32,2.32,2.2,5,1,11.0,5.0,100.0,0.0,0.0,1381948200.0
2013-10-15,2.44,2.44,2.44,2.44,2.438692098092643,367,2,895.0,367.0,100.0,0.0,0.0,1381775400.0
2013-10-14,2.56,2.56,2.56,2.56,2.5598227474150663,1354,10,3466.0,1354.0,100.0,0.0,0.0,1381689000.0
2013-10-11,2.69,2.69,2.69,2.69,2.6881091617933723,513,5,1379.0,513.0,100.0,0.0,0.0,1381429800.0
2013-10-10,2.69,2.69,2.69,2.69,2.6896551724137927,261,3,702.0,261.0,100.0,0.0,0.0,1381343400.0
2013-10-09,2.77,2.77,2.77,2.77,2.77,500,1,1385.0,500.0,100.0,0.0,0.0,1381257000.0
2013-09-30,2.77,2.77,2.77,2.77,2.0,1,1,2.0,1.0,100.0,0.0,0.0,1380479400.0
2013-09-24,2.91,2.91,2.91,2.91,2.9,50,1,145.0,50.0,100.0,0.0,0.0,1379961000.0
2013-09-20,2.9,2.9,2.9,2.9,2.9,120,1,348.0,120.0,100.0,0.0,0.0,1379615400.0
2013-09-17,2.9,2.9,2.9,2.9,2.9,30,5,87.0,30.0,100.0,0.0,0.0,1379356200.0
2013-09-10,3.0,3.0,3.0,3.0,3.0,2,1,6.0,2.0,100.0,0.0,0.0,1378751400.0
2013-09-06,3.0,3.0,3.0,3.0,3.0,1000,1,3000.0,1000.0,100.0,0.0,0.0,1378405800.0
2013-09-05,2.97,2.97,2.97,2.97,2.96875,352,3,1045.0,351.0,99.72,0.0,0.0,1378319400.0
2013-09-04,2.83,2.83,2.83,2.83,2.8,20,1,56.0,20.0,100.0,0.0,0.0,1378233000.0
2013-09-02,2.83,2.83,2.83,2.83,2.83,1000,10,2830.0,1000.0,100.0,0.0,0.0,1378060200.0
2013-08-26,2.7,2.7,2.7,2.7,2.5,2,1,5.0,2.0,100.0,0.0,0.0,1377455400.0
2013-08-22,2.7,2.7,2.7,2.7,2.7,1000,1,2700.0,1000.0,100.0,0.0,0.0,1377109800.0
2013-08-21,2.52,2.64,2.52,2.64,2.619047619047619,21,2,55.0,21.0,100.0,0.12,0.12,1377023400.0
2013-08-16,2.52,2.52,2.52,2.52,2.5,30,3,75.0,30.0,100.0,0.0,0.0,1376591400.0
2013-08-06,2.4,2.4,2.4,2.4,2.0,2,1,4.0,2.0,100.0,0.0,0.0,1375727400.0
2013-08-05,2.5,2.5,2.5,2.5,2.5,4,1,10.0,4.0,100.0,0.0,0.0,1375641000.0
2013-08-02,2.5,2.5,2.5,2.5,2.0,1,1,2.0,1.0,100.0,0.0,0.0,1375381800.0
2013-08-01,2.63,2.63,2.63,2.63,2.6,20,1,52.0,20.0,100.0,0.0,0.0,1375295400.0
2013-07-29,2.76,2.76,2.76,2.76,2.759677419354839,620,5,1711.0,620.0,100.0,0.0,0.0,1375036200.0
2013-07-26,2.9,3.0,2.9,2.9,2.888888888888889,9,7,26.0,9.0,100.0,0.1,0.0,1374777000.0
2013-07-18,2.9,2.9,2.9,2.9,2.9,250,1,725.0,250.0,100.0,0.0,0.0,1374085800.0
2013-07-17,3.02,3.02,3.02,3.02,3.01010101010101,99,1,298.0,99.0,100.0,0.0,0.0,1373999400.0
2013-07-15,3.05,3.05,3.05,3.05,3.047619047619048,84,1,256.0,84.0,100.0,0.0,0.0,1373826600.0
2013-07-12,3.05,3.05,3.05,3.05,3.049370764762827,1033,1,3150.0,1033.0,100.0,0.0,0.0,1373567400.0
2013-07-10,2.9,3.2,2.9,3.2,2.9985401459854013,685,4,2054.0,460.0,67.15,0.3,0.3,1373394600.0
2013-07-09,3.05,3.05,3.05,3.05,3.0,15,2,45.0,15.0,100.0,0.0,0.0,1373308200.0
2013-07-08,3.2,3.2,3.2,3.2,3.2,105,2,336.0,105.0,100.0,0.0,0.0,1373221800.0
2013-07-05,3.15,3.2,3.15,3.2,3.148514851485148,101,2,318.0,101.0,100.0,0.05,0.05,1372962600.0
2013-06-27,3.2,3.2,3.2,3.2,3.2,20,2,64.0,20.0,100.0,0.0,0.0,1372271400.0
2013-06-21,3.36,3.36,3.36,3.36,3.333333333333333,9,9,30.0,9.0,100.0,0.0,0.0,1371753000.0
2013-06-19,3.11,3.36,3.11,3.36,3.23,100,2,323.0,100.0,100.0,0.25,0.25,1371580200.0
2013-06-18,3.27,3.27,3.27,3.27,3.27,1000,1,3270.0,1000.0,100.0,0.0,0.0,1371493800.0
2013-06-17,3.36,3.36,3.36,3.36,3.25,4,3,13.0,4.0,100.0,0.0,0.0,1371407400.0
2013-06-13,3.05,3.2,3.05,3.2,3.1818181818181817,110,2,350.0,110.0,100.0,0.15,0.15,1371061800.0
2013-06-10,3.2,3.2,3.2,3.2,3.0,2,2,6.0,2.0,100.0,0.0,0.0,1370802600.0
2013-06-07,3.2,3.2,3.2,3.2,3.1785714285714284,28,4,89.0,28.0,100.0,0.0,0.0,1370543400.0
2013-06-05,3.07,3.07,3.07,3.07,3.07,100,1,307.0,100.0,100.0,0.0,0.0,1370370600.0
2013-05-30,3.23,3.23,3.23,3.23,3.23,1300,2,4199.0,1300.0,100.0,0.0,0.0,1369852200.0
2013-05-29,3.08,3.08,3.08,3.08,3.08,500,3,1540.0,500.0,100.0,0.0,0.0,1369765800.0
2013-05-27,3.24,3.24,3.24,3.24,3.24,100,1,324.0,100.0,100.0,0.0,0.0,1369593000.0
2013-05-21,2.95,3.24,2.95,3.09,2.9762773722627736,1096,3,3262.0,996.0,90.88,0.29,0.14,1369074600.0
2013-05-20,3.09,3.09,3.09,3.09,3.0,5,1,15.0,5.0,100.0,0.0,0.0,1368988200.0
2013-05-16,3.2,3.25,3.2,3.25,3.226361031518625,349,5,1126.0,349.0,100.0,0.05,0.05,1368642600.0
2013-05-15,3.36,3.36,3.36,3.36,3.36,300,5,1008.0,300.0,100.0,0.0,0.0,1368556200.0
2013-05-09,3.0,3.2,3.0,3.2,3.0823529411764703,1700,4,5240.0,1000.0,58.82,0.2,0.2,1368037800.0
2013-05-07,3.21,3.23,3.05,3.05,3.0947630922693263,401,4,1241.0,401.0,100.0,0.18,-0.16,1367865000.0
2013-05-06,3.2,3.2,3.2,3.2,3.2,100,1,320.0,100.0,100.0,0.0,0.0,1367778600.0
2013-05-02,3.2,3.2,3.05,3.05,3.092857142857143,700,4,2165.0,700.0,100.0,0.15,-0.15,1367433000.0
2013-04-30,3.2,3.2,3.2,3.2,3.2,1200,9,3840.0,1200.0,100.0,0.0,0.0,1367260200.0
2013-04-26,3.4,3.4,3.36,3.36,3.373333333333333,750,3,2530.0,750.0,100.0,0.04,-0.04,1366914600.0
2013-04-18,3.53,3.53,3.53,3.53,3.53,200,1,706.0,200.0,100.0,0.0,0.0,1366223400.0
2013-04-15,3.71,3.71,3.71,3.71,3.0,1,1,3.0,1.0,100.0,0.0,0.0,1365964200.0
2013-04-12,3.9,3.9,3.9,3.9,3.9,100,1,390.0,100.0,100.0,0.0,0.0,1365705000.0
2013-04-05,4.45,4.5,4.09,4.09,4.317037037037037,2025,10,8742.0,2025.0,100.0,0.41,-0.36,1365100200.0
2013-04-04,4.5,4.5,4.3,4.3,4.391666666666667,2400,6,10540.0,2400.0,100.0,0.2,-0.2,1365013800.0
2013-04-03,4.25,4.6,4.25,4.5,4.371048252911813,1202,9,5254.0,1182.0,98.34,0.35,0.25,1364927400.0
2013-04-02,4.46,4.46,4.05,4.39,4.278450363196126,1652,10,7068.0,1421.0,86.02,0.41,-0.07,1364841000.0
2013-04-01,4.25,4.25,4.2,4.25,4.213333333333333,150,3,632.0,150.0,100.0,0.05,0.0,1364754600.0
2013-03-28,4.05,4.05,3.9,4.05,3.9100775193798447,1290,6,5044.0,1290.0,100.0,0.15,0.0,1364409000.0
2013-03-26,4.05,4.05,4.05,4.05,4.05,20,2,81.0,20.0,100.0,0.0,0.0,1364236200.0
2013-03-25,4.0,4.36,4.0,4.1,4.016722408026756,299,5,1201.0,299.0,100.0,0.36,0.1,1364149800.0
2013-03-22,4.19,4.19,4.19,4.19,4.19,2100,7,8799.0,2100.0,100.0,0.0,0.0,1363890600.0
2013-03-21,4.6,4.6,4.38,4.4,4.450564971751413,708,9,3151.0,708.0,100.0,0.22,-0.2,1363804200.0
2013-03-20,4.5,4.6,4.48,4.6,4.500461467466544,4334,18,19505.0,4114.0,94.92,0.12,0.1,1363717800.0
2013-03-19,4.68,4.68,4.67,4.67,4.67,100,2,467.0,100.0,100.0,0.01,-0.01,1363631400.0
2013-03-18,5.0,5.0,4.84,4.84,4.998751560549313,801,4,4004.0,801.0,100.0,0.16,-0.16,1363545000.0
2013-03-15,5.09,5.09,5.09,5.09,5.09,1000,1,5090.0,1000.0,100.0,0.0,0.0,1363285800.0
2013-03-14,4.85,5.29,4.85,4.85,4.851528384279476,229,7,1111.0,229.0,100.0,0.44,0.0,1363199400.0
2013-03-13,4.8,5.1,4.67,5.1,4.787318361955085,757,9,3624.0,752.0,99.34,0.43,0.3,1363113000.0
2013-03-12,4.67,5.14,4.67,4.9,5.022878932316492,2098,29,10538.0,1993.0,95.0,0.47,0.23,1363026600.0
2013-03-11,5.2,5.37,4.89,4.91,4.913878767803909,3019,12,14835.0,3016.0,99.9,0.48,-0.29,1362940200.0
2013-03-08,5.1,5.12,5.1,5.12,5.11,200,2,1022.0,200.0,100.0,0.02,0.02,1362681000.0
2013-03-07,5.08,5.08,5.08,5.08,5.0,3,3,15.0,3.0,100.0,0.0,0.0,1362594600.0
2013-03-04,5.33,5.33,5.33,5.33,5.33,100,1,533.0,100.0,100.0,0.0,0.0,1362335400.0
2013-03-01,5.88,5.88,5.33,5.6,5.763636363636364,55,3,317.0,45.0,81.82,0.55,-0.28,1362076200.0
2013-02-28,5.41,5.94,5.41,5.6,5.333333333333333,3,3,16.0,2.0,66.67,0.53,0.19,1361989800.0
2013-02-26,5.69,5.69,5.69,5.69,5.69,100,1,569.0,100.0,100.0,0.0,0.0,1361817000.0
2013-02-25,5.69,5.69,5.69,5.69,5.68,50,1,284.0,50.0,100.0,0.0,0.0,1361730600.0
2013-02-22,5.98,5.98,5.97,5.98,5.75,4,3,23.0,2.0,50.0,0.01,0.0,1361471400.0
2013-02-21,5.98,5.98,5.98,5.98,5.9714285714285715,35,4,209.0,20.0,57.14,0.0,0.0,1361385000.0
2013-02-20,5.71,5.71,5.71,5.71,5.71,1000,3,5710.0,1000.0,100.0,0.0,0.0,1361298600.0
2013-02-19,5.6,6.0,5.57,6.0,5.582677165354331,127,4,709.0,123.0,96.85,0.43,0.4,1361212200.0
2013-02-18,5.6,5.88,5.35,5.86,5.420299284320104,3074,12,16662.0,3074.0,100.0,0.53,0.26,1361125800.0
2013-02-15,6.03,6.03,5.6,5.6,5.602857142857143,350,4,1961.0,346.0,98.86,0.43,-0.43,1360866600.0
2013-02-14,5.78,5.78,5.78,5.78,5.78,400,5,2312.0,400.0,100.0,0.0,0.0,1360780200.0
2013-02-13,5.57,6.08,5.57,6.08,5.900232018561485,431,6,2543.0,430.0,99.77,0.51,0.51,1360693800.0
2013-02-12,5.46,5.85,5.45,5.85,5.454183266932271,502,4,2738.0,500.0,99.6,0.4,0.39,1360607400.0
2013-02-11,5.23,5.7,5.23,5.68,5.317307692307692,104,6,553.0,100.0,96.15,0.47,0.45,1360521000.0
2013-02-08,5.38,5.72,5.38,5.46,5.495238095238095,420,3,2308.0,300.0,71.43,0.34,0.08,1360261800.0
2013-02-07,5.61,5.65,5.46,5.46,5.538095238095238,210,5,1163.0,200.0,95.24,0.19,-0.15,1360175400.0
2013-02-06,5.38,5.93,5.38,5.61,5.620328849028401,1338,8,7520.0,836.0,62.48,0.55,0.23,1360089000.0
2013-02-05,5.8,5.8,5.56,5.65,5.749485243651337,2914,10,16754.0,2457.0,84.32,0.24,-0.15,1360002600.0
2013-02-04,5.85,5.9,5.85,5.85,5.87,1200,5,7044.0,1200.0,100.0,0.05,0.0,1359916200.0
2013-02-01,5.71,6.17,5.71,6.07,5.7105788423153685,1002,3,5722.0,1000.0,99.8,0.46,0.36,1359657000.0
2013-01-31,6.09,6.09,5.81,5.88,5.897163120567376,846,10,4989.0,650.0,76.83,0.28,-0.21,1359570600.0
2013-01-30,5.77,6.19,5.71,5.8,5.867571281346616,5822,10,34161.0,3610.0,62.01,0.48,0.03,1359484200.0
2013-01-28,5.68,5.9,5.68,5.9,5.79,600,4,3474.0,300.0,50.0,0.22,0.22,1359311400.0
2013-01-24,5.66,5.87,5.66,5.87,5.783703703703704,2700,8,15616.0,1500.0,55.56,0.21,0.21,1358965800.0
2013-01-23,6.3,6.3,5.87,5.87,6.190066857688634,1047,7,6481.0,1046.0,99.9,0.43,-0.43,1358879400.0
2013-01-22,6.3,6.3,6.0,6.0,6.297658862876254,598,10,3766.0,598.0,100.0,0.3,-0.3,1358793000.0
2013-01-21,5.9,6.01,5.9,6.0,5.977142857142857,350,4,2092.0,350.0,100.0,0.11,0.1,1358706600.0
2013-01-18,6.1,6.59,6.09,6.12,6.105506709856548,2161,18,13194.0,1553.0,71.86,0.5,0.02,1358447400.0
2013-01-17,6.28,6.6,6.28,6.31,6.3589473684210525,2850,16,18123.0,2850.0,100.0,0.32,0.03,1358361000.0
2013-01-16,6.6,6.6,6.6,6.6,6.6,100,1,660.0,100.0,100.0,0.0,0.0,1358274600.0
2013-01-14,6.86,6.86,6.86,6.86,6.86,200,1,1372.0,200.0,100.0,0.0,0.0,1358101800.0
2013-01-11,6.93,7.25,6.89,6.89,6.921797004991681,1202,11,8320.0,702.0,58.4,0.36,-0.04,1357842600.0
2013-01-10,6.72,7.26,6.72,7.25,7.1255,2000,8,14251.0,1600.0,80.0,0.54,0.53,1357756200.0
2013-01-09,6.55,6.93,6.4,6.92,6.911496618641576,3401,21,23506.0,3350.0,98.5,0.53,0.37,1357669800.0
2013-01-08,6.4,6.78,6.14,6.6,6.687623762376238,4040,14,27018.0,3790.0,93.81,0.64,0.2,1357583400.0
2013-01-07,6.46,6.46,6.46,6.46,6.46,200,2,1292.0,200.0,100.0,0.0,0.0,1357497000.0
2013-01-04,6.16,6.16,6.16,6.16,6.16,350,2,2156.0,350.0,100.0,0.0,0.0,1357237800.0
2013-01-03,6.03,6.35,6.02,6.15,6.179296875,2560,12,15819.0,1450.0,56.64,0.33,0.12,1357151400.0
2013-01-02,5.91,6.36,5.91,6.1,6.267326732673268,202,5,1266.0,151.0,74.75,0.45,0.19,1357065000.0
2013-01-01,6.0,6.06,6.0,6.06,6.03,100,2,603.0,50.0,50.0,0.06,0.06,1356978600.0
2012-12-31,6.02,6.1,6.02,6.1,6.06,200,2,1212.0,100.0,50.0,0.08,0.08,1356892200.0
2012-12-28,6.34,6.34,6.14,6.26,6.272222222222222,720,8,4516.0,720.0,100.0,0.2,-0.08,1356633000.0
2012-12-27,6.0,6.22,6.0,6.22,6.017286084701815,2314,19,13924.0,2314.0,100.0,0.22,0.22,1356546600.0
2012-12-26,6.0,6.06,6.0,6.06,6.027,1000,4,6027.0,800.0,80.0,0.06,0.06,1356460200.0
2012-12-24,6.01,6.15,6.0,6.05,6.031613976705491,601,7,3625.0,551.0,91.68,0.15,0.04,1356287400.0
2012-12-21,6.03,6.1,6.03,6.1,6.051351351351351,370,3,2239.0,370.0,100.0,0.07,0.07,1356028200.0
2012-12-20,6.2,6.2,6.11,6.11,6.187645687645688,858,2,5309.0,858.0,100.0,0.09,-0.09,1355941800.0
2012-12-19,6.1,6.39,6.1,6.1,6.225392296718973,701,8,4364.0,501.0,71.47,0.29,0.0,1355855400.0
2012-12-18,6.03,6.1,6.03,6.1,6.0944615384615375,3250,6,19807.0,3250.0,100.0,0.07,0.07,1355769000.0
2012-12-17,6.25,6.3,6.25,6.3,6.2528987778125975,3191,6,19953.0,3191.0,100.0,0.05,0.05,1355682600.0
2012-12-14,6.58,6.58,6.57,6.57,6.5,2,2,13.0,0.0,0.0,0.01,-0.01,1355423400.0
2012-12-13,6.02,6.27,6.02,6.27,6.035820895522388,1005,4,6066.0,1005.0,100.0,0.25,0.25,1355337000.0
2012-12-12,6.05,6.3,5.91,6.21,5.947246376811593,3450,13,20518.0,3448.0,99.94,0.39,0.16,1355250600.0
2012-12-11,6.07,6.07,6.07,6.07,6.07,300,1,1821.0,300.0,100.0,0.0,0.0,1355164200.0
2012-12-10,6.2,6.2,6.0,6.04,6.043824701195219,502,6,3034.0,502.0,100.0,0.2,-0.16,1355077800.0
2012-12-07,6.08,6.25,6.0,6.16,6.090325765054295,2026,20,12339.0,1566.0,77.3,0.25,0.08,1354818600.0
2012-12-06,5.92,6.25,5.92,6.25,6.165,2200,8,13563.0,1650.0,75.0,0.33,0.33,1354732200.0
2012-12-05,6.02,6.34,6.01,6.01,6.234062354583528,2149,22,13397.0,1951.0,90.79,0.33,-0.01,1354645800.0
2012-12-04,6.24,6.25,5.91,6.04,6.194878201124297,1601,12,9918.0,1541.0,96.25,0.34,-0.2,1354559400.0
2012-12-03,5.85,6.0,5.85,6.0,5.899375,1600,3,9439.0,1100.0,68.75,0.15,0.15,1354473000.0
2012-11-30,6.01,6.58,6.0,6.0,6.00834938985228,1557,13,9355.0,1052.0,67.57,0.58,-0.01,1354213800.0
2012-11-29,5.88,6.27,5.88,6.27,6.087142857142857,700,3,4261.0,400.0,57.14,0.39,0.39,1354127400.0
2012-11-27,6.61,6.64,6.04,6.04,6.615537848605578,502,6,3321.0,500.0,99.6,0.6,-0.57,1353954600.0
2012-11-26,6.35,6.35,6.35,6.35,6.35,500,5,3175.0,500.0,100.0,0.0,0.0,1353868200.0
2012-11-23,6.16,6.68,6.16,6.68,6.158415841584159,101,2,622.0,101.0,100.0,0.52,0.52,1353609000.0
2012-11-22,5.93,6.48,5.93,6.48,5.976782752902156,603,6,3604.0,551.0,91.38,0.55,0.55,1353522600.0
2012-11-20,5.98,6.5,5.98,6.2,6.100746268656716,804,5,4905.0,401.0,49.88,0.52,0.22,1353349800.0
2012-11-19,6.23,6.23,6.23,6.23,6.23,200,1,1246.0,200.0,100.0,0.0,0.0,1353263400.0
2012-11-16,6.25,6.4,6.23,6.23,6.378378378378377,1850,6,11800.0,1700.0,91.89,0.17,-0.02,1353004200.0
2012-11-15,6.51,6.74,6.5,6.5,6.519572953736655,1405,10,9160.0,1405.0,100.0,0.24,-0.01,1352917800.0
2012-11-13,6.75,6.82,6.5,6.8,6.768,3500,10,23688.0,3001.0,85.74,0.32,0.05,1352745000.0
2012-11-12,6.5,6.5,6.5,6.5,6.499630450849963,1353,2,8794.0,1353.0,100.0,0.0,0.0,1352658600.0
2012-11-09,6.71,6.75,6.71,6.75,6.73,1000,10,6730.0,1000.0,100.0,0.04,0.04,1352399400.0
2012-11-08,6.31,6.79,6.27,6.46,6.409713574097136,1606,18,10294.0,1601.0,99.69,0.52,0.15,1352313000.0
2012-11-07,6.5,6.65,6.5,6.5,6.5575,400,4,2623.0,400.0,100.0,0.15,0.0,1352226600.0
2012-11-06,6.66,6.66,6.6,6.6,6.629470672389127,699,4,4634.0,699.0,100.0,0.06,-0.06,1352140200.0
2012-11-05,7.25,7.25,6.65,6.65,6.696428571428571,56,6,375.0,52.0,92.86,0.6,-0.6,1352053800.0
2012-11-02,6.94,6.94,6.94,6.94,6.94,200,2,1388.0,200.0,100.0,0.0,0.0,1351794600.0
2012-11-01,6.65,6.94,6.64,6.94,6.74,300,6,2022.0,200.0,66.67,0.3,0.29,1351708200.0
2012-10-31,6.99,7.0,6.99,7.0,6.996666666666666,300,3,2099.0,300.0,100.0,0.01,0.01,1351621800.0
2012-10-30,6.99,7.0,6.52,6.99,6.990196078431373,102,3,713.0,51.0,50.0,0.48,0.0,1351535400.0
2012-10-29,7.04,7.04,6.3,6.38,6.920145190562613,1102,9,7626.0,699.0,63.43,0.74,-0.66,1351449000.0
2012-10-26,6.7,6.7,6.7,6.7,6.7,500,1,3350.0,500.0,100.0,0.0,0.0,1351189800.0
2012-10-25,6.63,6.63,6.63,6.63,6.63,100,1,663.0,100.0,100.0,0.0,0.0,1351103400.0
2012-10-23,7.02,7.02,7.02,7.02,7.019230769230769,572,3,4015.0,572.0,100.0,0.0,0.0,1350930600.0
2012-10-22,6.59,6.67,6.59,6.67,6.616666666666666,300,2,1985.0,300.0,100.0,0.08,0.08,1350844200.0
2012-10-19,7.32,7.32,6.75,6.75,7.13,300,3,2139.0,300.0,100.0,0.57,-0.57,1350585000.0
2012-10-18,7.95,7.95,6.76,6.76,6.906424992631889,6786,85,46867.0,4620.0,68.08,1.19,-1.19,1350498600.0
2012-10-17,7.85,7.85,6.75,7.5,6.895424836601308,1836,40,12660.0,1175.0,64.0,1.1,-0.35,1350412200.0
2012-10-16,6.82,7.21,6.58,7.17,6.625334864140833,5226,20,34624.0,5220.0,99.89,0.63,0.35,1350325800.0
2012-10-15,7.23,7.23,7.23,7.23,7.2,10,1,72.0,10.0,100.0,0.0,0.0,1350239400.0
2012-10-12,7.24,7.24,6.92,6.92,6.951127819548872,266,6,1849.0,238.0,89.47,0.32,-0.32,1349980200.0
2012-10-11,6.75,6.99,6.75,6.94,6.883571428571429,2800,8,19274.0,2700.0,96.43,0.24,0.19,1349893800.0
2012-10-10,6.75,6.9,6.75,6.9,6.76046511627907,430,3,2907.0,430.0,100.0,0.15,0.15,1349807400.0
2012-10-09,6.76,7.1,6.76,6.94,6.791071428571429,1120,9,7606.0,1060.0,94.64,0.34,0.18,1349721000.0
2012-10-08,6.76,6.76,6.76,6.76,6.75,40,1,270.0,40.0,100.0,0.0,0.0,1349634600.0
2012-10-05,6.8,6.81,6.71,6.8,6.784848484848485,660,8,4478.0,650.0,98.48,0.1,0.0,1349375400.0
2012-10-04,6.77,6.94,6.75,6.94,6.807549962990378,1351,8,9197.0,1350.0,99.93,0.19,0.17,1349289000.0
2012-10-03,6.89,6.89,6.77,6.79,6.799687010954616,1917,12,13035.0,1905.0,99.37,0.12,-0.1,1349202600.0
2012-10-01,6.74,6.9,6.74,6.76,6.7706024096385535,2075,12,14049.0,1011.0,48.72,0.16,0.02,1349029800.0
2012-09-28,6.81,6.9,6.81,6.81,6.828215767634855,2410,14,16456.0,2200.0,91.29,0.09,0.0,1348770600.0
2012-09-27,6.85,7.18,6.8,6.98,6.916110581506196,3147,14,21765.0,1800.0,57.2,0.38,0.13,1348684200.0
2012-09-26,6.68,7.0,6.68,6.86,6.800999167360533,2402,12,16336.0,2050.0,85.35,0.32,0.18,1348597800.0
2012-09-25,6.51,7.11,6.51,7.11,7.103960396039604,202,3,1435.0,200.0,99.01,0.6,0.6,1348511400.0
2012-09-24,6.86,7.35,6.86,6.92,6.9122106943335995,1253,13,8661.0,901.0,71.91,0.49,0.06,1348425000.0
2012-09-21,7.75,7.75,6.93,6.98,7.371780821917808,3650,11,26907.0,2800.0,76.71,0.82,-0.77,1348165800.0
2012-09-20,7.69,7.69,7.69,7.69,7.69,200,2,1538.0,100.0,50.0,0.0,0.0,1348079400.0
2012-09-18,7.59,7.6,7.08,7.22,7.553846153846154,780,10,5892.0,777.0,99.62,0.52,-0.37,1347906600.0
2012-09-14,6.7,6.94,6.7,6.93,6.847653244421648,3899,9,26699.0,2898.0,74.33,0.24,0.23,1347561000.0
2012-09-13,6.65,7.0,6.65,6.81,6.861111111111112,324,7,2223.0,323.0,99.69,0.35,0.16,1347474600.0
2012-09-12,7.34,7.35,6.76,6.78,7.289972899728997,1107,7,8070.0,1101.0,99.46,0.59,-0.56,1347388200.0
2012-09-11,6.78,7.45,6.7,6.72,6.731435643564357,808,9,5439.0,800.0,99.01,0.75,-0.06,1347301800.0
2012-09-10,6.95,6.95,6.95,6.95,6.95,700,2,4865.0,700.0,100.0,0.0,0.0,1347215400.0
2012-09-07,7.77,7.77,6.76,7.6,6.820754716981132,106,5,723.0,101.0,95.28,1.01,-0.17,1346956200.0
2012-09-06,7.0,7.22,6.65,7.21,6.9464012251148555,653,25,4536.0,619.0,94.79,0.57,0.21,1346869800.0
2012-09-05,6.95,7.0,6.71,6.97,6.957777777777777,1350,7,9393.0,1340.0,99.26,0.29,0.02,1346783400.0
2012-09-04,7.0,7.0,6.99,6.99,6.5,2,2,13.0,0.0,0.0,0.01,-0.01,1346697000.0
2012-09-03,6.71,6.71,6.71,6.71,6.71,200,3,1342.0,150.0,75.0,0.0,0.0,1346610600.0
2012-08-31,7.24,7.24,6.67,6.7,6.709090909090909,550,7,3690.0,300.0,54.55,0.57,-0.54,1346351400.0
2012-08-29,6.73,7.0,6.73,6.95,6.86,950,5,6517.0,450.0,47.37,0.27,0.22,1346178600.0
2012-08-28,7.39,7.39,6.91,6.91,7.085263157894737,950,5,6731.0,850.0,89.47,0.48,-0.48,1346092200.0
2012-08-27,7.14,7.25,7.12,7.25,7.1575,800,8,5726.0,750.0,93.75,0.13,0.11,1346005800.0
2012-08-24,7.39,7.39,6.91,6.91,6.916158536585366,656,10,4537.0,647.0,98.63,0.48,-0.48,1345746600.0
2012-08-23,7.06,7.06,7.06,7.06,7.0,1,1,7.0,1.0,100.0,0.0,0.0,1345660200.0
2012-08-22,7.44,7.44,7.2,7.21,7.389502762430939,1086,8,8025.0,936.0,86.19,0.24,-0.23,1345573800.0
2012-08-21,7.09,7.6,7.09,7.1,7.097560975609756,41,3,291.0,41.0,100.0,0.51,0.01,1345487400.0
2012-08-17,6.87,7.45,6.87,7.45,7.383005310840361,3201,15,23633.0,1651.0,51.58,0.58,0.58,1345141800.0
2012-08-16,7.1,7.1,7.1,7.1,7.1,100,1,710.0,100.0,100.0,0.0,0.0,1345055400.0
2012-08-14,7.18,7.19,6.75,6.77,7.024420456556362,5651,12,39695.0,5650.0,99.98,0.44,-0.41,1344882600.0
2012-08-13,6.91,7.2,6.85,6.85,6.851535836177473,4102,19,28105.0,4102.0,100.0,0.35,-0.06,1344796200.0
2012-08-10,7.21,7.48,7.21,7.21,7.21031746031746,252,4,1817.0,252.0,100.0,0.27,0.0,1344537000.0
2012-08-09,7.58,7.58,7.58,7.58,7.0,1,1,7.0,1.0,100.0,0.0,0.0,1344450600.0
2012-08-08,7.1,7.25,7.1,7.25,7.242857142857142,2100,3,15210.0,2100.0,100.0,0.15,0.15,1344364200.0
2012-08-07,7.1,7.42,6.95,7.41,7.029347826086957,920,8,6467.0,910.0,98.91,0.47,0.31,1344277800.0
2012-08-06,7.1,7.2,7.05,7.1,7.133021390374332,1496,11,10671.0,1326.0,88.64,0.15,0.0,1344191400.0
2012-08-03,7.52,7.52,6.83,7.42,6.896,250,10,1724.0,247.0,98.8,0.69,-0.1,1343932200.0
2012-08-02,7.45,7.45,7.15,7.18,7.204795204795205,1001,6,7212.0,1001.0,100.0,0.3,-0.27,1343845800.0
2012-08-01,7.25,7.25,7.04,7.1,7.073298429319372,191,3,1351.0,100.0,52.36,0.21,-0.15,1343759400.0
2012-07-30,7.5,7.79,7.11,7.23,7.253985586372569,4579,26,33216.0,2400.0,52.41,0.68,-0.27,1343586600.0
2012-07-27,8.17,8.17,7.41,7.44,7.7179624664879345,1865,17,14394.0,1300.0,69.71,0.76,-0.73,1343327400.0
2012-07-26,7.79,7.79,7.79,7.79,7.79,200,2,1558.0,200.0,100.0,0.0,0.0,1343241000.0
2012-07-25,7.51,7.51,7.42,7.42,7.442786069651741,2010,10,14960.0,2010.0,100.0,0.09,-0.09,1343154600.0
2012-07-24,7.4,8.1,7.4,7.81,7.785964912280701,285,12,2219.0,110.0,38.6,0.7,0.41,1343068200.0
2012-07-23,7.74,7.74,7.74,7.74,7.738775510204081,490,3,3792.0,490.0,100.0,0.0,0.0,1342981800.0
2012-07-20,7.66,8.14,7.65,8.14,7.652866242038216,314,4,2403.0,313.0,99.68,0.49,0.48,1342722600.0
2012-07-19,7.8,7.8,7.73,7.8,7.762376237623761,101,3,784.0,101.0,100.0,0.07,0.0,1342636200.0
2012-07-18,8.1,8.29,7.92,7.95,7.93312101910828,1256,5,9964.0,1256.0,100.0,0.37,-0.15,1342549800.0
2012-07-17,8.01,8.39,7.91,7.95,7.96111111111111,720,6,5732.0,670.0,93.06,0.48,-0.06,1342463400.0
2012-07-16,8.7,8.7,8.32,8.32,8.3200642627633,5602,11,46609.0,5602.0,100.0,0.38,-0.38,1342377000.0
2012-07-13,8.8,8.8,8.75,8.75,8.727272727272727,11,2,96.0,11.0,100.0,0.05,-0.05,1342117800.0
2012-07-12,8.06,8.5,8.06,8.47,8.445893089960887,767,9,6478.0,720.0,93.87,0.44,0.41,1342031400.0
2012-07-11,8.15,8.56,7.9,8.43,8.484633227022325,13796,29,117054.0,11702.0,84.82,0.66,0.28,1341945000.0
2012-07-10,7.7,8.34,7.6,8.16,8.06761815629387,8548,29,68962.0,6348.0,74.26,0.74,0.46,1341858600.0
2012-07-09,7.97,7.97,7.95,7.95,7.833333333333333,6,4,47.0,3.0,50.0,0.02,-0.02,1341772200.0
2012-07-06,8.06,8.06,7.8,7.92,7.8544536271809005,2178,19,17107.0,1977.0,90.77,0.26,-0.14,1341513000.0
2012-07-05,7.2,8.06,7.2,8.06,7.870623478749299,5341,15,42037.0,5241.0,98.13,0.86,0.86,1341426600.0
2012-07-04,7.4,7.84,7.18,7.33,7.412393162393162,1872,16,13876.0,1672.0,89.32,0.66,-0.07,1341340200.0
2012-07-02,7.1,7.9,7.1,7.9,7.172727272727273,110,3,789.0,105.0,95.45,0.8,0.8,1341167400.0
2012-06-29,7.74,7.74,7.74,7.74,7.5,2,2,15.0,1.0,50.0,0.0,0.0,1340908200.0
2012-06-28,7.64,7.64,7.05,7.56,7.075471698113208,106,3,750.0,106.0,100.0,0.59,-0.08,1340821800.0
2012-06-27,7.49,7.49,6.99,7.05,7.0325443786982245,1014,11,7131.0,962.0,94.87,0.5,-0.44,1340735400.0
2012-06-25,8.29,8.29,7.22,7.22,7.833333333333333,12,3,94.0,11.0,91.67,1.07,-1.07,1340562600.0
2012-06-22,8.42,8.42,7.02,7.62,7.425815719269443,4873,17,36186.0,300.0,6.16,1.4,-0.8,1340303400.0
2012-06-21,7.01,7.73,7.01,7.73,7.042857142857144,210,3,1479.0,200.0,95.24,0.72,0.72,1340217000.0
2012-06-20,7.01,7.7,7.01,7.1,7.091296625222025,2815,12,19962.0,2449.0,87.0,0.69,0.09,1340130600.0
2012-06-19,7.01,7.83,7.01,7.01,7.022950819672131,305,3,2142.0,300.0,98.36,0.82,0.0,1340044200.0
2012-06-18,7.6,7.6,7.6,7.6,7.5,2,1,15.0,2.0,100.0,0.0,0.0,1339957800.0
2012-06-15,7.26,7.3,7.26,7.3,7.273869346733667,398,3,2895.0,398.0,100.0,0.04,0.04,1339698600.0
2012-06-14,7.25,7.25,7.25,7.25,7.24,50,1,362.0,50.0,100.0,0.0,0.0,1339612200.0
2012-06-13,7.5,7.5,7.25,7.25,7.335616438356163,146,2,1071.0,146.0,100.0,0.25,-0.25,1339525800.0
2012-06-12,7.5,7.5,7.5,7.5,7.498881431767337,447,3,3352.0,447.0,100.0,0.0,0.0,1339439400.0
2012-06-11,7.81,7.95,7.79,7.84,7.8,5,5,39.0,1.0,20.0,0.16,0.03,1339353000.0
2012-06-08,7.36,7.36,7.36,7.36,7.36,100,1,736.0,100.0,100.0,0.0,0.0,1339093800.0
2012-06-07,8.04,8.04,8.04,8.04,8.04,500,1,4020.0,500.0,100.0,0.0,0.0,1339007400.0
2012-06-06,8.06,8.06,6.82,7.83,7.038767395626242,1006,7,7081.0,800.0,79.52,1.24,-0.23,1338921000.0
2012-06-05,7.36,8.12,7.34,7.34,7.38696418085731,1703,16,12580.0,1200.0,70.46,0.78,-0.02,1338834600.0
2012-06-04,7.78,8.15,7.78,8.15,7.958333333333333,24,2,191.0,12.0,50.0,0.37,0.37,1338748200.0
2012-06-01,7.78,7.78,7.78,7.78,7.779479326186831,653,4,5080.0,650.0,99.54,0.0,0.0,1338489000.0
2012-05-31,8.1,8.1,6.77,7.2,7.96695652173913,1150,5,9162.0,1075.0,93.48,1.33,-0.9,1338402600.0
2012-05-30,8.15,8.15,6.9,7.42,7.337786259541984,6288,42,46140.0,2330.0,37.05,1.25,-0.73,1338316200.0
2012-05-29,7.75,7.75,7.5,7.5,7.5,272,4,2040.0,268.0,98.53,0.25,-0.25,1338229800.0
2012-05-28,8.33,8.33,7.2,7.2,7.235373134328358,6700,17,48477.0,6500.0,97.01,1.13,-1.13,1338143400.0
2012-05-25,7.99,7.99,7.99,7.99,7.99,300,1,2397.0,300.0,100.0,0.0,0.0,1337884200.0
2012-05-24,7.12,7.76,7.12,7.72,7.172727272727273,220,3,1578.0,210.0,95.45,0.64,0.6,1337797800.0
2012-05-23,7.53,7.53,7.5,7.51,7.515,200,2,1503.0,100.0,50.0,0.03,-0.02,1337711400.0
2012-05-22,7.11,7.77,7.1,7.13,7.113238967527061,1201,9,8543.0,1000.0,83.26,0.67,0.02,1337625000.0
2012-05-18,7.3,7.68,6.88,7.67,6.900662251655628,302,5,2084.0,300.0,99.34,0.8,0.37,1337279400.0
2012-05-17,7.1,7.54,7.1,7.51,7.249093107617896,827,7,5995.0,826.0,99.88,0.44,0.41,1337193000.0
2012-05-16,8.15,8.15,6.71,7.02,7.128250175685172,5692,40,40574.0,4195.0,73.7,1.44,-1.13,1337106600.0
2012-05-15,7.96,7.96,7.31,7.41,7.631840796019901,1809,15,13806.0,1135.0,62.74,0.65,-0.55,1337020200.0
2012-05-14,7.2,7.24,7.2,7.24,7.2,210,2,1512.0,210.0,100.0,0.04,0.04,1336933800.0
2012-05-10,7.62,8.3,7.62,7.8,8.008571428571427,350,9,2803.0,240.0,68.57,0.68,0.18,1336588200.0
2012-05-09,8.2,8.39,7.62,7.62,8.342592592592592,108,5,901.0,101.0,93.52,0.77,-0.58,1336501800.0
2012-05-08,7.72,7.72,7.7,7.7,7.705,200,3,1541.0,200.0,100.0,0.02,-0.02,1336415400.0
2012-05-07,7.46,8.2,7.46,8.19,8.047713717693838,503,12,4048.0,400.0,79.52,0.74,0.73,1336329000.0
2012-05-04,7.82,7.82,7.82,7.82,7.82,100,1,782.0,100.0,100.0,0.0,0.0,1336069800.0
2012-05-02,8.06,8.06,8.05,8.05,8.052857142857142,700,5,5637.0,700.0,100.0,0.01,-0.01,1335897000.0
2012-04-30,8.0,8.44,8.0,8.44,8.155388471177945,798,9,6508.0,796.0,99.75,0.44,0.44,1335724200.0
2012-04-28,8.04,8.04,8.04,8.04,8.04,500,1,4020.0,500.0,100.0,0.0,0.0,1335551400.0
2012-04-27,8.46,8.46,8.46,8.46,8.458333333333332,120,6,1015.0,120.0,100.0,0.0,0.0,1335465000.0
2012-04-26,7.65,8.12,7.65,8.12,8.053913043478259,1150,7,9262.0,1000.0,86.96,0.47,0.47,1335378600.0
2012-04-24,8.39,8.39,7.74,7.74,7.7629629629629635,135,2,1048.0,135.0,100.0,0.65,-0.65,1335205800.0
2012-04-23,8.0,8.0,7.93,8.0,7.97375,800,7,6379.0,800.0,100.0,0.07,0.0,1335119400.0
2012-04-20,8.31,8.31,8.2,8.31,8.23529411764706,153,6,1260.0,152.0,99.35,0.11,0.0,1334860200.0
2012-04-19,8.26,8.26,7.8,7.92,7.859030837004405,908,13,7136.0,901.0,99.23,0.46,-0.34,1334773800.0
2012-04-18,8.0,8.0,7.9,7.92,7.916666666666665,60,3,475.0,60.0,100.0,0.1,-0.08,1334687400.0
2012-04-17,8.26,8.27,8.26,8.27,8.257692307692308,260,2,2147.0,260.0,100.0,0.01,0.01,1334601000.0
2012-04-16,8.02,8.7,8.02,8.69,8.025510204081632,392,7,3146.0,391.0,99.74,0.68,0.67,1334514600.0
2012-04-13,8.79,8.8,8.38,8.38,8.683636363636364,1100,6,9552.0,1000.0,90.91,0.42,-0.41,1334255400.0
2012-04-12,8.83,8.83,8.31,8.8,8.703846153846154,260,3,2263.0,260.0,100.0,0.52,-0.03,1334169000.0
2012-04-11,8.24,8.5,8.24,8.5,8.47,1100,5,9317.0,1100.0,100.0,0.26,0.26,1334082600.0
2012-04-10,8.69,8.69,8.12,8.67,8.384126984126985,630,9,5282.0,625.0,99.21,0.57,-0.02,1333996200.0
2012-04-09,8.63,8.63,8.3,8.3,8.31521739130435,2300,6,19125.0,2100.0,91.3,0.33,-0.33,1333909800.0
2012-04-04,8.24,8.24,8.24,8.24,8.24,50,2,412.0,50.0,100.0,0.0,0.0,1333477800.0
2012-04-03,7.8,8.0,7.8,8.0,7.966696269982238,2252,11,17941.0,2252.0,100.0,0.2,0.2,1333391400.0
2012-04-02,7.9,7.9,7.45,7.62,7.602716468590832,4123,18,31346.0,3423.0,83.02,0.45,-0.28,1333305000.0
2012-03-30,7.71,7.71,7.38,7.53,7.691446842525979,1251,9,9622.0,1250.0,99.92,0.33,-0.18,1333045800.0
2012-03-29,7.57,7.57,7.33,7.35,7.43177829099307,10825,14,80449.0,10825.0,100.0,0.24,-0.22,1332959400.0
2012-03-28,7.8,7.8,7.53,7.71,7.7115,2000,4,15423.0,2000.0,100.0,0.27,-0.09,1332873000.0
2012-03-27,8.01,8.05,7.8,7.88,7.94625,1600,9,12714.0,1600.0,100.0,0.25,-0.13,1332786600.0
2012-03-26,7.93,8.3,7.92,7.92,7.9677083333333325,960,7,7649.0,950.0,98.96,0.38,-0.01,1332700200.0
2012-03-23,8.03,8.4,8.03,8.11,8.24401913875598,1045,12,8615.0,1015.0,97.13,0.37,0.08,1332441000.0
2012-03-22,8.25,8.4,8.1,8.4,8.302409021014864,1951,9,16198.0,1951.0,100.0,0.3,0.15,1332354600.0
2012-03-21,8.2,8.6,8.2,8.4,8.425,400,4,3370.0,400.0,100.0,0.4,0.2,1332268200.0
2012-03-20,8.53,8.53,8.53,8.53,8.52909090909091,550,4,4691.0,550.0,100.0,0.0,0.0,1332181800.0
2012-03-19,8.31,8.99,8.3,8.97,8.69594950026302,1901,8,16531.0,1900.0,99.95,0.69,0.66,1332095400.0
2012-03-16,8.4,8.75,8.3,8.73,8.324248120300751,1064,7,8857.0,1032.0,96.99,0.45,0.33,1331836200.0
2012-03-15,8.18,8.8,8.18,8.4,8.647435897435898,156,6,1349.0,154.0,98.72,0.62,0.22,1331749800.0
2012-03-14,8.4,8.4,8.0,8.4,8.084175084175085,9801,22,79233.0,8573.0,87.47,0.4,0.0,1331663400.0
2012-03-13,8.07,8.69,7.96,8.0,8.015189510639823,13957,32,111868.0,11454.0,82.07,0.73,-0.07,1331577000.0
2012-03-12,8.6,8.6,8.37,8.37,8.388139924222399,11349,25,95197.0,11149.0,98.24,0.23,-0.23,1331490600.0
2012-03-09,9.0,9.0,8.8,8.8,8.825538233110615,1347,9,11888.0,1347.0,100.0,0.2,-0.2,1331231400.0
2012-03-07,8.81,9.29,8.81,9.26,9.0425,400,4,3617.0,300.0,75.0,0.48,0.45,1331058600.0
2012-03-06,9.07,9.07,9.07,9.07,9.0,1,1,9.0,0.0,0.0,0.0,0.0,1330972200.0
2012-03-05,8.34,8.97,8.34,8.76,8.699170124481329,482,15,4193.0,344.0,71.37,0.63,0.42,1330885800.0
2012-03-03,8.5,8.55,8.12,8.55,8.499001996007983,1002,4,8516.0,1000.0,99.8,0.43,0.05,1330713000.0
2012-03-02,8.15,8.15,8.15,8.15,8.1,10,1,81.0,10.0,100.0,0.0,0.0,1330626600.0
2012-03-01,8.43,8.43,8.43,8.43,8.4,10,1,84.0,10.0,100.0,0.0,0.0,1330540200.0
2012-02-29,8.7,8.7,8.68,8.68,8.681516587677725,1055,4,9159.0,1055.0,100.0,0.02,-0.02,1330453800.0
2012-02-28,8.57,8.99,8.57,8.99,8.953435114503815,1310,10,11729.0,1310.0,100.0,0.42,0.42,1330367400.0
2012-02-27,8.57,8.57,8.57,8.57,8.57,500,1,4285.0,500.0,100.0,0.0,0.0,1330281000.0
2012-02-24,8.72,9.19,8.57,8.57,8.71447619047619,10500,19,91502.0,10500.0,100.0,0.62,-0.15,1330021800.0
2012-02-23,9.5,9.5,9.0,9.0,9.06,500,2,4530.0,500.0,100.0,0.5,-0.5,1329935400.0
2012-02-22,9.03,9.05,9.03,9.05,9.045901639344262,610,3,5518.0,610.0,100.0,0.02,0.02,1329849000.0
2012-02-21,9.23,9.23,9.23,9.23,9.227272727272728,110,2,1015.0,110.0,100.0,0.0,0.0,1329762600.0
2012-02-17,9.36,10.11,9.36,9.52,9.800332778702163,601,5,5890.0,601.0,100.0,0.75,0.16,1329417000.0
2012-02-16,9.7,9.7,9.62,9.63,9.644473684210526,3800,12,36649.0,3800.0,100.0,0.08,-0.07,1329330600.0
2012-02-15,10.3,10.3,10.12,10.12,10.148,3000,9,30444.0,3000.0,100.0,0.18,-0.18,1329244200.0
2012-02-14,10.05,10.65,10.0,10.65,10.287215411558668,571,8,5874.0,571.0,100.0,0.65,0.6,1329157800.0
2012-02-13,10.2,10.28,10.0,10.25,10.221333333333332,1125,8,11499.0,1125.0,100.0,0.28,0.05,1329071400.0
2012-02-10,10.5,10.5,10.26,10.28,10.417894736842104,2850,9,29691.0,2850.0,100.0,0.24,-0.22,1328812200.0
2012-02-09,11.08,11.08,10.5,10.5,10.537021276595745,1175,5,12381.0,1175.0,100.0,0.58,-0.58,1328725800.0
2012-02-08,10.7,10.7,10.41,10.56,10.612413793103448,1450,8,15388.0,1450.0,100.0,0.29,-0.14,1328639400.0
2012-02-07,10.9,11.25,10.9,10.9,10.996567505720824,874,8,9611.0,874.0,100.0,0.35,0.0,1328553000.0
2012-02-06,10.75,11.0,10.6,10.72,10.784900951489629,6411,20,69142.0,6411.0,100.0,0.4,-0.03,1328466600.0
2012-02-03,10.3,11.15,10.3,11.15,11.117647058823527,51,3,567.0,51.0,100.0,0.85,0.85,1328207400.0
2012-02-02,11.09,11.09,10.41,10.62,10.703791469194313,422,9,4517.0,422.0,100.0,0.68,-0.47,1328121000.0
2012-02-01,11.01,11.57,10.57,10.57,10.86244635193133,4660,12,50619.0,4660.0,100.0,1.0,-0.44,1328034600.0
2012-01-30,11.5,12.0,11.0,11.02,11.577651515151516,1584,13,18339.0,1584.0,100.0,1.0,-0.48,1327861800.0
2012-01-27,11.51,11.51,11.5,11.5,11.5025,800,2,9202.0,800.0,100.0,0.01,-0.01,1327602600.0
2012-01-25,11.51,11.62,11.51,11.6,11.604651162790695,1075,6,12475.0,1075.0,100.0,0.11,0.09,1327429800.0
2012-01-24,11.85,12.07,11.26,11.74,11.794019933554816,602,8,7100.0,602.0,100.0,0.81,-0.11,1327343400.0
2012-01-23,11.51,11.51,11.51,11.51,11.51,200,1,2302.0,200.0,100.0,0.0,0.0,1327257000.0
2012-01-20,12.0,12.5,11.91,11.95,11.944619602467444,7295,14,87136.0,7295.0,100.0,0.59,-0.05,1326997800.0
2012-01-19,12.5,12.78,12.2,12.53,12.522105263157894,1900,10,23792.0,1855.0,97.63,0.58,0.03,1326911400.0
2012-01-18,13.5,13.5,12.0,12.0,12.947757575757576,8250,11,106819.0,8200.0,99.39,1.5,-1.5,1326825000.0
2012-01-17,13.05,13.05,11.8,13.02,12.739827586206896,5800,20,73891.0,3700.0,63.79,1.25,-0.03,1326738600.0
2012-01-16,13.74,13.74,13.05,13.05,13.5675,800,6,10854.0,700.0,87.5,0.69,-0.69,1326652200.0
2012-01-13,12.45,12.55,12.45,12.55,12.485,200,3,2497.0,200.0,100.0,0.1,0.1,1326393000.0
2012-01-12,11.41,11.41,11.41,11.41,11.41,500,1,5705.0,500.0,100.0,0.0,0.0,1326306600.0
2012-01-11,12.1,12.1,12.0,12.0,12.009985734664763,701,6,8419.0,501.0,71.47,0.1,-0.1,1326220200.0
2012-01-10,12.5,13.74,12.5,12.5,12.784986595174262,1865,7,23844.0,1865.0,100.0,1.24,0.0,1326133800.0
2012-01-09,12.75,12.75,12.5,12.69,12.692366607097268,3917,11,49716.0,3917.0,100.0,0.25,-0.06,1326047400.0
2012-01-07,12.0,12.0,12.0,12.0,12.0,600,1,7200.0,600.0,100.0,0.0,0.0,1325874600.0
2012-01-06,12.7,13.84,11.57,12.39,12.490246020260493,17275,60,215769.0,14269.0,82.6,2.27,-0.31,1325788200.0
2012-01-05,12.5,12.6,12.0,12.6,12.578704797920112,33848,70,425764.0,33823.0,99.93,0.6,0.1,1325701800.0
2012-01-04,11.0,11.0,10.0,10.5,10.795092024539876,1630,9,17596.0,1550.0,95.09,1.0,-0.5,1325615400.0
2012-01-03,8.7,10.8,8.7,10.79,10.408411214953272,3210,26,33411.0,2910.0,90.65,2.1,2.09,1325529000.0
2012-01-02,9.0,9.1,8.85,9.0,8.951492537313433,1608,21,14394.0,1508.0,93.78,0.25,0.0,1325442600.0
2011-12-30,8.1,9.2,8.1,8.52,8.31132075471698,212,10,1762.0,162.0,76.42,1.1,0.42,1325183400.0
2011-12-29,8.0,8.0,8.0,8.0,8.0,50,4,400.0,50.0,100.0,0.0,0.0,1325097000.0
2011-12-28,8.2,8.2,8.1,8.1,8.108,500,2,4054.0,500.0,100.0,0.1,-0.1,1325010600.0
2011-12-27,8.3,8.7,8.3,8.51,8.302325581395348,516,5,4284.0,511.0,99.03,0.4,0.21,1324924200.0
2011-12-26,8.3,8.3,8.3,8.3,8.3,100,1,830.0,100.0,100.0,0.0,0.0,1324837800.0
2011-12-23,8.4,8.5,8.4,8.45,8.45,100,3,845.0,100.0,100.0,0.1,0.05,1324578600.0
2011-12-22,8.1,8.1,8.1,8.1,8.1,300,3,2430.0,300.0,100.0,0.0,0.0,1324492200.0
2011-12-21,7.61,8.0,7.55,8.0,7.758,500,4,3879.0,500.0,100.0,0.45,0.39,1324405800.0
2011-12-20,7.99,8.0,7.51,8.0,7.988764044943821,356,9,2844.0,345.0,96.91,0.49,0.01,1324319400.0
2011-12-19,7.11,7.25,7.11,7.25,7.242222222222223,450,4,3259.0,425.0,94.44,0.14,0.14,1324233000.0
2011-12-16,7.5,8.03,7.5,7.61,7.654411764705881,952,6,7287.0,601.0,63.13,0.53,0.11,1323973800.0
2011-12-15,7.7,8.35,7.5,7.67,7.700993676603432,1107,13,8525.0,807.0,72.9,0.85,-0.03,1323887400.0
2011-12-14,8.0,8.5,8.0,8.02,8.08399545970488,1762,15,14244.0,1755.0,99.6,0.5,0.02,1323801000.0
2011-12-13,8.65,9.23,7.2,7.65,7.831996945399006,7857,42,61536.0,5863.0,74.62,2.03,-1.0,1323714600.0
2011-12-12,8.65,8.65,7.36,8.24,7.814079422382671,2770,13,21645.0,2500.0,90.25,1.29,-0.41,1323628200.0
2011-12-09,7.8,9.0,7.8,8.75,8.449150256271919,3707,19,31321.0,2205.0,59.48,1.2,0.95,1323369000.0
2011-12-07,10.49,10.49,9.14,9.14,10.102857142857141,350,4,3536.0,250.0,71.43,1.35,-1.35,1323196200.0
2011-12-05,9.39,9.39,9.0,9.0,9.026315789473683,114,4,1029.0,114.0,100.0,0.39,-0.39,1323023400.0
2011-12-02,8.8,9.0,8.76,9.0,8.8,800,3,7040.0,700.0,87.5,0.24,0.2,1322764200.0
2011-12-01,9.25,9.25,8.82,8.85,8.82375,800,3,7059.0,800.0,100.0,0.43,-0.4,1322677800.0
2011-11-30,9.6,9.6,8.7,8.8,8.801556420233462,257,4,2262.0,256.0,99.61,0.9,-0.8,1322591400.0
2011-11-29,9.6,9.8,9.6,9.8,9.637795275590552,254,4,2448.0,254.0,100.0,0.2,0.2,1322505000.0
2011-11-28,8.8,9.7,8.8,9.57,8.81,200,4,1762.0,198.0,99.0,0.9,0.77,1322418600.0
2011-11-25,8.7,9.6,8.7,8.7,8.709039548022599,708,5,6166.0,704.0,99.44,0.9,0.0,1322159400.0
2011-11-24,8.01,9.34,8.0,8.4,8.121428571428572,140,6,1137.0,100.0,71.43,1.34,0.39,1322073000.0
2011-11-23,8.6,8.6,8.5,8.5,8.518333333333333,3000,10,25555.0,3000.0,100.0,0.1,-0.1,1321986600.0
2011-11-22,9.35,9.35,8.89,9.06,9.088615199759689,3329,22,30256.0,3300.0,99.13,0.46,-0.29,1321900200.0
2011-11-21,9.0,9.6,9.0,9.52,9.472727272727273,550,3,5210.0,550.0,100.0,0.6,0.52,1321813800.0
2011-11-18,11.34,11.34,9.76,9.76,9.814814814814817,27,4,265.0,25.0,92.59,1.58,-1.58,1321554600.0
2011-11-17,10.3,10.3,9.9,10.18,10.207377049180328,1220,10,12453.0,1120.0,91.8,0.4,-0.12,1321468200.0
2011-11-16,10.05,10.95,10.05,10.95,10.110344827586205,145,3,1466.0,135.0,93.1,0.9,0.9,1321381800.0
2011-11-15,11.01,11.05,9.76,9.8,10.848,375,8,4068.0,355.0,94.67,1.29,-1.21,1321295400.0
2011-11-14,11.55,11.61,11.47,11.53,11.544761904761904,525,6,6061.0,525.0,100.0,0.14,-0.02,1321209000.0
2011-11-11,11.5,12.84,11.5,12.0,11.617569700157812,3802,16,44170.0,3251.0,85.51,1.34,0.5,1320949800.0
2011-11-09,12.01,12.72,11.91,12.72,12.213333333333331,300,3,3664.0,200.0,66.67,0.81,0.71,1320777000.0
2011-11-08,12.0,13.25,11.51,13.0,12.909888220120378,5815,37,75071.0,5501.0,94.6,1.74,1.0,1320690600.0
2011-11-04,12.0,12.5,12.0,12.34,12.316666666666666,300,7,3695.0,299.0,99.67,0.5,0.34,1320345000.0
2011-11-03,13.0,13.0,12.25,12.25,12.99900299102692,1003,6,13038.0,1002.0,99.9,0.75,-0.75,1320258600.0
2011-11-02,13.99,14.3,12.58,12.58,13.79028757460662,3686,27,50831.0,3004.0,81.5,1.72,-1.41,1320172200.0
2011-11-01,13.08,13.09,13.08,13.09,13.085,200,2,2617.0,200.0,100.0,0.01,0.01,1320085800.0
2011-10-31,12.99,12.99,11.85,12.88,12.375854214123006,878,9,10866.0,528.0,60.14,1.14,-0.11,1319999400.0
2011-10-28,13.64,13.65,12.0,13.08,12.968793927466965,3557,23,46130.0,3204.0,90.08,1.65,-0.56,1319740200.0
2011-10-26,11.5,11.95,11.25,11.77,11.458585858585858,495,6,5672.0,350.0,70.71,0.7,0.27,1319567400.0
2011-10-25,12.83,12.83,12.64,12.64,12.735,200,3,2547.0,100.0,50.0,0.19,-0.19,1319481000.0
2011-10-24,11.95,12.98,11.5,12.01,11.99828136508716,4073,27,48869.0,3572.0,87.7,1.48,0.06,1319394600.0
2011-10-21,11.01,12.37,10.81,10.97,11.1982414068745,2502,15,28018.0,1351.0,54.0,1.56,-0.04,1319135400.0
2011-10-20,11.25,11.6,11.05,11.13,11.236076475477972,2406,8,27034.0,2406.0,100.0,0.55,-0.12,1319049000.0
2011-10-19,11.54,11.61,11.53,11.61,11.55,40,8,462.0,20.0,50.0,0.08,0.07,1318962600.0
2011-10-18,12.0,12.98,11.85,12.0,11.999400479616305,3336,12,40030.0,3308.0,99.16,1.13,0.0,1318876200.0
2011-10-17,12.89,12.89,11.64,11.68,11.668711656441715,326,4,3804.0,325.0,99.69,1.25,-1.21,1318789800.0
2011-10-14,11.55,12.55,11.55,11.9,11.65090909090909,275,7,3204.0,200.0,72.73,1.0,0.35,1318530600.0
2011-10-13,11.75,12.0,11.61,12.0,11.713810316139767,601,6,7040.0,501.0,83.36,0.39,0.25,1318444200.0
2011-10-12,12.0,12.0,11.31,12.0,11.707432432432432,2960,13,34654.0,1855.0,62.67,0.69,0.0,1318357800.0
2011-10-11,12.0,12.93,11.85,12.17,12.14315033350436,1949,14,23667.0,1749.0,89.74,1.08,0.17,1318271400.0
2011-10-10,13.0,13.0,12.12,12.12,12.695081967213113,305,5,3872.0,305.0,100.0,0.88,-0.88,1318185000.0
2011-10-07,14.0,14.0,11.8,12.5,12.330520393811533,711,7,8767.0,711.0,100.0,2.2,-1.5,1317925800.0
2011-10-04,12.0,12.06,12.0,12.06,12.03,200,2,2406.0,100.0,50.0,0.06,0.06,1317666600.0
2011-10-03,13.48,13.48,13.0,13.3,13.306859205776172,277,4,3686.0,276.0,99.64,0.48,-0.18,1317580200.0
2011-09-30,12.05,13.0,12.05,12.71,12.794820717131474,1506,8,19269.0,1006.0,66.8,0.95,0.66,1317321000.0
2011-09-29,13.8,13.8,11.71,12.0,12.225897920604915,1058,14,12935.0,1006.0,95.09,2.09,-1.8,1317234600.0
2011-09-28,11.55,13.78,11.55,12.9,12.141583452211126,2804,12,34045.0,2600.0,92.72,2.23,1.35,1317148200.0
2011-09-27,15.0,15.0,11.92,13.07,12.715341959334564,541,15,6879.0,369.0,68.21,3.08,-1.93,1317061800.0
2011-09-26,12.0,12.98,11.27,12.9,11.508919202518364,953,13,10968.0,850.0,89.19,1.71,0.9,1316975400.0
2011-09-23,10.75,12.68,10.75,11.75,11.897427854454204,6376,20,75858.0,5807.0,91.08,1.93,1.0,1316716200.0
2011-09-22,13.0,13.0,12.04,12.44,12.14113124656782,1821,7,22109.0,1501.0,82.43,0.96,-0.56,1316629800.0
2011-09-21,13.0,13.4,12.52,12.73,12.914378378378379,4625,22,59729.0,4543.0,98.23,0.88,-0.27,1316543400.0
2011-09-20,12.75,13.99,12.6,13.15,12.932414980628495,2323,43,30042.0,2011.0,86.57,1.39,0.4,1316457000.0
2011-09-19,14.8,14.8,12.2,12.61,14.564818582314851,199071,42,2899433.0,196967.0,98.94,2.6,-2.19,1316370600.0
2011-09-16,13.0,13.0,11.8,12.45,11.972443355786895,1633,11,19551.0,1402.0,85.85,1.2,-0.55,1316111400.0
2011-09-15,12.25,13.15,11.7,13.0,13.124501992031872,1004,6,13177.0,1003.0,99.9,1.45,0.75,1316025000.0
2011-09-14,12.0,13.39,12.0,12.0,12.016,500,9,6008.0,400.0,80.0,1.39,0.0,1315938600.0
2011-09-13,12.05,13.14,12.05,13.1,13.012635379061372,554,7,7209.0,551.0,99.46,1.09,1.05,1315852200.0
2011-09-12,12.5,12.5,12.1,12.1,12.418326693227092,502,6,6234.0,501.0,99.8,0.4,-0.4,1315765800.0
2011-09-08,11.11,14.79,11.11,13.25,13.451612903225806,620,8,8340.0,510.0,82.26,3.68,2.14,1315420200.0
2011-09-07,12.0,12.8,11.86,12.8,11.981468282252315,1403,4,16810.0,1400.0,99.79,0.94,0.8,1315333800.0
2011-09-06,11.61,12.5,11.61,11.81,11.611553784860556,502,3,5829.0,502.0,100.0,0.89,0.2,1315247400.0
2011-09-05,12.0,12.0,11.81,11.81,11.856423173803526,397,4,4707.0,397.0,100.0,0.19,-0.19,1315161000.0
2011-09-02,13.05,13.05,11.5,12.01,12.035087719298245,57,6,686.0,54.0,94.74,1.55,-1.04,1314901800.0
2011-08-30,12.85,12.85,12.0,12.0,12.158994032395565,2346,19,28525.0,2346.0,100.0,0.85,-0.85,1314642600.0
2011-08-29,13.0,13.0,12.99,12.99,12.5,2,2,25.0,1.0,50.0,0.01,-0.01,1314556200.0
2011-08-26,12.2,12.55,11.7,11.99,12.097830710336028,2351,11,28442.0,2350.0,99.96,0.85,-0.21,1314297000.0
2011-08-25,13.0,13.0,12.2,12.3,12.368372093023256,2150,12,26592.0,2150.0,100.0,0.8,-0.7,1314210600.0
2011-08-24,13.7,13.7,13.0,13.52,13.521303258145364,399,5,5395.0,399.0,100.0,0.7,-0.18,1314124200.0
2011-08-23,12.51,13.7,12.51,13.69,13.0,3,3,39.0,2.0,66.67,1.19,1.18,1314037800.0
2011-08-22,13.77,13.77,13.77,13.77,13.666666666666666,3,1,41.0,3.0,100.0,0.0,0.0,1313951400.0
2011-08-19,12.45,12.97,12.38,12.68,12.43583019177184,6101,19,75871.0,5100.0,83.59,0.59,0.23,1313692200.0
2011-08-18,13.67,13.75,11.91,13.75,13.657747603833863,2504,12,34199.0,2500.0,99.84,1.84,0.08,1313605800.0
2011-08-17,13.17,13.17,11.59,12.89,12.894392523364484,1070,9,13797.0,850.0,79.44,1.58,-0.28,1313519400.0
2011-08-16,12.16,12.23,12.13,12.18,12.184761904761904,1050,5,12794.0,1050.0,100.0,0.1,0.02,1313433000.0
2011-08-12,13.05,13.05,12.21,12.96,12.792321755027421,8205,23,104961.0,6903.0,84.13,0.84,-0.09,1313087400.0
2011-08-11,12.41,13.6,12.0,12.6,12.444239063462724,1623,15,20197.0,1051.0,64.76,1.6,0.19,1313001000.0
2011-08-10,13.0,13.0,12.26,12.96,12.772,500,5,6386.0,400.0,80.0,0.74,-0.04,1312914600.0
2011-08-09,11.86,13.88,11.86,12.35,12.599102773246328,2452,17,30893.0,1350.0,55.06,2.02,0.49,1312828200.0
2011-08-08,14.0,14.0,12.61,13.0,13.373495908872131,6233,26,83357.0,5080.0,81.5,1.39,-1.0,1312741800.0
2011-08-05,12.35,14.0,12.35,13.89,13.149584487534627,722,11,9494.0,510.0,70.64,1.65,1.54,1312482600.0
2011-08-04,14.98,14.99,13.37,13.67,13.62445652173913,1840,15,25069.0,1430.0,77.72,1.62,-1.31,1312396200.0
2011-08-03,13.51,14.69,13.5,13.63,13.621225983531565,1093,10,14888.0,1068.0,97.71,1.19,0.12,1312309800.0
2011-08-02,14.01,14.49,13.97,14.09,14.055325034578146,723,17,10162.0,620.0,85.75,0.52,0.08,1312223400.0
2011-08-01,14.12,14.6,14.12,14.6,14.36,200,2,2872.0,100.0,50.0,0.48,0.48,1312137000.0
2011-07-29,15.0,15.0,14.25,14.59,14.611733684904417,1517,16,22166.0,525.0,34.61,0.75,-0.41,1311877800.0
2011-07-28,15.95,15.95,14.78,14.92,14.912310286677908,593,23,8843.0,588.0,99.16,1.17,-1.03,1311791400.0
2011-07-27,15.75,16.5,15.55,15.55,16.177202359012163,10852,24,175555.0,10852.0,100.0,0.95,-0.2,1311705000.0
2011-07-26,15.55,16.4,15.55,16.03,16.024293568597365,15642,39,250652.0,15642.0,100.0,0.85,0.48,1311618600.0
2011-07-25,15.5,16.4,15.5,15.92,15.776455696202532,3950,16,62317.0,3850.0,97.47,0.9,0.42,1311532200.0
2011-07-22,15.26,16.0,14.9,15.82,15.787706429215865,25493,39,402476.0,23621.0,92.66,1.1,0.56,1311273000.0
2011-07-21,15.19,15.3,14.7,14.76,15.12321711568938,2524,24,38171.0,2274.0,90.1,0.6,-0.43,1311186600.0
2011-07-20,14.05,14.8,13.71,14.29,14.02930318412552,4334,22,60803.0,3652.0,84.26,1.09,0.24,1311100200.0
2011-07-19,13.53,13.91,13.5,13.9,13.527868852459015,2135,8,28882.0,2110.0,98.83,0.41,0.37,1311013800.0
2011-07-18,12.9,14.2,12.9,13.8,13.842702702702702,1850,13,25609.0,1750.0,94.59,1.3,0.9,1310927400.0
2011-07-15,14.01,14.4,14.01,14.03,14.107754279959718,993,11,14009.0,993.0,100.0,0.39,0.02,1310668200.0
2011-07-14,13.81,14.48,13.8,14.16,14.08847352024922,3210,18,45224.0,3046.0,94.89,0.68,0.35,1310581800.0
2011-07-13,14.5,14.5,13.81,14.0,13.996365191361985,4677,13,65461.0,4677.0,100.0,0.69,-0.5,1310495400.0
2011-07-12,13.5,14.95,13.5,14.11,13.86412213740458,1310,7,18162.0,1210.0,92.37,1.45,0.61,1310409000.0
2011-07-11,13.01,14.5,13.01,13.91,13.528936170212765,4700,23,63586.0,2500.0,53.19,1.49,0.9,1310322600.0
2011-07-08,14.1,14.65,14.0,14.02,14.076114171256885,1997,16,28110.0,1997.0,100.0,0.65,-0.08,1310063400.0
2011-07-07,14.22,14.22,14.0,14.0,14.08090909090909,1100,8,15489.0,1100.0,100.0,0.22,-0.22,1309977000.0
2011-07-06,14.22,14.22,13.71,14.21,14.072368421052632,3800,10,53475.0,3750.0,98.68,0.51,-0.01,1309890600.0
2011-07-05,14.75,14.75,13.55,13.55,14.162094763092268,401,4,5679.0,401.0,100.0,1.2,-1.2,1309804200.0
2011-07-04,13.95,14.25,13.95,14.12,14.066225165562912,302,4,4248.0,201.0,66.56,0.3,0.17,1309717800.0
2011-07-01,13.8,14.45,13.8,14.08,13.942138364779874,795,13,11084.0,775.0,97.48,0.65,0.28,1309458600.0
2011-06-30,13.6,14.5,13.6,14.5,14.493573264781492,3501,14,50742.0,3476.0,99.29,0.9,0.9,1309372200.0
2011-06-29,15.7,15.7,14.25,14.25,14.54314259763851,2202,21,32024.0,1400.0,63.58,1.45,-1.45,1309285800.0
2011-06-28,14.99,14.99,14.99,14.99,14.988888888888887,90,1,1349.0,90.0,100.0,0.0,0.0,1309199400.0
2011-06-24,14.0,14.49,14.0,14.49,14.384093113482056,2062,21,29660.0,1762.0,85.45,0.49,0.49,1308853800.0
2011-06-23,14.0,14.3,13.8,13.8,13.88976377952756,635,7,8820.0,600.0,94.49,0.5,-0.2,1308767400.0
2011-06-22,14.3,14.3,14.3,14.3,14.3,350,4,5005.0,300.0,85.71,0.0,0.0,1308681000.0
2011-06-21,13.7,14.49,13.6,13.7,13.692780337941628,651,5,8914.0,651.0,100.0,0.89,0.0,1308594600.0
2011-06-20,14.01,14.94,13.79,13.8,13.996607142857142,5600,14,78381.0,5195.0,92.77,1.15,-0.21,1308508200.0
2011-06-17,14.35,15.59,14.26,14.51,14.44873233116446,4457,16,64398.0,3950.0,88.62,1.33,0.16,1308249000.0
2011-06-16,15.45,15.45,14.45,15.0,14.769111969111968,1295,12,19126.0,1295.0,100.0,1.0,-0.45,1308162600.0
2011-06-15,15.15,15.2,14.9,14.9,14.968695652173912,2300,12,34428.0,2300.0,100.0,0.3,-0.25,1308076200.0
2011-06-14,15.1,15.75,15.0,15.64,15.427204374572796,2926,16,45140.0,2926.0,100.0,0.75,0.54,1307989800.0
2011-06-13,15.34,15.43,14.75,15.27,15.40377192982456,11400,25,175603.0,11400.0,100.0,0.68,-0.07,1307903400.0
2011-06-10,14.0,14.7,14.0,14.7,14.472,625,7,9045.0,625.0,100.0,0.7,0.7,1307644200.0
2011-06-09,14.7,14.75,13.85,14.0,14.27928388746803,1955,11,27916.0,1955.0,100.0,0.9,-0.7,1307557800.0
2011-06-08,14.11,14.99,14.1,14.1,14.258503401360544,735,8,10480.0,735.0,100.0,0.89,-0.01,1307471400.0
2011-06-07,13.98,14.85,13.97,14.8,14.493827160493828,810,11,11740.0,810.0,100.0,0.88,0.82,1307385000.0
2011-06-06,14.8,14.8,13.59,14.7,14.360883797054008,1222,12,17549.0,1222.0,100.0,1.21,-0.1,1307298600.0
2011-06-03,14.3,14.5,14.3,14.3,14.334482758620688,1450,10,20785.0,1450.0,100.0,0.2,0.0,1307039400.0
2011-06-02,15.0,15.0,14.27,15.0,14.763333333333332,600,9,8858.0,600.0,100.0,0.73,0.0,1306953000.0
2011-06-01,15.35,15.35,13.97,15.0,14.021722846441948,6675,18,93595.0,6675.0,100.0,1.38,-0.35,1306866600.0
2011-05-31,14.7,14.7,14.69,14.7,14.699756097560975,4100,12,60269.0,4100.0,100.0,0.01,0.0,1306780200.0
2011-05-30,15.1,15.1,14.0,14.0,14.947142857142856,4200,13,62778.0,4200.0,100.0,1.1,-1.1,1306693800.0
2011-05-27,14.35,14.39,14.01,14.39,14.384506293210425,5641,17,81143.0,5641.0,100.0,0.38,0.04,1306434600.0
2011-05-26,14.25,14.81,13.66,13.71,14.690412426352436,5601,17,82281.0,5601.0,100.0,1.15,-0.54,1306348200.0
2011-05-25,14.59,14.59,14.0,14.11,14.411290322580644,1240,7,17870.0,1240.0,100.0,0.59,-0.48,1306261800.0
2011-05-24,14.0,14.1,13.7,13.98,13.970058479532163,4275,12,59722.0,4275.0,100.0,0.4,-0.02,1306175400.0
2011-05-23,14.36,14.38,14.36,14.36,14.361053931659118,4858,14,69766.0,4858.0,100.0,0.02,0.0,1306089000.0
2011-05-20,15.15,15.5,15.11,15.11,15.151494696239151,10370,28,157121.0,10370.0,100.0,0.39,-0.04,1305829800.0
2011-05-19,16.05,16.97,15.9,15.9,15.976468606087836,17806,40,284477.0,17806.0,100.0,1.07,-0.15,1305743400.0
2011-05-18,18.2,18.28,16.54,16.73,17.83402832509374,209355,95,3733643.0,209355.0,100.0,1.74,-1.47,1305657000.0
2011-05-17,17.39,17.41,16.5,17.41,17.317360772090577,26629,68,461144.0,26629.0,100.0,0.91,0.02,1305570600.0
2011-05-16,15.8,16.59,15.8,16.59,16.513390292935092,27856,53,459997.0,27856.0,100.0,0.79,0.79,1305484200.0
2011-05-13,15.0,15.8,15.0,15.8,15.344310344827585,5800,6,88997.0,5800.0,100.0,0.8,0.8,1305225000.0
2011-05-12,16.0,16.01,15.0,15.7,15.95324972702505,377324,76,6019544.0,377324.0,100.0,1.01,-0.3,1305138600.0
2011-05-11,15.0,15.25,14.53,15.25,15.232750129832919,55841,39,850612.0,55841.0,100.0,0.72,0.25,1305052200.0
2011-05-10,13.2,14.53,13.2,14.53,14.301269961020997,7953,36,113738.0,7953.0,100.0,1.33,1.33,1304965800.0
2011-05-09,12.81,14.12,12.8,13.84,13.91681226946224,10302,44,143371.0,10302.0,100.0,1.32,1.03,1304879400.0
2011-05-06,13.7,13.7,12.42,13.45,13.006150691952843,1951,10,25375.0,1951.0,100.0,1.28,-0.25,1304620200.0
2011-05-05,14.1,14.1,12.95,13.05,13.069841269841268,315,12,4117.0,315.0,100.0,1.15,-1.05,1304533800.0
2011-05-04,13.7,13.7,12.41,13.55,12.598372781065088,1352,13,17033.0,1352.0,100.0,1.29,-0.15,1304447400.0
2011-05-03,14.32,14.32,13.02,13.06,13.206422018348624,1744,15,23032.0,1744.0,100.0,1.3,-1.26,1304361000.0
2011-05-02,13.71,13.71,12.75,13.7,13.578020008959236,6697,27,90932.0,6697.0,100.0,0.96,-0.01,1304274600.0
2011-04-29,12.25,13.44,12.25,13.06,13.39331423113658,10470,35,140228.0,10470.0,100.0,1.19,0.81,1304015400.0
2011-04-28,11.86,13.1,11.86,12.8,12.991549144148992,18578,43,241357.0,18578.0,100.0,1.24,0.94,1303929000.0
2011-04-27,12.42,12.48,12.0,12.48,12.454326923076923,9568,31,119163.0,9568.0,100.0,0.48,0.06,1303842600.0
2011-04-26,11.31,11.89,11.31,11.89,11.326923076923077,52,3,589.0,52.0,100.0,0.58,0.58,1303756200.0
2011-04-25,10.85,11.9,10.85,11.9,11.696666666666665,1800,11,21054.0,1800.0,100.0,1.05,1.05,1303669800.0
2011-04-21,11.25,11.98,11.2,11.39,11.40829694323144,4580,12,52250.0,4580.0,100.0,0.78,0.14,1303324200.0
2011-04-20,11.56,12.32,11.41,11.41,11.55115431348724,4115,13,47533.0,4115.0,100.0,0.91,-0.15,1303237800.0
2011-04-18,12.0,12.05,12.0,12.0,12.006949806949805,3885,23,46647.0,3835.0,98.71,0.05,0.0,1303065000.0
2011-04-15,11.99,12.11,11.86,12.11,12.087054389362928,19103,23,230899.0,19102.0,99.99,0.25,0.12,1302805800.0
2011-04-13,11.5,11.55,11.05,11.54,11.5469146238377,11830,18,136600.0,11825.0,99.96,0.5,0.04,1302633000.0
2011-04-11,11.5,11.5,10.18,11.0,10.78548644338118,1254,11,13525.0,852.0,67.94,1.32,-0.5,1302460200.0
2011-04-08,10.9,11.12,10.9,11.12,11.108753046303818,9848,32,109399.0,9416.0,95.61,0.22,0.22,1302201000.0
2011-04-07,9.2,10.12,9.2,10.11,9.860228716645487,1574,11,15520.0,1425.0,90.53,0.92,0.91,1302114600.0
2011-04-06,8.9,9.55,8.9,9.2,8.965625,640,4,5738.0,640.0,100.0,0.65,0.3,1302028200.0
2011-04-05,9.2,9.2,9.2,9.2,9.0,3,3,27.0,3.0,100.0,0.0,0.0,1301941800.0
2011-04-04,8.55,8.55,8.55,8.55,8.54,50,1,427.0,50.0,100.0,0.0,0.0,1301855400.0
2011-04-01,9.0,9.0,9.0,9.0,9.0,1,1,9.0,1.0,100.0,0.0,0.0,1301596200.0
2011-03-31,9.0,9.0,8.55,8.55,8.58,200,2,1716.0,200.0,100.0,0.45,-0.45,1301509800.0
2011-03-30,8.12,9.1,8.12,9.08,8.150628382717182,10901,11,88850.0,10862.0,99.64,0.98,0.96,1301423400.0
2011-03-29,8.8,8.9,8.2,8.85,8.298139534883722,2150,11,17841.0,2011.0,93.53,0.7,0.05,1301337000.0
2011-03-28,7.77,8.68,7.77,8.65,8.188092417061611,3376,8,27643.0,3325.0,98.49,0.91,0.88,1301250600.0
2011-03-25,8.7,8.79,7.76,8.45,8.370044052863436,454,11,3800.0,402.0,88.55,1.03,-0.25,1300991400.0
2011-03-24,7.61,8.38,7.58,8.38,7.73170731707317,451,6,3487.0,350.0,77.61,0.8,0.77,1300905000.0
2011-03-23,8.44,8.44,7.91,7.91,7.9952,625,9,4997.0,602.0,96.32,0.53,-0.53,1300818600.0
2011-03-22,7.42,8.25,7.42,7.95,7.8028571428571425,700,12,5462.0,402.0,57.43,0.83,0.53,1300732200.0
2011-03-21,7.53,7.63,7.53,7.63,7.590604026845637,149,4,1131.0,101.0,67.79,0.1,0.1,1300645800.0
2011-03-18,8.02,8.02,8.01,8.01,8.00900900900901,111,5,889.0,111.0,100.0,0.01,-0.01,1300386600.0
2011-03-17,8.5,8.5,8.25,8.25,8.365193370165747,1810,12,15141.0,1605.0,88.67,0.25,-0.25,1300300200.0
2011-03-16,8.79,8.79,8.79,8.79,8.79,200,2,1758.0,200.0,100.0,0.0,0.0,1300213800.0
2011-03-15,8.25,8.36,8.1,8.36,8.244761106454316,1193,5,9836.0,1193.0,100.0,0.26,0.11,1300127400.0
2011-03-14,8.45,8.5,8.35,8.36,8.333333333333332,6,6,50.0,2.0,33.33,0.15,-0.09,1300041000.0
2011-03-11,8.1,8.1,8.1,8.1,8.1,100,1,810.0,100.0,100.0,0.0,0.0,1299781800.0
2011-03-09,8.8,8.8,7.92,8.09,8.173870573870573,4095,28,33472.0,3793.0,92.63,0.88,-0.71,1299609000.0
2011-03-08,8.7,8.7,8.7,8.7,8.0,1,1,8.0,1.0,100.0,0.0,0.0,1299522600.0
2011-03-07,8.8,8.8,8.4,8.4,8.4325,800,6,6746.0,800.0,100.0,0.4,-0.4,1299436200.0
2011-03-04,8.9,9.1,8.56,8.56,8.72960372960373,858,7,7490.0,858.0,100.0,0.54,-0.34,1299177000.0
2011-03-03,9.19,9.2,8.75,8.79,8.877808988764047,1424,11,12642.0,1424.0,100.0,0.45,-0.4,1299090600.0
2011-03-01,9.3,9.3,8.9,9.19,9.139253153490696,8007,10,73178.0,8007.0,100.0,0.4,-0.11,1298917800.0
2011-02-25,8.85,9.31,8.85,9.3,9.032104637336504,841,7,7596.0,841.0,100.0,0.46,0.45,1298572200.0
2011-02-24,9.31,9.31,9.31,9.31,9.31,100,1,931.0,100.0,100.0,0.0,0.0,1298485800.0
2011-02-23,9.79,9.79,9.79,9.79,9.75,8,1,78.0,8.0,100.0,0.0,0.0,1298399400.0
2011-02-22,9.31,9.79,9.31,9.79,9.647058823529411,17,8,164.0,17.0,100.0,0.48,0.48,1298313000.0
2011-02-21,10.3,10.3,9.79,9.79,10.18181818181818,11,2,112.0,11.0,100.0,0.51,-0.51,1298226600.0
2011-02-18,10.4,10.4,9.95,10.3,9.962264150943396,53,4,528.0,53.0,100.0,0.45,-0.1,1297967400.0
2011-02-17,9.94,9.95,9.24,9.95,9.917460317460316,1260,6,12496.0,1260.0,100.0,0.71,0.01,1297881000.0
2011-02-16,9.48,9.48,9.48,9.48,9.47663551401869,107,4,1014.0,107.0,100.0,0.0,0.0,1297794600.0
2011-02-15,9.48,9.48,9.48,9.48,9.48,600,4,5688.0,600.0,100.0,0.0,0.0,1297708200.0
2011-02-14,9.03,9.97,9.03,9.97,9.817592592592591,1080,10,10603.0,1080.0,100.0,0.94,0.94,1297621800.0
2011-02-11,9.5,9.5,9.03,9.5,9.423092783505153,2425,7,22851.0,2425.0,100.0,0.47,0.0,1297362600.0
2011-02-10,9.03,9.5,9.03,9.5,9.03187250996016,502,4,4534.0,502.0,100.0,0.47,0.47,1297276200.0
2011-02-09,9.05,9.5,8.86,9.5,9.16017316017316,1155,6,10580.0,1155.0,100.0,0.64,0.45,1297189800.0
2011-02-08,9.7,9.7,9.3,9.3,9.442857142857143,350,4,3305.0,350.0,100.0,0.4,-0.4,1297103400.0
2011-02-07,10.3,10.3,9.7,9.72,9.830392156862745,3060,17,30081.0,3060.0,100.0,0.6,-0.58,1297017000.0
2011-02-04,10.22,10.22,10.2,10.2,10.2025,2800,7,28567.0,2800.0,100.0,0.02,-0.02,1296757800.0
2011-02-03,9.9,10.7,9.9,10.7,10.23735632183908,1740,6,17813.0,1740.0,100.0,0.8,0.8,1296671400.0
2011-02-02,10.06,10.2,10.05,10.2,10.070833333333333,2400,10,24170.0,2400.0,100.0,0.15,0.14,1296585000.0
2011-02-01,10.57,10.57,10.57,10.57,10.57,500,3,5285.0,500.0,100.0,0.0,0.0,1296498600.0
2011-01-31,11.68,11.68,11.11,11.12,11.373021715126978,10868,6,123602.0,10868.0,100.0,0.57,-0.56,1296412200.0
2011-01-28,12.4,12.4,11.69,11.69,11.699862772005488,5101,8,59681.0,5101.0,100.0,0.71,-0.71,1296153000.0
2011-01-27,11.75,12.29,11.25,12.25,11.733700440528635,4540,6,53271.0,4540.0,100.0,1.04,0.5,1296066600.0
2011-01-25,12.4,12.4,11.75,11.75,11.904761904761903,210,3,2500.0,210.0,100.0,0.65,-0.65,1295893800.0
2011-01-24,11.75,12.31,11.75,12.31,11.77822990844354,2949,8,34734.0,2949.0,100.0,0.56,0.56,1295807400.0
2011-01-21,11.75,11.99,11.75,11.75,11.750314465408804,3180,9,37366.0,3180.0,100.0,0.24,0.0,1295548200.0
2011-01-20,12.4,12.4,11.75,11.75,11.750666666666666,750,5,8813.0,750.0,100.0,0.65,-0.65,1295461800.0
2011-01-19,12.0,12.0,12.0,12.0,12.0,3800,15,45600.0,3800.0,100.0,0.0,0.0,1295375400.0
2011-01-18,11.25,11.8,11.25,11.75,11.625321888412016,4660,15,54174.0,4660.0,100.0,0.55,0.5,1295289000.0
2011-01-17,11.95,12.19,11.53,11.55,11.838701298701299,3850,11,45579.0,3850.0,100.0,0.66,-0.4,1295202600.0
2011-01-14,11.03,11.98,11.03,11.65,11.293580868470736,3178,11,35891.0,3178.0,100.0,0.95,0.62,1294943400.0
2011-01-13,10.6,11.62,10.6,11.61,11.51324753974262,2642,13,30418.0,2642.0,100.0,1.02,1.01,1294857000.0
2011-01-12,10.5,11.07,10.5,11.07,10.634746922024624,1462,7,15548.0,1462.0,100.0,0.57,0.57,1294770600.0
2011-01-11,10.5,10.55,10.5,10.55,10.525,200,3,2105.0,200.0,100.0,0.05,0.05,1294684200.0
2011-01-10,10.05,10.1,10.05,10.05,10.055794490294083,8603,17,86510.0,8603.0,100.0,0.05,0.0,1294597800.0
2011-01-07,10.6,11.0,10.56,10.56,10.704901960784312,5100,14,54595.0,5100.0,100.0,0.44,-0.04,1294338600.0
2011-01-06,11.2,11.6,11.1,11.11,11.124738675958188,4305,14,47892.0,4305.0,100.0,0.5,-0.09,1294252200.0
2011-01-05,11.45,11.61,11.45,11.61,11.594601677148846,7632,21,88490.0,7632.0,100.0,0.16,0.16,1294165800.0
2011-01-04,11.0,11.06,11.0,11.06,11.045918367346937,1960,9,21650.0,1960.0,100.0,0.06,0.06,1294079400.0
2011-01-03,9.72,10.64,9.72,10.54,10.561115537848604,6275,25,66271.0,6275.0,100.0,0.92,0.82,1293993000.0
2010-12-31,10.5,10.5,9.9,10.14,10.146333333333333,3000,11,30439.0,3000.0,100.0,0.6,-0.36,1293733800.0
2010-12-30,9.95,10.39,9.53,10.39,10.002337814143775,1711,11,17114.0,1711.0,100.0,0.86,0.44,1293647400.0
2010-12-29,9.88,9.91,9.88,9.9,9.898571428571428,700,8,6929.0,700.0,100.0,0.03,0.02,1293561000.0
2010-12-28,10.01,10.8,9.95,10.3,10.256,875,7,8974.0,875.0,100.0,0.85,0.29,1293474600.0
2010-12-27,10.4,10.4,10.3,10.3,10.34,300,5,3102.0,300.0,100.0,0.1,-0.1,1293388200.0
2010-12-24,10.61,11.2,10.6,10.61,10.701819878674756,4286,27,45868.0,4286.0,100.0,0.6,0.0,1293129000.0
2010-12-23,10.62,11.15,10.45,11.15,10.752542372881356,2950,11,31720.0,2950.0,100.0,0.7,0.53,1293042600.0
2010-12-22,10.61,10.75,10.6,10.62,10.675172413793105,1450,12,15479.0,1450.0,100.0,0.15,0.01,1292956200.0
2010-12-21,11.35,12.0,11.08,11.08,11.345156889495223,1466,13,16632.0,1466.0,100.0,0.92,-0.27,1292869800.0
2010-12-20,11.05,11.63,10.6,11.63,11.501581087185665,6641,16,76382.0,6641.0,100.0,1.03,0.58,1292783400.0
2010-12-16,11.08,11.08,10.42,11.08,11.0525,1200,10,13263.0,1200.0,100.0,0.66,0.0,1292437800.0
2010-12-15,11.05,11.05,10.46,10.56,10.704137931034483,1450,10,15521.0,1450.0,100.0,0.59,-0.49,1292351400.0
2010-12-14,10.7,11.0,10.6,11.0,10.78031212484994,2499,12,26940.0,2499.0,100.0,0.4,0.3,1292265000.0
2010-12-13,10.8,11.5,10.75,11.0,11.000831946755408,3606,8,39669.0,3606.0,100.0,0.75,0.2,1292178600.0
2010-12-10,12.3,12.3,11.21,11.21,11.444186046511629,430,7,4921.0,430.0,100.0,1.09,-1.09,1291919400.0
2010-12-09,12.4,12.4,11.79,11.79,11.962962962962962,1350,15,16150.0,1350.0,100.0,0.61,-0.61,1291833000.0
2010-12-08,11.41,12.45,11.41,12.4,12.1825,400,5,4873.0,400.0,100.0,1.04,0.99,1291746600.0
2010-12-07,11.9,12.0,11.39,12.0,11.849595430747264,2101,10,24896.0,2101.0,100.0,0.61,0.1,1291660200.0
2010-12-06,12.13,12.75,11.98,11.98,12.150526315789472,950,10,11543.0,950.0,100.0,0.77,-0.15,1291573800.0
2010-12-03,13.0,13.0,12.61,12.61,12.772714870395633,3665,10,46812.0,3665.0,100.0,0.39,-0.39,1291314600.0
2010-12-02,13.14,13.17,12.8,12.8,12.904150943396226,2650,13,34196.0,2650.0,100.0,0.37,-0.34,1291228200.0
2010-12-01,12.5,13.6,12.34,12.55,13.206521739130434,736,12,9720.0,736.0,100.0,1.26,0.05,1291141800.0
2010-11-30,13.0,13.0,12.5,12.98,12.902727272727272,1100,9,14193.0,1100.0,100.0,0.5,-0.02,1291055400.0
2010-11-29,12.1,12.48,11.95,12.48,12.202142857142857,1400,9,17083.0,1400.0,100.0,0.53,0.38,1290969000.0
2010-11-26,12.95,12.95,12.34,12.57,12.554970513900589,4748,23,59611.0,4748.0,100.0,0.61,-0.38,1290709800.0
2010-11-25,12.95,13.9,12.95,12.98,13.079750963533947,3373,18,44118.0,3321.0,98.46,0.95,0.03,1290623400.0
2010-11-24,13.87,14.1,13.1,13.41,13.811534968210715,2202,21,30413.0,1750.0,79.47,1.0,-0.46,1290537000.0
2010-11-23,13.1,13.74,12.65,13.28,13.284784053156146,7525,32,99968.0,7101.0,94.37,1.09,0.18,1290450600.0
2010-11-22,15.4,15.4,13.06,13.11,13.376256855575868,8752,26,117069.0,8100.0,92.55,2.34,-2.29,1290364200.0
2010-11-19,14.12,14.77,14.1,14.1,14.30748543254146,4462,24,63840.0,2952.0,66.16,0.67,-0.02,1290105000.0
2010-11-18,15.0,15.8,15.0,15.06,15.041587142139628,9955,51,149739.0,8839.0,88.79,0.8,0.06,1290018600.0
2010-11-16,15.75,16.49,15.0,15.0,15.496344564526382,12584,54,195006.0,11927.0,94.78,1.49,-0.75,1289845800.0
2010-11-15,15.6,16.1,15.0,16.1,15.64040782355389,24030,51,375839.0,20980.0,87.31,1.1,0.5,1289759400.0
2010-11-12,17.85,17.85,15.3,16.0,16.548506019267247,214561,367,3550664.0,165221.0,77.0,2.55,-1.85,1289500200.0
2010-11-11,16.8,16.99,16.2,16.99,16.908350642704477,66438,121,1123357.0,62430.0,93.97,0.79,0.19,1289413800.0
2010-11-10,13.45,15.45,12.9,15.45,14.408291988769662,182007,278,2622410.0,137876.0,75.75,2.55,2.0,1289327400.0
2010-11-09,11.46,13.75,11.25,12.88,12.451406764218252,401702,363,5001755.0,263323.0,65.55,2.5,1.42,1289241000.0
2010-11-08,11.25,12.4,11.25,11.46,11.525988023952095,16700,37,192484.0,15300.0,91.62,1.15,0.21,1289154600.0
2010-11-05,11.0,11.0,11.0,11.0,11.0,300,2,3300.0,300.0,100.0,0.0,0.0,1288895400.0
2010-11-04,10.82,11.0,10.82,10.92,10.89832653635213,7111,27,77498.0,7111.0,100.0,0.18,0.1,1288809000.0
2010-11-03,11.0,11.5,11.0,11.23,11.220925205361004,4626,19,51908.0,3638.0,78.64,0.5,0.23,1288722600.0
2010-11-02,11.5,11.75,11.3,11.3,11.509166666666665,2400,13,27622.0,1900.0,79.17,0.45,-0.2,1288636200.0
2010-11-01,12.35,12.4,11.21,11.21,11.542439024390244,2050,6,23662.0,1950.0,95.12,1.19,-1.14,1288549800.0
2010-10-29,11.8,11.8,11.06,11.4,11.528546712802768,4624,18,53308.0,4323.0,93.49,0.74,-0.4,1288290600.0
2010-10-28,11.55,12.0,11.06,11.08,11.477781182960465,3263,21,37452.0,3263.0,100.0,0.94,-0.47,1288204200.0
2010-10-27,11.43,11.92,11.31,11.4,11.447137484329293,4786,24,54786.0,2480.0,51.82,0.61,-0.03,1288117800.0
2010-10-26,12.4,12.4,12.0,12.0,12.146081771720612,2348,16,28519.0,2338.0,99.57,0.4,-0.4,1288031400.0
2010-10-25,12.85,12.85,11.55,11.56,11.96012658227848,3160,15,37794.0,2750.0,87.03,1.3,-1.29,1287945000.0
2010-10-22,11.95,12.24,11.26,11.89,11.710917030567684,8015,30,93863.0,5953.0,74.27,0.98,-0.06,1287685800.0
2010-10-21,12.3,12.3,11.85,12.02,12.082544861337684,3065,17,37033.0,3051.0,99.54,0.45,-0.28,1287599400.0
2010-10-20,12.0,13.1,11.75,12.25,12.590131730991448,8654,43,108955.0,8151.0,94.19,1.35,0.25,1287513000.0
2010-10-19,11.5,12.75,11.49,12.17,11.933876059146035,6019,31,71830.0,4268.0,70.91,1.26,0.67,1287426600.0
2010-10-18,12.1,12.29,11.49,11.78,11.842843866171004,10760,45,127429.0,9059.0,84.19,0.8,-0.32,1287340200.0
2010-10-15,11.99,12.97,11.99,12.4,12.326314569408492,25883,111,319042.0,24131.0,93.23,0.98,0.41,1287081000.0
2010-10-14,11.99,11.99,11.04,11.99,11.862143220703967,51082,117,605942.0,48726.0,95.39,0.95,0.0,1286994600.0
2010-10-13,10.4,10.9,10.4,10.9,10.841530054644808,12444,39,134912.0,12444.0,100.0,0.5,0.5,1286908200.0
2010-10-12,10.49,10.49,9.9,9.91,10.109695290858724,3610,12,36496.0,3610.0,100.0,0.59,-0.58,1286821800.0
2010-10-11,9.7,10.0,9.52,9.94,9.836062239397943,9833,18,96718.0,9582.0,97.45,0.48,0.24,1286735400.0
2010-10-08,10.55,10.6,10.07,10.08,10.266524822695036,7050,18,72379.0,5450.0,77.3,0.53,-0.47,1286476200.0
2010-10-07,9.8,10.6,9.8,10.6,10.396857238381813,11964,40,124388.0,11958.0,99.95,0.8,0.8,1286389800.0
2010-10-06,9.3,10.25,9.3,9.9,9.988732394366195,4970,17,49644.0,4970.0,100.0,0.95,0.6,1286303400.0
2010-10-05,10.2,10.2,9.6,9.8,9.87010752688172,4650,19,45896.0,4360.0,93.76,0.6,-0.4,1286217000.0
2010-10-04,9.4,9.75,9.4,9.51,9.536416371253624,6206,15,59183.0,6206.0,100.0,0.35,0.11,1286130600.0
2010-10-01,9.99,10.44,9.6,9.66,9.806257287213368,5146,23,50463.0,4996.0,97.09,0.84,-0.33,1285871400.0
2010-09-30,9.76,10.25,9.56,10.09,9.833850931677018,5152,25,50664.0,5100.0,98.99,0.69,0.33,1285785000.0
2010-09-29,9.66,10.33,9.51,9.76,9.79293893129771,3144,22,30789.0,2993.0,95.2,0.82,0.1,1285698600.0
2010-09-28,10.67,10.67,9.62,9.97,9.952742616033756,5925,33,58970.0,4460.0,75.27,1.05,-0.7,1285612200.0
2010-09-27,11.5,11.7,10.1,10.48,10.599437313170387,5687,37,60279.0,4597.0,80.83,1.6,-1.02,1285525800.0
2010-09-24,10.85,10.86,9.46,10.86,10.83617146212566,23842,61,258356.0,23340.0,97.89,1.4,0.01,1285266600.0
2010-09-23,8.87,10.07,8.86,9.88,9.651774076755974,13810,33,133291.0,12210.0,88.41,1.21,1.01,1285180200.0
2010-09-22,8.8,9.5,8.8,9.3,9.136291878617786,5701,26,52086.0,5601.0,98.25,0.7,0.5,1285093800.0
2010-09-21,9.21,9.5,8.9,9.3,9.076005645730415,14170,38,128607.0,13150.0,92.8,0.6,0.09,1285007400.0
2010-09-20,9.11,9.9,9.11,9.6,9.324477611940297,3350,19,31237.0,3150.0,94.03,0.79,0.49,1284921000.0
2010-09-17,8.9,9.9,8.9,9.33,9.430656934306567,3014,26,28424.0,2007.0,66.59,1.0,0.43,1284661800.0
2010-09-16,9.06,9.9,9.06,9.43,9.42072072072072,2220,13,20914.0,1410.0,63.51,0.84,0.37,1284575400.0
2010-09-15,9.6,9.65,9.33,9.48,9.553095975232198,6460,28,61713.0,6260.0,96.9,0.32,-0.12,1284489000.0
2010-09-14,10.65,10.65,9.75,9.94,10.039402985074625,3350,19,33632.0,3150.0,94.03,0.9,-0.71,1284402600.0
2010-09-13,10.0,10.18,9.7,9.73,9.8658895083629,9865,24,97327.0,9865.0,100.0,0.48,-0.27,1284316200.0
2010-09-09,10.0,10.48,10.0,10.06,10.05269796776454,7135,14,71726.0,7035.0,98.6,0.48,0.06,1283970600.0
2010-09-08,9.9,10.49,9.62,10.0,9.982879377431905,1285,18,12828.0,1233.0,95.95,0.87,0.1,1283884200.0
2010-09-07,10.27,10.79,10.01,10.11,10.372225384177575,3514,25,36448.0,3237.0,92.12,0.78,-0.16,1283797800.0
2010-09-06,10.31,11.33,10.31,10.58,10.87204251622464,19569,56,212755.0,18722.0,95.67,1.02,0.27,1283711400.0
2010-09-03,11.2,11.5,10.69,10.83,11.12478845639975,11227,63,124898.0,9175.0,81.72,0.81,-0.37,1283452200.0
2010-09-02,11.45,11.5,10.51,11.14,11.139158807278267,41988,119,467711.0,36300.0,86.45,0.99,-0.31,1283365800.0
2010-09-01,13.16,13.16,10.78,10.85,11.984510937111608,128736,337,1542838.0,83506.0,64.87,2.38,-2.31,1283279400.0
2010-08-31,10.0,11.97,10.0,11.97,11.671704672255444,139804,331,1631751.0,87246.0,62.41,1.97,1.97,1283193000.0
2010-08-30,8.69,9.98,8.69,9.98,9.883400414684717,73791,130,729306.0,64674.0,87.64,1.29,1.29,1283106600.0
2010-08-27,8.11,8.34,8.1,8.32,8.226061915046797,6945,15,57130.0,6410.0,92.3,0.24,0.21,1282847400.0
2010-08-26,8.3,8.59,8.17,8.21,8.258955489391981,53403,36,441053.0,51902.0,97.19,0.42,-0.09,1282761000.0
2010-08-25,8.99,8.99,8.3,8.3,8.492137096774194,4960,24,42121.0,3810.0,76.81,0.69,-0.69,1282674600.0
2010-08-24,8.79,9.0,8.2,8.52,8.509723604624455,52244,120,444582.0,43270.0,82.82,0.8,-0.27,1282588200.0
2010-08-23,8.3,8.41,8.1,8.2,8.324262169413569,2609,21,21718.0,2560.0,98.12,0.31,-0.1,1282501800.0
2010-08-20,8.5,8.5,8.07,8.16,8.351707317073169,8200,27,68484.0,7271.0,88.67,0.43,-0.34,1282242600.0
2010-08-19,8.1,8.35,7.75,8.27,8.108045146001526,24897,43,201866.0,23610.0,94.83,0.6,0.17,1282156200.0
2010-08-18,8.43,8.43,8.21,8.21,8.41019266625233,1609,10,13532.0,1609.0,100.0,0.22,-0.22,1282069800.0
2010-08-17,8.9,8.9,8.4,8.41,8.464402351404312,4593,21,38877.0,4523.0,98.48,0.5,-0.49,1281983400.0
2010-08-16,8.78,8.78,8.4,8.52,8.436952380952382,5250,22,44294.0,5230.0,99.62,0.38,-0.26,1281897000.0
2010-08-13,8.27,8.56,8.05,8.53,8.186072160075625,12694,39,103914.0,12357.0,97.35,0.51,0.26,1281637800.0
2010-08-12,8.75,8.88,8.12,8.65,8.339947950553025,3074,21,25637.0,1974.0,64.22,0.76,-0.1,1281551400.0
2010-08-11,8.11,8.83,8.11,8.41,8.487804878048781,3567,17,30276.0,2596.0,72.78,0.72,0.3,1281465000.0
2010-08-10,8.26,8.95,8.25,8.36,8.311495673671198,4045,16,33620.0,3043.0,75.23,0.7,0.1,1281378600.0
2010-08-09,8.9,8.9,8.35,8.69,8.66254164683484,4202,20,36400.0,3702.0,88.1,0.55,-0.21,1281292200.0
2010-08-06,8.35,8.63,8.35,8.54,8.45176848874598,3110,14,26285.0,3060.0,98.39,0.28,0.19,1281033000.0
2010-08-05,8.28,8.69,8.28,8.35,8.351304347826089,575,6,4802.0,570.0,99.13,0.41,0.07,1280946600.0
2010-08-04,8.41,8.75,8.41,8.7,8.66916354556804,801,6,6944.0,801.0,100.0,0.34,0.29,1280860200.0
2010-08-03,8.97,8.97,8.41,8.45,8.63945205479452,3650,10,31534.0,3450.0,94.52,0.56,-0.52,1280773800.0
2010-08-02,8.74,8.8,8.38,8.41,8.599160671462828,8340,27,71717.0,7490.0,89.81,0.42,-0.33,1280687400.0
2010-07-30,9.0,9.18,8.35,8.35,8.699319213313162,2644,16,23001.0,2335.0,88.31,0.83,-0.65,1280428200.0
2010-07-29,8.38,8.89,8.38,8.8,8.411622276029055,413,6,3474.0,400.0,96.85,0.51,0.42,1280341800.0
2010-07-28,8.58,9.0,8.58,8.58,8.751000800640512,1249,10,10930.0,1249.0,100.0,0.42,0.0,1280255400.0
2010-07-27,9.36,9.36,8.8,8.8,8.814846416382252,1172,9,10331.0,1150.0,98.12,0.56,-0.56,1280169000.0
2010-07-26,9.14,9.19,8.75,8.75,8.777142857142858,1050,8,9216.0,1050.0,100.0,0.44,-0.39,1280082600.0
2010-07-23,8.6,8.71,8.6,8.7,8.695833333333333,480,4,4174.0,480.0,100.0,0.11,0.1,1279823400.0
2010-07-22,9.13,9.14,8.8,8.9,8.89068825910931,2717,20,24156.0,2700.0,99.37,0.34,-0.23,1279737000.0
2010-07-21,9.0,9.55,8.71,9.0,8.861198738170348,951,6,8427.0,950.0,99.89,0.84,0.0,1279650600.0
2010-07-20,8.67,9.69,8.62,9.0,9.29738070149029,13286,39,123525.0,11655.0,87.72,1.07,0.33,1279564200.0
2010-07-19,8.5,8.75,8.5,8.67,8.692273135669362,2226,14,19349.0,2225.0,99.96,0.25,0.17,1279477800.0
2010-07-16,8.65,9.44,8.65,8.77,8.89495209161019,8558,24,76123.0,8034.0,93.88,0.79,0.12,1279218600.0
2010-07-15,9.0,9.0,8.67,8.67,8.673267326732674,202,3,1752.0,202.0,100.0,0.33,-0.33,1279132200.0
2010-07-14,8.9,9.0,8.66,8.85,8.809660019614252,12236,26,107795.0,12034.0,98.35,0.34,-0.05,1279045800.0
2010-07-13,8.39,9.72,8.2,9.23,8.956930542917805,19782,46,177186.0,14591.0,73.76,1.52,0.84,1278959400.0
2010-07-12,8.35,8.36,8.26,8.26,8.343671566869846,5578,12,46541.0,5578.0,100.0,0.1,-0.09,1278873000.0
2010-07-09,8.45,8.9,8.3,8.51,8.43701095461659,2556,16,21565.0,2004.0,78.4,0.6,0.06,1278613800.0
2010-07-08,8.8,8.8,8.44,8.45,8.474944567627494,2255,10,19111.0,2255.0,100.0,0.36,-0.35,1278527400.0
2010-07-07,8.9,8.9,8.54,8.56,8.579831932773109,952,13,8168.0,952.0,100.0,0.36,-0.34,1278441000.0
2010-07-06,8.7,9.0,8.35,8.84,8.729443345577847,7078,27,61787.0,5275.0,74.53,0.65,0.14,1278354600.0
2010-07-05,8.99,9.2,8.56,8.66,8.979646017699116,2260,18,20294.0,1760.0,77.88,0.64,-0.33,1278268200.0
2010-07-02,8.36,9.2,8.35,8.99,8.827917053543793,3231,24,28523.0,3131.0,96.9,0.85,0.63,1278009000.0
2010-07-01,8.35,8.69,8.35,8.65,8.453947368421053,152,5,1285.0,151.0,99.34,0.34,0.3,1277922600.0
2010-06-30,8.77,8.77,8.5,8.5,8.583883751651255,757,10,6498.0,707.0,93.39,0.27,-0.27,1277836200.0
2010-06-29,8.4,8.45,8.2,8.45,8.356194690265486,1808,12,15108.0,1808.0,100.0,0.25,0.05,1277749800.0
2010-06-28,8.21,8.35,8.21,8.35,8.276923076923076,1170,10,9684.0,1160.0,99.15,0.14,0.14,1277663400.0
2010-06-25,8.2,8.29,8.1,8.26,8.227051573143042,3083,38,25364.0,2583.0,83.78,0.19,0.06,1277404200.0
2010-06-24,8.8,8.8,8.01,8.15,8.210896984442025,15619,47,128246.0,12112.0,77.55,0.79,-0.65,1277317800.0
2010-06-23,8.7,8.7,8.11,8.31,8.312374581939798,2990,23,24854.0,2690.0,89.97,0.59,-0.39,1277231400.0
2010-06-22,8.22,8.8,8.22,8.22,8.221276595744682,10105,15,83076.0,10105.0,100.0,0.58,0.0,1277145000.0
2010-06-21,8.95,8.95,8.3,8.5,8.473372781065088,507,7,4296.0,301.0,59.37,0.65,-0.45,1277058600.0
2010-06-18,8.11,8.95,8.11,8.49,8.342456608811748,5992,18,49988.0,3264.0,54.47,0.84,0.38,1276799400.0
2010-06-17,8.5,8.5,8.45,8.45,8.456,500,3,4228.0,500.0,100.0,0.05,-0.05,1276713000.0
2010-06-16,8.89,8.9,8.4,8.45,8.781607571690914,7079,14,62165.0,6828.0,96.45,0.5,-0.44,1276626600.0
2010-06-15,8.5,8.75,8.16,8.16,8.181636726546905,501,4,4099.0,501.0,100.0,0.59,-0.34,1276540200.0
2010-06-11,9.1,9.1,8.31,8.96,8.316831683168317,404,5,3360.0,401.0,99.26,0.79,-0.14,1276194600.0
2010-06-10,8.6,9.0,8.5,8.5,8.590395480225988,1770,10,15205.0,1750.0,98.87,0.5,-0.1,1276108200.0
2010-06-09,8.99,8.99,8.99,8.99,8.987878787878786,330,6,2966.0,330.0,100.0,0.0,0.0,1276021800.0
2010-06-08,9.0,9.0,9.0,9.0,9.0,2,1,18.0,2.0,100.0,0.0,0.0,1275935400.0
2010-06-07,9.7,9.7,8.26,9.03,8.446428571428571,112,8,946.0,108.0,96.43,1.44,-0.67,1275849000.0
2010-06-04,9.9,9.9,8.6,8.6,9.00658978583196,1821,7,16401.0,1311.0,71.99,1.3,-1.3,1275589800.0
2010-06-03,8.75,8.75,8.65,8.75,8.692307692307693,26,6,226.0,26.0,100.0,0.1,0.0,1275503400.0
2010-06-02,9.77,9.77,8.75,8.75,8.769953051643192,213,6,1868.0,208.0,97.65,1.02,-1.02,1275417000.0
2010-06-01,8.88,8.98,8.6,8.6,8.822744014732965,2172,11,19163.0,2160.0,99.45,0.38,-0.28,1275330600.0
2010-05-31,8.36,8.96,8.35,8.96,8.358764759309718,1101,4,9203.0,1100.0,99.91,0.61,0.6,1275244200.0
2010-05-28,8.74,8.75,8.73,8.75,8.743920595533497,2015,4,17619.0,2015.0,100.0,0.02,0.01,1274985000.0
2010-05-27,8.21,8.75,8.15,8.75,8.280198019801981,1010,6,8363.0,1010.0,100.0,0.6,0.54,1274898600.0
2010-05-26,9.44,9.44,7.78,8.8,8.302702702702703,2590,15,21504.0,2025.0,78.19,1.66,-0.64,1274812200.0
2010-05-24,8.5,8.89,8.1,8.89,8.516034985422738,2401,9,20447.0,2000.0,83.3,0.79,0.39,1274639400.0
2010-05-21,8.05,8.69,8.05,8.55,8.119200571020698,4203,9,34125.0,4201.0,99.95,0.64,0.5,1274380200.0
2010-05-20,8.25,8.25,8.25,8.25,8.249584026622296,601,2,4958.0,601.0,100.0,0.0,0.0,1274293800.0
2010-05-19,8.32,8.6,8.32,8.42,8.473333333333333,2100,5,17794.0,1400.0,66.67,0.28,0.1,1274207400.0
2010-05-18,8.23,9.48,8.23,8.6,8.965099915564311,3553,14,31853.0,3486.0,98.11,1.25,0.37,1274121000.0
2010-05-17,8.51,9.0,8.35,8.37,8.417660420215785,3522,11,29647.0,2901.0,82.37,0.65,-0.14,1274034600.0
2010-05-14,8.73,9.3,8.73,9.2,9.160431654676259,5560,16,50932.0,4005.0,72.03,0.57,0.47,1273775400.0
2010-05-13,9.35,9.35,8.8,8.96,9.041056910569104,2460,23,22241.0,1715.0,69.72,0.55,-0.39,1273689000.0
2010-05-12,9.99,10.0,9.01,9.02,9.328710124826626,6489,26,60534.0,3423.0,52.75,0.99,-0.97,1273602600.0
2010-05-11,9.2,9.69,8.8,9.69,9.30077912665338,11038,22,102662.0,11038.0,100.0,0.89,0.49,1273516200.0
2010-05-10,8.5,9.19,8.16,8.41,8.445360824742268,4365,14,36864.0,3355.0,76.86,1.03,-0.09,1273429800.0
2010-05-07,8.98,8.98,8.35,8.35,8.403796376186367,1159,5,9740.0,1159.0,100.0,0.63,-0.63,1273170600.0
2010-05-06,8.99,8.99,8.9,8.99,8.972142857142858,1400,9,12561.0,1400.0,100.0,0.09,0.0,1273084200.0
2010-05-05,8.1,9.12,8.1,8.8,8.758336455601347,2669,14,23376.0,2192.0,82.13,1.02,0.7,1272997800.0
2010-05-04,8.75,9.33,8.75,8.8,8.787755102040816,980,9,8612.0,980.0,100.0,0.58,0.05,1272911400.0
2010-05-03,9.0,9.21,8.65,9.2,8.933373712901272,3302,9,29498.0,3300.0,99.94,0.56,0.2,1272825000.0
2010-04-30,9.64,9.64,8.87,8.87,8.992805755395683,556,10,5000.0,551.0,99.1,0.77,-0.77,1272565800.0
2010-04-29,8.65,9.62,8.65,9.5,8.936738519212746,6402,16,57213.0,6200.0,96.84,0.97,0.85,1272479400.0
2010-04-28,9.0,9.78,9.0,9.01,9.109856262833677,4870,17,44365.0,4735.0,97.23,0.78,0.01,1272393000.0
2010-04-27,10.0,10.08,9.01,9.12,9.491052015387186,5979,34,56747.0,5702.0,95.37,1.07,-0.88,1272306600.0
2010-04-26,9.39,9.95,9.39,9.56,9.820214423165032,10913,33,107168.0,10713.0,98.17,0.56,0.17,1272220200.0
2010-04-23,9.59,9.59,9.05,9.05,9.224571428571426,1750,28,16143.0,1617.0,92.4,0.54,-0.54,1271961000.0
2010-04-22,9.1,9.55,8.52,9.42,9.200701480904131,5132,30,47218.0,4279.0,83.38,1.03,0.32,1271874600.0
2010-04-21,8.6,9.0,8.6,9.0,8.714474728764223,3779,16,32932.0,3099.0,82.01,0.4,0.4,1271788200.0
2010-04-20,9.18,9.2,8.61,8.95,8.96771978021978,1456,16,13057.0,1276.0,87.64,0.59,-0.23,1271701800.0
2010-04-19,8.65,9.1,8.6,9.1,8.629634414158378,7741,9,66802.0,7741.0,100.0,0.5,0.45,1271615400.0
2010-04-16,9.1,9.2,8.6,9.11,9.03516427104723,3896,27,35201.0,3896.0,100.0,0.6,0.01,1271356200.0
2010-04-15,8.99,9.25,8.7,9.1,8.959613696224759,5695,18,51025.0,5695.0,100.0,0.55,0.11,1271269800.0
2010-04-13,8.8,8.8,8.6,8.6,8.61609195402299,2175,3,18740.0,2175.0,100.0,0.2,-0.2,1271097000.0
2010-04-12,8.48,8.89,8.48,8.89,8.661006851355376,6714,14,58150.0,6714.0,100.0,0.41,0.41,1271010600.0
2010-04-09,8.59,8.6,7.8,8.09,8.110621283575968,9754,37,79111.0,7751.0,79.46,0.8,-0.5,1270751400.0
2010-04-08,8.4,8.49,7.76,8.39,8.021144519883608,5155,13,41349.0,4150.0,80.5,0.73,-0.01,1270665000.0
2010-04-07,7.8,8.3,7.8,8.1,7.995652173913043,460,6,3678.0,460.0,100.0,0.5,0.3,1270578600.0
2010-04-06,8.1,8.2,8.1,8.2,8.149471974004873,1231,8,10032.0,1231.0,100.0,0.1,0.1,1270492200.0
2010-04-05,8.1,8.5,8.1,8.5,8.315352697095435,2169,7,18036.0,2169.0,100.0,0.4,0.4,1270405800.0
2010-04-01,7.86,8.0,7.86,8.0,7.965432098765432,810,5,6452.0,710.0,87.65,0.14,0.14,1270060200.0
2010-03-31,8.4,8.4,8.3,8.3,8.316666666666666,120,4,998.0,120.0,100.0,0.1,-0.1,1269973800.0
2010-03-30,8.0,8.0,7.75,7.83,7.855321507760531,1804,10,14171.0,1302.0,72.17,0.25,-0.17,1269887400.0
2010-03-29,8.01,8.02,8.0,8.0,8.00290909090909,1375,10,11004.0,1175.0,85.45,0.02,-0.01,1269801000.0
2010-03-26,9.5,9.5,8.31,8.38,8.813393791419601,5734,31,50536.0,4634.0,80.82,1.19,-1.12,1269541800.0
2010-03-25,8.63,8.71,8.11,8.7,8.621234067207416,6904,24,59521.0,6855.0,99.29,0.6,0.07,1269455400.0
2010-03-23,7.4,8.0,7.25,7.92,7.899569892473118,4650,13,36733.0,4550.0,97.85,0.75,0.52,1269282600.0
2010-03-22,7.97,7.97,7.21,7.5,7.260509993108202,1451,5,10535.0,1451.0,100.0,0.76,-0.47,1269196200.0
2010-03-19,7.87,8.04,7.3,7.44,7.747382085677197,11555,33,89521.0,10164.0,87.96,0.74,-0.43,1268937000.0
2010-03-18,7.41,7.5,7.31,7.31,7.391120507399577,946,10,6992.0,946.0,100.0,0.19,-0.1,1268850600.0
2010-03-17,7.73,7.8,7.35,7.35,7.735962877030161,2155,9,16671.0,2155.0,100.0,0.45,-0.38,1268764200.0
2010-03-16,6.82,7.11,6.82,7.1,6.9857894736842105,1900,8,13273.0,1400.0,73.68,0.29,0.28,1268677800.0
2010-03-15,7.0,7.4,6.84,7.4,7.064784053156146,602,5,4253.0,602.0,100.0,0.56,0.4,1268591400.0
2010-03-12,7.15,7.6,7.05,7.11,7.084714548802946,2172,10,15388.0,2162.0,99.54,0.55,-0.04,1268332200.0
2010-03-11,7.0,7.04,7.0,7.04,7.009933774834437,302,5,2117.0,301.0,99.67,0.04,0.04,1268245800.0
2010-03-10,6.85,7.45,6.85,6.98,7.152919927754365,1661,11,11881.0,1611.0,96.99,0.6,0.13,1268159400.0
2010-03-09,7.45,7.45,7.03,7.31,7.27361111111111,7200,12,52370.0,7100.0,98.61,0.42,-0.14,1268073000.0
2010-03-08,7.8,7.8,7.31,7.31,7.47375,6400,23,47832.0,6400.0,100.0,0.49,-0.49,1267986600.0
2010-03-05,7.73,7.75,7.73,7.74,7.7444444444444445,1800,5,13940.0,1800.0,100.0,0.02,0.01,1267727400.0
2010-03-04,7.9,7.9,7.76,7.76,7.872,1250,5,9840.0,1250.0,100.0,0.14,-0.14,1267641000.0
2010-03-03,7.6,8.28,7.6,8.14,8.109174311926605,5450,13,44195.0,5450.0,100.0,0.68,0.54,1267554600.0
2010-03-02,7.6,7.98,7.6,7.89,7.94952380952381,4200,9,33388.0,4200.0,100.0,0.38,0.29,1267468200.0
2010-02-26,7.07,7.6,7.07,7.6,7.597014925373134,201,4,1527.0,200.0,99.5,0.53,0.53,1267122600.0
2010-02-25,7.0,7.4,7.0,7.39,7.105733824302998,1901,9,13508.0,1901.0,100.0,0.4,0.39,1267036200.0
2010-02-24,7.0,7.55,7.0,7.12,7.452729693741677,751,7,5597.0,751.0,100.0,0.55,0.12,1266949800.0
2010-02-23,7.5,7.9,7.23,7.23,7.715610510046368,1294,6,9984.0,1294.0,100.0,0.67,-0.27,1266863400.0
2010-02-22,7.29,7.6,6.93,7.6,7.526964285714285,5600,10,42151.0,5504.0,98.29,0.67,0.31,1266777000.0
2010-02-19,7.7,7.7,7.29,7.29,7.42267657992565,2690,13,19967.0,2440.0,90.71,0.41,-0.41,1266517800.0
2010-02-18,7.5,7.7,7.15,7.67,7.575414781297134,2652,13,20090.0,2652.0,100.0,0.55,0.17,1266431400.0
2010-02-17,6.8,7.41,6.8,7.38,7.1834261382246964,6106,18,43862.0,6106.0,100.0,0.61,0.58,1266345000.0
2010-02-16,7.62,7.62,7.06,7.06,7.530254206945936,5586,8,42064.0,5586.0,100.0,0.56,-0.56,1266258600.0
2010-02-15,7.15,7.26,7.15,7.26,7.232142857142858,448,9,3240.0,448.0,100.0,0.11,0.11,1266172200.0
2010-02-11,7.89,7.89,7.2,7.5,7.7735497108748355,26805,31,208370.0,26805.0,100.0,0.69,-0.39,1265826600.0
2010-02-10,7.52,7.6,7.5,7.52,7.538539898132429,2945,10,22201.0,2945.0,100.0,0.1,0.0,1265740200.0
2010-02-09,7.55,7.69,7.5,7.69,7.565682656826568,2710,13,20503.0,2710.0,100.0,0.19,0.14,1265653800.0
2010-02-08,7.4,7.85,7.26,7.33,7.3615625,6400,19,47114.0,6400.0,100.0,0.59,-0.07,1265567400.0
2010-02-06,7.5,8.1,7.46,7.64,7.601481481481482,675,4,5131.0,675.0,100.0,0.64,0.14,1265394600.0
2010-02-05,8.0,8.0,7.85,7.85,7.880662983425414,4525,13,35660.0,4525.0,100.0,0.15,-0.15,1265308200.0
2010-02-04,8.31,8.42,8.26,8.26,8.339487179487179,3900,11,32524.0,3900.0,100.0,0.16,-0.05,1265221800.0
2010-02-03,9.3,9.3,8.5,8.69,8.72901408450704,3550,19,30988.0,3550.0,100.0,0.8,-0.61,1265135400.0
2010-02-02,9.48,9.48,8.8,8.88,8.897874852420307,1694,13,15073.0,1694.0,100.0,0.68,-0.6,1265049000.0
2010-02-01,8.9,9.18,8.75,9.15,8.928732394366197,3550,21,31697.0,3550.0,100.0,0.43,0.25,1264962600.0
2010-01-29,8.75,8.75,8.75,8.75,8.75,700,4,6125.0,700.0,100.0,0.0,0.0,1264703400.0
2010-01-28,9.2,9.2,9.2,9.2,9.2,1550,6,14260.0,1550.0,100.0,0.0,0.0,1264617000.0
2010-01-27,9.22,9.89,9.22,9.68,9.221115537848604,502,3,4629.0,502.0,100.0,0.67,0.46,1264530600.0
2010-01-25,9.01,9.7,9.0,9.7,9.25584975369458,3248,13,30063.0,3248.0,100.0,0.7,0.69,1264357800.0
2010-01-22,9.7,10.29,9.32,9.4,9.34786799290616,155628,33,1454790.0,155628.0,100.0,0.97,-0.3,1264098600.0
2010-01-21,10.25,11.39,9.76,9.81,10.598469870196851,34899,46,369876.0,21001.0,60.18,1.63,-0.44,1264012200.0
2010-01-20,11.5,11.6,10.2,10.25,10.489337226794088,11301,52,118540.0,9750.0,86.28,1.4,-1.25,1263925800.0
2010-01-19,10.88,11.99,10.3,11.05,10.624273401483263,89802,125,954081.0,88212.0,98.23,1.69,0.17,1263839400.0
2010-01-18,10.2,11.0,10.2,10.55,10.467322900757255,125057,92,1309012.0,120885.0,96.66,0.8,0.35,1263753000.0
2010-01-15,9.55,10.0,9.5,9.93,9.758633439325592,13523,47,131966.0,12222.0,90.38,0.5,0.38,1263493800.0
2010-01-14,10.75,10.75,9.27,10.1,10.020329808660623,15888,59,159203.0,13922.0,87.63,1.48,-0.65,1263407400.0
2010-01-13,9.3,9.3,8.21,9.18,8.872535080670087,16177,53,143531.0,14989.0,92.66,1.09,-0.12,1263321000.0
2010-01-12,7.71,9.95,7.71,8.21,8.527968890218366,3343,28,28509.0,2487.0,74.39,2.24,0.5,1263234600.0
2010-01-11,7.9,8.5,7.25,8.35,8.2348810397233,9541,26,78569.0,8798.0,92.21,1.25,0.45,1263148200.0
2010-01-08,7.45,8.15,7.45,7.83,7.839441829186281,5948,24,46629.0,5748.0,96.64,0.7,0.38,1262889000.0
2010-01-07,7.81,7.81,7.5,7.5,7.671148459383754,1785,14,13693.0,1785.0,100.0,0.31,-0.31,1262802600.0
2010-01-06,7.86,7.93,7.5,7.85,7.836473900801385,4617,12,36181.0,4516.0,97.81,0.43,-0.01,1262716200.0
2010-01-05,7.75,8.0,7.5,7.86,7.71945205479452,7300,17,56352.0,6800.0,93.15,0.5,0.11,1262629800.0
2010-01-04,7.04,7.47,7.0,7.43,7.067784516589369,2803,12,19811.0,2803.0,100.0,0.47,0.39,1262543400.0
2009-12-31,7.05,7.5,7.05,7.07,7.070338983050848,1180,8,8343.0,1065.0,90.25,0.45,0.02,1262197800.0
2009-12-30,7.69,7.69,6.75,7.19,7.36562707365627,7535,24,55500.0,6535.0,86.73,0.94,-0.5,1262111400.0
2009-12-29,6.47,7.3,6.47,7.3,6.7623554153522605,1902,8,12862.0,1402.0,73.71,0.83,0.83,1262025000.0
2009-12-24,6.7,7.3,6.66,6.75,6.704836415362731,1406,16,9427.0,1226.0,87.2,0.64,0.05,1261593000.0
2009-12-23,6.27,7.43,6.27,6.71,7.163090128755365,6058,24,43394.0,5206.0,85.94,1.16,0.44,1261506600.0
2009-12-21,6.75,6.76,6.75,6.76,6.752475247524752,101,2,682.0,101.0,100.0,0.01,0.01,1261333800.0
2009-12-18,6.61,7.5,6.61,7.0,7.1139924365208,1851,14,13168.0,1801.0,97.3,0.89,0.39,1261074600.0
2009-12-17,6.92,7.0,6.92,6.92,6.941690962099125,343,3,2381.0,343.0,100.0,0.08,0.0,1260988200.0
2009-12-16,6.8,7.49,6.8,6.91,7.362347188264057,2045,8,15056.0,1950.0,95.35,0.69,0.11,1260901800.0
2009-12-15,7.22,7.57,7.11,7.39,7.24351371386212,2698,12,19543.0,2698.0,100.0,0.46,0.17,1260815400.0
2009-12-14,6.81,7.95,6.81,7.59,7.583678616465501,5551,18,42097.0,5201.0,93.69,1.14,0.78,1260729000.0
2009-12-11,7.1,7.5,7.04,7.5,7.253225806451614,4960,20,35976.0,4360.0,87.9,0.46,0.4,1260469800.0
2009-12-10,7.4,7.4,6.66,7.09,6.877252800779347,4106,24,28238.0,3484.0,84.85,0.74,-0.31,1260383400.0
2009-12-09,6.2,7.14,6.2,6.98,6.764008965738072,3123,33,21124.0,2302.0,73.71,0.94,0.78,1260297000.0
2009-12-08,6.25,7.31,6.21,6.52,6.709272097053726,2308,24,15485.0,1700.0,73.66,1.1,0.27,1260210600.0
2009-12-07,6.71,7.35,6.36,6.75,6.827927215189874,5056,23,34522.0,3551.0,70.23,0.99,0.04,1260124200.0
2009-12-04,6.51,7.0,6.51,6.71,6.7012,2500,9,16753.0,2500.0,100.0,0.49,0.2,1259865000.0
2009-12-03,6.61,7.0,6.61,6.94,6.8589164785553045,2658,18,18231.0,2658.0,100.0,0.39,0.33,1259778600.0
2009-12-02,6.35,7.05,6.35,6.6,6.697095078010516,11601,22,77693.0,11601.0,100.0,0.7,0.25,1259692200.0
2009-12-01,6.05,6.44,6.05,6.41,6.282424242424241,1650,5,10366.0,1150.0,69.7,0.39,0.36,1259605800.0
2009-11-30,6.0,6.23,5.8,6.22,6.014199395770393,6620,13,39814.0,6620.0,100.0,0.43,0.22,1259519400.0
2009-11-27,5.8,6.0,5.8,5.81,5.821158690176322,6352,12,36976.0,5700.0,89.74,0.2,0.01,1259260200.0
2009-11-26,6.28,6.34,6.28,6.3,6.293774319066148,2570,12,16175.0,2570.0,100.0,0.06,0.02,1259173800.0
2009-11-25,6.35,6.35,5.9,6.29,6.154814814814816,1350,8,8309.0,1350.0,100.0,0.45,-0.06,1259087400.0
2009-11-24,6.29,6.35,6.01,6.29,6.30798969072165,1552,10,9790.0,1525.0,98.26,0.34,0.0,1259001000.0
2009-11-23,5.63,6.3,5.63,5.91,6.127454480542664,2801,12,17163.0,2100.0,74.97,0.67,0.28,1258914600.0
2009-11-20,5.77,5.77,5.75,5.75,5.755747126436781,348,2,2003.0,348.0,100.0,0.02,-0.02,1258655400.0
2009-11-19,5.78,6.0,5.78,6.0,5.926666666666667,300,3,1778.0,300.0,100.0,0.22,0.22,1258569000.0
2009-11-18,5.86,6.0,5.86,5.9,5.956140350877193,912,9,5432.0,812.0,89.04,0.14,0.04,1258482600.0
2009-11-17,5.83,5.83,5.8,5.8,5.813793103448276,725,6,4215.0,725.0,100.0,0.03,-0.03,1258396200.0
2009-11-16,5.88,6.0,5.88,6.0,5.94,1100,4,6534.0,1100.0,100.0,0.12,0.12,1258309800.0
2009-11-13,5.68,6.6,5.65,6.08,6.331314354936402,4953,27,31359.0,4243.0,85.67,0.95,0.4,1258050600.0
2009-11-12,5.4,6.16,5.4,6.07,5.57622504537205,1102,10,6145.0,800.0,72.6,0.76,0.67,1257964200.0
2009-11-11,6.35,6.35,5.6,5.75,5.883029242689328,4001,19,23538.0,1805.0,45.11,0.75,-0.6,1257877800.0
2009-11-10,5.51,5.99,5.51,5.99,5.763207547169811,1060,5,6109.0,1060.0,100.0,0.48,0.48,1257791400.0
2009-11-09,5.8,5.81,5.71,5.81,5.7525,400,5,2301.0,375.0,93.75,0.1,0.01,1257705000.0
2009-11-06,6.43,6.44,5.99,6.17,6.2615,2000,12,12523.0,1600.0,80.0,0.45,-0.26,1257445800.0
2009-11-05,6.26,6.26,6.0,6.2,6.0095238095238095,210,3,1262.0,200.0,95.24,0.26,-0.06,1257359400.0
2009-11-04,5.53,5.99,5.53,5.99,5.606161532056619,1201,3,6733.0,1000.0,83.26,0.46,0.46,1257273000.0
2009-11-03,5.38,5.82,5.38,5.82,5.816312056737589,1410,13,8201.0,1400.0,99.29,0.44,0.44,1257186600.0
2009-10-30,5.55,5.55,5.55,5.55,5.55,2060,4,11433.0,2060.0,100.0,0.0,0.0,1256841000.0
2009-10-29,5.74,5.75,5.29,5.29,5.586666666666666,150,3,838.0,150.0,100.0,0.46,-0.45,1256754600.0
2009-10-28,5.51,5.51,5.48,5.48,5.496,2000,5,10992.0,2000.0,100.0,0.03,-0.03,1256668200.0
2009-10-27,5.76,5.76,5.76,5.76,5.76,200,1,1152.0,200.0,100.0,0.0,0.0,1256581800.0
2009-10-26,6.11,6.11,5.72,5.91,5.92470588235294,425,6,2518.0,415.0,97.65,0.39,-0.2,1256495400.0
2009-10-23,6.05,6.05,6.0,6.02,6.04,700,4,4228.0,650.0,92.86,0.05,-0.03,1256236200.0
2009-10-22,6.01,6.25,5.94,6.24,6.043866459627329,5152,14,31138.0,4652.0,90.3,0.31,0.23,1256149800.0
2009-10-21,6.6,6.6,6.2,6.25,6.416419264390566,24252,15,155611.0,23046.0,95.03,0.4,-0.35,1256063400.0
2009-10-20,6.5,6.95,6.44,6.44,6.4830434782608695,6900,17,44733.0,6500.0,94.2,0.51,-0.06,1255977000.0
2009-10-17,6.21,6.77,6.21,6.77,6.674418604651162,602,4,4018.0,500.0,83.06,0.56,0.56,1255717800.0
2009-10-16,6.82,6.82,6.21,6.45,6.557015728476821,9664,26,63367.0,7233.0,74.84,0.61,-0.37,1255631400.0
2009-10-15,6.45,6.99,6.45,6.5,6.84248039914469,2806,12,19200.0,2616.0,93.23,0.54,0.05,1255545000.0
2009-10-14,6.68,6.69,6.25,6.69,6.588001589193484,2517,14,16582.0,2217.0,88.08,0.44,0.01,1255458600.0
2009-10-12,7.0,7.0,6.37,6.38,6.46215844309023,5087,12,32873.0,4587.0,90.17,0.63,-0.62,1255285800.0
2009-10-09,7.2,7.2,6.56,6.7,6.750078125,12800,16,86401.0,11300.0,88.28,0.64,-0.5,1255026600.0
2009-10-08,6.36,6.9,6.36,6.9,6.614973262032086,187,7,1237.0,135.0,72.19,0.54,0.54,1254940200.0
2009-10-07,6.6,6.62,6.59,6.59,6.606190476190476,2100,9,13873.0,2100.0,100.0,0.03,-0.01,1254853800.0
2009-10-06,6.85,7.0,6.85,6.93,6.9141818181818175,4125,9,28521.0,4125.0,100.0,0.15,0.08,1254767400.0
2009-10-05,7.05,7.35,7.03,7.2,7.058139534883721,2150,8,15175.0,2050.0,95.35,0.32,0.15,1254681000.0
2009-10-01,7.0,7.58,6.96,7.39,7.204104148278906,4532,22,32649.0,4182.0,92.28,0.62,0.39,1254335400.0
2009-09-30,7.05,7.4,6.7,7.26,6.894601211184126,7761,35,53509.0,5301.0,68.3,0.7,0.21,1254249000.0
2009-09-29,7.22,7.23,6.77,7.05,7.032679738562092,1989,11,13988.0,1950.0,98.04,0.46,-0.17,1254162600.0
2009-09-25,6.85,7.2,6.85,6.9,6.991970802919708,1370,8,9579.0,1370.0,100.0,0.35,0.05,1253817000.0
2009-09-24,6.86,7.2,6.86,7.2,6.873589164785553,3101,13,21315.0,3101.0,100.0,0.34,0.34,1253730600.0
2009-09-23,6.83,7.28,6.8,7.22,6.9516389038151525,1861,10,12937.0,1811.0,97.31,0.48,0.39,1253644200.0
2009-09-22,6.8,7.14,6.8,7.14,6.897975546201644,4989,9,34414.0,4989.0,100.0,0.34,0.34,1253557800.0
2009-09-18,6.55,7.14,6.55,7.14,7.076764705882352,3400,17,24061.0,3300.0,97.06,0.59,0.59,1253212200.0
2009-09-17,7.09,7.09,6.8,6.8,7.045046235138706,7570,31,53331.0,6970.0,92.07,0.29,-0.29,1253125800.0
2009-09-16,6.76,6.76,6.75,6.76,6.7503192848020435,7830,16,52855.0,7830.0,100.0,0.01,0.0,1253039400.0
2009-09-15,6.1,6.44,6.1,6.44,6.416731618602234,3849,9,24698.0,3849.0,100.0,0.34,0.34,1252953000.0
2009-09-14,6.0,6.28,6.0,6.14,6.109120521172638,1228,9,7502.0,888.0,72.31,0.28,0.14,1252866600.0
2009-09-11,6.31,6.31,6.29,6.29,6.2958333333333325,1200,4,7555.0,1200.0,100.0,0.02,-0.02,1252607400.0
2009-09-10,6.84,6.84,6.6,6.62,6.712682158330051,5078,15,34087.0,4878.0,96.06,0.24,-0.22,1252521000.0
2009-09-09,6.18,6.57,6.18,6.57,6.4359053657028,6467,19,41621.0,6467.0,100.0,0.39,0.39,1252434600.0
2009-09-08,6.16,6.26,6.16,6.26,6.240862230552952,1067,3,6659.0,1067.0,100.0,0.1,0.1,1252348200.0
2009-09-07,6.12,6.35,6.12,6.32,6.204,1000,7,6204.0,900.0,90.0,0.23,0.2,1252261800.0
2009-09-04,6.4,6.4,6.11,6.11,6.317142857142857,350,2,2211.0,350.0,100.0,0.29,-0.29,1252002600.0
2009-09-03,6.21,6.21,6.18,6.18,6.182974989030277,2279,9,14091.0,2089.0,91.66,0.03,-0.03,1251916200.0
2009-09-02,6.12,6.13,6.12,6.13,6.125184094256259,679,3,4159.0,679.0,100.0,0.01,0.01,1251829800.0
2009-09-01,6.16,6.5,6.16,6.17,6.223703703703704,1350,11,8402.0,950.0,70.37,0.34,0.01,1251743400.0
2009-08-31,6.3,6.3,6.3,6.3,6.3,340,3,2142.0,340.0,100.0,0.0,0.0,1251657000.0
2009-08-28,6.6,6.6,6.6,6.6,6.6,310,2,2046.0,310.0,100.0,0.0,0.0,1251397800.0
2009-08-27,6.27,6.35,6.24,6.35,6.326511094108645,5228,13,33075.0,5228.0,100.0,0.11,0.08,1251311400.0
2009-08-26,5.95,6.18,5.95,6.05,6.035360678925035,2121,8,12801.0,2121.0,100.0,0.23,0.1,1251225000.0
2009-08-25,6.2,6.2,6.2,6.2,6.2,110,2,682.0,110.0,100.0,0.0,0.0,1251138600.0
2009-08-24,6.36,6.36,5.85,5.91,5.86880320480721,1997,5,11720.0,1992.0,99.75,0.51,-0.45,1251052200.0
2009-08-21,6.09,6.09,6.09,6.09,6.089108910891089,101,2,615.0,101.0,100.0,0.0,0.0,1250793000.0
2009-08-20,6.25,6.25,5.8,5.8,6.031762295081967,1952,8,11774.0,1952.0,100.0,0.45,-0.45,1250706600.0
2009-08-19,5.98,6.19,5.98,6.0,5.980004311738709,241202,7,1442389.0,241202.0,100.0,0.21,0.02,1250620200.0
2009-08-17,6.29,6.29,6.29,6.29,6.29,100,1,629.0,100.0,100.0,0.0,0.0,1250447400.0
2009-08-14,6.42,6.42,5.89,6.3,6.033333333333333,810,7,4887.0,810.0,100.0,0.53,-0.12,1250188200.0
2009-08-13,6.54,6.54,6.16,6.16,6.217391304347825,2461,9,15301.0,2461.0,100.0,0.38,-0.38,1250101800.0
2009-08-12,6.4,6.48,6.01,6.48,6.252659574468085,1504,7,9404.0,1504.0,100.0,0.47,0.08,1250015400.0
2009-08-11,6.3,6.3,6.3,6.3,6.25,4,2,25.0,4.0,100.0,0.0,0.0,1249929000.0
2009-08-10,6.1,6.5,6.0,6.5,6.2093333333333325,3750,15,23285.0,3750.0,100.0,0.5,0.4,1249842600.0
2009-08-07,5.8,6.26,5.71,6.26,6.171896779054436,26545,19,163833.0,26545.0,100.0,0.55,0.46,1249583400.0
2009-08-06,5.98,5.98,5.62,5.97,5.692701779615315,11126,13,63337.0,11126.0,100.0,0.36,-0.01,1249497000.0
2009-08-05,5.5,5.95,5.5,5.8,5.65546218487395,1071,9,6057.0,1071.0,100.0,0.45,0.3,1249410600.0
2009-08-04,5.74,5.74,5.35,5.71,5.603078614623419,9095,17,50960.0,9095.0,100.0,0.39,-0.03,1249324200.0
2009-08-03,5.66,5.85,5.37,5.48,5.416768665850673,1634,10,8851.0,1634.0,100.0,0.48,-0.18,1249237800.0
2009-07-31,5.7,6.1,5.65,5.65,5.932858214553638,2666,6,15817.0,2666.0,100.0,0.45,-0.05,1248978600.0
2009-07-30,5.86,5.87,5.86,5.86,5.866692278140607,2603,23,15271.0,2603.0,100.0,0.01,0.0,1248892200.0
2009-07-29,5.35,5.6,5.35,5.6,5.49,1000,4,5490.0,1000.0,100.0,0.25,0.25,1248805800.0
2009-07-28,5.16,5.62,5.15,5.62,5.479122807017544,5700,11,31231.0,5700.0,100.0,0.47,0.46,1248719400.0
2009-07-27,5.3,5.5,5.3,5.36,5.311764705882353,850,4,4515.0,850.0,100.0,0.2,0.06,1248633000.0
2009-07-24,5.7,5.7,5.38,5.5,5.517412935323383,1608,17,8872.0,1608.0,100.0,0.32,-0.2,1248373800.0
2009-07-23,5.66,5.66,5.66,5.66,5.66,1000,3,5660.0,1000.0,100.0,0.0,0.0,1248287400.0
2009-07-22,5.43,5.95,5.43,5.95,5.501232539030402,1217,9,6695.0,1217.0,100.0,0.52,0.52,1248201000.0
2009-07-21,5.89,5.89,5.65,5.71,5.71,400,2,2284.0,400.0,100.0,0.24,-0.18,1248114600.0
2009-07-20,5.75,5.75,5.75,5.75,5.75,100,2,575.0,100.0,100.0,0.0,0.0,1248028200.0
2009-07-17,5.62,6.05,5.61,6.05,5.718446601941748,1133,8,6479.0,1133.0,100.0,0.44,0.43,1247769000.0
2009-07-16,5.65,5.9,5.65,5.9,5.895238095238096,210,4,1238.0,210.0,100.0,0.25,0.25,1247682600.0
2009-07-15,5.16,5.65,5.16,5.65,5.323333333333332,300,5,1597.0,300.0,100.0,0.49,0.49,1247596200.0
2009-07-14,5.43,5.43,5.43,5.43,5.4271186440677965,295,2,1601.0,295.0,100.0,0.0,0.0,1247509800.0
2009-07-13,5.71,5.71,5.71,5.71,5.6,5,1,28.0,5.0,100.0,0.0,0.0,1247423400.0
2009-07-10,5.72,6.0,5.72,6.0,5.75,112,5,644.0,112.0,100.0,0.28,0.28,1247164200.0
2009-07-09,6.02,6.02,6.02,6.02,6.0,1,1,6.0,1.0,100.0,0.0,0.0,1247077800.0
2009-07-08,5.75,5.75,5.75,5.75,5.72,25,2,143.0,25.0,100.0,0.0,0.0,1246991400.0
2009-07-07,6.09,6.09,6.04,6.05,6.0459081836327355,501,4,3029.0,501.0,100.0,0.05,-0.04,1246905000.0
2009-07-06,5.61,6.0,5.61,5.8,5.748633879781421,183,3,1052.0,183.0,100.0,0.39,0.19,1246818600.0
2009-07-03,5.74,5.74,5.74,5.74,5.74,700,4,4018.0,700.0,100.0,0.0,0.0,1246559400.0
2009-07-02,5.74,5.74,5.74,5.74,5.74,100,2,574.0,100.0,100.0,0.0,0.0,1246473000.0
2009-07-01,6.5,6.5,6.04,6.04,6.048458149779736,227,3,1373.0,227.0,100.0,0.46,-0.46,1246386600.0
2009-06-30,5.81,6.29,5.8,6.29,5.8784,1250,7,7348.0,1250.0,100.0,0.49,0.48,1246300200.0
2009-06-29,6.27,6.27,6.1,6.1,6.190184049079755,1304,6,8072.0,1304.0,100.0,0.17,-0.17,1246213800.0
2009-06-26,6.6,6.6,6.28,6.38,6.36697247706422,109,10,694.0,109.0,100.0,0.32,-0.22,1245954600.0
2009-06-25,5.85,6.3,5.85,6.3,5.858757062146893,354,6,2074.0,354.0,100.0,0.45,0.45,1245868200.0
2009-06-24,5.62,6.16,5.61,6.15,5.937869822485207,1690,11,10035.0,1690.0,100.0,0.55,0.53,1245781800.0
2009-06-23,6.0,6.0,5.9,5.9,5.902571041948579,739,6,4362.0,739.0,100.0,0.1,-0.1,1245695400.0
2009-06-22,6.25,6.25,5.7,6.1,6.032028469750889,281,7,1695.0,281.0,100.0,0.55,-0.15,1245609000.0
2009-06-19,5.99,5.99,5.43,5.97,5.849056603773585,4134,9,24180.0,4134.0,100.0,0.56,-0.02,1245349800.0
2009-06-18,6.3,6.3,5.71,5.71,5.714851485148515,505,2,2886.0,505.0,100.0,0.59,-0.59,1245263400.0
2009-06-17,6.0,6.58,5.98,6.0,6.029710278649197,5419,18,32675.0,5419.0,100.0,0.6,0.0,1245177000.0
2009-06-16,6.28,6.55,6.28,6.28,6.27972027972028,1001,4,6286.0,1001.0,100.0,0.27,0.0,1245090600.0
2009-06-15,6.75,6.75,6.6,6.6,6.599601593625498,502,3,3313.0,502.0,100.0,0.15,-0.15,1245004200.0
2009-06-12,6.94,6.94,6.94,6.94,6.94,100,1,694.0,100.0,100.0,0.0,0.0,1244745000.0
2009-06-11,7.3,8.0,7.3,7.3,7.369694843914416,2851,19,21011.0,2751.0,96.49,0.7,0.0,1244658600.0
2009-06-10,7.7,7.9,7.68,7.68,7.690449226123065,2649,15,20372.0,2599.0,98.11,0.22,-0.02,1244572200.0
2009-06-09,8.08,8.08,8.08,8.08,8.0,1,1,8.0,1.0,100.0,0.0,0.0,1244485800.0
2009-06-05,8.5,8.5,8.25,8.5,8.489035746470412,6658,16,56520.0,6458.0,97.0,0.25,0.0,1244140200.0
2009-06-04,8.23,8.24,7.56,8.23,8.200409548957266,18557,22,152175.0,18557.0,100.0,0.68,0.0,1244053800.0
2009-06-03,7.87,7.87,7.5,7.85,7.845194805194804,3850,15,30204.0,3850.0,100.0,0.37,-0.02,1243967400.0
2009-06-02,7.5,7.7,7.35,7.5,7.583815028901735,7266,18,55104.0,7266.0,100.0,0.35,0.0,1243881000.0
2009-06-01,7.2,7.38,7.1,7.38,7.2337537702220995,7294,20,52763.0,7285.0,99.88,0.28,0.18,1243794600.0
2009-05-29,6.85,7.03,6.85,7.03,6.951775766016713,5744,15,39931.0,5744.0,100.0,0.18,0.18,1243535400.0
2009-05-28,6.85,6.85,6.3,6.7,6.653130287648055,5910,24,39320.0,5404.0,91.44,0.55,-0.15,1243449000.0
2009-05-27,6.53,6.53,6.53,6.53,6.529991783073131,3651,11,23841.0,3651.0,100.0,0.0,0.0,1243362600.0
2009-05-26,6.22,6.22,6.22,6.22,6.219851851851852,3375,6,20992.0,3375.0,100.0,0.0,0.0,1243276200.0
2009-05-25,5.42,5.93,5.42,5.93,5.849487785657998,1269,3,7423.0,1269.0,100.0,0.51,0.51,1243189800.0
2009-05-22,5.6,5.65,5.6,5.65,5.62,500,4,2810.0,500.0,100.0,0.05,0.05,1242930600.0
2009-05-21,5.46,5.46,5.46,5.46,5.46,2200,4,12012.0,2200.0,100.0,0.0,0.0,1242844200.0
2009-05-20,5.46,5.46,5.2,5.2,5.255454545454546,1100,3,5781.0,1100.0,100.0,0.26,-0.26,1242757800.0
2009-05-19,5.01,5.44,5.01,5.2,5.237854889589904,3170,21,16604.0,2420.0,76.34,0.43,0.19,1242671400.0
2009-05-15,5.5,5.69,5.18,5.2,5.291886460688269,3981,34,21067.0,3971.0,99.75,0.51,-0.3,1242325800.0
2009-05-14,5.98,5.98,5.45,5.45,5.7,20,2,114.0,20.0,100.0,0.53,-0.53,1242239400.0
2009-05-13,5.73,5.73,5.73,5.73,5.7,10,1,57.0,10.0,100.0,0.0,0.0,1242153000.0
2009-05-12,5.6,5.6,5.1,5.48,5.136363636363636,1100,11,5650.0,1040.0,94.55,0.5,-0.12,1242066600.0
2009-05-11,5.3,5.34,4.91,5.34,4.930708661417323,1270,10,6262.0,1270.0,100.0,0.43,0.04,1241980200.0
2009-05-08,5.3,5.3,5.0,5.13,5.081669691470054,551,6,2800.0,551.0,100.0,0.3,-0.17,1241721000.0
2009-05-07,5.25,5.25,4.88,5.24,5.074189249222568,2251,23,11422.0,1151.0,51.13,0.37,-0.01,1241634600.0
2009-05-06,5.12,5.12,5.12,5.12,5.113043478260869,115,2,588.0,115.0,100.0,0.0,0.0,1241548200.0
2009-05-05,4.88,5.1,4.88,4.88,4.95513698630137,2920,10,14469.0,2920.0,100.0,0.22,0.0,1241461800.0
2009-05-04,4.87,4.88,4.87,4.87,4.874405328258801,1051,3,5123.0,1051.0,100.0,0.01,0.0,1241375400.0
2009-04-29,4.55,4.95,4.52,4.65,4.627625489498041,2809,18,12999.0,2300.0,81.88,0.43,0.1,1240943400.0
2009-04-28,4.9,4.9,4.71,4.75,4.7968,625,6,2998.0,624.0,99.84,0.19,-0.15,1240857000.0
2009-04-27,5.1,5.11,4.8,4.9,5.000869565217391,1150,5,5751.0,1150.0,100.0,0.31,-0.2,1240770600.0
2009-04-24,5.02,5.06,5.0,5.05,5.033333333333333,1050,6,5285.0,1050.0,100.0,0.06,0.03,1240511400.0
2009-04-23,5.25,5.5,5.23,5.23,5.377777777777777,945,10,5082.0,945.0,100.0,0.27,-0.02,1240425000.0
2009-04-22,5.98,5.98,5.5,5.5,5.650398406374501,1004,6,5673.0,1004.0,100.0,0.48,-0.48,1240338600.0
2009-04-21,6.09,6.09,5.53,5.73,5.700553598389532,1987,16,11327.0,1895.0,95.37,0.56,-0.36,1240252200.0
2009-04-20,5.81,5.82,5.28,5.82,5.666666666666666,660,18,3740.0,492.0,74.55,0.54,0.01,1240165800.0
2009-04-17,5.6,5.6,5.15,5.55,5.338912133891212,1195,29,6380.0,990.0,82.85,0.45,-0.05,1239906600.0
2009-04-16,5.34,5.35,4.86,5.35,5.289093298291721,1522,17,8050.0,1211.0,79.57,0.49,0.01,1239820200.0
2009-04-15,5.1,5.1,5.1,5.1,5.1,20,2,102.0,20.0,100.0,0.0,0.0,1239733800.0
2009-04-13,4.86,4.86,4.86,4.86,4.8,10,1,48.0,10.0,100.0,0.0,0.0,1239561000.0
2009-04-09,4.62,4.63,4.62,4.63,4.621621621621622,37,6,171.0,11.0,29.73,0.01,0.01,1239215400.0
2009-04-08,4.41,4.41,4.41,4.41,4.41,3000,8,13230.0,3000.0,100.0,0.0,0.0,1239129000.0
2009-04-02,4.2,4.2,4.2,4.2,4.2,10,1,42.0,10.0,100.0,0.0,0.0,1238610600.0
2009-04-01,4.0,4.0,4.0,4.0,4.0,400,3,1600.0,400.0,100.0,0.0,0.0,1238524200.0
2009-03-31,4.2,4.2,4.0,4.0,4.173570019723866,1521,4,6348.0,1521.0,100.0,0.2,-0.2,1238437800.0
2009-03-30,4.0,4.0,4.0,4.0,4.0,100,1,400.0,100.0,100.0,0.0,0.0,1238351400.0
2009-03-27,4.2,4.58,4.16,4.16,4.221,1000,5,4221.0,1000.0,100.0,0.42,-0.04,1238092200.0
2009-03-25,4.15,4.37,4.15,4.37,4.3125,800,9,3450.0,800.0,100.0,0.22,0.22,1237919400.0
2009-03-24,3.8,4.17,3.79,4.17,4.014563106796117,1854,11,7443.0,1854.0,100.0,0.38,0.37,1237833000.0
2009-03-23,3.9,4.0,3.69,3.98,3.8949291914116033,2189,7,8526.0,2189.0,100.0,0.31,0.08,1237746600.0
2009-03-20,3.88,3.88,3.88,3.88,3.88,25,1,97.0,25.0,100.0,0.0,0.0,1237487400.0
2009-03-19,3.57,3.7,3.57,3.7,3.5942028985507246,276,4,992.0,238.0,86.23,0.13,0.13,1237401000.0
2009-03-18,3.65,3.75,3.55,3.75,3.7060728744939273,3705,10,13731.0,3705.0,100.0,0.2,0.1,1237314600.0
2009-03-17,3.6,3.6,3.6,3.6,3.6,100,1,360.0,100.0,100.0,0.0,0.0,1237228200.0
2009-03-16,3.52,3.6,3.52,3.6,3.584,1250,5,4480.0,1250.0,100.0,0.08,0.08,1237141800.0
2009-03-13,3.56,3.62,3.56,3.62,3.5830039525691695,506,4,1813.0,325.0,64.23,0.06,0.06,1236882600.0
2009-03-09,3.7,3.7,3.69,3.69,3.69,200,2,738.0,200.0,100.0,0.01,-0.01,1236537000.0
2009-03-06,3.86,3.86,3.86,3.86,3.85,80,4,308.0,80.0,100.0,0.0,0.0,1236277800.0
2009-03-04,4.06,4.06,4.06,4.06,4.06,200,1,812.0,200.0,100.0,0.0,0.0,1236105000.0
2009-03-03,4.15,4.15,4.15,4.15,4.142857142857143,70,2,290.0,70.0,100.0,0.0,0.0,1236018600.0
2009-03-02,4.0,4.0,4.0,4.0,4.0,5800,3,23200.0,5800.0,100.0,0.0,0.0,1235932200.0
2009-02-27,4.0,4.0,4.0,4.0,4.0,1090,4,4360.0,1090.0,100.0,0.0,0.0,1235673000.0
2009-02-25,4.0,4.37,3.97,4.01,4.028729573010016,3794,13,15285.0,3794.0,100.0,0.4,0.01,1235500200.0
2009-02-24,4.17,4.17,4.17,4.17,4.169230769230769,260,2,1084.0,260.0,100.0,0.0,0.0,1235413800.0
2009-02-20,4.38,4.38,4.38,4.38,4.379069767441861,860,4,3766.0,860.0,100.0,0.0,0.0,1235068200.0
2009-02-16,4.51,4.6,4.51,4.6,4.58,250,2,1145.0,250.0,100.0,0.09,0.09,1234722600.0
2009-02-13,4.72,4.72,4.5,4.5,4.696428571428571,560,2,2630.0,560.0,100.0,0.22,-0.22,1234463400.0
2009-02-12,4.5,4.5,4.5,4.5,4.496402877697841,139,1,625.0,139.0,100.0,0.0,0.0,1234377000.0
2009-02-11,4.3,4.5,4.3,4.5,4.383414634146341,1025,4,4493.0,1025.0,100.0,0.2,0.2,1234290600.0
2009-02-10,4.29,4.29,4.29,4.29,4.29,200,1,858.0,200.0,100.0,0.0,0.0,1234204200.0
2009-02-06,4.15,4.51,4.15,4.51,4.422193877551021,784,2,3467.0,784.0,100.0,0.36,0.36,1233858600.0
2009-02-05,4.3,4.6,4.3,4.3,4.347058823529412,3060,16,13302.0,3060.0,100.0,0.3,0.0,1233772200.0
2009-02-04,4.6,4.61,4.52,4.52,4.551988071570577,10060,40,45793.0,10060.0,100.0,0.09,-0.08,1233685800.0
2009-02-03,5.0,5.2,4.75,4.75,5.036585365853658,410,4,2065.0,410.0,100.0,0.45,-0.25,1233599400.0
2009-02-02,5.0,5.0,4.99,4.99,4.996363636363636,275,2,1374.0,275.0,100.0,0.01,-0.01,1233513000.0
2009-01-29,5.25,5.25,5.25,5.25,5.25,200,1,1050.0,200.0,100.0,0.0,0.0,1233167400.0
2009-01-28,5.5,5.5,4.99,5.5,5.4433333333333325,900,3,4899.0,900.0,100.0,0.51,0.0,1233081000.0
2009-01-23,4.76,5.25,4.76,5.25,4.882544861337684,1226,7,5986.0,1226.0,100.0,0.49,0.49,1232649000.0
2009-01-22,4.95,5.0,4.92,5.0,4.9744318181818175,704,7,3502.0,704.0,100.0,0.08,0.05,1232562600.0
2009-01-21,5.16,5.17,5.16,5.17,5.162464985994397,357,4,1843.0,357.0,100.0,0.01,0.01,1232476200.0
2009-01-19,5.9,5.9,5.43,5.43,5.524,500,5,2762.0,500.0,100.0,0.47,-0.47,1232303400.0
2009-01-16,6.03,6.3,5.71,5.71,6.090410958904109,730,4,4446.0,730.0,100.0,0.59,-0.32,1232044200.0
2009-01-15,6.01,6.02,6.0,6.0,6.0,1899,11,11394.0,1899.0,100.0,0.02,-0.01,1231957800.0
2009-01-12,6.3,6.3,6.3,6.3,6.3,500,2,3150.0,500.0,100.0,0.0,0.0,1231698600.0
2009-01-09,6.58,6.58,6.55,6.55,6.566666666666666,150,2,985.0,150.0,100.0,0.03,-0.03,1231439400.0
2009-01-07,6.5,6.9,6.35,6.42,6.455128205128204,780,5,5035.0,780.0,100.0,0.55,-0.08,1231266600.0
2009-01-06,6.68,6.68,6.68,6.68,6.679661016949153,1180,6,7882.0,1180.0,100.0,0.0,0.0,1231180200.0
2009-01-05,6.1,6.4,6.1,6.37,6.352777777777778,1800,8,11435.0,1800.0,100.0,0.3,0.27,1231093800.0
2009-01-02,5.6,6.11,5.6,6.1,5.8968,1250,8,7371.0,1250.0,100.0,0.51,0.5,1230834600.0
2009-01-01,5.82,5.82,5.8,5.82,5.818421052631578,1520,6,8844.0,1520.0,100.0,0.02,0.0,1230748200.0
2008-12-31,5.98,5.98,5.52,5.55,5.57453125,6400,6,35677.0,6400.0,100.0,0.46,-0.43,1230661800.0
2008-12-30,5.5,5.75,5.5,5.74,5.730555555555556,1800,8,10315.0,1800.0,100.0,0.25,0.24,1230575400.0
2008-12-29,5.94,5.94,5.48,5.48,5.483870967741936,31,2,170.0,31.0,100.0,0.46,-0.46,1230489000.0
2008-12-26,5.75,5.76,5.75,5.76,5.753333333333333,300,2,1726.0,300.0,100.0,0.01,0.01,1230229800.0
2008-12-24,5.5,5.8,5.5,5.5,5.575,2000,4,11150.0,2000.0,100.0,0.3,0.0,1230057000.0
2008-12-23,5.6,5.6,5.6,5.6,5.6,500,1,2800.0,500.0,100.0,0.0,0.0,1229970600.0
2008-12-22,5.34,5.34,5.34,5.34,5.34,550,2,2937.0,550.0,100.0,0.0,0.0,1229884200.0
2008-12-19,5.0,5.09,5.0,5.09,5.07875,800,4,4063.0,800.0,100.0,0.09,0.09,1229625000.0
2008-12-18,4.66,4.88,4.6,4.85,4.7445378151260496,1785,6,8469.0,1785.0,100.0,0.28,0.19,1229538600.0
2008-12-17,4.6,4.65,4.6,4.65,4.64,550,2,2552.0,550.0,100.0,0.05,0.05,1229452200.0
2008-12-16,4.7,4.7,4.61,4.61,4.685,1200,2,5622.0,1200.0,100.0,0.09,-0.09,1229365800.0
2008-12-15,4.62,4.62,4.62,4.62,4.62,200,2,924.0,200.0,100.0,0.0,0.0,1229279400.0
2008-12-12,4.8,4.8,4.8,4.8,4.8,500,1,2400.0,500.0,100.0,0.0,0.0,1229020200.0
2008-12-11,4.88,4.88,4.88,4.88,4.879790940766552,574,2,2801.0,574.0,100.0,0.0,0.0,1228933800.0
2008-12-08,4.65,4.65,4.65,4.65,4.65,500,2,2325.0,500.0,100.0,0.0,0.0,1228674600.0
2008-12-05,4.78,4.78,4.6,4.6,4.75,1200,2,5700.0,1200.0,100.0,0.18,-0.18,1228415400.0
2008-12-04,4.56,4.56,4.56,4.56,4.56,50,1,228.0,50.0,100.0,0.0,0.0,1228329000.0
2008-12-03,4.76,4.76,4.76,4.76,4.76,525,2,2499.0,525.0,100.0,0.0,0.0,1228242600.0
2008-12-02,5.51,5.51,5.0,5.0,5.0393700787401565,635,2,3200.0,635.0,100.0,0.51,-0.51,1228156200.0
2008-12-01,5.25,5.25,5.25,5.25,5.25,300,2,1575.0,300.0,100.0,0.0,0.0,1228069800.0
2008-11-28,4.8,5.5,4.7,5.5,4.927953890489913,1041,7,5130.0,641.0,61.58,0.8,0.7,1227810600.0
2008-11-26,5.5,5.5,5.0,5.0,5.181818181818182,550,6,2850.0,400.0,72.73,0.5,-0.5,1227637800.0
2008-11-25,5.56,6.48,5.5,5.51,5.755,1000,8,5755.0,1000.0,100.0,0.98,-0.05,1227551400.0
2008-11-24,7.0,7.0,5.8,5.8,5.927692307692308,1300,6,7706.0,1200.0,92.31,1.2,-1.2,1227465000.0
2008-11-21,6.42,6.42,6.42,6.42,6.42,50,1,321.0,50.0,100.0,0.0,0.0,1227205800.0
2008-11-20,5.35,5.35,5.35,5.35,5.341463414634146,41,1,219.0,41.0,100.0,0.0,0.0,1227119400.0
2008-11-18,6.23,6.36,6.23,6.36,6.25,4,2,25.0,2.0,50.0,0.13,0.13,1226946600.0
2008-11-17,6.51,7.6,6.51,7.57,7.317490494296579,526,10,3849.0,500.0,95.06,1.09,1.06,1226860200.0
2008-11-14,7.77,7.77,7.77,7.77,7.76,25,1,194.0,25.0,100.0,0.0,0.0,1226601000.0
2008-11-12,6.9,6.9,6.87,6.87,6.897692307692308,1300,5,8967.0,1300.0,100.0,0.03,-0.03,1226428200.0
2008-11-11,7.0,7.0,7.0,7.0,7.0,500,1,3500.0,500.0,100.0,0.0,0.0,1226341800.0
2008-11-10,7.55,7.7,7.5,7.7,7.535757575757574,825,4,6217.0,825.0,100.0,0.2,0.15,1226255400.0
2008-11-07,7.85,7.85,7.65,7.65,7.766666666666666,30,3,233.0,25.0,83.33,0.2,-0.2,1225996200.0
2008-11-06,7.3,7.3,7.3,7.3,7.3,1400,5,10220.0,1400.0,100.0,0.0,0.0,1225909800.0
2008-11-05,8.49,8.49,7.3,7.3,8.474215167548499,42525,5,360366.0,42525.0,100.0,1.19,-1.19,1225823400.0
2008-11-04,7.75,7.75,6.7,7.72,7.743609155780351,62081,12,480731.0,61981.0,99.84,1.05,-0.03,1225737000.0
2008-11-03,7.19,7.19,6.41,7.08,7.188850398775477,62065,7,446176.0,62065.0,100.0,0.78,-0.11,1225650600.0
2008-10-31,6.59,6.6,5.51,6.55,6.466275659824047,14663,26,94815.0,13573.0,92.57,1.09,-0.04,1225391400.0
2008-10-29,6.5,6.5,6.0,6.0,6.110638297872341,470,4,2872.0,470.0,100.0,0.5,-0.5,1225218600.0
2008-10-27,6.07,7.28,6.0,6.0,7.273412394797245,130700,9,950635.0,130700.0,100.0,1.28,-0.07,1225045800.0
2008-10-24,6.75,6.75,6.07,6.66,6.2373096446700504,3152,24,19660.0,2902.0,92.07,0.68,-0.09,1224786600.0
2008-10-23,6.97,6.97,6.52,6.74,6.831615120274914,291,7,1988.0,216.0,74.23,0.45,-0.23,1224700200.0
2008-10-22,6.8,7.06,6.52,7.06,6.619311875693674,901,6,5964.0,600.0,66.59,0.54,0.26,1224613800.0
2008-10-21,7.15,7.15,6.5,7.15,6.507952286282306,1006,4,6547.0,1006.0,100.0,0.65,0.0,1224527400.0
2008-10-20,6.75,7.64,6.41,6.8,6.616729678638941,2116,10,14001.0,1115.0,52.69,1.23,0.05,1224441000.0
2008-10-17,7.04,7.04,7.04,7.04,7.04,1000,5,7040.0,1000.0,100.0,0.0,0.0,1224181800.0
2008-10-16,7.5,7.5,6.4,6.4,6.565,200,4,1313.0,100.0,50.0,1.1,-1.1,1224095400.0
2008-10-15,7.06,7.06,7.05,7.05,7.05,300,2,2115.0,300.0,100.0,0.01,-0.01,1224009000.0
2008-10-14,7.75,8.07,7.5,7.5,7.718461538461538,650,6,5017.0,641.0,98.62,0.57,-0.25,1223922600.0
2008-10-13,7.2,7.45,7.2,7.45,7.3428571428571425,350,5,2570.0,350.0,100.0,0.25,0.25,1223836200.0
2008-10-10,7.2,7.2,7.12,7.12,7.134666666666666,1500,8,10702.0,1500.0,100.0,0.08,-0.08,1223577000.0
2008-10-08,7.2,7.9,6.8,7.9,7.061538461538461,325,6,2295.0,317.0,97.54,1.1,0.7,1223404200.0
2008-10-07,7.25,7.9,7.2,7.5,7.598963730569949,3860,17,29332.0,3240.0,83.94,0.7,0.25,1223317800.0
2008-10-06,8.98,9.0,7.93,7.93,8.681338742393509,4930,15,42799.0,4920.0,99.8,1.07,-1.05,1223231400.0
2008-10-03,9.49,9.5,8.17,8.8,8.898591549295775,355,8,3159.0,354.0,99.72,1.33,-0.69,1222972200.0
2008-10-01,9.99,9.99,8.5,8.73,8.54219566840926,1339,14,11438.0,1222.0,91.26,1.49,-1.26,1222799400.0
2008-09-30,8.55,9.2,8.5,9.2,8.73560517038778,851,8,7434.0,550.0,64.63,0.7,0.65,1222713000.0
2008-09-29,10.06,10.06,9.2,9.2,9.203980099502488,201,2,1850.0,200.0,99.5,0.86,-0.86,1222626600.0
2008-09-26,10.09,10.23,9.16,9.21,9.584956709956709,5544,31,53139.0,3440.0,62.05,1.07,-0.88,1222367400.0
2008-09-25,10.05,10.05,9.3,9.3,9.39578163771712,1612,15,15146.0,1611.0,99.94,0.75,-0.75,1222281000.0
2008-09-24,11.0,11.0,9.4,9.43,9.497076023391811,171,10,1624.0,163.0,95.32,1.6,-1.57,1222194600.0
2008-09-23,10.4,10.4,9.56,10.19,9.937888198757765,161,6,1600.0,111.0,68.94,0.84,-0.21,1222108200.0
2008-09-22,10.1,10.25,9.55,9.57,9.596190476190477,525,4,5038.0,500.0,95.24,0.7,-0.53,1222021800.0
2008-09-19,10.2,10.2,9.35,9.63,9.592549019607842,2550,9,24461.0,1000.0,39.22,0.85,-0.57,1221762600.0
2008-09-18,9.15,10.7,9.15,9.51,9.504830917874397,2484,15,23610.0,1449.0,58.33,1.55,0.36,1221676200.0
2008-09-17,10.01,10.05,10.01,10.01,10.016611295681065,301,4,3015.0,300.0,99.67,0.04,0.0,1221589800.0
2008-09-16,9.31,11.17,9.31,10.97,9.594594594594593,111,5,1065.0,101.0,90.99,1.86,1.66,1221503400.0
2008-09-15,10.36,10.36,10.26,10.26,10.28,500,2,5140.0,500.0,100.0,0.1,-0.1,1221417000.0
2008-09-12,11.0,11.33,11.0,11.33,11.009677419354839,620,7,6826.0,620.0,100.0,0.33,0.33,1221157800.0
2008-09-11,11.44,11.44,10.6,10.65,10.877,1000,7,10877.0,900.0,90.0,0.84,-0.79,1221071400.0
2008-09-10,10.51,11.48,10.51,11.48,10.564971751412427,177,7,1870.0,100.0,56.5,0.97,0.97,1220985000.0
2008-09-09,10.36,11.55,10.36,11.54,10.453280318091451,503,6,5258.0,501.0,99.6,1.19,1.18,1220898600.0
2008-09-08,11.54,11.54,10.16,11.38,10.843003412969283,1465,16,15885.0,722.0,49.28,1.38,-0.16,1220812200.0
2008-09-05,11.49,11.49,10.3,10.5,10.7,10,6,107.0,1.0,10.0,1.19,-0.99,1220553000.0
2008-09-02,11.6,11.6,10.5,11.0,11.142857142857142,175,4,1950.0,120.0,68.57,1.1,-0.6,1220293800.0
2008-09-01,10.55,10.93,10.12,10.91,10.741379310344827,1566,18,16821.0,1451.0,92.66,0.81,0.36,1220207400.0
2008-08-29,10.9,11.1,10.6,10.65,10.858461538461539,325,9,3529.0,305.0,93.85,0.5,-0.25,1219948200.0
2008-08-28,10.11,11.4,10.1,10.83,10.370996978851965,1655,18,17164.0,1405.0,84.89,1.3,0.72,1219861800.0
2008-08-27,11.0,11.0,10.95,10.95,10.975,40,4,439.0,40.0,100.0,0.05,-0.05,1219775400.0
2008-08-26,10.53,10.55,10.52,10.55,10.540849673202613,612,8,6451.0,612.0,100.0,0.03,0.02,1219689000.0
2008-08-25,11.5,11.75,10.5,10.54,11.072307692307692,650,11,7197.0,600.0,92.31,1.25,-0.96,1219602600.0
2008-08-22,10.85,10.85,10.8,10.82,10.8375,400,4,4335.0,400.0,100.0,0.05,-0.03,1219343400.0
2008-08-21,11.98,11.98,10.6,10.63,10.71803429623662,8689,16,93129.0,7280.0,83.78,1.38,-1.35,1219257000.0
2008-08-20,11.0,12.0,10.91,11.0,11.026415094339622,3975,23,43830.0,3964.0,99.72,1.09,0.0,1219170600.0
2008-08-19,11.5,11.5,10.66,11.0,10.987272727272728,1650,9,18129.0,1550.0,93.94,0.84,-0.5,1219084200.0
2008-08-18,12.45,12.45,12.45,12.45,12.45,100,1,1245.0,100.0,100.0,0.0,0.0,1218997800.0
2008-08-14,11.6,11.6,11.3,11.43,11.40671811166591,2203,10,25129.0,2203.0,100.0,0.3,-0.17,1218652200.0
2008-08-13,12.0,12.0,11.6,11.6,11.754973821989529,955,9,11226.0,955.0,100.0,0.4,-0.4,1218565800.0
2008-08-12,12.0,12.0,11.8,11.8,11.96,750,4,8970.0,450.0,60.0,0.2,-0.2,1218479400.0
2008-08-11,12.8,12.8,11.75,12.2,12.253963733029526,10533,8,129071.0,533.0,5.06,1.05,-0.6,1218393000.0
2008-08-08,12.59,12.59,11.15,12.15,11.52439024390244,2870,13,33075.0,2870.0,100.0,1.44,-0.44,1218133800.0
2008-08-07,11.85,12.4,11.5,12.32,11.631878557874762,527,10,6130.0,522.0,99.05,0.9,0.47,1218047400.0
2008-08-06,11.7,12.7,11.45,11.93,11.67549668874172,906,11,10578.0,851.0,93.93,1.25,0.23,1217961000.0
2008-08-05,12.25,13.0,12.25,12.5,12.454332552693208,427,7,5318.0,417.0,97.66,0.75,0.25,1217874600.0
2008-08-04,12.0,12.95,12.0,12.69,12.609546539379474,2095,21,26417.0,1993.0,95.13,0.95,0.69,1217788200.0
2008-08-01,12.55,12.55,12.55,12.55,12.0,1,1,12.0,1.0,100.0,0.0,0.0,1217529000.0
2008-07-31,12.7,12.7,11.55,12.45,11.577299412915853,511,5,5916.0,506.0,99.02,1.15,-0.25,1217442600.0
2008-07-30,12.1,12.65,12.1,12.25,12.122222222222222,90,5,1091.0,87.0,96.67,0.55,0.15,1217356200.0
2008-07-29,12.15,12.15,11.55,12.1,11.664957264957264,1755,28,20472.0,1550.0,88.32,0.6,-0.05,1217269800.0
2008-07-28,10.55,11.8,10.55,11.25,11.468247895944913,1307,8,14989.0,1306.0,99.92,1.25,0.7,1217183400.0
2008-07-25,10.1,12.48,10.1,10.82,10.908872901678656,417,12,4549.0,405.0,97.12,2.38,0.72,1216924200.0
2008-07-24,11.7,12.24,11.06,11.87,11.801333333333332,750,6,8851.0,550.0,73.33,1.18,0.17,1216837800.0
2008-07-23,11.55,11.6,10.76,11.54,11.102732240437158,915,18,10159.0,900.0,98.36,0.84,-0.01,1216751400.0
2008-07-22,11.58,11.58,10.55,11.0,10.936363636363636,440,6,4812.0,440.0,100.0,1.03,-0.58,1216665000.0
2008-07-21,10.99,11.0,10.99,11.0,10.997241379310344,1450,7,15946.0,1450.0,100.0,0.01,0.01,1216578600.0
2008-07-18,9.13,11.3,9.13,11.29,11.229990800367984,1087,6,12207.0,1061.0,97.61,2.17,2.16,1216319400.0
2008-07-17,9.95,9.95,9.95,9.95,9.94,50,1,497.0,50.0,100.0,0.0,0.0,1216233000.0
2008-07-16,11.3,11.4,10.01,10.26,11.018843819865856,6262,34,69000.0,4630.0,73.94,1.39,-1.04,1216146600.0
2008-07-15,10.28,11.0,10.2,10.98,10.31453488372093,1720,11,17741.0,1613.0,93.78,0.8,0.7,1216060200.0
2008-07-14,10.5,11.24,10.5,11.24,11.033259423503324,1804,9,19904.0,1804.0,100.0,0.74,0.74,1215973800.0
2008-07-11,10.25,11.39,10.25,10.3,10.519350811485642,801,4,8426.0,800.0,99.88,1.14,0.05,1215714600.0
2008-07-10,10.95,11.0,10.89,10.99,10.931147540983606,305,4,3334.0,305.0,100.0,0.11,0.04,1215628200.0
2008-07-09,11.0,11.0,10.12,10.12,10.217777777777776,225,3,2299.0,225.0,100.0,0.88,-0.88,1215541800.0
2008-07-08,9.36,10.44,9.36,10.34,9.480099502487562,402,5,3811.0,400.0,99.5,1.08,0.98,1215455400.0
2008-07-07,10.95,10.95,10.79,10.79,10.833333333333332,6,5,65.0,4.0,66.67,0.16,-0.16,1215369000.0
2008-07-04,9.99,9.99,9.16,9.89,9.644366197183098,284,12,2739.0,250.0,88.03,0.83,-0.1,1215109800.0
2008-07-03,9.75,9.75,9.25,9.25,9.254545454545454,110,3,1018.0,110.0,100.0,0.5,-0.5,1215023400.0
2008-07-02,9.15,10.25,8.66,9.72,8.881750465549347,3222,19,28617.0,2991.0,92.83,1.59,0.57,1214937000.0
2008-07-01,11.25,11.25,9.46,9.49,9.853523809523807,5250,28,51731.0,4850.0,92.38,1.79,-1.76,1214850600.0
2008-06-30,10.6,11.25,10.5,10.5,10.88546255506608,3405,22,37065.0,3255.0,95.59,0.75,-0.1,1214764200.0
2008-06-27,11.0,11.75,10.8,10.8,10.888695652173912,1150,4,12522.0,1100.0,95.65,0.95,-0.2,1214505000.0
2008-06-26,11.27,11.28,10.6,11.28,11.062980030721967,651,5,7202.0,650.0,99.85,0.68,0.01,1214418600.0
2008-06-25,11.53,11.53,10.25,10.26,10.554189085318985,2602,12,27462.0,1602.0,61.57,1.28,-1.27,1214332200.0
2008-06-24,10.51,11.98,10.51,10.55,10.932063492063492,1575,25,17218.0,1383.0,87.81,1.47,0.04,1214245800.0
2008-06-23,11.61,11.95,10.81,11.15,11.329795021961932,2732,35,30953.0,2708.0,99.12,1.14,-0.46,1214159400.0
2008-06-20,12.6,12.8,11.56,12.0,11.984193011647253,1202,9,14405.0,1201.0,99.92,1.24,-0.6,1213900200.0
2008-06-19,11.67,12.59,11.67,12.58,11.774234693877553,2352,7,27693.0,2350.0,99.91,0.92,0.91,1213813800.0
2008-06-18,11.86,12.5,11.7,12.47,11.964767616191905,8004,15,95766.0,7150.0,89.33,0.8,0.61,1213727400.0
2008-06-17,11.8,12.54,11.8,12.03,12.08872901678657,417,10,5041.0,400.0,95.92,0.74,0.23,1213641000.0
2008-06-16,11.6,12.25,11.6,12.22,12.194811551639743,2043,10,24914.0,2043.0,100.0,0.65,0.62,1213554600.0
2008-06-13,12.2,12.2,11.55,11.58,11.632661628883293,2382,6,27709.0,1791.0,75.19,0.65,-0.62,1213295400.0
2008-06-12,11.99,11.99,11.11,11.99,11.786950732356855,751,5,8852.0,601.0,80.03,0.88,0.0,1213209000.0
2008-06-11,11.85,11.89,11.35,11.89,11.385281385281385,231,6,2630.0,223.0,96.54,0.54,0.04,1213122600.0
2008-06-10,11.1,11.1,10.5,10.95,11.011480466072651,5836,16,64263.0,5636.0,96.57,0.6,-0.15,1213036200.0
2008-06-09,11.6,12.5,11.39,11.5,11.447405329593268,2139,11,24486.0,2127.0,99.44,1.11,-0.1,1212949800.0
2008-06-06,11.26,12.65,11.26,12.65,11.55184233076264,5835,20,67405.0,4251.0,72.85,1.39,1.39,1212690600.0
2008-06-05,12.0,12.3,12.0,12.3,12.25,600,3,7350.0,600.0,100.0,0.3,0.3,1212604200.0
2008-06-04,12.57,12.99,12.3,12.3,12.538809344385832,1327,11,16639.0,1324.0,99.77,0.69,-0.27,1212517800.0
2008-06-03,11.61,12.45,11.61,12.17,12.186186186186186,666,12,8116.0,450.0,67.57,0.84,0.56,1212431400.0
2008-06-02,12.5,13.75,12.0,12.15,12.447669430940806,6994,32,87059.0,6425.0,91.86,1.75,-0.35,1212345000.0
2008-05-30,12.65,13.24,12.65,12.93,12.909803921568628,2550,5,32920.0,2350.0,92.16,0.59,0.28,1212085800.0
2008-05-29,14.1,14.1,13.37,13.5,13.915555555555557,675,6,9393.0,525.0,77.78,0.73,-0.6,1211999400.0
2008-05-28,13.9,14.25,13.3,13.5,13.470967741935484,1705,17,22968.0,1503.0,88.15,0.95,-0.4,1211913000.0
2008-05-27,14.2,14.25,13.45,13.46,13.733203505355403,1027,11,14104.0,925.0,90.07,0.8,-0.74,1211826600.0
2008-05-26,13.8,14.2,13.57,13.75,13.883233532934131,1670,10,23185.0,1360.0,81.44,0.63,-0.05,1211740200.0
2008-05-23,13.32,13.8,13.32,13.8,13.560975609756095,410,4,5560.0,210.0,51.22,0.48,0.48,1211481000.0
2008-05-22,13.27,13.9,13.27,13.88,13.669090909090908,4950,10,67662.0,4450.0,89.9,0.63,0.61,1211394600.0
2008-05-21,12.85,14.24,12.85,14.1,13.586849106803497,2631,14,35747.0,1830.0,69.56,1.39,1.25,1211308200.0
2008-05-20,12.8,13.7,12.61,13.05,13.342515592515593,1924,13,25671.0,1251.0,65.02,1.09,0.25,1211221800.0
2008-05-16,12.73,13.2,12.73,13.2,13.149172806895592,7193,8,94582.0,7183.0,99.86,0.47,0.47,1210876200.0
2008-05-15,12.8,13.5,12.8,13.11,12.913960354280894,2371,20,30619.0,2342.0,98.78,0.7,0.31,1210789800.0
2008-05-14,13.35,13.35,12.4,12.55,12.745471877979028,5245,13,66850.0,4845.0,92.37,0.95,-0.8,1210703400.0
2008-05-13,13.0,13.5,13.0,13.08,13.100907941615906,8701,11,113991.0,8551.0,98.28,0.5,0.08,1210617000.0
2008-05-12,12.2,13.69,12.15,13.5,12.753018660812295,911,9,11618.0,860.0,94.4,1.54,1.3,1210530600.0
2008-05-09,13.7,13.7,13.07,13.07,13.28,525,4,6972.0,525.0,100.0,0.63,-0.63,1210271400.0
2008-05-08,12.6,13.95,12.6,13.27,13.02259279182356,1859,13,24209.0,1658.0,89.19,1.35,0.67,1210185000.0
2008-05-07,13.4,13.41,13.0,13.4,13.15728843597696,2257,11,29696.0,1857.0,82.28,0.41,0.0,1210098600.0
2008-05-06,13.2,13.45,12.9,13.01,13.038611111111113,3600,15,46939.0,3600.0,100.0,0.55,-0.19,1210012200.0
2008-05-05,12.85,13.45,12.85,13.44,13.15625,2400,4,31575.0,2400.0,100.0,0.6,0.59,1209925800.0
2008-05-02,13.0,13.35,12.75,13.01,13.055510204081632,2450,12,31986.0,2400.0,97.96,0.6,0.01,1209666600.0
2008-04-30,12.4,13.05,12.4,12.88,12.878947368421052,1140,10,14682.0,1095.0,96.05,0.65,0.48,1209493800.0
2008-04-29,13.51,13.51,12.7,13.04,13.047399366802352,11055,17,144239.0,11055.0,100.0,0.81,-0.47,1209407400.0
2008-04-28,14.18,14.18,13.35,13.35,13.458196721311475,1220,6,16419.0,1200.0,98.36,0.83,-0.83,1209321000.0
2008-04-25,13.6,14.2,13.3,13.6,13.55296551724138,7250,23,98259.0,5150.0,71.03,0.9,0.0,1209061800.0
2008-04-24,13.9,14.7,13.75,13.96,14.040588533739218,1971,13,27674.0,1921.0,97.46,0.95,0.06,1208975400.0
2008-04-23,14.0,14.4,14.0,14.0,14.012615384615383,3250,14,45541.0,3250.0,100.0,0.4,0.0,1208889000.0
2008-04-22,14.8,14.8,13.9,14.65,14.463648648648649,7400,37,107031.0,6500.0,87.84,0.9,-0.15,1208802600.0
2008-04-21,14.33,14.33,13.65,14.19,14.241087458322646,7798,28,111052.0,7268.0,93.2,0.68,-0.14,1208716200.0
2008-04-17,13.65,13.65,13.2,13.65,13.582809224318657,1908,20,25916.0,1908.0,100.0,0.45,0.0,1208370600.0
2008-04-16,13.24,13.27,12.5,13.0,13.1392138063279,5215,25,68521.0,4815.0,92.33,0.77,-0.24,1208284200.0
2008-04-15,12.69,12.7,12.1,12.64,12.6615890083632,3348,18,42391.0,3263.0,97.46,0.6,-0.05,1208197800.0
2008-04-11,11.5,12.25,11.5,12.25,12.096483037659508,3213,19,38866.0,3113.0,96.89,0.75,0.75,1207852200.0
2008-04-10,11.5,11.78,11.1,11.67,11.573457612072792,4506,13,52150.0,2530.0,56.15,0.68,0.17,1207765800.0
2008-04-09,11.84,11.84,11.19,11.22,11.52375,800,7,9219.0,400.0,50.0,0.65,-0.62,1207679400.0
2008-04-08,11.15,11.6,11.12,11.5,11.21983145060068,5577,18,62573.0,5367.0,96.23,0.48,0.35,1207593000.0
2008-04-07,11.69,11.69,11.3,11.69,11.577142857142857,350,4,4052.0,350.0,100.0,0.39,0.0,1207506600.0
2008-04-04,11.45,11.93,11.45,11.48,11.53780487804878,4100,12,47305.0,3600.0,87.8,0.48,0.03,1207247400.0
2008-04-03,11.7,12.1,11.15,12.05,11.81360946745562,1014,10,11979.0,912.0,89.94,0.95,0.35,1207161000.0
2008-04-02,11.4,11.65,11.07,11.65,11.5032946758039,7588,27,87287.0,7288.0,96.05,0.58,0.25,1207074600.0
2008-04-01,11.0,11.1,10.8,11.1,11.016666666666666,2100,7,23135.0,2100.0,100.0,0.3,0.1,1206988200.0
2008-03-31,11.6,11.6,10.5,10.8,10.767101863185093,14706,44,158341.0,10271.0,69.84,1.1,-0.8,1206901800.0
2008-03-28,10.35,11.05,10.3,11.05,10.681973041030957,13502,39,144228.0,9502.0,70.37,0.75,0.7,1206642600.0
2008-03-27,10.25,10.6,10.0,10.55,10.42773519163763,14350,21,149638.0,14350.0,100.0,0.6,0.3,1206556200.0
2008-03-26,10.3,10.3,9.75,10.25,10.052863849765258,10650,33,107063.0,10650.0,100.0,0.55,-0.05,1206469800.0
2008-03-25,10.5,10.5,9.75,10.2,10.302662721893492,3380,16,34823.0,3380.0,100.0,0.75,-0.3,1206383400.0
2008-03-24,10.0,10.3,9.55,10.0,10.114651016558373,9542,22,96514.0,9542.0,100.0,0.75,0.0,1206297000.0
2008-03-19,10.75,11.25,9.7,9.85,9.974262330389834,18572,49,185242.0,16915.0,91.08,1.55,-0.9,1205865000.0
2008-03-18,9.85,11.0,9.85,10.75,10.319083969465648,1310,8,13518.0,810.0,61.83,1.15,0.9,1205778600.0
2008-03-17,11.85,11.85,10.5,10.55,11.01775147928994,5070,32,55860.0,4310.0,85.01,1.35,-1.3,1205692200.0
2008-03-14,11.4,12.0,10.9,11.3,11.397380952380953,4200,21,47869.0,3550.0,84.52,1.1,-0.1,1205433000.0
2008-03-13,13.8,13.8,12.05,12.05,12.41154065892211,5251,24,65173.0,4877.0,92.88,1.75,-1.75,1205346600.0
2008-03-12,12.2,13.7,12.2,13.35,13.232036613272312,4370,26,57824.0,3320.0,75.97,1.5,1.15,1205260200.0
2008-03-11,13.15,13.85,12.65,13.05,13.180167597765363,1432,15,18874.0,1150.0,80.31,1.2,-0.1,1205173800.0
2008-03-10,11.9,12.6,11.25,12.6,11.81235294117647,3400,10,40162.0,3400.0,100.0,1.35,0.7,1205087400.0
2008-03-07,12.5,12.5,12.4,12.4,12.40775435857403,3843,10,47683.0,3843.0,100.0,0.1,-0.1,1204828200.0
2008-03-05,13.05,13.5,13.0,13.0,13.072315164597947,9265,30,121115.0,8765.0,94.6,0.5,-0.05,1204655400.0
2008-03-04,13.7,14.4,13.65,13.65,13.657948717948717,7800,20,106532.0,7750.0,99.36,0.75,-0.05,1204569000.0
2008-03-03,14.65,14.65,14.35,14.35,14.43888508110578,4377,13,63199.0,4377.0,100.0,0.3,-0.3,1204482600.0
2008-02-29,15.65,15.65,14.75,15.1,15.165070422535212,1775,8,26918.0,1575.0,88.73,0.9,-0.55,1204223400.0
2008-02-28,15.1,16.15,14.8,14.95,15.025787187839304,11052,40,166065.0,11052.0,100.0,1.35,-0.15,1204137000.0
2008-02-27,16.4,16.4,15.45,15.5,15.558661069376932,9052,15,140837.0,9052.0,100.0,0.95,-0.9,1204050600.0
2008-02-26,15.85,17.2,15.6,15.8,15.933696993311251,15399,50,245363.0,15399.0,100.0,1.6,-0.05,1203964200.0
2008-02-25,16.35,16.4,16.3,16.4,16.375,1000,12,16375.0,1000.0,100.0,0.1,0.05,1203877800.0
2008-02-22,16.0,16.5,15.55,15.65,15.76946564885496,1310,8,20658.0,1310.0,100.0,0.95,-0.35,1203618600.0
2008-02-21,15.2,16.55,15.2,16.05,16.159600997506235,401,4,6480.0,401.0,100.0,1.35,0.85,1203532200.0
2008-02-20,15.8,15.95,15.8,15.9,15.865979381443298,485,8,7695.0,485.0,100.0,0.15,0.1,1203445800.0
2008-02-19,15.7,16.6,15.7,16.6,16.308543922984356,4155,14,67762.0,4155.0,100.0,0.9,0.9,1203359400.0
2008-02-18,15.1,15.85,15.1,15.85,15.635714285714284,700,5,10945.0,700.0,100.0,0.75,0.75,1203273000.0
2008-02-15,14.6,15.9,14.55,15.15,15.702978723404255,3525,12,55353.0,3525.0,100.0,1.35,0.55,1203013800.0
2008-02-14,16.1,16.1,15.3,15.3,15.67399589563178,6822,28,106928.0,6822.0,100.0,0.8,-0.8,1202927400.0
2008-02-13,16.1,16.1,16.1,16.1,16.099842022116903,3165,12,50956.0,3165.0,100.0,0.0,0.0,1202841000.0
2008-02-12,16.9,16.9,16.9,16.9,16.899694189602446,1635,10,27631.0,1635.0,100.0,0.0,0.0,1202754600.0
2008-02-11,17.75,18.9,17.75,17.75,17.933175355450235,2110,5,37839.0,2110.0,100.0,1.15,0.0,1202668200.0
2008-02-08,19.0,19.0,18.65,18.65,18.65,2100,10,39165.0,2100.0,100.0,0.35,-0.35,1202409000.0
2008-02-07,21.4,21.4,19.6,19.6,19.69601990049751,2010,15,39589.0,2010.0,100.0,1.8,-1.8,1202322600.0
2008-02-06,19.3,20.55,19.05,20.55,19.36518259129565,3998,12,77422.0,3998.0,100.0,1.5,1.25,1202236200.0
2008-02-05,19.5,20.15,18.95,19.8,19.38905950095969,5210,13,101017.0,5210.0,100.0,1.2,0.3,1202149800.0
2008-02-04,17.8,19.2,17.4,19.2,18.55282651072125,2565,12,47588.0,2565.0,100.0,1.8,1.4,1202063400.0
2008-02-01,18.1,18.3,18.1,18.3,18.113342898134864,1394,8,25250.0,1394.0,100.0,0.2,0.2,1201804200.0
2008-01-31,18.65,19.0,18.0,19.0,18.361505243676746,3242,17,59528.0,3242.0,100.0,1.0,0.35,1201717800.0
2008-01-30,19.5,20.15,18.65,18.65,19.58232359230221,1403,10,27474.0,1403.0,100.0,1.5,-0.85,1201631400.0
2008-01-29,19.05,19.25,18.75,19.25,19.08139534883721,860,6,16410.0,860.0,100.0,0.5,0.2,1201545000.0
2008-01-28,18.0,19.45,17.95,19.45,18.134381139489196,2545,12,46152.0,2545.0,100.0,1.5,1.45,1201458600.0
2008-01-25,18.85,18.85,18.85,18.85,18.85,700,4,13195.0,700.0,100.0,0.0,0.0,1201199400.0
2008-01-24,19.9,19.9,19.8,19.8,19.812345679012346,4455,22,88264.0,4455.0,100.0,0.1,-0.1,1201113000.0
2008-01-23,21.5,21.5,20.6,20.8,20.965367965367964,231,4,4843.0,231.0,100.0,0.9,-0.7,1201026600.0
2008-01-21,21.65,23.75,21.65,21.65,22.495270434149887,4123,24,92748.0,4123.0,100.0,2.1,0.0,1200853800.0
2008-01-18,21.75,23.9,21.75,22.75,23.011974522292995,7850,25,180644.0,7850.0,100.0,2.15,1.0,1200594600.0
2008-01-17,21.2,22.9,21.2,22.8,22.60845611787316,7805,17,176459.0,7805.0,100.0,1.7,1.6,1200508200.0
2008-01-16,23.1,24.25,21.95,21.95,22.605654008438815,11850,36,267877.0,11850.0,100.0,2.3,-1.15,1200421800.0
2008-01-15,24.0,24.05,23.1,23.1,23.408709677419356,3100,16,72567.0,3100.0,100.0,0.95,-0.9,1200335400.0
2008-01-14,21.7,23.9,21.7,23.3,23.368181050498222,11842,35,276726.0,11842.0,100.0,2.2,1.6,1200249000.0
2008-01-11,24.65,24.65,22.4,22.8,23.285,7600,37,176966.0,7600.0,100.0,2.25,-1.85,1199989800.0
2008-01-10,25.95,25.95,23.55,23.55,24.091614906832294,12236,52,294785.0,12236.0,100.0,2.4,-2.4,1199903400.0
2008-01-09,24.75,26.0,24.75,24.75,24.866266202971865,22141,76,550564.0,22141.0,100.0,1.25,0.0,1199817000.0
2008-01-08,28.75,28.75,26.05,26.05,26.409811965811965,29250,102,772487.0,29250.0,100.0,2.7,-2.7,1199730600.0
2008-01-07,29.0,29.8,27.25,27.4,28.95252806719974,49524,199,1433845.0,49524.0,100.0,2.55,-1.6,1199644200.0
2008-01-04,27.05,28.4,27.05,28.4,28.367130638049197,37646,84,1067909.0,37646.0,100.0,1.35,1.35,1199385000.0
2008-01-03,28.0,28.7,26.05,27.05,27.397782495871667,42390,156,1161392.0,42390.0,100.0,2.65,-0.95,1199298600.0
2008-01-02,27.4,27.4,25.0,27.4,26.885208325147023,76347,188,2052605.0,76347.0,100.0,2.4,0.0,1199212200.0
2008-01-01,25.85,26.1,23.85,26.1,25.940140119513703,38824,99,1007100.0,38824.0,100.0,2.25,0.25,1199125800.0
2007-12-31,23.05,24.9,23.05,24.9,24.86402315341612,40426,115,1005153.0,40426.0,100.0,1.85,1.85,1199039400.0
2007-12-28,23.75,23.75,22.65,23.75,23.67441790142123,33070,76,782913.0,33070.0,100.0,1.1,0.0,1198780200.0
2007-12-27,22.65,22.65,21.1,22.65,22.619676593019527,24984,56,565130.0,24984.0,100.0,1.55,0.0,1198693800.0
2007-12-26,21.0,21.6,21.0,21.6,21.562665809148644,12439,24,268218.0,12439.0,100.0,0.6,0.6,1198607400.0
2007-12-24,22.0,22.0,20.25,20.6,20.759207197076186,7114,33,147681.0,7114.0,100.0,1.75,-1.4,1198434600.0
2007-12-20,21.0,21.6,20.85,21.1,21.10631694255112,16432,46,346819.0,16432.0,100.0,0.75,0.1,1198089000.0
2007-12-19,22.5,23.65,21.65,21.7,22.418738049713195,26150,68,586250.0,26150.0,100.0,2.0,-0.8,1198002600.0
2007-12-18,21.65,23.6,21.65,22.55,22.276454668470905,14780,54,329246.0,14780.0,100.0,1.95,0.9,1197916200.0
2007-12-17,23.5,24.3,22.75,22.75,23.27084314649081,36091,122,839868.0,36091.0,100.0,1.55,-0.75,1197829800.0
2007-12-14,24.9,24.9,22.8,23.15,23.994847918177307,26203,104,628737.0,26203.0,100.0,2.1,-1.75,1197570600.0
2007-12-13,24.05,25.85,23.95,23.95,24.493884540117417,32704,99,801048.0,32704.0,100.0,1.9,-0.1,1197484200.0
2007-12-12,25.0,25.25,23.2,25.2,25.015277675435364,81426,177,2036894.0,81426.0,100.0,2.05,0.2,1197397800.0
2007-12-11,23.8,24.05,22.25,24.05,23.906640099865562,83312,190,1991710.0,83312.0,100.0,1.8,0.25,1197311400.0
2007-12-10,21.6,22.95,20.95,22.95,22.824329147603752,30819,84,703423.0,30819.0,100.0,2.0,1.35,1197225000.0
2007-12-07,23.9,23.9,21.7,21.9,22.305609847382208,48094,116,1072766.0,48094.0,100.0,2.2,-2.0,1196965800.0
2007-12-06,22.8,22.8,21.05,22.8,22.773171292906895,47807,82,1088717.0,47807.0,100.0,1.75,0.0,1196879400.0
2007-12-05,21.7,21.75,21.5,21.75,21.723858823529408,10625,45,230816.0,10625.0,100.0,0.25,0.05,1196793000.0
2007-12-04,19.9,21.55,19.9,20.75,21.402995456818037,46003,70,984602.0,46003.0,100.0,1.65,0.85,1196706600.0
2007-12-03,20.55,20.55,19.85,20.55,20.458659588586595,7535,41,154156.0,7535.0,100.0,0.7,0.0,1196620200.0
2007-11-30,20.3,20.47,18.95,19.61,19.921481300713808,16391,45,326533.0,16391.0,100.0,1.52,-0.69,1196361000.0
2007-11-29,18.7,19.5,18.55,19.5,18.97356215213358,8624,24,163628.0,8524.0,98.84,0.95,0.8,1196274600.0
2007-11-28,19.5,20.0,18.0,18.89,19.61490115415381,8751,44,171650.0,7950.0,90.85,2.0,-0.61,1196188200.0
2007-11-27,20.0,20.0,18.56,19.25,19.122023809523807,4368,22,83525.0,3968.0,90.84,1.44,-0.75,1196101800.0
2007-11-26,20.3,21.05,19.5,19.83,20.433058147882267,11144,60,227706.0,10233.0,91.83,1.55,-0.47,1196015400.0
2007-11-23,20.0,21.0,19.15,20.26,20.389659452749743,18529,64,377800.0,17423.0,94.03,1.85,0.26,1195756200.0
2007-11-22,20.0,21.0,19.25,19.44,20.039324016899577,21539,83,431627.0,18939.0,87.93,1.75,-0.56,1195669800.0
2007-11-21,23.95,23.95,21.2,21.2,22.308901100245997,81709,251,1822838.0,72661.0,88.93,2.75,-2.75,1195583400.0
2007-11-20,23.65,24.68,22.35,23.55,24.167078305364733,248195,555,5998148.0,179330.0,72.25,2.33,-0.1,1195497000.0
2007-11-19,19.6,22.44,19.6,22.44,21.551847634137083,121182,318,2611696.0,110980.0,91.58,2.84,2.84,1195410600.0
2007-11-16,18.3,19.9,17.7,18.7,18.92845992525899,63419,187,1200424.0,56954.0,89.81,2.2,0.4,1195151400.0
2007-11-15,18.3,18.89,17.26,17.57,18.22514773473408,60920,148,1110276.0,52465.0,86.12,1.63,-0.73,1195065000.0
2007-11-14,15.5,19.18,15.5,18.21,18.251539338654503,92085,260,1680693.0,66398.0,72.11,3.68,2.71,1194978600.0
2007-11-13,15.7,16.25,15.3,15.99,15.921626016260163,12300,47,195836.0,11950.0,97.15,0.95,0.29,1194892200.0
2007-11-12,15.0,15.45,14.8,15.42,15.218181818181819,1650,13,25110.0,1450.0,87.88,0.65,0.42,1194805800.0
2007-11-09,15.95,17.0,14.76,15.15,15.272884657000647,4621,19,70576.0,4271.0,92.43,2.24,-0.8,1194546600.0
2007-11-08,15.2,15.5,14.36,14.51,15.001237842617153,11310,41,169664.0,11010.0,97.35,1.14,-0.69,1194460200.0
2007-11-07,14.8,16.4,14.11,15.1,15.347584071670893,30361,96,465968.0,23621.0,77.8,2.29,0.3,1194373800.0
2007-11-06,14.5,14.85,14.0,14.2,14.443781349540512,27313,53,394503.0,22063.0,80.78,0.85,-0.3,1194287400.0
2007-11-05,13.66,14.8,13.66,14.21,14.64001227370359,16295,43,238559.0,14635.0,89.81,1.14,0.55,1194201000.0
2007-11-02,13.55,14.5,13.55,13.93,13.99047619047619,10080,50,141024.0,6830.0,67.76,0.95,0.38,1193941800.0
2007-11-01,13.55,14.8,13.55,14.06,14.249879680431224,20778,83,296084.0,15963.0,76.83,1.25,0.51,1193855400.0
2007-10-31,14.1,14.45,14.0,14.0,14.118665018541408,22652,32,319816.0,22652.0,100.0,0.45,-0.1,1193769000.0
2007-10-30,14.7,14.7,14.05,14.1,14.258418367346938,19600,54,279465.0,17000.0,86.73,0.65,-0.6,1193682600.0
2007-10-29,13.5,14.2,13.5,14.0,14.015843598146684,44245,72,620131.0,38745.0,87.57,0.7,0.5,1193596200.0
2007-10-26,14.0,14.0,13.45,13.75,13.706878680800942,42450,126,581857.0,39750.0,93.64,0.55,-0.25,1193337000.0
2007-10-25,14.5,14.5,13.5,13.8,13.906879384476124,17676,90,245818.0,15296.0,86.54,1.0,-0.7,1193250600.0
2007-10-24,15.35,15.4,13.55,13.85,14.314567123480876,42541,115,608956.0,35079.0,82.46,1.85,-1.5,1193164200.0
2007-10-23,15.1,15.5,14.7,15.05,15.060243387307652,9943,48,149744.0,7103.0,71.44,0.8,-0.05,1193077800.0
2007-10-22,15.25,15.25,14.1,14.5,14.743083003952568,3036,26,44760.0,2701.0,88.97,1.15,-0.75,1192991400.0
2007-10-19,14.9,15.0,14.5,14.8,14.688943089430895,6150,33,90337.0,5700.0,92.68,0.5,-0.1,1192732200.0
2007-10-18,15.25,15.8,15.05,15.2,15.394294003868472,10340,45,159177.0,9550.0,92.36,0.75,-0.05,1192645800.0
2007-10-17,15.75,15.75,14.3,15.05,15.049823541623416,9634,33,144990.0,8280.0,85.95,1.45,-0.7,1192559400.0
2007-10-16,15.3,16.45,15.25,15.5,15.954091392136023,9410,54,150128.0,7700.0,81.83,1.2,0.2,1192473000.0
2007-10-15,15.2,16.5,14.9,15.95,15.871357756014993,8271,41,131272.0,7071.0,85.49,1.6,0.75,1192386600.0
2007-10-12,15.5,15.75,14.9,15.6,15.276575729068671,4252,31,64956.0,3852.0,90.59,0.85,0.1,1192127400.0
2007-10-11,15.55,15.55,15.1,15.25,15.237867939538583,6285,23,95770.0,5785.0,92.04,0.45,-0.3,1192041000.0
2007-10-10,15.25,16.1,15.25,15.6,15.708703646950658,6526,32,102515.0,5176.0,79.31,0.85,0.35,1191954600.0
2007-10-09,14.65,15.6,14.65,15.6,15.198781838316721,3612,20,54898.0,2376.0,65.78,0.95,0.95,1191868200.0
2007-10-08,16.1,16.75,15.0,15.15,15.541134751773049,21150,63,328695.0,17900.0,84.63,1.75,-0.95,1191781800.0
2007-10-05,16.3,16.9,16.2,16.3,16.409975397002906,8942,62,146738.0,7810.0,87.34,0.7,0.0,1191522600.0
2007-10-04,17.0,17.3,16.5,16.5,16.71609589041096,14600,29,244055.0,14400.0,98.63,0.8,-0.5,1191436200.0
2007-10-03,18.0,18.0,16.75,16.85,17.25488958990536,23775,85,410235.0,21475.0,90.33,1.25,-1.15,1191349800.0
2007-10-01,17.7,17.7,16.8,17.2,17.33513355103408,23886,73,414067.0,21248.0,88.96,0.9,-0.5,1191177000.0
2007-09-28,17.7,17.9,17.0,17.1,17.461889763779528,31750,61,554415.0,28100.0,88.5,0.9,-0.6,1190917800.0
2007-09-27,17.25,17.9,16.9,16.9,17.29798960138648,28850,85,499047.0,26350.0,91.33,1.0,-0.35,1190831400.0
2007-09-26,16.5,18.5,16.5,17.2,17.519458842133005,34149,89,598272.0,20957.0,61.37,2.0,0.7,1190745000.0
2007-09-25,17.9,17.9,16.55,16.85,16.98154650728427,13385,45,227298.0,11434.0,85.42,1.35,-1.05,1190658600.0
2007-09-24,18.4,18.4,17.1,17.2,17.348086124401913,9196,34,159533.0,8946.0,97.28,1.3,-1.2,1190572200.0
2007-09-21,15.4,18.0,15.4,17.8,17.723779305482108,5673,29,100547.0,5371.0,94.68,2.6,2.4,1190313000.0
2007-09-20,18.0,18.25,17.75,17.8,17.908431771894094,12275,44,219826.0,12250.0,99.8,0.5,-0.2,1190226600.0
2007-09-19,18.25,19.25,17.8,18.0,18.35650571754453,34193,74,627664.0,24743.0,72.36,1.45,-0.25,1190140200.0
2007-09-18,17.55,18.3,17.55,18.0,18.043005971287,15742,36,284033.0,15742.0,100.0,0.75,0.45,1190053800.0
2007-09-17,18.65,18.65,16.55,17.35,17.317199964148067,11157,45,193208.0,9556.0,85.65,2.1,-1.3,1189967400.0
2007-09-14,19.0,19.4,17.75,17.95,18.50852882094583,29371,98,543614.0,22746.0,77.44,1.65,-1.05,1189708200.0
2007-09-13,18.1,19.5,17.6,17.9,18.55540651841393,42495,116,788512.0,35825.0,84.3,1.9,-0.2,1189621800.0
2007-09-12,17.35,18.5,17.0,17.7,17.663889096480084,26762,71,472721.0,25326.0,94.63,1.5,0.35,1189535400.0
2007-09-11,17.45,17.45,16.5,17.05,16.98537303098494,11554,45,196249.0,10337.0,89.47,0.95,-0.4,1189449000.0
2007-09-10,17.0,17.3,16.5,17.25,16.95565432597606,19799,36,335705.0,19547.0,98.73,0.8,0.25,1189362600.0
2007-09-07,17.0,17.3,16.6,16.9,17.035149894126825,44865,58,764282.0,30740.0,68.52,0.7,-0.1,1189103400.0
2007-09-06,16.5,17.0,16.0,16.5,16.59160911061937,44739,115,742292.0,27964.0,62.5,1.0,0.0,1189017000.0
2007-09-05,17.0,17.0,16.0,16.2,16.32209810587664,20590,61,336072.0,17870.0,86.79,1.0,-0.8,1188930600.0
2007-09-04,17.0,17.25,16.1,16.3,16.795551851958276,34801,73,584502.0,30751.0,88.36,1.15,-0.7,1188844200.0
2007-09-03,17.4,17.6,15.65,15.75,15.99708513418434,9949,43,159155.0,9520.0,95.69,1.95,-1.65,1188757800.0
2007-08-31,15.5,16.0,15.25,15.5,15.536523639710111,34772,62,540236.0,33686.0,96.88,0.75,0.0,1188498600.0
2007-08-30,16.05,16.25,15.85,16.05,16.049633745895427,7918,32,127081.0,7209.0,91.05,0.4,0.0,1188412200.0
2007-08-29,16.4,16.4,15.7,16.15,16.132854578096946,1114,10,17972.0,1013.0,90.93,0.7,-0.25,1188325800.0
2007-08-28,15.6,16.0,15.6,15.85,15.779010779961952,3154,29,49767.0,2044.0,64.81,0.4,0.25,1188239400.0
2007-08-27,15.7,16.25,15.7,15.8,15.912781130005484,5469,28,87027.0,5369.0,98.17,0.55,0.1,1188153000.0
2007-08-24,14.1,16.75,14.1,15.7,15.713873758410765,3121,37,49043.0,2361.0,75.65,2.65,1.6,1187893800.0
2007-08-23,16.5,16.5,16.05,16.1,16.19040922514414,7111,18,115130.0,7110.0,99.99,0.45,-0.4,1187807400.0
2007-08-22,16.0,16.5,15.95,16.15,16.075362986863333,4339,24,69751.0,4239.0,97.7,0.55,0.15,1187721000.0
2007-08-21,16.85,16.95,16.0,16.05,16.517326203208555,9350,48,154437.0,7140.0,76.36,0.95,-0.8,1187634600.0
2007-08-20,17.8,17.8,15.95,16.45,16.26851071006915,17787,79,289368.0,14850.0,83.49,1.85,-1.35,1187548200.0
2007-08-17,18.2,18.2,15.75,16.8,16.44753934549088,8006,45,131679.0,7009.0,87.55,2.45,-1.4,1187289000.0
2007-08-16,15.5,16.5,15.5,16.2,16.260438782731775,7065,31,114880.0,6565.0,92.92,1.0,0.7,1187202600.0
2007-08-14,16.5,17.0,16.1,16.4,16.506080816006275,7647,31,126222.0,7400.0,96.77,0.9,-0.1,1187029800.0
2007-08-13,16.0,16.45,15.95,16.4,16.055252139086107,10986,35,176383.0,10436.0,94.99,0.5,0.4,1186943400.0
2007-08-10,16.0,16.5,16.0,16.5,16.23468253968254,12600,46,204557.0,8300.0,65.87,0.5,0.5,1186684200.0
2007-08-09,16.25,16.7,16.0,16.65,16.485162046075754,5122,41,84437.0,4950.0,96.64,0.7,0.4,1186597800.0
2007-08-08,15.85,16.35,15.75,16.2,16.14863624442696,15252,70,246299.0,14651.0,96.06,0.6,0.35,1186511400.0
2007-08-07,16.5,16.55,15.35,15.85,16.191178893360632,42489,183,687947.0,35866.0,84.41,1.2,-0.65,1186425000.0
2007-08-06,18.0,18.0,16.0,17.2,16.72700964630225,15550,66,260105.0,9250.0,59.49,2.0,-0.8,1186338600.0
2007-08-03,18.0,18.0,17.7,17.7,17.811961414790996,7775,32,138488.0,6775.0,87.14,0.3,-0.3,1186079400.0
2007-08-02,17.9,18.0,17.8,18.0,17.84672677381419,2551,19,45527.0,2551.0,100.0,0.2,0.1,1185993000.0
