Date,Open Price,High Price,Low Price,Close Price,WAP,No.of Shares,No. of Trades,Total Turnover (Rs.),Deliverable Quantity,% Deli. Qty to Traded Qty,Spread High-Low,Spread Close-Open,Unix Date
2021-04-23,1353.0,1353.0,1292.0,1306.6,1322.328874734607,4710,795,6228169.0,1900.0,40.34,61.0,-46.4,1619116200.0
2021-04-22,1308.0,1355.5,1300.0,1336.85,1330.1128843493989,18798,2204,25003462.0,7973.0,42.41,55.5,28.85,1619029800.0
2021-04-20,1304.95,1323.1,1278.2,1290.9,1297.636819035692,9582,1087,12433956.0,3951.0,41.23,44.9,-14.05,1618857000.0
2021-04-19,1245.0,1270.0,1208.0,1263.6,1249.249711588883,9535,1277,11911596.0,3346.0,35.09,62.0,18.6,1618770600.0
2021-04-16,1238.95,1238.95,1206.35,1216.55,1221.5790459965929,5870,961,7170669.0,3065.0,52.21,32.6,-22.4,1618511400.0
2021-04-15,1266.0,1266.0,1215.85,1228.95,1227.0240187463387,1707,348,2094530.0,970.0,56.82,50.15,-37.05,1618425000.0
2021-04-13,1239.9,1254.0,1219.6,1233.8,1231.0109794856976,3461,464,4260529.0,1264.0,36.52,34.4,-6.1,1618252200.0
2021-04-12,1241.0,1303.9,1208.95,1217.5,1248.2372738537795,20175,2936,25183187.0,8942.0,44.32,94.95,-23.5,1618165800.0
2021-04-09,1270.0,1270.0,1246.85,1255.1,1260.4463740151148,6219,1008,7838716.0,2951.0,47.45,23.15,-14.9,1617906600.0
2021-04-08,1278.6,1278.6,1239.4,1245.7,1257.0985871271585,3185,554,4003859.0,1124.0,35.29,39.2,-32.9,1617820200.0
2021-04-07,1271.95,1290.0,1249.0,1255.1,1270.5822060925989,9093,1309,11553404.0,2895.0,31.84,41.0,-16.85,1617733800.0
2021-04-06,1246.5,1272.0,1229.2,1242.15,1247.1055192081865,5961,972,7433996.0,2669.0,44.77,42.8,-4.35,1617647400.0
2021-04-05,1282.0,1282.0,1216.4,1228.15,1229.1390083767262,4417,831,5429107.0,2493.0,56.44,65.6,-53.85,1617561000.0
2021-04-01,1289.45,1289.45,1240.0,1251.35,1248.3100612423448,11430,689,14268184.0,1956.0,17.11,49.45,-38.1,1617215400.0
2021-03-31,1248.0,1274.2,1227.65,1253.6,1246.4732185557148,4182,656,5212751.0,1898.0,45.38,46.55,5.6,1617129000.0
2021-03-30,1278.0,1278.0,1218.6,1227.7,1238.2423241994056,3029,480,3750636.0,1333.0,44.01,59.4,-50.3,1617042600.0
2021-03-26,1249.0,1249.0,1212.2,1227.05,1227.9368347987045,4322,582,5307143.0,1304.0,30.17,36.8,-21.95,1616697000.0
2021-03-25,1260.0,1317.9,1212.55,1224.8,1264.37265845392,49273,3787,62299434.0,15516.0,31.49,105.35,-35.2,1616610600.0
2021-03-24,1220.0,1315.4,1208.7,1234.15,1268.292397894065,25072,2028,31798627.0,8605.0,34.32,106.7,14.15,1616524200.0
2021-03-23,1200.0,1230.0,1191.3,1214.6,1215.7813605442177,7350,844,8935993.0,4511.0,61.37,38.7,14.6,1616437800.0
2021-03-22,1202.8,1202.8,1165.6,1189.85,1179.620251017639,5896,757,6955041.0,2221.0,37.67,37.2,-12.95,1616351400.0
2021-03-19,1199.0,1211.7,1108.0,1194.65,1149.210761895495,10277,1176,11810439.0,4142.0,40.3,103.7,-4.35,1616092200.0
2021-03-18,1177.0,1194.9,1158.3,1166.65,1171.738002296211,4355,425,5102919.0,1513.0,34.74,36.6,-10.35,1616005800.0
2021-03-17,1184.0,1213.1,1170.4,1182.6,1195.0824576585485,8089,739,9667022.0,5728.0,70.81,42.7,-1.4,1615919400.0
2021-03-16,1223.0,1223.0,1194.45,1199.05,1206.7048406139315,2541,241,3066237.0,956.0,37.62,28.55,-23.95,1615833000.0
2021-03-15,1223.0,1226.0,1170.65,1200.75,1194.9871561488671,9888,842,11816033.0,2376.0,24.03,55.35,-22.25,1615746600.0
2021-03-12,1225.0,1241.05,1209.6,1218.35,1219.5120299871148,42685,1332,52054871.0,31547.0,73.91,31.45,-6.65,1615487400.0
2021-03-10,1200.1,1213.6,1200.1,1207.75,1207.722133576476,4387,576,5298277.0,2720.0,62.0,13.5,7.65,1615314600.0
2021-03-09,1215.0,1215.0,1191.0,1199.05,1200.7122555012224,6544,740,7857461.0,3913.0,59.8,24.0,-15.95,1615228200.0
2021-03-08,1199.0,1219.45,1190.0,1193.6,1206.4234938240484,11901,960,14357646.0,6073.0,51.03,29.45,-5.4,1615141800.0
2021-03-05,1199.0,1215.85,1185.0,1198.9,1202.9838173354024,9022,806,10853320.0,4443.0,49.25,30.85,-0.1,1614882600.0
2021-03-04,1207.95,1211.1,1184.55,1187.85,1196.3852023121387,4325,477,5174366.0,2542.0,58.77,26.55,-20.1,1614796200.0
2021-03-03,1220.0,1247.4,1186.05,1202.45,1220.0377081004765,16999,1378,20739421.0,7286.0,42.86,61.35,-17.55,1614709800.0
2021-03-02,1165.0,1223.95,1140.05,1202.5,1182.486641826542,25228,2499,29831773.0,12694.0,50.32,83.9,37.5,1614623400.0
2021-03-01,1150.0,1173.55,1117.0,1146.65,1139.420490446818,6647,769,7573728.0,2687.0,40.42,56.55,-3.35,1614537000.0
2021-02-26,1138.95,1205.0,1106.6,1117.25,1151.30083490439,18565,1791,21373900.0,7281.0,39.22,98.4,-21.7,1614277800.0
2021-02-25,1143.0,1158.0,1121.6,1138.95,1138.6995275590552,6350,571,7230742.0,2968.0,46.74,36.4,-4.05,1614191400.0
2021-02-24,1112.0,1138.0,1096.7,1125.95,1123.9312258228167,31538,1062,35446543.0,26453.0,83.88,41.3,13.95,1614105000.0
2021-02-23,1119.0,1119.0,1077.3,1095.7,1095.6670945656824,14022,1254,15363444.0,3841.0,27.39,41.7,-23.3,1614018600.0
2021-02-22,1105.6,1136.45,1080.9,1089.7,1104.4411782102088,16907,1794,18672787.0,12816.0,75.8,55.55,-15.9,1613932200.0
2021-02-19,1153.95,1153.95,1103.4,1112.85,1118.9081066450128,14778,1838,16535224.0,8047.0,54.45,50.55,-41.1,1613673000.0
2021-02-18,1184.95,1193.3,1128.8,1155.4,1153.602201487097,13718,1724,15825115.0,6598.0,48.1,64.5,-29.55,1613586600.0
2021-02-17,1247.0,1247.0,1157.85,1172.6,1193.4762283844145,22611,2061,26985691.0,10188.0,45.06,89.15,-74.4,1613500200.0
2021-02-16,1251.0,1259.05,1216.1,1249.4,1243.9805218669605,16326,1017,20309226.0,4269.0,26.15,42.95,-1.6,1613413800.0
2021-02-15,1234.8,1262.95,1193.2,1242.45,1235.9719572992303,36908,3300,45617253.0,10447.0,28.31,69.75,7.65,1613327400.0
2021-02-12,1225.0,1257.7,1176.4,1200.45,1209.2093676266988,51283,3789,62011884.0,13807.0,26.92,81.3,-24.55,1613068200.0
2021-02-11,1150.0,1250.0,1150.0,1195.5,1203.3060299012004,229556,16754,276226119.0,64618.0,28.15,100.0,45.5,1612981800.0
2021-02-10,1060.0,1098.45,1054.45,1078.4,1082.9532720216894,37622,2664,40742868.0,15667.0,41.64,44.0,18.4,1612895400.0
2021-02-09,1024.95,1048.9,1005.0,1033.3,1021.8829156701674,19234,1508,19654896.0,14496.0,75.37,43.9,8.35,1612809000.0
2021-02-08,1019.9,1040.0,993.5,1001.2,1012.5660343051094,16499,1510,16706327.0,7774.0,47.12,46.5,-18.7,1612722600.0
2021-02-05,1008.0,1040.0,1005.0,1008.9,1018.5653266331658,7164,590,7297002.0,4029.0,56.24,35.0,0.9,1612463400.0
2021-02-04,996.1,1012.9,995.95,999.95,1000.1426426426426,3330,403,3330475.0,2085.0,62.61,16.95,3.85,1612377000.0
2021-02-03,994.0,1013.0,980.85,992.25,994.862223085892,5146,360,5119561.0,2552.0,49.59,32.15,-1.75,1612290600.0
2021-02-02,1025.0,1025.0,983.65,993.2,995.671786189382,8269,1402,8233210.0,4644.0,56.16,41.35,-31.8,1612204200.0
2021-02-01,1036.95,1036.95,957.0,987.6,983.6503496503497,4290,621,4219860.0,1868.0,43.54,79.95,-49.35,1612117800.0
2021-01-29,1009.0,1011.7,996.0,1000.85,1004.1475780896332,2209,399,2218162.0,1118.0,50.61,15.7,-8.15,1611858600.0
2021-01-28,1019.7,1019.7,989.0,1001.15,1002.0045167118336,2214,302,2218438.0,1297.0,58.58,30.7,-18.55,1611772200.0
2021-01-27,1057.0,1057.0,1006.6,1017.05,1025.1082197439075,2421,421,2481787.0,1035.0,42.75,50.4,-39.95,1611685800.0
2021-01-25,992.5,1066.0,978.05,1046.45,1026.9841146665449,21907,2428,22498141.0,12780.0,58.34,87.95,53.95,1611513000.0
2021-01-22,1034.95,1034.95,992.0,993.4,1003.6450721153846,8320,986,8350327.0,3964.0,47.64,42.95,-41.55,1611253800.0
2021-01-21,1014.8,1028.0,998.05,1009.9,1012.7579483358172,8052,433,8154727.0,6573.0,81.63,29.95,-4.9,1611167400.0
2021-01-20,1043.85,1043.85,993.6,998.05,1005.6592257699916,3539,454,3559028.0,1666.0,47.08,50.25,-45.8,1611081000.0
2021-01-19,1034.0,1034.75,1006.95,1015.35,1020.3245233968804,2308,299,2354909.0,1450.0,62.82,27.8,-18.65,1610994600.0
2021-01-18,1053.85,1053.85,1016.5,1019.45,1029.2046811559587,4187,616,4309280.0,2395.0,57.2,37.35,-34.4,1610908200.0
2021-01-15,1040.0,1055.3,1033.6,1041.9,1040.4813865659562,7414,944,7714129.0,3391.0,45.74,21.7,1.9,1610649000.0
2021-01-14,1055.0,1058.7,1025.0,1033.9,1048.6351909184725,13566,2049,14225785.0,7539.0,55.57,33.7,-21.1,1610562600.0
2021-01-13,1042.9,1062.65,1038.0,1055.8,1047.8553196171197,9089,1596,9523957.0,7615.0,83.78,24.65,12.9,1610476200.0
2021-01-12,1044.0,1063.75,1033.55,1041.5,1045.0985247629085,1898,291,1983597.0,918.0,48.37,30.2,-2.5,1610389800.0
2021-01-11,1072.0,1075.0,1030.4,1041.35,1044.644322235434,6728,1034,7028367.0,3780.0,56.18,44.6,-30.65,1610303400.0
2021-01-08,1047.85,1078.0,1027.05,1044.1,1054.299707213202,33813,3477,35649036.0,14367.0,42.49,50.95,-3.75,1610044200.0
2021-01-07,1060.0,1060.0,1031.7,1034.95,1040.0928254437868,2704,364,2812411.0,1667.0,61.65,28.3,-25.05,1609957800.0
2021-01-06,1085.0,1085.0,1051.0,1055.6,1055.7549539492045,3583,341,3782770.0,2107.0,58.81,34.0,-29.4,1609871400.0
2021-01-05,1034.0,1060.0,1016.2,1050.15,1050.1851425043728,48595,7990,51033747.0,43615.0,89.75,43.8,16.15,1609785000.0
2021-01-04,1036.0,1044.0,1024.35,1036.3,1033.878531990906,3079,435,3183312.0,1830.0,59.43,19.65,0.3,1609698600.0
2021-01-01,1015.0,1035.0,1015.0,1033.9,1031.5476661622629,8591,1269,8862026.0,7265.0,84.57,20.0,18.9,1609439400.0
2020-12-31,1010.45,1048.0,1010.45,1017.15,1036.4612213347075,15524,2605,16090024.0,8280.0,53.34,37.55,6.7,1609353000.0
2020-12-30,1023.3,1035.9,1001.0,1006.6,1015.4165067178502,2605,512,2645160.0,1776.0,68.18,34.9,-16.7,1609266600.0
2020-12-29,1047.95,1047.95,1007.0,1015.35,1019.781077147016,6870,1425,7005896.0,3175.0,46.22,40.95,-32.6,1609180200.0
2020-12-28,1044.15,1044.15,1020.45,1030.45,1033.2690553745929,4605,679,4758204.0,3300.0,71.66,23.7,-13.7,1609093800.0
2020-12-24,1051.3,1053.0,1024.2,1032.6,1038.8917819365336,1229,228,1276798.0,797.0,64.85,28.8,-18.7,1608748200.0
2020-12-23,1044.0,1060.0,1040.4,1045.55,1047.5565674255693,2855,605,2990774.0,1792.0,62.77,19.6,1.55,1608661800.0
2020-12-22,1050.0,1057.9,989.85,1042.9,1024.705522991827,12113,1525,12412258.0,7147.0,59.0,68.05,-7.1,1608575400.0
2020-12-21,1060.0,1076.4,1036.0,1053.5,1053.500747728057,8693,964,9158082.0,5237.0,60.24,40.4,-6.5,1608489000.0
2020-12-18,1075.0,1075.0,1050.0,1064.5,1062.1593430980913,4506,643,4786090.0,2424.0,53.79,25.0,-10.5,1608229800.0
2020-12-17,1080.0,1087.0,1060.8,1079.1,1071.8807559222785,7514,1194,8054112.0,5789.0,77.04,26.2,-0.9,1608143400.0
2020-12-16,1080.0,1092.6,1056.2,1085.55,1070.5108992617565,17203,2623,18415999.0,10377.0,60.32,36.4,5.55,1608057000.0
2020-12-15,1027.15,1080.0,1027.15,1072.8,1065.419556127372,15545,1724,16561947.0,9078.0,58.4,52.85,45.65,1607970600.0
2020-12-14,1007.0,1070.0,1000.55,1021.5,1035.6361917623228,7405,1105,7668886.0,3724.0,50.29,69.45,14.5,1607884200.0
2020-12-11,1007.7,1007.7,995.2,996.8,998.4578397212543,1435,330,1432787.0,1181.0,82.3,12.5,-10.9,1607625000.0
2020-12-10,994.55,1005.3,990.25,1001.15,998.6341968911917,965,185,963682.0,615.0,63.73,15.05,6.6,1607538600.0
2020-12-09,1005.5,1010.6,987.75,1002.6,994.594316511514,2041,431,2029967.0,1002.0,49.09,22.85,-2.9,1607452200.0
2020-12-08,1005.25,1010.45,990.45,1002.55,1002.2539081004264,2111,313,2115758.0,1452.0,68.78,20.0,-2.7,1607365800.0
2020-12-07,1000.0,1008.2,995.0,1004.0,1001.4732510288064,2187,414,2190222.0,1183.0,54.09,13.2,4.0,1607279400.0
2020-12-04,1006.4,1006.4,984.0,993.8,991.9256024583536,6183,1286,6133076.0,4480.0,72.46,22.4,-12.6,1607020200.0
2020-12-03,1005.0,1005.9,981.9,992.85,997.3431677018632,2576,461,2569156.0,1720.0,66.77,24.0,-12.15,1606933800.0
2020-12-02,1000.1,1008.45,987.65,1000.65,996.6954229302221,8914,1182,8884543.0,7379.0,82.78,20.8,0.55,1606847400.0
2020-12-01,1032.0,1032.0,999.8,1007.2,1004.9447405634722,9193,885,9238457.0,5617.0,61.1,32.2,-24.8,1606761000.0
2020-11-27,958.85,1009.2,958.0,994.25,990.7163194444445,5760,539,5706526.0,3887.0,67.48,51.2,35.4,1606415400.0
2020-11-26,957.0,957.0,941.1,952.3,951.7069226882264,1979,379,1883428.0,1132.0,57.2,15.9,-4.7,1606329000.0
2020-11-25,984.5,985.0,951.05,953.45,966.5602755453501,2613,669,2525622.0,1202.0,46.0,33.95,-31.05,1606242600.0
2020-11-24,969.95,983.95,960.0,979.45,971.6926681367144,3628,835,3525301.0,2731.0,75.28,23.95,9.5,1606156200.0
2020-11-23,934.2,963.65,934.0,957.75,953.1365360303412,3955,573,3769655.0,1548.0,39.14,29.65,23.55,1606069800.0
2020-11-20,913.3,940.5,913.3,937.2,934.2046332046333,2331,493,2177631.0,1416.0,60.75,27.2,23.9,1605810600.0
2020-11-19,943.0,961.95,920.1,927.7,943.3105920444032,8648,1960,8157750.0,5370.0,62.1,41.85,-15.3,1605724200.0
2020-11-18,941.25,965.95,936.3,943.45,946.8442687747037,2530,611,2395516.0,1606.0,63.48,29.65,2.2,1605637800.0
2020-11-17,965.0,968.25,950.0,955.7,955.3059811599136,8811,1454,8417201.0,6470.0,73.43,18.25,-9.3,1605551400.0
2020-11-14,988.0,988.0,955.2,968.25,967.9043834914124,3901,336,3775795.0,3040.0,77.93,32.8,-19.75,1605292200.0
2020-11-13,941.0,965.85,941.0,953.8,957.8253796095444,5532,1153,5298690.0,3420.0,61.82,24.85,12.8,1605205800.0
2020-11-12,945.0,980.0,937.3,953.6,959.6658402500808,9277,2092,8902820.0,4768.0,51.4,42.7,8.6,1605119400.0
2020-11-11,950.0,973.85,892.6,960.3,947.0857372331168,14941,2045,14150408.0,8141.0,54.49,81.25,10.3,1605033000.0
2020-11-10,997.0,1013.9,965.0,970.4,978.6017445196832,17426,3221,17053114.0,12021.0,68.98,48.9,-26.6,1604946600.0
2020-11-09,1010.8,1053.0,990.0,1005.2,1030.686987172079,17306,2383,17837069.0,9558.0,55.23,63.0,-5.6,1604860200.0
2020-11-06,1023.0,1024.7,1010.15,1021.65,1019.701302378256,3532,786,3601585.0,2578.0,72.99,14.55,-1.35,1604601000.0
2020-11-05,1014.6,1014.6,987.4,999.2,998.3199033037872,2482,368,2477830.0,1522.0,61.32,27.2,-15.4,1604514600.0
2020-11-04,980.0,1001.45,970.0,979.35,981.2711157455683,3836,773,3764156.0,1702.0,44.37,31.45,-0.65,1604428200.0
2020-11-03,993.05,1030.0,976.0,981.65,992.5415715683076,6134,806,6088250.0,4750.0,77.44,54.0,-11.4,1604341800.0
2020-11-02,1039.0,1039.0,966.95,993.3,991.3940206975852,7827,1291,7759641.0,4900.0,62.6,72.05,-45.7,1604255400.0
2020-10-30,1026.0,1030.75,991.0,1009.65,1005.4693164446384,4579,661,4604044.0,1371.0,29.94,39.75,-16.35,1603996200.0
2020-10-29,1008.8,1034.0,965.1,990.85,990.6743683869574,4631,697,4587813.0,2833.0,61.17,68.9,-17.95,1603909800.0
2020-10-28,1050.0,1050.0,1000.0,1011.85,1019.7484975620818,8819,1599,8993162.0,6488.0,73.57,50.0,-38.15,1603823400.0
2020-10-27,1029.0,1042.45,978.6,1038.75,1019.0238012306976,8613,993,8776852.0,4439.0,51.54,63.85,9.75,1603737000.0
2020-10-26,1018.0,1029.1,965.5,1007.2,998.7670873511059,14104,2614,14086611.0,6790.0,48.14,63.6,-10.8,1603650600.0
2020-10-23,1012.0,1042.7,992.5,999.85,1013.7507481296758,8020,1596,8130281.0,5115.0,63.78,50.2,-12.15,1603391400.0
2020-10-22,1026.9,1044.0,1011.5,1033.85,1023.6575909387932,4591,985,4699612.0,2370.0,51.62,32.5,6.95,1603305000.0
2020-10-21,1070.0,1070.0,1003.1,1022.1,1022.1097560975608,3690,829,3771585.0,2001.0,54.23,66.9,-47.9,1603218600.0
2020-10-20,1087.0,1087.0,1028.3,1037.3,1043.4245196706313,4372,1068,4561852.0,2798.0,64.0,58.7,-49.7,1603132200.0
2020-10-19,1069.0,1077.45,1026.0,1062.75,1054.8254779481356,5283,940,5572643.0,2306.0,43.65,51.45,-6.25,1603045800.0
2020-10-16,1064.0,1064.0,1011.6,1045.55,1032.2567693744163,4284,730,4422188.0,1896.0,44.26,52.4,-18.45,1602786600.0
2020-10-15,1057.0,1073.9,1030.9,1045.1,1049.929142406,10133,1419,10638932.0,5224.0,51.55,43.0,-11.9,1602700200.0
2020-10-14,1010.5,1056.0,988.95,1038.9,1036.043111387679,40175,5299,41623032.0,20436.0,50.87,67.05,28.4,1602613800.0
2020-10-13,977.0,1015.0,948.15,1005.95,996.2640007103954,33784,5503,33657783.0,21176.0,62.68,66.85,28.95,1602527400.0
2020-10-12,980.0,988.45,942.6,955.85,964.211635144841,12531,1941,12082536.0,7647.0,61.02,45.85,-24.15,1602441000.0
2020-10-09,988.0,999.0,970.6,979.95,984.6015184913055,4083,519,4020128.0,2866.0,70.19,28.4,-8.05,1602181800.0
2020-10-08,1011.1,1011.1,970.1,988.65,989.1464423413951,14265,1976,14110174.0,8759.0,61.4,41.0,-22.45,1602095400.0
2020-10-07,989.0,1020.0,970.0,1002.35,1004.0535371099112,21854,2231,21942586.0,10260.0,46.95,50.0,13.35,1602009000.0
2020-10-06,975.15,984.4,956.3,968.55,971.6478537360889,5032,754,4889332.0,2665.0,52.96,28.1,-6.6,1601922600.0
2020-10-05,982.0,1008.0,973.0,977.2,990.1804119764147,13059,1830,12930766.0,7062.0,54.08,35.0,-4.8,1601836200.0
2020-10-01,1013.0,1013.0,978.9,991.55,990.6190018039688,8315,1050,8236997.0,4537.0,54.56,34.1,-21.45,1601490600.0
2020-09-30,992.0,1007.0,972.1,987.5,988.6096862014616,6979,854,6899507.0,2927.0,41.94,34.9,-4.5,1601404200.0
2020-09-29,1022.0,1034.25,974.55,990.65,993.6800815903645,30886,3620,30690803.0,15871.0,51.39,59.7,-31.35,1601317800.0
2020-09-28,994.95,1027.0,957.65,1018.55,992.2224330592451,23715,2418,23530555.0,9422.0,39.73,69.35,23.6,1601231400.0
2020-09-25,938.0,966.6,934.55,956.4,949.5206007712604,19708,2260,18713152.0,8883.0,45.07,32.05,18.4,1600972200.0
2020-09-24,918.7,956.2,872.1,919.8,922.749171417208,30172,3447,27841188.0,11334.0,37.56,84.1,1.1,1600885800.0
2020-09-23,1001.2,1029.9,907.75,921.25,960.6206506639097,30953,3394,29734091.0,11800.0,38.12,122.15,-79.95,1600799400.0
2020-09-22,1080.0,1093.95,972.0,998.15,1011.5114131871036,60544,7717,61240947.0,28065.0,46.35,121.95,-81.85,1600713000.0
2020-09-21,1136.0,1150.0,1046.5,1079.35,1106.0172415874815,82823,7684,91603666.0,37607.0,45.41,103.5,-56.65,1600626600.0
2020-09-18,1082.0,1149.0,1081.0,1129.55,1120.0774519306628,133089,7405,149069988.0,21793.0,16.37,68.0,47.55,1600367400.0
2020-09-17,969.1,1145.15,965.5,1068.4,1064.2346350657165,201091,12449,214008007.0,35908.0,17.86,179.65,99.3,1600281000.0
2020-09-16,905.0,985.0,904.3,969.55,951.0555185200616,96004,5587,91305134.0,17702.0,18.44,80.7,64.55,1600194600.0
2020-09-15,898.4,965.0,891.0,896.65,919.0704332517752,134056,8952,123206906.0,35383.0,26.39,74.0,-1.75,1600108200.0
2020-09-14,824.0,849.0,809.45,830.1,837.4886947242046,29986,1768,25112936.0,17470.0,58.26,39.55,6.1,1600021800.0
2020-09-11,792.5,802.15,787.45,799.3,796.9852283174991,16315,996,13002814.0,11093.0,67.99,14.7,6.8,1599762600.0
2020-09-10,790.1,796.1,786.45,787.55,793.1706856262118,20113,1275,15953042.0,16075.0,79.92,9.65,-2.55,1599676200.0
2020-09-09,781.1,794.2,774.7,788.9,786.7036323345216,10379,773,8165197.0,5668.0,54.61,19.5,7.8,1599589800.0
2020-09-08,778.45,795.0,778.45,788.5,790.2455447021102,13411,998,10597983.0,6723.0,50.13,16.55,10.05,1599503400.0
2020-09-07,771.0,777.95,765.0,773.25,771.3538175046555,11814,415,9112774.0,2785.0,23.57,12.95,2.25,1599417000.0
2020-09-04,760.0,788.25,760.0,783.8,781.4505079825833,6890,446,5384194.0,3059.0,44.4,28.25,23.8,1599157800.0
2020-09-03,761.6,790.25,761.6,774.45,781.9410043232458,15035,1206,11756483.0,7916.0,52.65,28.65,12.85,1599071400.0
2020-09-02,756.0,780.0,755.7,767.35,768.6121958398744,20384,1149,15667391.0,8027.0,39.38,24.3,11.35,1598985000.0
2020-09-01,757.25,787.7,753.0,762.95,765.0406204872595,21467,1765,16423127.0,14094.0,65.65,34.7,5.7,1598898600.0
2020-08-31,791.05,800.0,762.8,769.85,781.588178883847,42754,2602,33416021.0,28305.0,66.2,37.2,-21.2,1598812200.0
2020-08-28,795.35,801.0,791.45,799.4,796.2401477832512,5684,296,4525829.0,3302.0,58.09,9.55,4.05,1598553000.0
2020-08-27,793.2,803.6,792.5,796.0,797.196692558256,7982,525,6363224.0,4037.0,50.58,11.1,2.8,1598466600.0
2020-08-26,804.1,806.05,784.7,789.5,796.2538296069357,15341,1095,12215330.0,11250.0,73.33,21.35,-14.6,1598380200.0
2020-08-25,822.0,828.0,801.0,806.75,814.0024423914197,9417,580,7665461.0,5105.0,54.21,27.0,-15.25,1598293800.0
2020-08-24,802.0,820.25,790.0,810.4,809.6239162201656,20530,1224,16621579.0,8138.0,39.64,30.25,8.4,1598207400.0
2020-08-21,785.85,799.0,779.85,782.45,786.3211021877597,14444,980,11357622.0,10453.0,72.37,19.15,-3.4,1597948200.0
2020-08-20,810.0,811.5,782.45,785.95,795.4502273801087,67728,4286,53874253.0,53062.0,78.35,29.05,-24.05,1597861800.0
2020-08-19,784.95,800.45,784.0,796.25,786.7817542096003,59685,2692,46959069.0,55032.0,92.2,16.45,11.3,1597775400.0
2020-08-18,777.15,804.05,773.9,778.6,789.663262023484,24868,1455,19637346.0,11609.0,46.68,30.15,1.45,1597689000.0
2020-08-17,777.2,780.0,760.35,776.2,772.5017014036579,4702,535,3632303.0,2577.0,54.81,19.65,-1.0,1597602600.0
2020-08-14,778.8,779.0,758.45,765.9,770.6622998544397,16488,1146,12706680.0,12098.0,73.37,20.55,-12.9,1597343400.0
2020-08-13,781.7,783.3,770.0,776.85,777.3902974158947,12306,953,9566565.0,3919.0,31.85,13.3,-4.85,1597257000.0
2020-08-12,773.0,784.0,769.0,777.7,777.0019424698297,24196,1510,18800339.0,8414.0,34.77,15.0,4.7,1597170600.0
2020-08-11,736.1,789.5,733.8,768.55,764.8076749044486,103871,7658,79441338.0,41670.0,40.12,55.7,32.45,1597084200.0
2020-08-10,735.0,739.2,732.05,735.2,735.7998157813939,3257,366,2396500.0,1542.0,47.34,7.15,0.2,1596997800.0
2020-08-07,738.45,738.45,730.0,731.5,732.5758426966291,6764,503,4955143.0,3863.0,57.11,8.45,-6.95,1596738600.0
2020-08-06,734.65,739.0,730.1,735.7,735.5608522378909,6524,480,4798799.0,4500.0,68.98,8.9,1.05,1596652200.0
2020-08-05,734.85,735.9,728.7,730.3,731.5524625267667,4203,445,3074715.0,2954.0,70.28,7.2,-4.55,1596565800.0
2020-08-04,739.0,739.0,729.95,734.6,733.1339066339066,2442,223,1790313.0,1671.0,68.43,9.05,-4.4,1596479400.0
2020-08-03,744.45,744.45,725.95,729.05,734.4657713334918,8414,754,6179795.0,3560.0,42.31,18.5,-15.4,1596393000.0
2020-07-31,729.45,745.0,727.2,734.1,736.4957664884134,8976,756,6610786.0,4602.0,51.27,17.8,4.65,1596133800.0
2020-07-30,720.1,738.0,720.1,726.65,729.0370253164558,6320,642,4607514.0,2917.0,46.16,17.9,6.55,1596047400.0
2020-07-29,720.95,725.7,719.45,720.5,721.8869202709744,3838,525,2770602.0,2932.0,76.39,6.25,-0.45,1595961000.0
2020-07-28,713.15,730.0,713.15,720.45,723.5276752767527,2168,280,1568608.0,900.0,41.51,16.85,7.3,1595874600.0
2020-07-27,739.9,740.0,718.8,720.8,725.9522874306839,8656,1002,6283843.0,4865.0,56.2,21.2,-19.1,1595788200.0
2020-07-24,719.0,750.0,715.0,729.5,735.0323236054674,10828,1102,7958930.0,5400.0,49.87,35.0,10.5,1595529000.0
2020-07-23,718.0,737.0,716.5,718.3,724.2425793244626,3908,446,2830340.0,1832.0,46.88,20.5,0.3,1595442600.0
2020-07-22,716.05,717.85,714.6,715.7,715.8784905660377,1325,159,948539.0,891.0,67.25,3.25,-0.35,1595356200.0
2020-07-21,714.6,716.8,713.0,714.85,714.601148409894,2264,176,1617857.0,1844.0,81.45,3.8,0.25,1595269800.0
2020-07-20,718.0,718.7,711.3,712.7,714.4076311605724,3145,294,2246812.0,2327.0,73.99,7.4,-5.3,1595183400.0
2020-07-17,720.0,720.0,713.0,713.3,714.9295774647887,781,102,558360.0,517.0,66.2,7.0,-6.7,1594924200.0
2020-07-16,717.0,717.0,711.0,713.85,713.4979310344828,1450,153,1034572.0,887.0,61.17,6.0,-3.15,1594837800.0
2020-07-15,713.0,719.0,712.05,714.45,714.8286147623862,1978,197,1413931.0,1030.0,52.07,6.95,1.45,1594751400.0
2020-07-14,710.6,719.95,707.4,713.45,712.1732653861231,5102,380,3633508.0,1934.0,37.91,12.55,2.85,1594665000.0
2020-07-13,724.0,724.0,713.85,715.2,716.8868114746585,10911,1014,7821952.0,8326.0,76.31,10.15,-8.8,1594578600.0
2020-07-10,717.95,722.05,713.0,719.4,717.5419818925958,8063,509,5785541.0,4686.0,58.12,9.05,1.45,1594319400.0
2020-07-09,712.0,717.95,711.8,713.2,713.8998854524629,8730,848,6232346.0,6123.0,70.14,6.15,1.2,1594233000.0
2020-07-08,716.5,719.45,710.9,712.8,714.3801534892023,5603,432,4002672.0,2650.0,47.3,8.55,-3.7,1594146600.0
2020-07-07,729.95,729.95,710.55,711.25,715.667247766398,9178,820,6568394.0,5559.0,60.57,19.4,-18.7,1594060200.0
2020-07-06,720.0,732.0,717.6,719.25,723.7365776114045,19501,1156,14113587.0,5548.0,28.45,14.4,-0.75,1593973800.0
2020-07-03,740.0,742.0,701.45,718.05,721.1169326078539,49071,3201,35385929.0,15760.0,32.12,40.55,-21.95,1593714600.0
2020-07-02,709.0,718.0,708.05,715.4,713.8661123853211,3488,375,2489965.0,1434.0,41.11,9.95,6.4,1593628200.0
2020-07-01,706.8,709.1,697.35,705.45,703.5815100154083,3245,256,2283122.0,2028.0,62.5,11.75,-1.35,1593541800.0
2020-06-30,720.0,720.0,700.0,707.2,706.0543735224586,4653,432,3285271.0,2201.0,47.3,20.0,-12.8,1593455400.0
2020-06-29,681.0,705.0,675.0,701.65,696.3607802520283,5793,637,4034018.0,2150.0,37.11,30.0,20.65,1593369000.0
2020-06-26,682.0,716.0,658.1,677.4,677.2888327205882,26112,2517,17685366.0,10564.0,40.46,57.9,-4.6,1593109800.0
2020-06-25,690.0,719.5,659.45,694.6,684.8930923928884,34310,2925,23498682.0,8661.0,25.24,60.05,4.6,1593023400.0
2020-06-24,707.0,734.5,686.0,689.8,709.5945852134676,11524,1320,8177368.0,5681.0,49.3,48.5,-17.2,1592937000.0
2020-06-23,725.85,733.4,720.65,723.4,725.2342838626053,3086,463,2238073.0,1341.0,43.45,12.75,-2.45,1592850600.0
2020-06-22,724.8,743.0,710.3,719.05,727.0594800998679,20427,1858,14851644.0,8521.0,41.71,32.7,-5.75,1592764200.0
2020-06-19,708.0,715.1,706.25,710.4,709.7801697998788,3298,481,2340855.0,1910.0,57.91,8.85,2.4,1592505000.0
2020-06-18,723.0,723.0,695.0,705.55,703.6002018163471,4955,775,3486339.0,2610.0,52.67,28.0,-17.45,1592418600.0
2020-06-17,715.65,724.7,697.0,706.8,709.39853117506,6672,984,4733107.0,2189.0,32.81,27.7,-8.85,1592332200.0
2020-06-16,710.65,729.75,701.25,717.45,714.5956119835171,8979,1009,6416354.0,3711.0,41.33,28.5,6.8,1592245800.0
2020-06-15,710.0,710.8,693.6,699.65,700.7643654402646,7257,897,5085447.0,4011.0,55.27,17.2,-10.35,1592159400.0
2020-06-12,670.0,696.4,670.0,693.75,688.3947804473902,4828,518,3323570.0,2338.0,48.43,26.4,23.75,1591900200.0
2020-06-11,715.15,718.75,687.8,690.15,698.7254526091587,14085,1028,9841548.0,7231.0,51.34,30.95,-25.0,1591813800.0
2020-06-10,691.35,704.2,688.0,693.5,693.4240444299248,6122,564,4245142.0,1699.0,27.75,16.2,2.15,1591727400.0
2020-06-09,722.0,722.0,672.6,681.9,694.9646892655368,5664,814,3936280.0,2735.0,48.29,49.4,-40.1,1591641000.0
2020-06-08,710.0,717.45,705.05,712.4,709.1189828664671,7354,633,5214861.0,4711.0,64.06,12.4,2.4,1591554600.0
2020-06-05,717.0,717.0,700.0,707.35,706.3596300326442,5514,647,3894867.0,2502.0,45.38,17.0,-9.65,1591295400.0
2020-06-04,688.9,710.4,682.05,697.75,698.7543370132233,8243,871,5759832.0,2801.0,33.98,28.35,8.85,1591209000.0
2020-06-03,703.3,705.55,678.0,684.7,687.9595431402229,7267,780,4999402.0,3318.0,45.66,27.55,-18.6,1591122600.0
2020-06-02,688.0,734.0,683.8,700.5,712.5252716363048,18499,1482,13181005.0,4768.0,25.77,50.2,12.5,1591036200.0
2020-06-01,707.0,707.0,674.8,687.85,686.175743211912,19409,1895,13317985.0,6587.0,33.94,32.2,-19.15,1590949800.0
2020-05-29,656.9,697.45,650.1,681.85,671.9109634006237,12186,1969,8187907.0,7508.0,61.61,47.35,24.95,1590690600.0
2020-05-28,655.5,655.75,632.7,645.55,643.3634134379597,4078,546,2623636.0,978.0,23.98,23.05,-9.95,1590604200.0
2020-05-27,663.0,664.55,636.25,653.15,650.7698934481976,4411,444,2870546.0,1394.0,31.6,28.3,-9.85,1590517800.0
2020-05-26,658.0,665.9,657.4,663.4,661.7631963279783,4793,590,3171831.0,1887.0,39.37,8.5,5.4,1590431400.0
2020-05-22,670.0,670.0,645.4,658.2,657.3904104449614,13327,965,8761042.0,6533.0,49.02,24.6,-11.8,1590085800.0
2020-05-21,672.4,685.0,661.6,669.05,674.7507418397626,17861,1623,12051723.0,7803.0,43.69,23.4,-3.35,1589999400.0
2020-05-20,617.05,655.0,615.05,648.25,640.1280735656694,15007,1653,9606402.0,6105.0,40.68,39.95,31.2,1589913000.0
2020-05-19,616.0,623.95,606.7,613.05,616.4812454917047,8318,738,5127891.0,3402.0,40.9,17.25,-2.95,1589826600.0
2020-05-18,630.0,631.05,604.8,610.15,613.8997995991984,5489,622,3369696.0,2496.0,45.47,26.25,-19.85,1589740200.0
2020-05-15,618.05,639.05,618.05,632.35,629.4338964377524,5446,551,3427897.0,2201.0,40.41,21.0,14.3,1589481000.0
2020-05-14,616.2,637.0,612.6,632.6,630.0478857770456,9105,788,5736586.0,4406.0,48.39,24.4,16.4,1589394600.0
2020-05-13,651.2,657.2,589.8,617.1,630.4375838926175,11175,685,7045140.0,3071.0,27.48,67.4,-34.1,1589308200.0
2020-05-12,657.0,657.0,611.85,640.25,633.2940830721003,15312,1679,9696999.0,4247.0,27.74,45.15,-16.75,1589221800.0
2020-05-11,659.4,659.4,636.55,643.85,645.4750868367469,16698,1646,10778143.0,3631.0,21.75,22.85,-15.55,1589135400.0
2020-05-08,620.0,650.0,613.6,645.25,638.8941803723116,44264,4214,28280012.0,11023.0,24.9,36.4,25.25,1588876200.0
2020-05-07,606.95,615.0,592.8,608.85,608.0338983050848,18703,1738,11372058.0,4729.0,25.28,22.2,1.9,1588789800.0
2020-05-06,578.0,621.3,571.0,598.55,600.2136156673432,54687,4527,32823882.0,13737.0,25.12,50.3,20.55,1588703400.0
2020-05-05,562.0,580.4,556.0,560.3,567.9555898113484,13623,977,7737259.0,3033.0,22.26,24.4,-1.7,1588617000.0
2020-05-04,557.0,567.0,539.55,550.2,550.3840690005073,9855,521,5424035.0,4987.0,50.6,27.45,-6.8,1588530600.0
2020-04-30,580.2,581.3,552.35,557.35,569.3733951153586,10359,758,5898139.0,3267.0,31.54,28.95,-22.85,1588185000.0
2020-04-29,557.1,583.0,556.0,571.3,570.4576115986265,13105,1170,7475847.0,4137.0,31.57,27.0,14.2,1588098600.0
2020-04-28,570.0,570.0,549.05,555.85,558.6198650674663,13340,1893,7451989.0,10717.0,80.34,20.95,-14.15,1588012200.0
2020-04-27,559.95,567.7,548.0,553.2,560.561980928945,9753,1303,5467161.0,5359.0,54.95,19.7,-6.75,1587925800.0
2020-04-24,570.0,570.0,547.55,552.65,556.1531265386509,4062,434,2259094.0,1908.0,46.97,22.45,-17.35,1587666600.0
2020-04-23,561.05,568.0,556.0,558.35,560.2466602748482,15645,719,8765059.0,12721.0,81.31,12.0,-2.7,1587580200.0
2020-04-22,558.0,560.95,555.9,558.75,559.455289808231,4641,310,2596432.0,2906.0,62.62,5.05,0.75,1587493800.0
2020-04-21,567.0,582.05,546.95,560.2,564.8068657284138,10516,1411,5939509.0,2783.0,26.46,35.1,-6.8,1587407400.0
2020-04-20,555.0,588.05,544.0,565.85,567.5225659229209,23664,1883,13429854.0,4395.0,18.57,44.05,10.85,1587321000.0
2020-04-17,534.6,542.0,524.75,538.05,535.8855213309175,6071,611,3253361.0,4340.0,71.49,17.25,3.45,1587061800.0
2020-04-16,519.8,527.9,518.25,522.15,521.7420078519349,3566,235,1860532.0,2850.0,79.92,9.65,2.35,1586975400.0
2020-04-15,519.0,547.25,512.35,516.55,533.7594929314172,17118,1464,9136895.0,5254.0,30.69,34.9,-2.45,1586889000.0
2020-04-13,521.4,527.7,500.1,515.95,515.9634572608834,6294,654,3247474.0,2263.0,35.95,27.6,-5.45,1586716200.0
2020-04-09,528.0,528.0,503.15,513.1,517.7402877697841,12510,993,6476931.0,7034.0,56.23,24.85,-14.9,1586370600.0
2020-04-08,470.75,546.0,463.35,509.05,505.2207449027843,35951,4057,18163191.0,10203.0,28.38,82.65,38.3,1586284200.0
2020-04-07,481.0,487.8,462.3,470.75,472.8954423592493,7087,728,3351410.0,2019.0,28.49,25.5,-10.25,1586197800.0
2020-04-03,492.0,492.0,443.0,448.2,460.5148144771629,10969,1419,5051387.0,5797.0,52.85,49.0,-43.8,1585852200.0
2020-04-01,525.0,525.0,493.2,504.75,503.7581300813008,3444,451,1734943.0,1521.0,44.16,31.8,-20.25,1585679400.0
2020-03-31,507.3,513.0,494.3,508.35,506.656050955414,1884,189,954540.0,1114.0,59.13,18.7,1.05,1585593000.0
2020-03-30,500.0,509.0,484.4,500.95,494.3825931089424,5021,243,2482295.0,3735.0,74.39,24.6,0.95,1585506600.0
2020-03-27,515.05,519.55,499.5,505.9,508.735685585133,7964,350,4051571.0,5741.0,72.09,20.05,-9.15,1585247400.0
2020-03-26,509.4,525.75,490.0,510.05,508.9837331127654,3627,541,1846084.0,1873.0,51.64,35.75,0.65,1585161000.0
2020-03-25,494.2,519.9,485.5,505.65,507.6567357512953,5404,783,2743377.0,3642.0,67.39,34.4,11.45,1585074600.0
2020-03-24,479.7,509.0,444.0,492.05,479.87851610273134,2453,342,1177142.0,1485.0,60.54,65.0,12.35,1584988200.0
2020-03-23,484.3,504.7,434.9,449.15,465.3754626456477,7295,718,3394914.0,3895.0,53.39,69.8,-35.15,1584901800.0
2020-03-20,529.4,540.8,502.0,506.95,520.022715714528,5899,592,3067614.0,2152.0,36.48,38.8,-22.45,1584642600.0
2020-03-19,494.0,548.2,479.55,513.85,508.13691906005215,19150,1828,9730822.0,9208.0,48.08,68.65,19.85,1584556200.0
2020-03-18,550.9,551.8,502.35,510.45,518.9337413517828,3758,304,1950153.0,1689.0,44.94,49.45,-40.45,1584469800.0
2020-03-17,545.5,556.95,539.95,541.9,548.4418418097224,6233,560,3418438.0,3378.0,54.2,17.0,-3.6,1584383400.0
2020-03-16,561.05,562.8,531.25,536.3,551.7264608514897,12989,931,7166375.0,4246.0,32.69,31.55,-24.75,1584297000.0
2020-03-13,459.8,575.9,459.8,568.15,546.400951691321,9667,822,5282058.0,4674.0,48.35,116.1,108.35,1584037800.0
2020-03-12,533.8,541.8,468.0,508.75,506.05966619366166,14799,1397,7489177.0,4322.0,29.2,73.8,-25.05,1583951400.0
2020-03-11,551.95,582.85,545.0,549.35,565.302634880803,7970,1328,4505462.0,1433.0,17.98,37.85,-2.6,1583865000.0
2020-03-09,597.9,597.9,541.8,549.2,565.1056529071046,13639,1104,7707476.0,6512.0,47.75,56.1,-48.7,1583692200.0
2020-03-06,560.0,595.8,550.0,583.95,578.1180517503805,16425,1444,9495589.0,3481.0,21.19,45.8,23.95,1583433000.0
2020-03-05,580.0,595.95,567.8,572.65,582.6448675496689,9664,1378,5630680.0,2772.0,28.68,28.15,-7.35,1583346600.0
2020-03-04,560.9,583.2,544.8,574.1,570.6875157788437,15844,1116,9041973.0,5707.0,36.02,38.4,13.2,1583260200.0
2020-03-03,539.6,561.05,535.85,558.95,550.0072268495835,8164,640,4490259.0,4423.0,54.18,25.2,19.35,1583173800.0
2020-03-02,559.0,568.2,528.5,534.4,541.2744771863117,8416,699,4555366.0,3484.0,41.4,39.7,-24.6,1583087400.0
2020-02-28,550.0,550.0,529.0,537.4,537.9335891381346,3388,420,1822519.0,1840.0,54.31,21.0,-12.6,1582828200.0
2020-02-27,567.0,569.4,552.0,556.95,559.4832073149288,11374,1501,6363562.0,4995.0,43.92,17.4,-10.05,1582741800.0
2020-02-26,539.45,576.5,539.45,560.1,564.851831076208,12479,1578,7048786.0,2718.0,21.78,37.05,20.65,1582655400.0
2020-02-25,549.0,549.0,531.95,535.85,535.4906744314158,12707,651,6804480.0,3489.0,27.46,17.05,-13.15,1582569000.0
2020-02-24,533.0,537.7,524.9,534.9,531.0502325581396,2150,383,1141758.0,664.0,30.88,12.8,1.9,1582482600.0
2020-02-20,568.0,568.0,532.0,534.6,537.5738741517581,6484,756,3485629.0,3062.0,47.22,36.0,-33.4,1582137000.0
2020-02-19,546.9,552.95,529.55,533.0,536.6886075949367,4345,458,2331912.0,1986.0,45.71,23.4,-13.9,1582050600.0
2020-02-18,561.45,561.45,516.45,533.3,533.412784019975,20025,1425,10681591.0,7048.0,35.2,45.0,-28.15,1581964200.0
2020-02-17,580.65,580.65,534.75,557.15,560.857947163274,13854,1182,7770126.0,6086.0,43.93,45.9,-23.5,1581877800.0
2020-02-14,587.0,599.0,580.15,583.85,591.407675369613,9537,1034,5640255.0,2400.0,25.17,18.85,-3.15,1581618600.0
2020-02-13,570.0,589.0,570.0,582.55,575.8986330317639,15143,1209,8720833.0,2385.0,15.75,19.0,12.55,1581532200.0
2020-02-12,577.0,577.0,562.0,565.4,569.3760199004976,10050,1108,5722229.0,2098.0,20.88,15.0,-11.6,1581445800.0
2020-02-11,582.85,591.4,572.9,577.3,585.305041031653,8530,919,4992652.0,3364.0,39.44,18.5,-5.55,1581359400.0
2020-02-10,571.4,580.0,547.55,576.95,570.3808496515101,12052,1505,6874230.0,3899.0,32.35,32.45,5.55,1581273000.0
2020-02-07,542.95,563.05,538.5,561.1,548.1463943841736,15670,1155,8589454.0,6375.0,40.68,24.55,18.15,1581013800.0
2020-02-06,524.55,559.0,524.55,549.1,543.9865287889979,28431,1655,15466081.0,11660.0,41.01,34.45,24.55,1580927400.0
2020-02-05,500.0,529.0,500.0,522.95,519.6679098246591,17965,2075,9335834.0,7343.0,40.87,29.0,22.95,1580841000.0
2020-02-04,503.5,514.4,495.0,498.7,507.27707538167937,16768,1977,8506022.0,4646.0,27.71,19.4,-4.8,1580754600.0
2020-02-03,491.1,498.6,489.2,493.05,492.9279279279279,999,233,492435.0,443.0,44.34,9.4,1.95,1580668200.0
2020-02-01,498.9,503.0,485.85,493.75,494.66428793049954,3223,366,1594303.0,1425.0,44.21,17.15,-5.15,1580495400.0
2020-01-31,502.4,505.45,493.05,496.5,497.62976333734457,2493,375,1240591.0,1410.0,56.56,12.4,-5.9,1580409000.0
2020-01-30,500.0,502.25,495.55,497.45,498.9174836601307,1224,117,610675.0,748.0,61.11,6.7,-2.55,1580322600.0
2020-01-29,501.5,517.9,494.0,494.95,506.1226354941552,4705,766,2381307.0,1599.0,33.99,23.9,-6.55,1580236200.0
2020-01-28,499.0,503.0,488.1,501.55,499.5165772023997,6334,1363,3163938.0,3514.0,55.48,14.9,2.55,1580149800.0
2020-01-27,494.6,500.0,494.6,497.35,497.5938092229943,1583,329,787691.0,802.0,50.66,5.4,2.75,1580063400.0
2020-01-24,495.55,503.5,493.0,497.4,498.19013394315584,3061,502,1524960.0,1304.0,42.6,10.5,1.85,1579804200.0
2020-01-23,500.0,500.25,493.5,495.95,496.60123032386474,5527,534,2744715.0,1545.0,27.95,6.75,-4.05,1579717800.0
2020-01-22,487.0,512.0,487.0,497.35,498.67308801476526,17338,1775,8645994.0,6776.0,39.08,25.0,10.35,1579631400.0
2020-01-21,482.8,485.85,468.0,484.65,480.3632697547684,9175,482,4407333.0,2238.0,24.39,17.85,1.85,1579545000.0
2020-01-20,478.0,490.9,478.0,483.2,484.3966753088303,6557,746,3176189.0,2560.0,39.04,12.9,5.2,1579458600.0
2020-01-17,477.0,484.55,460.35,475.1,474.4973385029901,15217,2115,7220426.0,5226.0,34.34,24.2,-1.9,1579199400.0
2020-01-16,473.0,477.0,461.0,472.6,472.22445035032615,8278,1375,3909074.0,3147.0,38.02,16.0,-0.4,1579113000.0
2020-01-15,457.95,462.0,456.55,459.35,458.9849667202203,8714,662,3999595.0,2678.0,30.73,5.45,1.4,1579026600.0
2020-01-14,462.9,463.8,455.0,461.05,460.308812161814,7762,695,3572917.0,3781.0,48.71,8.8,-1.85,1578940200.0
2020-01-13,446.65,463.25,446.65,459.65,454.88969561574976,10743,1002,4886880.0,4560.0,42.45,16.6,13.0,1578853800.0
2020-01-10,439.85,455.35,438.85,443.5,444.48466088870555,29076,2469,12923836.0,15850.0,54.51,16.5,3.65,1578594600.0
2020-01-09,439.35,440.0,435.4,436.95,437.5946887244232,11485,1171,5025775.0,7328.0,63.8,4.6,-2.4,1578508200.0
2020-01-08,429.0,439.5,429.0,437.75,437.5731922398589,5670,535,2481040.0,1885.0,33.25,10.5,8.75,1578421800.0
2020-01-07,439.95,439.95,433.85,437.6,437.1456903127384,6555,622,2865490.0,3001.0,45.78,6.1,-2.35,1578335400.0
2020-01-06,449.95,449.95,431.2,436.75,435.17123691581895,13566,1009,5903533.0,5322.0,39.23,18.75,-13.2,1578249000.0
2020-01-03,432.0,440.0,430.0,438.45,436.0955193654544,11851,1520,5168168.0,7006.0,59.12,10.0,6.45,1577989800.0
2020-01-02,431.0,435.0,430.3,432.85,434.2490264797508,5136,834,2230303.0,4143.0,80.67,4.7,1.85,1577903400.0
2020-01-01,424.6,431.15,424.55,428.45,428.42929387525754,5339,168,2287384.0,1844.0,34.54,6.6,3.85,1577817000.0
2019-12-31,430.25,432.2,424.1,425.8,428.45361875637104,2943,330,1260939.0,1316.0,44.72,8.1,-4.45,1577730600.0
2019-12-30,434.0,435.0,430.0,431.35,432.7674643461445,4137,541,1790359.0,2548.0,61.59,5.0,-2.65,1577644200.0
2019-12-27,434.9,434.9,426.6,428.75,428.5195386469272,5809,567,2489270.0,1870.0,32.19,8.3,-6.15,1577385000.0
2019-12-26,427.0,431.95,424.05,429.55,428.48145467704,5527,474,2368217.0,1670.0,30.22,7.9,2.55,1577298600.0
2019-12-24,429.45,433.0,425.0,427.15,429.0990538143111,3382,155,1451213.0,1591.0,47.04,8.0,-2.3,1577125800.0
2019-12-23,425.15,431.8,424.95,430.35,428.8834267277976,11778,1317,5051389.0,5646.0,47.94,6.85,5.2,1577039400.0
2019-12-20,425.85,428.0,421.5,423.05,425.3253690267701,7994,470,3400051.0,5992.0,74.96,6.5,-2.8,1576780200.0
2019-12-19,427.0,427.6,423.8,425.3,425.73571814741393,11098,1452,4724815.0,3887.0,35.02,3.8,-1.7,1576693800.0
2019-12-18,429.0,429.0,424.9,426.9,426.80400307929176,6495,587,2772092.0,4314.0,66.42,4.1,-2.1,1576607400.0
2019-12-17,424.6,427.15,422.75,424.4,425.2675,5200,548,2211391.0,1886.0,36.27,4.4,-0.2,1576521000.0
2019-12-16,424.0,431.55,422.65,424.15,426.7802811476988,15579,1414,6648810.0,7878.0,50.57,8.9,0.15,1576434600.0
2019-12-13,417.8,422.75,413.0,419.65,418.7071463454338,18429,1347,7716354.0,13574.0,73.66,9.75,1.85,1576175400.0
2019-12-12,418.7,422.5,413.75,414.55,415.6010661928032,9004,1048,3742072.0,3771.0,41.88,8.75,-4.15,1576089000.0
2019-12-11,423.0,426.0,416.1,418.35,418.9376770538244,19062,1348,7985790.0,4753.0,24.93,9.9,-4.65,1576002600.0
2019-12-10,404.8,434.5,400.35,422.1,424.7017615176152,73800,4279,31342990.0,18246.0,24.72,34.15,17.3,1575916200.0
2019-12-09,405.9,405.9,398.5,402.2,401.0817502144871,16318,270,6544852.0,1926.0,11.8,7.4,-3.7,1575829800.0
2019-12-06,405.4,406.0,402.1,402.7,403.4169312169312,945,245,381229.0,495.0,52.38,3.9,-2.7,1575570600.0
2019-12-05,405.75,406.3,400.05,401.6,403.1389961389961,2072,347,835304.0,1257.0,60.67,6.25,-4.15,1575484200.0
2019-12-04,406.75,406.9,402.0,405.75,405.10402745168864,5537,320,2243061.0,1724.0,31.14,4.9,-1.0,1575397800.0
2019-12-03,403.0,405.7,399.0,403.35,401.3650871997368,12156,842,4878994.0,6183.0,50.86,6.7,0.35,1575311400.0
2019-12-02,397.15,403.4,396.2,401.45,401.21398768130337,5033,675,2019310.0,1343.0,26.68,7.2,4.3,1575225000.0
2019-11-29,405.4,405.45,394.4,396.25,397.19559640872166,4678,303,1858081.0,1170.0,25.01,11.05,-9.15,1574965800.0
2019-11-28,406.05,406.05,395.0,395.7,398.5953988275005,11258,565,4487387.0,2029.0,18.02,11.05,-10.35,1574879400.0
2019-11-27,409.0,409.0,398.65,403.65,403.88027618551325,7676,582,3100185.0,3957.0,51.55,10.35,-5.35,1574793000.0
2019-11-26,393.8,407.6,393.8,404.95,403.3882002974714,8068,775,3254536.0,5757.0,71.36,13.8,11.15,1574706600.0
2019-11-25,382.6,393.35,382.15,389.1,386.3452647278151,9387,487,3626623.0,1188.0,12.66,11.2,6.5,1574620200.0
2019-11-22,384.1,395.75,380.45,394.0,387.4796643410603,31103,1077,12051780.0,2725.0,8.76,15.3,9.9,1574361000.0
2019-11-21,380.0,391.85,370.0,389.0,387.6277477951823,15194,665,5889616.0,5109.0,33.63,21.85,9.0,1574274600.0
2019-11-20,396.0,396.2,381.9,388.7,385.99565217391296,24840,730,9588132.0,18837.0,75.83,14.3,-7.3,1574188200.0
2019-11-19,396.4,397.5,394.3,396.6,396.23420919656394,3958,205,1568295.0,2700.0,68.22,3.2,0.2,1574101800.0
2019-11-18,406.0,406.0,394.7,396.4,396.0284565746324,9453,330,3743657.0,4279.0,45.27,11.3,-9.6,1574015400.0
2019-11-15,396.8,399.0,392.4,396.05,395.07390014829457,8092,264,3196938.0,1510.0,18.66,6.6,-0.75,1573756200.0
2019-11-14,390.4,399.0,390.05,395.95,396.21375884389585,6643,425,2632048.0,2271.0,34.19,8.95,5.55,1573669800.0
2019-11-13,407.0,408.0,394.0,395.1,400.447896120973,12168,508,4872650.0,6753.0,55.5,14.0,-11.9,1573583400.0
2019-11-11,391.85,400.0,389.65,397.3,393.23005686433794,6155,542,2420331.0,3478.0,56.51,10.35,5.45,1573410600.0
2019-11-08,392.9,392.9,379.35,384.8,382.426925091671,7636,457,2920212.0,2252.0,29.49,13.55,-8.1,1573151400.0
2019-11-07,374.0,391.5,372.0,381.25,382.9914199509712,21212,1023,8124014.0,6942.0,32.73,19.5,7.25,1573065000.0
2019-11-06,365.8,368.2,360.0,361.6,364.6236210253082,1541,284,561885.0,1080.0,70.08,8.2,-4.2,1572978600.0
2019-11-05,364.05,369.0,352.6,364.8,362.48516579406635,8595,408,3115560.0,3065.0,35.66,16.4,0.75,1572892200.0
2019-11-04,350.0,370.0,350.0,366.8,364.3302321537258,11501,1316,4190162.0,2811.0,24.44,20.0,16.8,1572805800.0
2019-11-01,343.6,347.75,342.3,346.1,344.8268830628381,2403,192,828619.0,1697.0,70.62,5.45,2.5,1572546600.0
2019-10-31,334.5,345.0,334.5,340.0,338.9021232522009,3862,369,1308840.0,1584.0,41.02,10.5,5.5,1572460200.0
2019-10-30,331.25,337.6,330.1,331.35,333.21463897131554,2022,147,673760.0,723.0,35.76,7.5,0.1,1572373800.0
2019-10-29,337.85,337.85,330.0,333.4,333.3890443822471,5002,493,1667612.0,2841.0,56.8,7.85,-4.45,1572287400.0
2019-10-27,340.0,340.95,337.0,337.7,338.703125,512,90,173416.0,405.0,79.1,3.95,-2.3,1572114600.0
2019-10-25,336.3,343.9,334.8,337.35,339.33604815864027,11296,857,3833140.0,3478.0,30.79,9.1,1.05,1571941800.0
2019-10-24,358.4,358.8,321.7,331.4,344.1053891227201,12117,1089,4169525.0,5625.0,46.42,37.1,-27.0,1571855400.0
2019-10-23,361.95,361.95,352.7,354.2,359.1033934252386,3772,431,1354538.0,3043.0,80.67,9.25,-7.75,1571769000.0
2019-10-22,370.95,371.9,358.0,360.0,362.69852008456655,2365,145,857782.0,942.0,39.83,13.9,-10.95,1571682600.0
2019-10-18,360.0,371.0,358.0,365.4,363.51005270349407,5123,594,1862262.0,2578.0,50.32,13.0,5.4,1571337000.0
2019-10-17,360.0,363.5,348.9,354.2,357.09404692650764,5157,234,1841534.0,1947.0,37.75,14.6,-5.8,1571250600.0
2019-10-16,353.0,365.1,353.0,358.2,359.5171838505172,5994,374,2154946.0,1487.0,24.81,12.1,5.2,1571164200.0
2019-10-15,359.65,360.7,344.2,356.35,353.6821007853403,6112,257,2161705.0,3027.0,49.53,16.5,-3.3,1571077800.0
2019-10-14,361.4,361.4,357.65,358.4,359.7402407880336,2741,276,986048.0,1945.0,70.96,3.75,-3.0,1570991400.0
2019-10-11,355.0,362.6,353.15,360.8,359.98632430923806,3583,426,1289831.0,1212.0,33.83,9.45,5.8,1570732200.0
2019-10-10,364.45,365.8,355.0,357.9,363.22536744692434,3674,173,1334490.0,773.0,21.04,10.8,-6.55,1570645800.0
2019-10-09,367.0,371.0,357.0,362.5,360.39145728643217,3980,271,1434358.0,1862.0,46.78,14.0,-4.5,1570559400.0
2019-10-07,370.0,371.4,361.75,362.6,369.3764619883041,4104,197,1515921.0,1956.0,47.66,9.65,-7.4,1570386600.0
2019-10-04,361.9,372.1,355.8,366.85,366.01220378651726,23927,1004,8757574.0,2897.0,12.11,16.3,4.95,1570127400.0
2019-10-03,360.0,369.8,353.0,360.6,365.0936359055221,307585,1929,112297326.0,258348.0,83.99,16.8,0.6,1570041000.0
2019-10-01,374.4,374.4,358.0,361.9,367.4964571882657,15101,687,5549564.0,4074.0,26.98,16.4,-12.5,1569868200.0
2019-09-30,353.6,378.0,350.0,370.6,367.20815353168285,17612,1572,6467270.0,8315.0,47.21,28.0,17.0,1569781800.0
2019-09-27,355.65,366.3,351.75,355.9,358.8265444015444,10360,1008,3717443.0,3852.0,37.18,14.55,0.25,1569522600.0
2019-09-26,361.0,365.7,350.3,352.5,356.4207289635518,6667,488,2376257.0,4672.0,70.08,15.4,-8.5,1569436200.0
2019-09-25,371.0,376.0,352.3,359.0,364.3212950206652,10162,617,3702233.0,3871.0,38.09,23.7,-12.0,1569349800.0
2019-09-24,387.95,387.95,372.15,375.1,379.8819915254237,4720,170,1793043.0,2659.0,56.33,15.8,-12.85,1569263400.0
2019-09-23,395.0,404.0,383.65,385.3,391.6750214592274,5825,363,2281507.0,2823.0,48.46,20.35,-9.7,1569177000.0
2019-09-20,383.75,400.5,383.75,394.7,395.39331970006816,1467,80,580042.0,831.0,56.65,16.75,10.95,1568917800.0
2019-09-19,399.0,399.0,383.2,383.85,385.77830508474574,1475,77,569023.0,961.0,65.15,15.8,-15.15,1568831400.0
2019-09-18,403.0,403.0,386.95,391.85,396.0692346424975,3972,143,1573187.0,2462.0,61.98,16.05,-11.15,1568745000.0
2019-09-17,399.4,399.4,388.0,391.75,391.5392317123008,4894,155,1916193.0,2791.0,57.03,11.4,-7.65,1568658600.0
2019-09-16,403.9,408.45,393.0,394.6,403.6152067071408,13836,479,5584420.0,9848.0,71.18,15.45,-9.3,1568572200.0
2019-09-13,381.2,411.0,380.0,404.65,401.26642038907346,29506,1246,11839767.0,14291.0,48.43,31.0,23.45,1568313000.0
2019-09-12,381.0,382.6,379.0,380.1,380.12890995260653,2110,86,802072.0,1554.0,73.65,3.6,-0.9,1568226600.0
2019-09-11,383.0,383.5,379.6,381.15,381.51218026796585,1642,131,626443.0,1476.0,89.89,3.9,-1.85,1568140200.0
2019-09-09,376.25,383.85,376.25,382.5,380.450070323488,711,47,270500.0,330.0,46.41,7.6,6.25,1567967400.0
2019-09-06,377.15,381.85,375.65,378.9,377.1333808844508,1402,133,528741.0,777.0,55.42,6.2,1.75,1567708200.0
2019-09-05,380.95,384.45,376.6,379.5,378.89068231841526,1363,149,516428.0,760.0,55.76,7.85,-1.45,1567621800.0
2019-09-04,380.0,380.0,374.1,376.55,376.6317727511836,1901,143,715977.0,1240.0,65.23,5.9,-3.45,1567535400.0
2019-09-03,382.0,388.0,377.0,378.15,381.1301587301587,2205,148,840392.0,876.0,39.73,11.0,-3.85,1567449000.0
2019-08-30,377.5,389.8,377.5,382.15,384.55322318526544,7384,517,2839541.0,4372.0,59.21,12.3,4.65,1567103400.0
2019-08-29,376.5,378.0,375.05,376.4,376.5033377837116,749,58,282001.0,549.0,73.3,2.95,-0.1,1567017000.0
2019-08-28,374.5,376.25,373.5,375.8,375.7422410682064,11084,1052,4164727.0,10500.0,94.73,2.75,1.3,1566930600.0
2019-08-27,375.85,378.55,373.45,376.85,376.3269858541893,1838,85,691689.0,1177.0,64.04,5.1,1.0,1566844200.0
2019-08-26,378.05,378.6,374.6,375.05,375.95717884130977,2382,166,895530.0,1705.0,71.58,4.0,-3.0,1566757800.0
2019-08-23,372.6,375.0,371.0,374.2,373.54417223459535,1347,126,503164.0,530.0,39.35,4.0,1.6,1566498600.0
2019-08-22,381.15,381.4,379.7,380.3,380.4796101564504,3899,156,1483490.0,2858.0,73.3,1.7,-0.85,1566412200.0
2019-08-21,380.6,381.95,378.4,379.3,380.25992063492066,2520,166,958255.0,2006.0,79.6,3.55,-1.3,1566325800.0
2019-08-20,381.0,381.95,377.25,379.6,379.91760204081635,3920,152,1489277.0,3238.0,82.6,4.7,-1.4,1566239400.0
2019-08-19,379.4,381.0,376.3,378.25,379.32381776239913,3468,174,1315495.0,1798.0,51.85,4.7,-1.15,1566153000.0
2019-08-16,376.8,376.8,374.0,376.0,374.28624058946014,6243,102,2336669.0,5856.0,93.8,2.8,-0.8,1565893800.0
2019-08-14,375.0,380.0,372.65,375.2,376.61801692865777,8270,171,3114631.0,5865.0,70.92,7.35,0.2,1565721000.0
2019-08-13,374.45,378.0,372.0,374.8,374.67186266771904,15204,349,5696511.0,6667.0,43.85,6.0,0.35,1565634600.0
2019-08-09,372.7,374.4,370.7,372.0,372.41417193078814,3641,126,1355960.0,2867.0,78.74,3.7,-0.7,1565289000.0
2019-08-08,367.0,370.95,364.9,369.05,366.7079964061096,2226,124,816292.0,1508.0,67.74,6.05,2.05,1565202600.0
2019-08-07,365.0,367.75,365.0,366.1,365.66666666666663,30,4,10970.0,20.0,66.67,2.75,1.1,1565116200.0
2019-08-06,364.7,369.8,362.4,366.3,365.5709023941068,543,46,198505.0,118.0,21.73,7.4,1.6,1565029800.0
2019-08-05,362.95,369.8,362.95,365.95,367.07852412488177,1057,66,388002.0,490.0,46.36,6.85,3.0,1564943400.0
2019-08-02,368.45,368.8,363.0,366.95,365.6506578947368,1520,121,555789.0,632.0,41.58,5.8,-1.5,1564684200.0
2019-08-01,371.65,372.55,368.95,370.4,370.45111287758345,5032,249,1864110.0,4318.0,85.81,3.6,-1.25,1564597800.0
2019-07-31,369.25,374.55,369.1,370.7,370.4226597026918,2489,121,921982.0,1863.0,74.85,5.45,1.45,1564511400.0
2019-07-30,372.75,377.05,368.0,369.2,369.79639297579496,2107,150,779161.0,1616.0,76.7,9.05,-3.55,1564425000.0
2019-07-29,370.15,373.35,367.0,372.25,370.809553095531,4878,165,1808809.0,4020.0,82.41,6.35,2.1,1564338600.0
2019-07-26,372.0,373.1,370.05,370.75,371.1970227670753,1142,47,423907.0,830.0,72.68,3.05,-1.25,1564079400.0
2019-07-25,368.65,372.85,368.3,371.8,370.8324980724749,5188,158,1923879.0,4148.0,79.95,4.55,3.15,1563993000.0
2019-07-24,370.0,370.7,367.0,367.45,368.1928020565553,1945,86,716135.0,1136.0,58.41,3.7,-2.55,1563906600.0
2019-07-23,366.1,370.0,366.1,367.6,367.35454545454553,550,96,202045.0,316.0,57.45,3.9,1.5,1563820200.0
2019-07-22,367.4,370.0,364.0,365.6,365.4729896907216,2425,102,886272.0,1447.0,59.67,6.0,-1.8,1563733800.0
2019-07-19,369.05,372.3,365.0,370.45,369.6642796967144,2374,108,877583.0,1243.0,52.36,7.3,1.4,1563474600.0
2019-07-18,371.0,379.5,368.8,369.5,372.0287223506108,6058,200,2253750.0,2781.0,45.91,10.7,-1.5,1563388200.0
2019-07-17,372.0,379.0,369.15,371.85,374.9056311881188,3232,118,1211695.0,2054.0,63.55,9.85,-0.15,1563301800.0
2019-07-16,370.3,374.2,367.9,370.35,370.4245671887881,1213,105,449325.0,734.0,60.51,6.3,0.05,1563215400.0
2019-07-15,377.0,380.0,366.2,367.75,370.99730458221023,371,70,137640.0,129.0,34.77,13.8,-9.25,1563129000.0
2019-07-12,366.2,377.0,366.2,376.0,372.4865366759517,2154,225,802336.0,1406.0,65.27,10.8,9.8,1562869800.0
2019-07-11,366.5,370.5,364.15,364.75,366.3632555356074,1671,175,612193.0,722.0,43.21,6.35,-1.75,1562783400.0
2019-07-10,370.6,373.25,361.2,368.75,368.7405293201868,1927,116,710563.0,1166.0,60.51,12.05,-1.85,1562697000.0
2019-07-09,369.0,375.0,363.05,373.85,369.79604365620736,1466,111,542121.0,1057.0,72.1,11.95,4.85,1562610600.0
2019-07-08,361.6,368.8,361.6,367.05,365.5015228426396,985,84,360019.0,518.0,52.59,7.2,5.45,1562524200.0
2019-07-05,365.0,366.4,363.85,364.55,364.8697444352844,1213,72,442587.0,690.0,56.88,2.55,-0.45,1562265000.0
2019-07-04,366.5,367.5,365.0,365.15,365.88888888888886,720,64,263440.0,457.0,63.47,2.5,-1.35,1562178600.0
2019-07-03,373.35,380.65,364.5,364.85,370.0144173798552,15190,520,5620519.0,7041.0,46.35,16.15,-8.5,1562092200.0
2019-07-02,385.0,385.0,369.0,372.55,372.0654082528534,6834,259,2542695.0,4531.0,66.3,16.0,-12.45,1562005800.0
2019-07-01,371.9,380.8,364.65,379.75,376.7288503253796,3227,238,1215704.0,1600.0,49.58,16.15,7.85,1561919400.0
2019-06-28,369.2,374.0,359.55,364.15,362.9002380213184,9663,370,3506705.0,1169.0,12.1,14.45,-5.05,1561660200.0
2019-06-27,360.8,369.8,360.0,366.1,365.55906221821454,2218,137,810810.0,1126.0,50.77,9.8,5.3,1561573800.0
2019-06-26,356.0,365.0,356.0,360.65,357.2557539477758,9689,234,3461451.0,8332.0,85.99,9.0,4.65,1561487400.0
2019-06-25,360.5,362.4,355.0,357.3,359.5119305856833,1383,142,497205.0,562.0,40.64,7.4,-3.2,1561401000.0
2019-06-24,375.2,376.1,362.55,364.85,365.5076712328767,3650,183,1334103.0,1723.0,47.21,13.55,-10.35,1561314600.0
2019-06-21,388.9,391.8,371.0,373.9,382.71879854997405,9655,423,3695150.0,4203.0,43.53,20.8,-15.0,1561055400.0
2019-06-20,379.75,379.75,371.0,371.8,373.2137049941928,1722,97,642674.0,621.0,36.06,8.75,-7.95,1560969000.0
2019-06-19,378.05,383.0,375.3,380.05,378.0181156757551,27214,843,10287385.0,23730.0,87.2,7.7,2.0,1560882600.0
2019-06-18,383.5,383.5,374.0,377.45,379.3481517868108,8143,259,3089032.0,7052.0,86.6,9.5,-6.05,1560796200.0
2019-06-17,374.5,381.0,373.8,380.15,378.47198339756886,3373,173,1276586.0,2332.0,69.14,7.2,5.65,1560709800.0
2019-06-14,376.9,383.7,372.65,374.6,375.70505992010646,1502,99,564309.0,567.0,37.75,11.05,-2.3,1560450600.0
2019-06-13,372.25,373.55,369.0,372.0,371.39055622248895,2499,115,928105.0,1568.0,62.74,4.55,-0.25,1560364200.0
2019-06-12,377.0,377.0,370.2,371.95,373.10493179433365,1906,77,711138.0,1139.0,59.76,6.8,-5.05,1560277800.0
2019-06-11,369.85,380.45,366.15,378.2,376.6526240628347,2801,203,1055004.0,1648.0,58.84,14.3,8.35,1560191400.0
2019-06-10,378.85,380.0,368.1,369.3,371.66742880897937,4811,171,1788092.0,2992.0,62.19,11.9,-9.55,1560105000.0
2019-06-07,375.1,376.5,370.0,373.65,373.1007627458852,4982,244,1858788.0,1876.0,37.66,6.5,-1.45,1559845800.0
2019-06-06,380.75,382.85,376.0,380.7,380.0099482690012,2513,171,954965.0,1594.0,63.43,6.85,-0.05,1559759400.0
2019-06-04,373.0,388.5,371.0,381.65,382.44625850340134,4410,359,1686588.0,1954.0,44.31,17.5,8.65,1559586600.0
2019-06-03,374.95,375.0,368.9,374.75,373.1769130998703,3855,241,1438597.0,2536.0,65.78,6.1,-0.2,1559500200.0
2019-05-31,371.0,375.0,364.0,374.0,372.4827875734677,3573,208,1330881.0,1942.0,54.35,11.0,3.0,1559241000.0
2019-05-30,377.75,378.8,368.05,372.15,373.80439374735954,2367,153,884795.0,752.0,31.77,10.75,-5.6,1559154600.0
2019-05-29,382.95,385.15,370.85,373.85,376.5182207931404,9330,330,3512915.0,4325.0,46.36,14.3,-9.1,1559068200.0
2019-05-28,376.55,407.1,375.0,383.8,389.5836624520528,35195,936,13711397.0,13373.0,38.0,32.1,7.25,1558981800.0
2019-05-27,374.25,378.7,372.0,375.5,375.7287281683834,8932,217,3356009.0,5184.0,58.04,6.7,1.25,1558895400.0
2019-05-24,373.45,377.0,367.75,375.75,372.98935269207504,16530,486,6165514.0,7761.0,46.95,9.25,2.3,1558636200.0
2019-05-23,369.0,372.55,358.7,368.35,365.82045272664914,17494,489,6399663.0,9079.0,51.9,13.85,-0.65,1558549800.0
2019-05-22,357.6,377.65,351.0,363.85,364.8092105263158,57608,2040,21015929.0,12737.0,22.11,26.65,6.25,1558463400.0
2019-05-21,341.4,352.0,340.0,345.75,347.7741147741148,17199,366,5981367.0,12453.0,72.41,12.0,4.35,1558377000.0
2019-05-20,337.3,342.0,334.05,339.9,337.8333333333333,3780,135,1277010.0,1492.0,39.47,7.95,2.6,1558290600.0
2019-05-17,331.0,337.0,328.2,334.8,331.5305744286597,4857,305,1610244.0,787.0,16.2,8.8,3.8,1558031400.0
2019-05-16,327.4,333.0,324.3,331.0,327.3334412431208,3089,128,1011133.0,1504.0,48.69,8.7,3.6,1557945000.0
2019-05-15,323.0,334.5,321.0,329.8,326.81105398457584,778,94,254259.0,221.0,28.41,13.5,6.8,1557858600.0
2019-05-14,323.9,328.0,311.0,326.15,318.26159442255226,9897,478,3149835.0,3733.0,37.72,17.0,2.25,1557772200.0
2019-05-13,321.55,323.9,313.6,316.15,317.80548128342247,7480,309,2377185.0,3475.0,46.46,10.3,-5.4,1557685800.0
2019-05-10,323.0,325.2,307.0,324.25,320.8046006720083,3869,143,1241193.0,1728.0,44.66,18.2,1.25,1557426600.0
2019-05-09,322.65,331.5,320.05,328.25,325.4236725663717,3616,171,1176732.0,2038.0,56.36,11.45,5.6,1557340200.0
2019-05-08,324.0,333.95,321.55,325.35,324.7802746566792,1602,134,520298.0,340.0,21.22,12.4,1.35,1557253800.0
2019-05-07,335.0,339.95,326.0,330.95,333.06231671554247,2728,127,908594.0,1562.0,57.26,13.95,-4.05,1557167400.0
2019-05-06,341.5,349.0,330.0,335.0,336.29594229035166,5545,420,1864761.0,2027.0,36.56,19.0,-6.5,1557081000.0
2019-05-03,342.25,348.0,342.0,344.5,343.5580195977308,1939,113,666159.0,1098.0,56.63,6.0,2.25,1556821800.0
2019-05-02,342.0,351.1,342.0,343.8,344.52401628222526,3685,245,1269571.0,506.0,13.73,9.1,1.8,1556735400.0
2019-04-30,346.0,351.25,341.2,344.05,345.10633453863664,7467,217,2576909.0,4354.0,58.31,10.05,-1.95,1556562600.0
2019-04-26,350.9,351.2,345.0,345.9,348.23207364341084,4128,171,1437502.0,765.0,18.53,6.2,-5.0,1556217000.0
2019-04-25,348.05,355.0,345.8,350.95,350.45689033189035,5544,399,1942933.0,2040.0,36.8,9.2,2.9,1556130600.0
2019-04-24,343.45,360.0,340.05,348.25,350.65842744513105,18772,530,6582560.0,11336.0,60.39,19.95,4.8,1556044200.0
2019-04-23,342.75,348.0,341.05,344.95,342.71834670387165,5734,135,1965147.0,3729.0,65.03,6.95,2.2,1555957800.0
2019-04-22,349.5,349.5,339.95,342.25,343.6815293850692,8814,303,3029209.0,3293.0,37.36,9.55,-7.25,1555871400.0
2019-04-18,353.8,354.2,343.0,347.75,347.1141796585004,6735,344,2337814.0,1469.0,21.81,11.2,-6.05,1555525800.0
2019-04-16,350.05,363.35,346.1,353.8,353.5120614035088,4560,219,1612015.0,1408.0,30.88,17.25,3.75,1555353000.0
2019-04-15,348.45,357.15,346.25,355.65,352.54176210108415,6549,273,2308796.0,803.0,12.26,10.9,7.2,1555266600.0
2019-04-12,347.85,355.5,343.65,351.9,349.21465485418975,5418,227,1892045.0,808.0,14.91,11.85,4.05,1555007400.0
2019-04-11,346.75,351.55,344.95,347.95,348.2308872411148,3911,221,1361931.0,430.0,10.99,6.6,1.2,1554921000.0
2019-04-10,350.95,351.5,346.6,349.5,349.3915907769812,5161,218,1803210.0,1077.0,20.87,4.9,-1.45,1554834600.0
2019-04-09,343.6,356.95,340.2,352.55,347.370188943317,1429,120,496392.0,629.0,44.02,16.75,8.95,1554748200.0
2019-04-08,350.45,352.0,343.25,345.45,346.8137745286649,2599,121,901369.0,1400.0,53.87,8.75,-5.0,1554661800.0
2019-04-05,352.35,353.9,348.55,351.75,350.6869911001704,5281,278,1851978.0,2688.0,50.9,5.35,-0.6,1554402600.0
2019-04-04,348.05,356.8,345.0,349.5,350.8121379310345,3625,180,1271694.0,1155.0,31.86,11.8,1.45,1554316200.0
2019-04-03,359.55,359.7,344.4,349.4,352.7257165088834,7711,298,2719868.0,4084.0,52.96,15.3,-10.15,1554229800.0
2019-04-02,370.1,370.1,355.0,360.9,360.7221167536782,4214,193,1520083.0,1536.0,36.45,15.1,-9.2,1554143400.0
2019-04-01,363.95,372.7,360.35,368.15,367.58194421521694,6059,281,2227179.0,2747.0,45.34,12.35,4.2,1554057000.0
2019-03-29,360.0,362.95,353.6,359.6,358.72487553014935,5423,147,1945365.0,2584.0,47.65,9.35,-0.4,1553797800.0
2019-03-28,359.9,363.15,351.2,354.85,358.19685990338166,14904,482,5338566.0,3939.0,26.43,11.95,-5.05,1553711400.0
2019-03-27,345.0,356.7,343.0,353.65,351.19141096883305,16556,476,5814325.0,6196.0,37.42,13.7,8.65,1553625000.0
2019-03-26,340.0,344.0,335.9,342.45,339.7459115687462,3302,122,1121841.0,1532.0,46.4,8.1,2.45,1553538600.0
2019-03-25,340.0,340.0,325.65,338.35,333.8636138204662,6049,266,2019541.0,2401.0,39.69,14.35,-1.65,1553452200.0
2019-03-22,331.65,340.0,328.75,335.25,334.0469024329069,11961,408,3995535.0,1885.0,15.76,11.25,3.6,1553193000.0
2019-03-20,330.5,337.75,330.5,334.7,334.4775413711584,1692,61,565936.0,738.0,43.62,7.25,4.2,1553020200.0
2019-03-19,328.0,334.75,328.0,330.0,331.4576514498995,3483,148,1154467.0,1217.0,34.94,6.75,2.0,1552933800.0
2019-03-18,330.25,330.25,322.0,328.45,325.3413686888978,7467,213,2429324.0,3691.0,49.43,8.25,-1.8,1552847400.0
2019-03-15,337.6,343.0,326.15,332.5,336.91237263464336,3435,138,1157294.0,1384.0,40.29,16.85,-5.1,1552588200.0
2019-03-14,335.85,340.5,331.95,336.3,336.8485401459854,4932,146,1661337.0,1601.0,32.46,8.55,0.45,1552501800.0
2019-03-13,337.45,344.9,335.95,339.6,337.4299481097109,5396,245,1820772.0,2675.0,49.57,8.95,2.15,1552415400.0
2019-03-12,342.75,342.75,335.65,336.6,337.7988878591288,2158,151,728970.0,1046.0,48.47,7.1,-6.15,1552329000.0
2019-03-11,335.35,345.0,327.65,334.15,333.3890892696122,8872,354,2957828.0,2781.0,31.35,17.35,-1.2,1552242600.0
2019-03-08,338.95,339.35,329.8,332.75,335.7378151260504,1785,87,599292.0,577.0,32.32,9.55,-6.2,1551983400.0
2019-03-07,339.3,339.9,330.1,335.1,336.0592664561574,4117,166,1383556.0,2193.0,53.27,9.8,-4.2,1551897000.0
2019-03-06,344.7,350.0,333.35,334.55,339.6274799147401,6099,267,2071388.0,3456.0,56.67,16.65,-10.15,1551810600.0
2019-03-05,333.0,345.0,333.0,342.0,341.6054475587704,8848,293,3022525.0,4016.0,45.39,12.0,9.0,1551724200.0
2019-03-01,327.0,335.0,326.15,333.15,331.3414634146341,3321,129,1100385.0,1211.0,36.46,8.85,6.15,1551378600.0
2019-02-28,332.7,332.7,322.65,326.15,325.8267477203648,329,32,107197.0,203.0,61.7,10.05,-6.55,1551292200.0
2019-02-27,333.65,338.0,318.25,323.3,330.8383870455628,6299,165,2083951.0,3978.0,63.15,19.75,-10.35,1551205800.0
2019-02-26,331.9,333.95,324.15,330.85,329.41861826697885,1708,58,562647.0,881.0,51.58,9.8,-1.05,1551119400.0
2019-02-25,332.0,337.7,328.35,333.0,333.40663436451734,2683,125,894530.0,1016.0,37.87,9.35,1.0,1551033000.0
2019-02-22,319.75,333.65,319.75,328.9,330.57781067665246,11483,281,3796025.0,6292.0,54.79,13.9,9.15,1550773800.0
2019-02-21,321.6,325.45,312.4,318.65,319.00976345677606,35131,235,11207132.0,32418.0,92.28,13.05,-2.95,1550687400.0
2019-02-20,316.05,323.4,315.4,321.35,320.90046296296293,4752,204,1524919.0,2337.0,49.18,8.0,5.3,1550601000.0
2019-02-19,310.15,323.45,308.65,320.2,314.966743536837,8239,236,2595011.0,5040.0,61.17,14.8,10.05,1550514600.0
2019-02-18,309.55,314.0,309.5,313.05,312.931137130383,5039,107,1576860.0,4118.0,81.72,4.5,3.5,1550428200.0
2019-02-15,312.15,313.5,302.8,310.7,307.348623853211,3488,140,1072032.0,1351.0,38.73,10.7,-1.45,1550169000.0
2019-02-14,308.45,316.1,307.55,314.3,314.23728536385937,24460,312,7686244.0,18164.0,74.26,8.55,5.85,1550082600.0
2019-02-13,314.95,314.95,303.75,307.4,310.3391528618193,10081,341,3128529.0,6421.0,63.69,11.2,-7.55,1549996200.0
2019-02-12,311.25,316.7,311.25,315.35,314.6331347387718,4364,247,1373059.0,2571.0,58.91,5.45,4.1,1549909800.0
2019-02-11,323.65,324.2,313.9,318.4,318.0235744509369,4963,275,1578351.0,2543.0,51.24,10.3,-5.25,1549823400.0
2019-02-08,323.6,328.25,319.0,326.2,323.97750039751946,37734,890,12224967.0,17637.0,46.74,9.25,2.6,1549564200.0
2019-02-07,316.0,331.0,316.0,325.85,326.4806751675196,35369,504,11547295.0,28184.0,79.69,15.0,9.85,1549477800.0
2019-02-06,313.95,317.5,312.0,315.6,314.68689168233857,30309,185,9537845.0,26852.0,88.59,5.5,1.65,1549391400.0
2019-02-05,311.45,318.4,311.35,316.7,314.773519163763,1148,50,361360.0,670.0,58.36,7.05,5.25,1549305000.0
2019-02-04,309.9,314.0,309.85,313.6,312.0232108317215,517,35,161316.0,291.0,56.29,4.15,3.7,1549218600.0
2019-02-01,315.8,317.8,305.2,306.95,313.54520757279903,35337,575,11079747.0,25370.0,71.79,12.6,-8.85,1548959400.0
2019-01-31,312.55,317.0,306.5,312.3,314.1567094297219,21358,284,6709759.0,16881.0,79.04,10.5,-0.25,1548873000.0
2019-01-30,308.65,311.0,305.0,309.4,308.2738960313024,1789,120,551502.0,822.0,45.95,6.0,0.75,1548786600.0
2019-01-29,309.5,309.5,299.7,300.95,302.1376739890494,15159,380,4580105.0,8556.0,56.44,9.8,-8.55,1548700200.0
2019-01-28,311.75,316.2,305.0,307.9,309.5531109107304,11090,383,3432944.0,5145.0,46.39,11.2,-3.85,1548613800.0
2019-01-25,316.45,320.4,305.05,308.4,313.1320143884892,2780,133,870507.0,1188.0,42.73,15.35,-8.05,1548354600.0
2019-01-24,319.9,319.95,315.15,316.45,317.06676783004553,1318,60,417894.0,599.0,45.45,4.8,-3.45,1548268200.0
2019-01-23,311.0,321.25,310.25,319.05,317.53748264692274,8644,363,2744794.0,2751.0,31.83,11.0,8.05,1548181800.0
2019-01-22,306.0,314.65,304.55,311.05,307.5782363977486,2665,149,819696.0,964.0,36.17,10.1,5.05,1548095400.0
2019-01-21,308.15,316.0,308.1,309.7,313.0129259694477,3404,170,1065496.0,1970.0,57.87,7.9,1.55,1548009000.0
2019-01-18,319.45,320.55,308.25,313.2,314.6686969361388,5418,260,1704875.0,2214.0,40.86,12.3,-6.25,1547749800.0
2019-01-17,316.05,318.35,315.6,317.7,316.7171464330413,799,40,253057.0,354.0,44.31,2.75,1.65,1547663400.0
2019-01-16,319.95,320.8,316.0,317.2,318.44588155207623,1469,85,467797.0,674.0,45.88,4.8,-2.75,1547577000.0
2019-01-15,304.8,326.55,304.8,316.6,319.0623928539204,22166,630,7072337.0,10001.0,45.12,21.75,11.8,1547490600.0
2019-01-14,300.4,304.85,299.05,303.05,301.75168431183835,1039,55,313520.0,398.0,38.31,5.8,2.65,1547404200.0
2019-01-11,300.0,304.7,299.0,301.55,301.4234592445328,3018,97,909696.0,1395.0,46.22,5.7,1.55,1547145000.0
2019-01-10,301.5,303.35,300.0,302.0,301.29956896551727,928,56,279606.0,372.0,40.09,3.35,0.5,1547058600.0
2019-01-09,304.7,306.8,299.4,301.9,303.8017648265955,4873,182,1480426.0,3084.0,63.29,7.4,-2.8,1546972200.0
2019-01-08,304.75,305.0,302.1,304.9,303.61049723756906,362,30,109907.0,247.0,68.23,2.9,0.15,1546885800.0
2019-01-07,305.9,307.25,296.8,299.85,301.22159624413143,1065,115,320801.0,869.0,81.6,10.45,-6.05,1546799400.0
2019-01-04,313.25,313.65,300.1,306.3,309.8922800718133,2228,113,690440.0,1259.0,56.51,13.55,-6.95,1546540200.0
2019-01-03,311.7,315.05,305.6,310.3,311.1394632644083,2273,106,707220.0,1140.0,50.15,9.45,-1.4,1546453800.0
2019-01-02,314.9,318.0,307.0,312.1,314.61678607983623,4885,198,1536903.0,2112.0,43.23,11.0,-2.8,1546367400.0
2019-01-01,302.25,313.35,301.85,311.95,308.8140043763676,1828,81,564512.0,996.0,54.49,11.5,9.7,1546281000.0
2018-12-31,306.95,307.4,298.05,306.25,304.77271095152605,5570,186,1697584.0,2787.0,50.04,9.35,-0.7,1546194600.0
2018-12-28,293.1,301.25,293.1,299.75,297.9363574813812,1477,56,440052.0,655.0,44.35,8.15,6.65,1545935400.0
2018-12-27,299.05,299.15,294.1,296.1,296.94359313077933,7570,193,2247863.0,4023.0,53.14,5.05,-2.95,1545849000.0
2018-12-26,295.6,298.0,293.0,296.1,294.97646414887794,1827,61,538922.0,310.0,16.97,5.0,0.5,1545762600.0
2018-12-24,300.0,301.35,297.0,299.5,298.5217391304348,759,32,226578.0,385.0,50.72,4.35,-0.5,1545589800.0
2018-12-21,300.3,303.1,297.1,298.95,299.2480247337685,2911,127,871111.0,993.0,34.11,6.0,-1.35,1545330600.0
2018-12-20,301.7,304.0,298.95,302.05,301.5961251862891,1342,50,404742.0,397.0,29.58,5.05,0.35,1545244200.0
2018-12-19,290.65,308.35,290.6,300.65,300.9502736140852,8406,247,2529788.0,2850.0,33.9,17.75,10.0,1545157800.0
2018-12-18,295.0,295.45,290.0,290.5,292.61600321672694,2487,106,727736.0,1046.0,42.06,5.45,-4.5,1545071400.0
2018-12-17,300.3,301.2,295.0,297.4,299.66499745374296,11782,216,3530653.0,9871.0,83.78,6.2,-2.9,1544985000.0
2018-12-14,298.35,300.1,297.85,298.1,299.5266383781235,2121,53,635296.0,1522.0,71.76,2.25,-0.25,1544725800.0
2018-12-13,302.7,303.4,298.35,298.9,300.21319796954316,2167,74,650562.0,924.0,42.64,5.05,-3.8,1544639400.0
2018-12-12,295.95,301.35,295.95,299.9,298.20199004975126,3015,150,899079.0,1509.0,50.05,5.4,3.95,1544553000.0
2018-12-11,296.6,296.6,290.0,294.25,292.63039796782385,2362,100,691193.0,1282.0,54.28,6.6,-2.35,1544466600.0
2018-12-10,300.25,302.85,295.05,299.15,297.989330545996,101411,100,30219396.0,100650.0,99.25,7.8,-1.1,1544380200.0
2018-12-07,301.65,304.75,297.65,303.25,300.0096618357488,1656,64,496816.0,1272.0,76.81,7.1,1.6,1544121000.0
2018-12-06,300.45,306.95,300.0,302.35,301.1661646586345,1992,44,599923.0,1784.0,89.56,6.95,1.9,1544034600.0
2018-12-05,303.2,304.7,300.0,301.95,302.35183443085606,1063,46,321400.0,738.0,69.43,4.7,-1.25,1543948200.0
2018-12-04,300.3,307.45,298.0,302.55,303.55530558680164,2667,128,809582.0,922.0,34.57,9.45,2.25,1543861800.0
2018-12-03,297.8,303.15,297.8,302.3,300.21731214829526,6042,64,1813913.0,4246.0,70.27,5.35,4.5,1543775400.0
2018-11-30,294.4,300.0,294.4,297.8,297.4286217215279,5681,45,1689692.0,5084.0,89.49,5.6,3.4,1543516200.0
2018-11-29,292.2,297.45,290.0,294.7,292.16115832546427,3177,112,928196.0,1921.0,60.47,7.45,2.5,1543429800.0
2018-11-28,295.0,295.0,289.2,290.1,291.6778554778555,2145,156,625649.0,1489.0,69.42,5.8,-4.9,1543343400.0
2018-11-27,308.0,308.05,293.5,296.0,296.1630794701987,2416,111,715530.0,1262.0,52.24,14.55,-12.0,1543257000.0
2018-11-26,296.7,299.4,295.3,297.1,297.8251640293323,2591,89,771665.0,1887.0,72.83,4.1,0.4,1543170600.0
2018-11-22,301.6,302.15,297.6,299.1,300.09859791949344,2211,78,663518.0,864.0,39.08,4.55,-2.5,1542825000.0
2018-11-21,303.7,305.15,301.0,301.65,302.5144083384427,1631,79,493401.0,1228.0,75.29,4.15,-2.05,1542738600.0
2018-11-20,302.05,309.75,302.05,306.95,307.23973607038124,1364,70,419075.0,898.0,65.84,7.7,4.9,1542652200.0
2018-11-19,308.2,311.0,307.95,310.1,309.21181147075526,3522,99,1089044.0,2198.0,62.41,3.05,1.9,1542565800.0
2018-11-16,312.15,313.8,308.5,309.7,310.3804222648752,2605,143,808541.0,1176.0,45.14,5.3,-2.45,1542306600.0
2018-11-15,307.4,309.3,305.65,308.05,307.1805486284289,2005,103,615897.0,1054.0,52.57,3.65,0.65,1542220200.0
2018-11-14,309.8,313.25,309.3,310.15,310.9562235222917,4957,216,1541410.0,2838.0,57.25,3.95,0.35,1542133800.0
2018-11-13,304.55,308.55,304.2,305.55,306.0795297372061,2892,121,885182.0,1849.0,63.93,4.35,1.0,1542047400.0
2018-11-12,307.35,314.5,301.6,309.25,307.40957923008057,2234,119,686753.0,800.0,35.81,12.9,1.9,1541961000.0
2018-11-09,305.0,311.65,304.0,308.2,308.52813852813847,2541,88,783970.0,1761.0,69.3,7.65,3.2,1541701800.0
2018-11-07,302.1,314.95,302.1,312.35,311.6962085308057,2110,91,657679.0,1571.0,74.45,12.85,10.25,1541529000.0
2018-11-06,307.75,309.9,301.35,308.65,306.7342638925468,3797,163,1164670.0,2510.0,66.1,8.55,0.9,1541442600.0
2018-11-05,305.0,314.9,305.0,308.3,309.6763228399196,5972,258,1849387.0,2915.0,48.81,9.9,3.3,1541356200.0
2018-11-02,315.0,315.75,308.0,309.5,310.77209571593977,10364,368,3220842.0,5633.0,54.35,7.75,-5.5,1541097000.0
2018-11-01,309.85,318.0,309.7,314.45,314.33523111068223,10363,469,3257456.0,6112.0,58.98,8.3,4.6,1541010600.0
2018-10-31,295.75,312.0,293.5,306.8,304.8113008442057,10424,449,3177353.0,4998.0,47.95,18.5,11.05,1540924200.0
2018-10-30,295.1,299.55,290.0,297.95,293.7101242615604,4909,339,1441823.0,2292.0,46.69,9.55,2.85,1540837800.0
2018-10-29,291.0,295.0,289.3,292.5,291.50408719346046,1101,57,320946.0,545.0,49.5,5.7,1.5,1540751400.0
2018-10-26,290.0,294.1,290.0,290.7,290.89831261101244,2252,78,655103.0,1725.0,76.6,4.1,0.7,1540492200.0
2018-10-25,292.0,292.0,288.65,289.55,290.16381766381767,702,43,203695.0,328.0,46.72,3.35,-2.45,1540405800.0
2018-10-24,293.0,295.5,289.35,289.85,291.4586628324946,1391,114,405419.0,525.0,37.74,6.15,-3.15,1540319400.0
2018-10-23,295.2,296.45,288.0,288.7,291.56027210884355,7350,413,2142968.0,3644.0,49.58,8.45,-6.5,1540233000.0
2018-10-22,299.5,301.4,296.0,299.3,298.2579109493139,3571,242,1065079.0,1578.0,44.19,5.4,-0.2,1540146600.0
2018-10-19,300.15,319.95,289.55,304.05,296.4398995335486,19509,747,5783246.0,3832.0,19.64,30.4,3.9,1539887400.0
2018-10-17,300.0,301.25,297.7,298.85,299.4368794326241,1410,97,422206.0,610.0,43.26,3.55,-1.15,1539714600.0
2018-10-16,304.0,304.85,298.7,300.0,301.22629538244627,2837,105,854579.0,1282.0,45.19,6.15,-4.0,1539628200.0
2018-10-15,304.8,304.8,296.4,297.75,298.9153439153439,2646,128,790930.0,1192.0,45.05,8.4,-7.05,1539541800.0
2018-10-12,302.0,304.8,297.2,301.8,300.83009886488463,5462,185,1643134.0,3711.0,67.94,7.6,-0.2,1539282600.0
2018-10-11,300.0,301.65,293.3,298.15,297.85849413545213,2643,136,787240.0,1236.0,46.77,8.35,-1.85,1539196200.0
2018-10-10,304.0,311.9,302.4,304.15,306.7221056313396,5718,297,1753837.0,2813.0,49.2,9.5,0.15,1539109800.0
2018-10-09,296.0,300.0,290.0,298.3,294.7403738616392,6259,400,1844780.0,1925.0,30.76,10.0,2.3,1539023400.0
2018-10-08,288.3,300.9,286.8,295.5,294.2706290048385,15294,802,4500575.0,3512.0,22.96,14.1,7.2,1538937000.0
2018-10-05,289.0,291.2,284.0,288.9,288.5548205721845,6047,243,1744891.0,2481.0,41.03,7.2,-0.1,1538677800.0
2018-10-04,301.0,305.8,282.65,288.85,290.8241797179505,14111,560,4103820.0,6012.0,42.61,23.15,-12.15,1538591400.0
2018-10-03,297.5,305.15,290.25,300.55,298.3734939759036,12284,545,3665220.0,2901.0,23.62,14.9,3.05,1538505000.0
2018-10-01,288.5,295.95,280.5,292.05,284.49480796939434,20127,716,5726027.0,7016.0,34.86,15.45,3.55,1538332200.0
2018-09-28,299.85,299.85,283.7,292.6,292.5343042439413,8789,341,2571084.0,2056.0,23.39,16.15,-7.25,1538073000.0
2018-09-27,301.0,302.5,296.3,297.6,298.44268134715026,6176,298,1843182.0,3618.0,58.58,6.2,-3.4,1537986600.0
2018-09-26,303.45,303.45,296.05,299.5,300.75916749256686,3027,112,910398.0,1054.0,34.82,7.4,-3.95,1537900200.0
2018-09-25,296.65,306.55,295.0,300.1,300.13727839003354,4174,168,1252773.0,1896.0,45.42,11.55,3.45,1537813800.0
2018-09-24,309.95,309.95,297.5,303.25,302.6858986175115,5425,285,1642071.0,1749.0,32.24,12.45,-6.7,1537727400.0
2018-09-21,315.0,315.0,293.0,299.2,305.4688434800927,23735,823,7250303.0,9975.0,42.03,22.0,-15.8,1537468200.0
2018-09-19,324.4,324.9,308.95,316.1,316.96153846153845,8970,324,2843145.0,2400.0,26.76,15.95,-8.3,1537295400.0
2018-09-18,334.5,338.9,321.95,324.55,332.0342823367156,10151,455,3370480.0,2511.0,24.74,16.95,-9.95,1537209000.0
2018-09-17,334.1,340.6,334.1,335.65,337.23938730853394,6855,390,2311776.0,2465.0,35.96,6.5,1.55,1537122600.0
2018-09-14,343.2,348.0,338.25,341.0,342.19855544540434,7061,239,2416264.0,3013.0,42.67,9.75,-2.2,1536863400.0
2018-09-12,345.95,346.0,338.0,341.25,341.0508187464709,12397,321,4228007.0,5236.0,42.24,8.0,-4.7,1536690600.0
2018-09-11,342.5,350.9,337.3,342.2,345.39452749366205,22878,721,7901936.0,7567.0,33.08,13.6,-0.3,1536604200.0
2018-09-10,343.0,347.0,340.1,341.55,343.1633708242404,29785,825,10221121.0,14976.0,50.28,6.9,-1.45,1536517800.0
2018-09-07,344.8,347.0,343.25,345.05,344.9301334242721,23459,571,8091716.0,12828.0,54.68,3.75,0.25,1536258600.0
2018-09-06,342.0,344.65,338.7,343.5,341.7635351763354,16531,356,5649693.0,11405.0,68.99,5.95,1.5,1536172200.0
2018-09-05,336.1,341.4,334.3,340.7,339.4264987300372,28741,462,9755457.0,21271.0,74.01,7.1,4.6,1536085800.0
2018-09-04,344.9,344.9,336.8,338.3,341.0134662526557,30595,510,10433307.0,20833.0,68.09,8.1,-6.6,1535999400.0
2018-09-03,344.7,351.0,340.05,341.35,342.3454563812601,49520,946,16952947.0,36550.0,73.81,10.95,-3.35,1535913000.0
2018-08-31,341.85,350.0,336.05,339.85,342.9653445084516,163697,3818,56142398.0,49429.0,30.2,13.95,-2.0,1535653800.0
2018-08-30,338.0,340.0,330.05,337.1,337.9495506535948,19584,256,6618404.0,13193.0,67.37,9.95,-0.9,1535567400.0
2018-08-29,332.55,338.9,332.55,334.7,335.30369294288556,13079,405,4385437.0,7295.0,55.78,6.35,2.15,1535481000.0
2018-08-28,335.0,335.3,330.1,332.0,331.7486830926083,5885,160,1952341.0,3804.0,64.64,5.2,-3.0,1535394600.0
2018-08-27,329.7,340.95,327.7,330.75,335.11848594765274,76642,1676,25684151.0,29423.0,38.39,13.25,1.05,1535308200.0
2018-08-24,326.0,332.0,323.7,329.7,327.8060914068931,27941,794,9159230.0,10408.0,37.25,8.3,3.7,1535049000.0
2018-08-23,308.95,338.05,307.05,328.2,327.4254926289421,170057,4567,55680997.0,27757.0,16.32,31.0,19.25,1534962600.0
2018-08-21,304.05,310.0,300.5,303.35,304.339039907461,8645,307,2631011.0,1379.0,15.95,9.5,-0.7,1534789800.0
2018-08-20,303.2,314.55,300.0,308.1,306.8542992709177,8641,330,2651528.0,3202.0,37.06,14.55,4.9,1534703400.0
2018-08-17,309.9,311.75,304.0,307.65,309.68847951608467,3637,145,1126337.0,1304.0,35.85,7.75,-2.25,1534444200.0
2018-08-16,308.1,318.2,302.5,310.75,311.19252187748606,13827,428,4302859.0,4801.0,34.72,15.7,2.65,1534357800.0
2018-08-14,308.9,309.95,298.5,309.5,306.4950916514638,11511,419,3528065.0,5091.0,44.23,11.45,0.6,1534185000.0
2018-08-13,292.15,309.0,292.0,303.05,303.86642613283675,25776,847,7832461.0,8917.0,34.59,17.0,10.9,1534098600.0
2018-08-10,279.0,306.5,279.0,300.35,295.5348522722616,48806,1393,14423874.0,13326.0,27.3,27.5,21.35,1533839400.0
2018-08-09,275.15,280.4,275.0,276.3,278.34538745387454,2710,108,754316.0,1167.0,43.06,5.4,1.15,1533753000.0
2018-08-08,278.65,281.0,277.4,279.75,279.1422685409598,4126,156,1151741.0,1433.0,34.73,3.6,1.1,1533666600.0
2018-08-07,278.8,287.0,275.25,279.85,281.9595127008813,19290,361,5438999.0,8765.0,45.44,11.75,1.05,1533580200.0
2018-08-06,275.25,278.0,275.0,276.8,276.3830345430695,2287,67,632088.0,1408.0,61.57,3.0,1.55,1533493800.0
2018-08-03,275.6,277.35,273.7,274.4,275.0601709401709,2925,95,804551.0,1630.0,55.73,3.65,-1.2,1533234600.0
2018-08-02,274.0,284.0,270.0,277.95,278.2500821377724,18262,563,5081403.0,3468.0,18.99,14.0,3.95,1533148200.0
2018-08-01,272.25,274.3,268.0,270.05,271.2432157394844,2948,169,799625.0,473.0,16.04,6.3,-2.2,1533061800.0
2018-07-31,269.5,278.2,268.1,273.3,275.2864397216476,5317,209,1463698.0,557.0,10.48,10.1,3.8,1532975400.0
2018-07-30,273.15,277.5,271.0,272.15,273.84217104088555,5601,247,1533790.0,1525.0,27.23,6.5,-1.0,1532889000.0
2018-07-27,275.7,279.05,269.35,272.5,273.8854855109304,7868,454,2154931.0,735.0,9.34,9.7,-3.2,1532629800.0
2018-07-26,270.0,279.8,266.05,275.55,270.9017262006494,5851,192,1585046.0,1362.0,23.28,13.75,5.55,1532543400.0
2018-07-25,269.6,275.2,262.0,269.6,269.68196619630953,6449,308,1739179.0,1235.0,19.15,13.2,0.0,1532457000.0
2018-07-24,273.4,277.0,262.0,271.9,269.6245905769715,7938,390,2140280.0,1975.0,24.88,15.0,-1.5,1532370600.0
2018-07-23,265.5,270.0,257.3,269.5,266.6701904961273,9554,405,2547767.0,1398.0,14.63,12.7,4.0,1532284200.0
2018-07-20,267.0,269.9,262.55,263.65,265.2745835572273,1861,108,493676.0,825.0,44.33,7.35,-3.35,1532025000.0
2018-07-19,264.9,266.9,262.4,264.9,264.96814506248467,4081,152,1081335.0,2384.0,58.42,4.5,0.0,1531938600.0
2018-07-18,259.6,263.4,257.05,261.95,260.79585664600035,6613,348,1724643.0,1825.0,27.6,6.35,2.35,1531852200.0
2018-07-17,254.75,262.0,251.1,258.95,255.66211453744492,18160,416,4642824.0,4392.0,24.19,10.9,4.2,1531765800.0
2018-07-16,254.5,256.75,250.0,254.1,252.50422875553764,2483,211,626968.0,1153.0,46.44,6.75,-0.4,1531679400.0
2018-07-13,258.6,259.0,252.0,252.65,256.1335164835165,3640,61,932326.0,2948.0,80.99,7.0,-5.95,1531420200.0
2018-07-12,259.8,262.0,255.0,256.4,257.5356255178128,9656,183,2486764.0,1411.0,14.61,7.0,-3.4,1531333800.0
2018-07-11,254.85,258.9,236.0,255.7,252.55062747120508,5817,136,1469087.0,2901.0,49.87,22.9,0.85,1531247400.0
2018-07-10,249.0,256.2,249.0,254.15,254.43081550802137,2992,104,761257.0,1854.0,61.97,7.2,5.15,1531161000.0
2018-07-09,249.9,254.25,249.0,250.1,250.7940446650124,806,41,202140.0,445.0,55.21,5.25,0.2,1531074600.0
2018-07-06,250.0,254.45,240.05,247.95,248.58655746964132,3541,169,880245.0,1706.0,48.18,14.4,-2.05,1530815400.0
2018-07-05,255.05,258.9,250.05,253.5,254.88414357110403,2201,35,561000.0,1418.0,64.43,8.85,-1.55,1530729000.0
2018-07-04,257.5,258.0,251.15,251.7,254.2368995633188,1832,54,465762.0,999.0,54.53,6.85,-5.8,1530642600.0
2018-07-03,254.15,254.8,250.45,252.95,252.54657873042044,2426,116,612678.0,1591.0,65.58,4.35,-1.2,1530556200.0
2018-07-02,258.0,260.0,252.0,252.9,255.76666666666665,1980,110,506418.0,825.0,41.67,8.0,-5.1,1530469800.0
2018-06-29,256.0,259.0,255.1,258.1,257.6100667070952,3298,198,849598.0,1526.0,46.27,3.9,2.1,1530210600.0
2018-06-28,259.95,259.95,253.1,258.35,256.73345330933813,5001,238,1283924.0,1831.0,36.61,6.85,-1.6,1530124200.0
2018-06-27,261.2,262.7,252.0,256.2,254.26315789473685,1900,99,483100.0,1205.0,63.42,10.7,-5.0,1530037800.0
2018-06-26,260.6,265.25,259.0,259.5,261.51162018592294,6024,131,1575346.0,4270.0,70.88,6.25,-1.1,1529951400.0
2018-06-25,266.35,270.0,263.2,264.55,266.68593384563985,2993,119,798191.0,1842.0,61.54,6.8,-1.8,1529865000.0
2018-06-22,270.05,272.0,266.0,268.05,269.1107544141252,11214,342,3017808.0,789.0,7.04,6.0,-2.0,1529605800.0
2018-06-21,277.6,279.45,270.2,271.55,274.2997683695792,15542,312,4263167.0,3119.0,20.07,9.25,-6.05,1529519400.0
2018-06-20,280.0,282.35,275.05,275.95,279.0127512127512,7215,190,2013077.0,1261.0,17.48,7.3,-4.05,1529433000.0
2018-06-19,284.0,284.0,276.0,278.9,280.26919140225175,1954,55,547646.0,1255.0,64.23,8.0,-5.1,1529346600.0
2018-06-18,285.95,289.0,281.3,284.9,284.4329461457233,947,33,269358.0,573.0,60.51,7.7,-1.05,1529260200.0
2018-06-15,280.05,287.0,280.0,285.1,284.0089086859688,4041,130,1147680.0,1934.0,47.86,7.0,5.05,1529001000.0
2018-06-14,271.0,283.0,267.0,278.5,276.9534130038485,4937,178,1367319.0,2337.0,47.34,16.0,7.5,1528914600.0
2018-06-13,275.8,275.8,268.35,269.05,271.21371373385375,24851,493,6739932.0,17087.0,68.76,7.45,-6.75,1528828200.0
2018-06-12,267.2,278.45,266.0,271.95,272.80518234165066,8336,366,2274104.0,4619.0,55.41,12.45,4.75,1528741800.0
2018-06-11,274.95,274.95,263.45,264.75,266.4400626795508,3829,110,1020199.0,2041.0,53.3,11.5,-10.2,1528655400.0
2018-06-08,266.55,272.0,264.7,270.15,269.7288688236769,3987,99,1075409.0,2547.0,63.88,7.3,3.6,1528396200.0
2018-06-07,258.8,268.95,258.0,263.85,262.96245268735805,6605,133,1736867.0,3426.0,51.87,10.95,5.05,1528309800.0
2018-06-06,258.95,260.6,256.35,258.5,258.77905491698596,4698,191,1215744.0,2251.0,47.91,4.25,-0.45,1528223400.0
2018-06-05,261.0,263.05,252.2,254.15,255.9356240943904,4831,218,1236425.0,2132.0,44.13,10.85,-6.85,1528137000.0
2018-06-04,271.0,271.0,260.0,262.2,264.49378090353486,227927,144,60285274.0,1948.0,0.85,11.0,-8.8,1528050600.0
2018-06-01,279.0,279.0,269.0,270.35,273.10595903165733,5370,177,1466579.0,3785.0,70.48,10.0,-8.65,1527791400.0
2018-05-31,284.25,284.25,278.0,279.05,280.1895206243032,3588,154,1005320.0,2251.0,62.74,6.25,-5.2,1527705000.0
2018-05-30,290.0,290.85,283.3,284.4,285.40424791086355,2872,68,819681.0,2204.0,76.74,7.55,-5.6,1527618600.0
2018-05-29,287.4,290.2,285.4,286.6,287.4440857735762,4337,117,1246645.0,2305.0,53.15,4.8,-0.8,1527532200.0
2018-05-28,295.45,296.0,282.0,291.05,289.24215246636766,20516,563,5934092.0,6676.0,32.54,14.0,-4.4,1527445800.0
2018-05-25,299.85,301.3,292.85,295.25,296.38662290982967,6399,170,1896578.0,1981.0,30.96,8.45,-4.6,1527186600.0
2018-05-24,299.25,300.35,290.55,294.0,295.37020460358053,3128,96,923918.0,1652.0,52.81,9.8,-5.25,1527100200.0
2018-05-23,304.95,305.9,297.35,300.95,300.307662236122,2558,89,768187.0,1192.0,46.6,8.55,-4.0,1527013800.0
2018-05-22,307.0,307.2,300.0,302.85,302.86265060240964,4150,91,1256880.0,1947.0,46.92,7.2,-4.15,1526927400.0
2018-05-21,315.05,318.0,304.05,305.5,309.5662458046988,6257,161,1936956.0,2584.0,41.3,13.95,-9.55,1526841000.0
2018-05-18,315.0,321.0,314.0,315.95,315.93699596774195,3968,111,1253638.0,1979.0,49.87,7.0,0.95,1526581800.0
2018-05-17,314.35,320.0,314.0,316.55,316.19910731612646,10306,149,3258748.0,6824.0,66.21,6.0,2.2,1526495400.0
2018-05-16,315.0,317.35,314.0,314.2,314.83657817109145,1695,28,533648.0,895.0,52.8,3.35,-0.8,1526409000.0
2018-05-15,312.5,319.5,312.5,316.7,315.75074794315634,5348,83,1688635.0,4081.0,76.31,7.0,4.2,1526322600.0
2018-05-14,320.05,333.0,308.0,314.9,319.58753952453446,8539,348,2728958.0,1710.0,20.03,25.0,-5.15,1526236200.0
2018-05-11,322.75,326.0,320.0,320.1,322.0092511013216,4540,87,1461922.0,3457.0,76.15,6.0,-2.65,1525977000.0
2018-05-10,322.0,329.3,321.0,322.05,323.1134870385856,8371,277,2704783.0,4657.0,55.63,8.3,0.05,1525890600.0
2018-05-09,321.0,330.7,320.9,324.55,324.3063863389596,10131,241,3285548.0,5107.0,50.41,9.8,3.55,1525804200.0
2018-05-08,323.7,323.7,321.0,321.35,321.8510555121188,2558,55,823295.0,1081.0,42.26,2.7,-2.35,1525717800.0
2018-05-07,325.6,326.35,321.0,324.7,323.13575731497417,4648,218,1501935.0,2343.0,50.41,5.35,-0.9,1525631400.0
2018-05-04,316.05,335.5,315.5,323.75,326.4038621608124,12014,477,3921416.0,4334.0,36.07,20.0,7.7,1525372200.0
2018-05-03,320.2,322.8,316.05,316.8,320.5156989247312,2325,63,745199.0,760.0,32.69,6.75,-3.4,1525285800.0
2018-05-02,317.25,321.25,317.25,318.75,319.05263157894734,1140,56,363720.0,517.0,45.35,4.0,1.5,1525199400.0
2018-04-30,322.0,323.5,318.35,319.25,320.07754010695186,1870,67,598545.0,923.0,49.36,5.15,-2.75,1525026600.0
2018-04-27,317.25,323.0,317.25,320.1,319.14482961222086,3404,102,1086369.0,2065.0,60.66,5.75,2.85,1524767400.0
2018-04-26,319.95,322.1,314.0,317.35,316.73454630277587,4287,206,1357841.0,1773.0,41.36,8.1,-2.6,1524681000.0
2018-04-25,314.0,323.75,310.0,319.3,318.5283067421513,19430,509,6189005.0,7576.0,38.99,13.75,5.3,1524594600.0
2018-04-24,314.1,314.1,304.0,306.75,308.50363790985546,21166,390,6529788.0,12412.0,58.64,10.1,-7.35,1524508200.0
2018-04-23,315.45,316.5,309.25,310.0,311.8039693979377,9019,240,2812160.0,5803.0,64.34,7.25,-5.45,1524421800.0
2018-04-20,309.45,320.0,298.2,315.8,309.375242271153,31473,993,9736967.0,4555.0,14.47,21.8,6.35,1524162600.0
2018-04-19,321.8,324.95,318.0,320.1,320.64833625218915,2855,70,915451.0,1738.0,60.88,6.95,-1.7,1524076200.0
2018-04-18,317.05,321.0,317.05,319.6,318.90871273399586,4327,116,1379918.0,2587.0,59.79,3.95,2.55,1523989800.0
2018-04-17,313.25,316.8,311.95,314.95,314.73357142857145,2800,71,881254.0,1897.0,67.75,4.85,1.7,1523903400.0
2018-04-16,311.1,314.6,310.05,311.7,311.8231253577561,1747,64,544755.0,853.0,48.83,4.55,0.6,1523817000.0
2018-04-13,312.5,315.5,310.65,313.95,312.777972027972,1144,33,357818.0,810.0,70.8,4.85,1.45,1523557800.0
2018-04-12,310.05,314.0,310.05,312.35,312.5964842189373,2503,94,782429.0,1631.0,65.16,3.95,2.3,1523471400.0
2018-04-11,308.8,315.5,308.8,314.35,313.05340453938584,2996,77,937908.0,1838.0,61.35,6.7,5.55,1523385000.0
2018-04-10,310.75,313.7,300.35,305.95,306.5332232989032,18782,246,5757307.0,8307.0,44.23,13.35,-4.8,1523298600.0
2018-04-09,310.35,312.75,309.1,311.6,311.02699055330635,741,20,230471.0,454.0,61.27,3.65,1.25,1523212200.0
2018-04-06,308.0,311.0,307.15,308.25,309.0944881889764,1143,40,353295.0,544.0,47.59,3.85,0.25,1522953000.0
2018-04-05,314.6,314.6,306.0,306.6,308.3412726626377,2813,103,867364.0,1352.0,48.06,8.6,-8.0,1522866600.0
2018-04-04,317.45,318.7,310.15,310.9,313.7168059424327,1077,76,337873.0,586.0,54.41,8.55,-6.55,1522780200.0
2018-04-03,312.2,319.0,306.6,315.15,315.1055412371134,7760,220,2445219.0,3638.0,46.88,12.4,2.95,1522693800.0
2018-04-02,309.7,314.95,309.0,311.25,311.761555806088,7096,78,2212260.0,5810.0,81.88,5.95,1.55,1522607400.0
2018-03-28,302.0,310.45,302.0,309.2,306.32013201320126,3030,131,928150.0,1491.0,49.21,8.45,7.2,1522175400.0
2018-03-27,290.0,306.8,288.2,304.95,299.80821917808214,6278,200,1882196.0,2554.0,40.68,18.6,14.95,1522089000.0
2018-03-26,284.0,290.0,280.65,289.5,285.54255018377154,3537,88,1009964.0,2558.0,72.32,9.35,5.5,1522002600.0
2018-03-23,287.75,289.5,281.15,287.45,283.5186535764376,3565,91,1010744.0,2230.0,62.55,8.35,-0.3,1521743400.0
2018-03-22,296.0,296.0,287.4,287.85,289.49732142857147,2240,86,648474.0,1417.0,63.26,8.6,-8.15,1521657000.0
2018-03-21,288.4,293.75,287.05,292.65,289.8049261083744,3045,94,882456.0,2003.0,65.78,6.7,4.25,1521570600.0
2018-03-20,289.95,290.0,285.1,285.75,288.2843623253718,2219,79,639703.0,1108.0,49.93,4.9,-4.2,1521484200.0
2018-03-19,295.5,297.65,288.1,289.45,291.2077870480731,2517,101,732970.0,1452.0,57.69,9.55,-6.05,1521397800.0
2018-03-16,300.2,300.25,291.5,295.95,297.7359392335922,11717,223,3488572.0,9080.0,77.49,8.75,-4.25,1521138600.0
2018-03-15,300.35,302.2,295.95,297.8,299.380879541109,2615,120,782881.0,1447.0,55.33,6.25,-2.55,1521052200.0
2018-03-14,303.1,304.0,301.0,302.7,302.31984667802385,2348,110,709847.0,1533.0,65.29,3.0,-0.4,1520965800.0
2018-03-13,303.0,309.8,300.65,303.15,303.7402573529412,5440,172,1652347.0,3388.0,62.28,9.15,0.15,1520879400.0
2018-03-12,304.95,304.95,300.5,301.25,302.3421891604676,1882,51,569008.0,1508.0,80.13,4.45,-3.7,1520793000.0
2018-03-09,305.6,306.5,299.2,300.2,302.8178680981595,2608,78,789749.0,1876.0,71.93,7.3,-5.4,1520533800.0
2018-03-08,303.25,308.65,301.95,306.7,303.9860109604846,13868,254,4215678.0,9379.0,67.63,6.7,3.45,1520447400.0
2018-03-07,303.0,309.9,303.0,307.45,305.2035814213766,8935,120,2726994.0,6953.0,77.82,6.9,4.45,1520361000.0
2018-03-06,316.7,318.3,305.05,307.6,310.57151282807433,6782,215,2106296.0,2452.0,36.15,13.25,-9.1,1520274600.0
2018-03-05,313.0,318.55,311.8,317.35,315.41364421416233,2316,81,730498.0,923.0,39.85,6.75,4.35,1520188200.0
2018-03-01,318.0,319.9,313.5,318.75,317.34575123152706,3248,132,1030739.0,2122.0,65.33,6.4,0.75,1519842600.0
2018-02-28,314.0,317.8,308.05,316.65,313.7759679572764,3745,179,1175091.0,2362.0,63.07,9.75,2.65,1519756200.0
2018-02-27,314.4,319.95,310.05,317.35,314.56850235057084,2978,100,936785.0,2309.0,77.54,9.9,2.95,1519669800.0
2018-02-26,307.0,317.4,305.0,315.2,310.6246819338422,3144,113,976604.0,2118.0,67.37,12.4,8.2,1519583400.0
2018-02-23,306.55,307.0,302.0,305.4,304.7268292682927,1435,70,437283.0,886.0,61.74,5.0,-1.15,1519324200.0
2018-02-22,300.0,306.45,299.5,301.8,303.6067277451114,14626,352,4440552.0,7234.0,49.46,6.95,1.8,1519237800.0
2018-02-21,305.0,305.95,301.0,302.1,302.6650782845473,2938,97,889230.0,1714.0,58.34,4.95,-2.9,1519151400.0
2018-02-20,298.6,305.0,298.35,304.9,301.1062839410396,2578,79,776252.0,1421.0,55.12,6.65,6.3,1519065000.0
2018-02-19,309.6,310.0,297.4,299.9,302.43656462585034,5880,236,1778327.0,3302.0,56.16,12.6,-9.7,1518978600.0
2018-02-16,316.4,316.65,305.05,307.75,311.5454809648358,3441,111,1072028.0,1975.0,57.4,11.6,-8.65,1518719400.0
2018-02-15,317.85,320.0,313.45,318.3,316.50598443124824,32501,367,10286761.0,21593.0,66.44,6.55,0.45,1518633000.0
2018-02-14,319.2,324.3,314.0,318.5,318.7015921931176,7788,277,2482048.0,3234.0,41.53,10.3,-0.7,1518546600.0
2018-02-12,298.9,339.25,298.9,317.65,320.49285891483856,28217,970,9043347.0,9857.0,34.93,40.35,18.75,1518373800.0
2018-02-09,297.0,309.95,296.25,299.65,300.9154287643484,11848,437,3565246.0,4571.0,38.58,13.7,2.65,1518114600.0
2018-02-08,297.9,309.0,292.75,304.35,305.10124244459365,5956,203,1817183.0,2999.0,50.35,16.25,6.45,1518028200.0
2018-02-07,295.0,302.5,294.6,300.4,299.4874326750449,2228,102,667258.0,1046.0,46.95,7.9,5.4,1517941800.0
2018-02-06,297.9,299.0,286.0,292.05,293.2345338617956,5803,271,1701640.0,3128.0,53.9,13.0,-5.85,1517855400.0
2018-02-05,300.05,301.2,293.2,297.9,297.5743137254902,10200,307,3035258.0,4586.0,44.96,8.0,-2.15,1517769000.0
2018-02-02,308.0,308.0,301.0,302.6,304.5481154970036,20191,712,6149131.0,10324.0,51.13,7.0,-5.4,1517509800.0
2018-02-01,305.5,312.95,300.0,310.5,306.40283621630044,6417,295,1966187.0,1959.0,30.53,12.95,5.0,1517423400.0
2018-01-31,308.25,311.4,304.0,307.25,306.78112310587306,10097,252,3097569.0,6073.0,60.15,7.4,-1.0,1517337000.0
2018-01-30,315.15,319.0,306.0,311.35,310.3494414133541,7698,296,2389070.0,3856.0,50.09,13.0,-3.8,1517250600.0
2018-01-29,319.0,324.95,309.55,320.35,316.72813166717464,9843,460,3117555.0,3588.0,36.45,15.4,1.35,1517164200.0
2018-01-25,323.5,324.5,316.9,317.6,319.78280961183,4328,231,1384020.0,2601.0,60.1,7.6,-5.9,1516818600.0
2018-01-24,326.0,328.9,322.9,326.35,326.65885999655586,5807,246,1896908.0,3549.0,61.12,6.0,0.35,1516732200.0
2018-01-23,329.65,329.8,320.0,326.05,325.539975230494,14534,197,4731398.0,12190.0,83.87,9.8,-3.6,1516645800.0
2018-01-22,328.75,330.75,322.2,324.4,327.24566142763587,12216,321,3997633.0,1648.0,13.49,8.55,-4.35,1516559400.0
2018-01-19,319.85,327.0,317.8,324.2,322.2830342577488,7356,312,2370714.0,2978.0,40.48,9.2,4.35,1516300200.0
2018-01-18,332.45,332.45,319.0,319.9,325.49736490206874,12713,381,4138048.0,6320.0,49.71,13.45,-12.55,1516213800.0
2018-01-17,330.0,331.6,321.75,327.65,328.1970123863697,18811,630,6173714.0,4748.0,25.24,9.85,-2.35,1516127400.0
2018-01-16,333.0,333.0,317.25,319.45,323.8055800035205,11362,395,3679079.0,4493.0,39.54,15.75,-13.55,1516041000.0
2018-01-15,337.9,338.35,331.4,333.0,334.0104342488875,6517,243,2176746.0,3699.0,56.76,6.95,-4.9,1515954600.0
2018-01-12,337.65,339.95,330.05,338.15,336.77616308406493,9909,307,3337115.0,5618.0,56.7,9.9,0.5,1515695400.0
2018-01-11,334.85,338.1,332.5,336.45,335.8886722558004,10258,221,3445546.0,7522.0,73.33,5.6,1.6,1515609000.0
2018-01-10,334.0,339.95,333.0,337.35,336.1337993421053,12160,347,4087387.0,7344.0,60.39,6.95,3.35,1515522600.0
2018-01-09,332.0,339.95,329.5,336.15,333.4135197676136,20311,529,6771962.0,9200.0,45.3,10.45,4.15,1515436200.0
2018-01-08,335.0,335.0,327.05,332.05,332.49142915102954,9859,274,3278033.0,4621.0,46.87,7.95,-2.95,1515349800.0
2018-01-05,333.5,333.5,328.0,328.4,331.5919792498005,10024,217,3323878.0,6504.0,64.88,5.5,-5.1,1515090600.0
2018-01-04,332.3,333.0,328.85,331.65,330.8370804822418,18414,644,6092034.0,8619.0,46.81,4.15,-0.65,1515004200.0
2018-01-03,329.5,334.95,325.45,329.9,329.3635533066273,14229,526,4686514.0,7435.0,52.25,9.5,0.4,1514917800.0
2018-01-02,335.25,339.65,328.0,328.95,332.1855691478333,14469,470,4806393.0,4639.0,32.06,11.65,-6.3,1514831400.0
2018-01-01,339.95,344.0,334.35,337.8,340.0366510335244,11514,341,3915182.0,6822.0,59.25,9.65,-2.15,1514745000.0
2017-12-29,336.45,340.75,333.0,333.9,337.17301184433165,14184,430,4782462.0,9131.0,64.38,7.75,-2.55,1514485800.0
2017-12-28,329.0,339.7,327.0,334.05,334.2755792445483,41088,1059,13734715.0,17744.0,43.19,12.7,5.05,1514399400.0
2017-12-27,322.05,329.3,322.0,324.15,325.7513381428904,17188,474,5599014.0,9290.0,54.05,7.3,2.1,1514313000.0
2017-12-26,324.7,324.7,319.6,321.55,321.88797194140705,14541,369,4680573.0,9894.0,68.04,5.1,-3.15,1514226600.0
2017-12-22,325.1,329.95,320.85,322.05,324.4386806596702,26680,742,8656024.0,12545.0,47.02,9.1,-3.05,1513881000.0
2017-12-21,322.0,331.95,321.0,325.0,325.7751427861932,32216,1016,10495172.0,14412.0,44.74,10.95,3.0,1513794600.0
2017-12-20,307.25,322.0,307.25,320.45,317.28983381184906,47717,1282,15140119.0,21657.0,45.39,14.75,13.2,1513708200.0
2017-12-19,307.0,309.0,302.0,306.05,306.2535896248263,12954,413,3967209.0,6726.0,51.92,7.0,-0.95,1513621800.0
2017-12-18,293.0,306.65,289.5,304.05,300.80721441582097,30744,674,9248017.0,21451.0,69.77,17.15,11.05,1513535400.0
2017-12-15,293.25,299.95,293.25,295.5,296.96966961545405,5539,226,1644915.0,2789.0,50.35,6.7,2.25,1513276200.0
2017-12-14,300.45,301.45,292.1,295.75,294.9947065565088,334187,257,98583396.0,329607.0,98.63,9.35,-4.7,1513189800.0
2017-12-13,303.8,308.25,296.8,298.0,301.85410286197066,18938,778,5716513.0,5731.0,30.26,11.45,-5.8,1513103400.0
2017-12-12,299.95,305.0,297.0,298.4,301.4296274098492,10011,426,3017612.0,2760.0,27.57,8.0,-1.55,1513017000.0
2017-12-11,299.45,301.0,295.05,299.1,298.6718255364052,5686,251,1698248.0,2420.0,42.56,5.95,-0.35,1512930600.0
2017-12-08,301.95,303.05,297.15,298.15,299.8845404639632,5647,244,1693448.0,3059.0,54.17,5.9,-3.8,1512671400.0
2017-12-07,297.0,303.3,292.05,297.35,299.5428303415341,23453,940,7025178.0,9343.0,39.84,11.25,0.35,1512585000.0
2017-12-06,288.1,296.2,288.1,292.9,294.09323169710166,11938,515,3510885.0,5760.0,48.25,8.1,4.8,1512498600.0
2017-12-05,289.3,295.95,285.0,292.8,291.08100628930816,7950,234,2314094.0,4458.0,56.08,10.95,3.5,1512412200.0
2017-12-04,288.55,292.7,287.0,289.7,289.3436976799809,8362,240,2419492.0,5416.0,64.77,5.7,1.15,1512325800.0
2017-12-01,291.3,297.0,288.0,288.55,292.3510488525975,14206,413,4153139.0,8314.0,58.52,9.0,-2.75,1512066600.0
2017-11-30,292.5,306.0,281.5,289.7,297.51868922982374,45561,1156,13555249.0,17487.0,38.38,24.5,-2.8,1511980200.0
2017-11-29,290.0,294.0,286.65,289.95,289.8758613264427,9288,236,2692367.0,4278.0,46.06,7.35,-0.05,1511893800.0
2017-11-28,287.5,290.9,286.05,288.2,287.6437944231821,3658,135,1052201.0,1907.0,52.13,4.85,0.7,1511807400.0
2017-11-27,291.0,291.35,286.0,287.5,287.44950721325523,7001,178,2012434.0,5550.0,79.27,5.35,-3.5,1511721000.0
2017-11-24,287.0,292.8,285.55,289.35,288.9250243427458,5135,141,1483630.0,3188.0,62.08,7.25,2.35,1511461800.0
2017-11-23,287.0,288.45,285.45,287.25,286.77248238707006,2413,64,691982.0,1360.0,56.36,3.0,0.25,1511375400.0
2017-11-22,289.3,289.7,286.5,287.4,287.38105263157894,4275,166,1228554.0,2909.0,68.05,3.2,-1.9,1511289000.0
2017-11-21,293.0,295.0,287.0,288.6,290.36328920570264,7856,273,2281094.0,3694.0,47.02,8.0,-4.4,1511202600.0
2017-11-20,289.7,289.75,285.05,286.85,287.16328526032754,4091,181,1174785.0,1621.0,39.62,4.7,-2.85,1511116200.0
2017-11-17,290.8,290.8,286.1,286.8,287.06898026081376,14033,356,4028439.0,7281.0,51.88,4.7,-4.0,1510857000.0
2017-11-16,287.95,290.0,286.0,288.0,287.75842794759825,5725,185,1647417.0,2433.0,42.5,4.0,0.05,1510770600.0
2017-11-15,291.0,291.0,285.0,286.65,288.2267719808772,4811,181,1386659.0,2633.0,54.73,6.0,-4.35,1510684200.0
2017-11-14,292.1,299.0,288.0,290.4,293.9496757457847,7710,271,2266352.0,3567.0,46.26,11.0,-1.7,1510597800.0
2017-11-13,301.0,303.0,294.0,295.55,298.74670947030495,12460,361,3722384.0,5804.0,46.58,9.0,-5.45,1510511400.0
2017-11-10,286.0,300.4,286.0,299.1,297.40179230882853,20309,602,6039933.0,5962.0,29.36,14.4,13.1,1510252200.0
2017-11-09,297.9,301.0,285.0,294.05,295.3989923747277,36720,910,10847051.0,16043.0,43.69,16.0,-3.85,1510165800.0
2017-11-08,299.65,300.95,289.95,293.4,295.82371794871796,24024,650,7106869.0,12400.0,51.62,11.0,-6.25,1510079400.0
2017-11-07,303.65,309.35,295.0,297.25,300.25851958583246,59686,1461,17921230.0,17016.0,28.51,14.35,-6.4,1509993000.0
2017-11-06,301.1,307.25,295.0,302.35,303.95989005027303,55298,1319,16808374.0,25240.0,45.64,12.25,1.25,1509906600.0
2017-11-03,291.05,305.8,288.8,301.1,299.0478633460837,121826,2979,36431805.0,49093.0,40.3,17.0,10.05,1509647400.0
2017-11-02,285.95,291.5,282.1,289.9,288.37552679484304,40101,888,11564147.0,21901.0,54.61,9.4,3.95,1509561000.0
2017-11-01,288.05,295.85,284.25,285.25,290.14661110734687,88554,1704,25693643.0,21068.0,23.79,11.6,-2.8,1509474600.0
2017-10-31,284.75,290.6,282.3,285.15,284.8896832676847,37066,915,10559721.0,6752.0,18.22,8.3,0.4,1509388200.0
2017-10-30,286.85,288.45,281.5,284.75,285.96920039486673,15195,589,4345302.0,6164.0,40.57,6.95,-2.1,1509301800.0
2017-10-27,277.15,288.3,276.85,283.85,284.34631429599983,47223,1313,13427686.0,11056.0,23.41,11.45,6.7,1509042600.0
2017-10-26,280.75,285.0,275.0,276.05,279.2335302806499,13540,417,3780822.0,6656.0,49.16,10.0,-4.7,1508956200.0
2017-10-25,276.5,284.95,276.5,278.8,280.0145679948151,445909,412,124861016.0,432976.0,97.1,8.45,2.3,1508869800.0
2017-10-24,276.9,277.95,273.2,274.9,274.8962536023055,2776,109,763112.0,1707.0,61.49,4.75,-2.0,1508783400.0
2017-10-23,276.95,278.7,272.55,273.95,273.5650081473341,52778,154,14438214.0,51027.0,96.68,6.15,-3.0,1508697000.0
2017-10-19,275.25,275.75,272.0,274.25,273.24701873935265,1761,58,481188.0,1671.0,94.89,3.75,-1.0,1508351400.0
2017-10-18,275.95,280.0,274.0,274.9,277.73828125,5376,167,1493121.0,3362.0,62.54,6.0,-1.05,1508265000.0
2017-10-17,280.4,282.35,274.0,274.7,280.19858391552066,403507,654,113062090.0,375759.0,93.12,8.35,-5.7,1508178600.0
2017-10-16,278.15,286.8,267.75,282.15,281.0384110700226,16766,922,4711890.0,10758.0,64.17,19.05,4.0,1508092200.0
2017-10-13,275.55,278.1,275.5,276.05,276.7223124391036,3079,128,852028.0,1996.0,64.83,2.6,0.5,1507833000.0
2017-10-12,280.0,280.0,274.15,275.05,275.7792661619103,1717,82,473513.0,1118.0,65.11,5.85,-4.95,1507746600.0
2017-10-11,280.0,282.6,276.0,276.15,278.55227361057126,2573,124,716715.0,1654.0,64.28,6.6,-3.85,1507660200.0
2017-10-10,280.0,285.9,278.55,280.0,281.3787078423405,2461,117,692473.0,1082.0,43.97,7.35,0.0,1507573800.0
2017-10-09,284.0,284.15,280.0,281.15,281.013357619915,3294,152,925658.0,1656.0,50.27,4.15,-2.85,1507487400.0
2017-10-06,282.0,285.45,279.7,284.55,282.8559094397544,5212,182,1474245.0,3761.0,72.16,5.75,2.55,1507228200.0
2017-10-05,274.95,280.0,274.0,277.15,276.09054562558794,4252,182,1173937.0,2416.0,56.82,6.0,2.2,1507141800.0
2017-10-04,276.0,278.95,272.0,273.6,275.21729957805906,1896,96,521812.0,1150.0,60.65,6.95,-2.4,1507055400.0
2017-10-03,282.0,285.0,274.0,275.95,277.15756236185666,3167,209,877758.0,1386.0,43.76,11.0,-6.05,1506969000.0
2017-09-29,268.65,282.9,268.65,279.9,277.5057122022362,8228,407,2283317.0,4056.0,49.3,14.25,11.25,1506623400.0
2017-09-28,264.5,268.0,255.0,259.6,261.178757772854,13991,427,3654152.0,7811.0,55.83,13.0,-4.9,1506537000.0
2017-09-27,275.0,275.0,265.5,266.3,268.6381207255427,6726,230,1806860.0,4337.0,64.48,9.5,-8.7,1506450600.0
2017-09-26,277.5,277.5,268.0,272.15,273.6400709219858,7332,323,2006329.0,3523.0,48.05,9.5,-5.35,1506364200.0
2017-09-25,280.3,280.45,267.2,274.1,274.0918154924948,9127,357,2501636.0,3784.0,41.46,13.25,-6.2,1506277800.0
2017-09-22,287.75,290.0,278.0,279.55,284.4697496913234,8909,361,2534341.0,4326.0,48.56,12.0,-8.2,1506018600.0
2017-09-21,293.0,293.5,281.55,288.2,289.2637244348762,18580,553,5374520.0,7541.0,40.59,11.95,-4.8,1505932200.0
2017-09-20,292.85,295.0,289.0,290.6,292.5157068062827,8022,254,2346561.0,3518.0,43.85,6.0,-2.25,1505845800.0
2017-09-19,291.7,293.4,289.0,289.75,291.4629076838032,9045,385,2636282.0,5051.0,55.84,4.4,-1.95,1505759400.0
2017-09-18,288.65,293.25,279.0,288.15,289.2181818181818,11220,486,3245028.0,7272.0,64.81,14.25,-0.5,1505673000.0
2017-09-15,280.9,290.0,279.5,284.7,284.1240657008397,21674,783,6158105.0,9380.0,43.28,10.5,3.8,1505413800.0
2017-09-14,279.9,280.0,272.0,277.35,278.78777731268315,4778,135,1332048.0,3320.0,69.49,8.0,-2.55,1505327400.0
2017-09-13,280.0,280.3,276.8,277.7,279.23192669804973,11896,308,3321743.0,6841.0,57.51,3.5,-2.3,1505241000.0
2017-09-12,278.3,280.0,275.6,278.05,278.15513595166163,6620,215,1841387.0,3633.0,54.88,4.4,-0.25,1505154600.0
2017-09-11,275.95,278.6,271.25,277.65,276.9571550985433,4668,175,1292836.0,3002.0,64.31,7.35,1.7,1505068200.0
2017-09-08,280.0,281.2,276.0,277.2,278.15346287992026,4014,193,1116508.0,2414.0,60.14,5.2,-2.8,1504809000.0
2017-09-07,281.0,282.0,278.35,280.4,279.8771551724138,5568,203,1558356.0,3601.0,64.67,3.65,-0.6,1504722600.0
2017-09-06,276.5,281.1,275.3,277.8,278.67361784675074,6186,238,1723875.0,4168.0,67.38,5.8,1.3,1504636200.0
2017-09-05,275.4,278.3,272.75,276.2,275.0944388270981,4945,167,1360342.0,2953.0,59.72,5.55,0.8,1504549800.0
2017-09-04,283.7,283.7,265.0,273.1,272.0269701956482,10938,473,2975431.0,4889.0,44.7,18.7,-10.6,1504463400.0
2017-09-01,277.0,279.45,273.05,277.75,276.5330526315789,7125,349,1970298.0,3189.0,44.76,6.4,0.75,1504204200.0
2017-08-31,279.0,279.65,275.0,276.35,277.1377668308703,6090,181,1687769.0,,,4.65,-2.65,1504117800.0
2017-08-30,286.0,286.0,278.2,278.95,279.79250386398763,5176,252,1448206.0,3758.0,72.6,7.8,-7.05,1504031400.0
2017-08-29,281.7,283.0,279.5,280.4,281.4509533020172,14476,365,4074284.0,11356.0,78.45,3.5,-1.3,1503945000.0
2017-08-28,283.85,283.85,280.0,281.4,281.8098924731183,2325,152,655208.0,1446.0,62.19,3.85,-2.45,1503858600.0
2017-08-24,285.0,287.5,283.9,284.7,285.3468030690537,1955,128,557853.0,1070.0,54.73,3.6,-0.3,1503513000.0
2017-08-23,284.8,288.0,283.65,285.0,285.25054229934926,1844,107,526002.0,974.0,52.82,4.35,0.2,1503426600.0
2017-08-22,286.45,287.8,279.3,281.55,281.8336470752284,14343,239,4042340.0,10949.0,76.34,8.5,-4.9,1503340200.0
2017-08-21,287.0,289.25,283.0,284.3,285.8260869565217,2484,158,709992.0,1333.0,53.66,6.25,-2.7,1503253800.0
2017-08-18,288.0,290.0,285.0,288.65,287.98490294751974,4173,191,1201761.0,2867.0,68.7,5.0,0.65,1502994600.0
2017-08-17,294.4,297.6,288.0,289.25,291.58347107438016,4235,213,1234856.0,2345.0,55.37,9.6,-5.15,1502908200.0
2017-08-16,294.05,296.9,291.0,292.0,294.0401337792642,3289,181,967098.0,1501.0,45.64,5.9,-2.05,1502821800.0
2017-08-14,294.0,299.0,286.5,293.35,293.7173870333988,10180,386,2990043.0,6249.0,61.39,12.5,-0.65,1502649000.0
2017-08-11,282.45,302.9,281.1,293.6,290.4943909103984,13906,764,4039615.0,6439.0,46.3,21.8,11.15,1502389800.0
2017-08-10,291.0,291.0,282.0,284.3,285.1242617813668,8297,550,2365676.0,4542.0,54.74,9.0,-6.7,1502303400.0
2017-08-09,296.0,299.05,292.0,293.65,295.0789596636038,6421,339,1894702.0,4615.0,71.87,7.05,-2.35,1502217000.0
2017-08-08,313.0,313.0,297.0,298.3,302.16638674280597,17862,696,5397296.0,9910.0,55.48,16.0,-14.7,1502130600.0
2017-08-07,312.0,312.0,300.4,301.25,304.1305881231532,10491,521,3190634.0,7267.0,69.27,11.6,-10.75,1502044200.0
2017-08-04,314.0,314.0,304.4,305.15,306.8586345381526,6225,224,1910195.0,4367.0,70.15,9.6,-8.85,1501785000.0
2017-08-03,319.45,319.45,310.1,312.35,315.29388846447665,13090,578,4127197.0,7232.0,55.25,9.35,-7.1,1501698600.0
2017-08-02,305.8,319.0,304.4,314.6,311.25524416848464,5959,347,1854770.0,4382.0,73.54,14.6,8.8,1501612200.0
2017-08-01,308.5,309.0,305.0,305.6,306.13170375775263,2741,191,839107.0,1911.0,69.72,4.0,-2.9,1501525800.0
2017-07-31,308.9,312.8,308.75,309.3,310.2262068965517,2175,232,674742.0,1535.0,70.57,4.05,0.4,1501439400.0
2017-07-28,306.0,315.05,304.0,313.85,308.6660572025597,7657,459,2363456.0,3342.0,43.65,11.05,7.85,1501180200.0
2017-07-27,312.0,312.0,305.0,306.1,307.9511907104901,5081,293,1564700.0,3147.0,61.94,7.0,-5.9,1501093800.0
2017-07-26,313.0,314.0,310.85,311.6,312.20307082714214,6057,483,1891014.0,4143.0,68.4,3.15,-1.4,1501007400.0
2017-07-25,316.5,316.5,310.0,310.9,311.4151212553495,7010,361,2183020.0,5945.0,84.81,6.5,-5.6,1500921000.0
2017-07-24,318.55,320.25,312.55,313.3,315.3665714913244,9106,456,2871728.0,6783.0,74.49,7.7,-5.25,1500834600.0
2017-07-21,323.05,323.25,320.1,321.6,322.3732826658872,6842,502,2205678.0,4194.0,61.3,3.15,-1.45,1500575400.0
2017-07-20,323.1,325.0,321.3,323.45,323.43960084033614,1904,231,615829.0,1180.0,61.97,3.7,0.35,1500489000.0
2017-07-19,321.95,327.0,321.55,325.7,323.7980941036331,1679,178,543657.0,1054.0,62.78,5.45,3.75,1500402600.0
2017-07-18,323.0,325.8,320.0,323.35,322.2816934170737,4299,213,1385489.0,2618.0,60.9,5.8,0.35,1500316200.0
2017-07-17,323.9,324.0,320.05,321.4,321.7750765045903,5882,252,1892681.0,4413.0,75.03,3.95,-2.5,1500229800.0
2017-07-14,323.15,325.85,320.0,322.2,321.98564026646926,6755,280,2175013.0,3453.0,51.12,5.85,-0.95,1499970600.0
2017-07-13,327.05,329.5,321.15,322.2,323.98495173197045,7044,277,2282150.0,4312.0,61.22,8.35,-4.85,1499884200.0
2017-07-12,333.0,333.0,323.5,327.35,327.0262156448203,7095,298,2320251.0,3502.0,49.36,9.5,-5.65,1499797800.0
2017-07-11,312.4,337.0,312.0,328.3,327.9050749287488,21754,864,7133247.0,8313.0,38.21,25.0,15.9,1499711400.0
2017-07-10,323.0,323.0,301.0,312.15,310.3135444291785,62594,738,19423766.0,36911.0,58.97,22.0,-10.85,1499625000.0
2017-07-07,324.3,326.8,322.3,323.9,324.36224219989424,3782,124,1226738.0,2349.0,62.11,4.5,-0.4,1499365800.0
2017-07-06,324.8,327.95,322.05,324.95,325.9296951819076,2034,98,662941.0,987.0,48.53,5.9,0.15,1499279400.0
2017-07-05,325.0,327.0,322.45,323.7,324.8447093403004,6124,226,1989349.0,3564.0,58.2,4.55,-1.3,1499193000.0
2017-07-04,319.35,324.5,315.0,322.65,319.49590594163345,4763,209,1521759.0,1881.0,39.49,9.5,3.3,1499106600.0
2017-07-03,323.75,323.75,314.0,315.85,315.8933352949831,6797,234,2147127.0,3360.0,49.43,9.75,-7.9,1499020200.0
2017-06-30,325.0,325.0,312.0,313.15,315.49187330693894,9598,379,3028091.0,5379.0,56.04,13.0,-11.85,1498761000.0
2017-06-29,328.3,328.3,321.0,323.3,324.7605448875759,6093,201,1978766.0,4594.0,75.4,7.3,-5.0,1498674600.0
2017-06-28,328.0,328.7,325.8,327.85,327.3374476013041,4294,172,1405587.0,1841.0,42.87,2.9,-0.15,1498588200.0
2017-06-27,339.7,339.7,327.5,329.0,328.9388056552015,4739,170,1558841.0,3660.0,77.23,12.2,-10.7,1498501800.0
2017-06-23,335.5,339.0,330.45,334.9,335.5705731394354,4676,262,1569128.0,2666.0,57.01,8.55,-0.6,1498156200.0
2017-06-22,335.85,336.85,332.0,332.65,334.0785307156428,3158,230,1055020.0,2083.0,65.96,4.85,-3.2,1498069800.0
2017-06-21,338.0,339.6,333.2,334.35,336.266757493188,3670,225,1234099.0,1973.0,53.76,6.4,-3.65,1497983400.0
2017-06-20,336.4,338.9,335.15,336.0,336.5311510031679,1894,186,637390.0,1113.0,58.76,3.75,-0.4,1497897000.0
2017-06-19,340.5,340.6,335.95,336.4,338.049023221526,2713,183,917127.0,1602.0,59.05,4.65,-4.1,1497810600.0
2017-06-16,340.0,345.5,338.15,339.95,342.8183295053498,17851,892,6119650.0,8622.0,48.3,7.35,-0.05,1497551400.0
2017-06-15,339.0,341.0,336.5,337.8,339.0615141955836,2536,237,859860.0,1729.0,68.18,4.5,-1.2,1497465000.0
2017-06-14,336.9,342.0,335.35,337.45,339.533117350612,2778,382,943223.0,1783.0,64.18,6.65,0.55,1497378600.0
2017-06-13,337.15,344.45,336.0,338.0,339.78008088978765,1978,161,672085.0,956.0,48.33,8.45,0.85,1497292200.0
2017-06-12,339.0,339.1,335.2,337.45,337.4991394148021,3486,167,1176522.0,2153.0,61.76,3.9,-1.55,1497205800.0
2017-06-09,337.15,339.75,335.0,338.15,337.2032085561497,5984,391,2017824.0,3685.0,61.58,4.75,1.0,1496946600.0
2017-06-08,340.9,341.85,335.1,335.4,337.1418010752688,2976,219,1003334.0,1903.0,63.94,6.75,-5.5,1496860200.0
2017-06-07,341.0,341.0,337.35,338.05,339.3050847457627,1475,252,500475.0,773.0,52.41,3.65,-2.95,1496773800.0
2017-06-06,338.05,341.15,336.9,340.25,339.77764451906927,4169,146,1416533.0,3168.0,75.99,4.25,2.2,1496687400.0
2017-06-05,336.6,343.5,336.5,338.2,339.8753182366341,14926,605,5072979.0,5776.0,38.7,7.0,1.6,1496601000.0
2017-06-02,331.0,332.85,326.65,331.65,329.9436917866215,7086,243,2337981.0,4335.0,61.18,6.2,0.65,1496341800.0
2017-06-01,332.0,333.2,328.0,330.3,330.9789344513754,9779,328,3236643.0,4381.0,44.8,5.2,-1.7,1496255400.0
2017-05-31,342.55,343.5,335.5,337.35,338.7072669886299,26297,431,8906985.0,20158.0,76.66,8.0,-5.2,1496169000.0
2017-05-30,340.1,343.0,337.0,339.15,339.2387102292165,11692,331,3966379.0,7391.0,63.21,6.0,-0.95,1496082600.0
2017-05-29,335.0,344.0,334.95,341.2,338.69021528487366,28381,617,9612367.0,18719.0,65.96,9.05,6.2,1495996200.0
2017-05-26,333.05,336.0,327.5,334.2,332.472673709874,9844,573,3272861.0,5885.0,59.78,8.5,1.15,1495737000.0
2017-05-25,338.15,343.0,327.5,330.05,335.08142392769366,25226,693,8452764.0,20416.0,80.93,15.5,-8.1,1495650600.0
2017-05-24,344.25,345.0,330.8,339.1,337.36334561635266,14383,862,4852297.0,7388.0,51.37,14.2,-5.15,1495564200.0
2017-05-23,348.55,355.0,334.0,343.65,342.64789360279366,13459,498,4611698.0,5883.0,43.71,21.0,-4.9,1495477800.0
2017-05-22,344.0,347.0,343.0,345.85,345.0430821293765,7683,292,2650966.0,3351.0,43.62,4.0,1.85,1495391400.0
2017-05-19,349.05,349.75,340.8,343.1,344.10722710701265,4663,201,1604572.0,2401.0,51.49,8.95,-5.95,1495132200.0
2017-05-18,350.2,353.0,346.2,348.0,349.0309155766944,5046,252,1761210.0,3006.0,59.57,6.8,-2.2,1495045800.0
2017-05-17,350.0,363.05,348.0,352.75,354.4568143658044,35139,932,12455258.0,11179.0,31.81,15.05,2.75,1494959400.0
2017-05-16,350.1,355.0,346.0,348.5,349.58003442340794,9877,379,3452802.0,4914.0,49.75,9.0,-1.6,1494873000.0
2017-05-15,336.0,351.45,336.0,345.1,345.649803367569,26191,817,9052914.0,13250.0,50.59,15.45,9.1,1494786600.0
2017-05-12,331.4,335.5,330.45,334.35,332.8688585149612,2707,104,901076.0,2187.0,80.79,5.05,2.95,1494527400.0
2017-05-11,330.0,334.2,329.0,329.8,331.7741392215569,5344,229,1773001.0,3001.0,56.16,5.2,-0.2,1494441000.0
2017-05-10,331.0,332.5,326.4,328.45,328.4845018872241,26229,414,8615820.0,19640.0,74.88,6.1,-2.55,1494354600.0
2017-05-09,329.0,331.0,325.0,326.95,327.56085199204466,15587,294,5105691.0,11635.0,74.65,6.0,-2.05,1494268200.0
2017-05-08,330.45,330.8,323.95,325.65,325.7202659443487,4061,182,1322750.0,2295.0,56.51,6.85,-4.8,1494181800.0
2017-05-05,331.0,332.0,328.0,329.45,329.16749174917487,2424,76,797902.0,1536.0,63.37,4.0,-1.55,1493922600.0
2017-05-04,330.9,332.65,328.0,331.6,329.81788472964945,3366,106,1110167.0,2091.0,62.12,4.65,0.7,1493836200.0
2017-05-03,332.75,332.75,327.6,328.8,329.4150183150183,2730,179,899303.0,1583.0,57.99,5.15,-3.95,1493749800.0
2017-05-02,326.5,336.85,326.5,332.3,333.3824984147115,7885,272,2628721.0,4838.0,61.36,10.35,5.8,1493663400.0
2017-04-28,331.0,332.0,326.5,328.7,329.42182910111626,15319,172,5046413.0,14402.0,94.01,5.5,-2.3,1493317800.0
2017-04-27,329.4,331.9,327.95,331.0,330.6897422029926,11094,148,3668672.0,9572.0,86.28,3.95,1.6,1493231400.0
2017-04-26,331.2,331.75,328.0,329.1,329.2836676217765,7678,164,2528240.0,6138.0,79.94,3.75,-2.1,1493145000.0
2017-04-25,334.05,334.05,328.0,329.2,330.9477486154587,8306,190,2748852.0,7388.0,88.95,6.05,-4.85,1493058600.0
2017-04-24,334.5,336.25,323.0,333.8,332.27551782048886,10718,572,3561329.0,5575.0,52.02,13.25,-0.7,1492972200.0
2017-04-21,337.5,337.5,333.0,335.35,335.07898986932906,6811,264,2282223.0,3372.0,49.51,4.5,-2.15,1492713000.0
2017-04-20,335.5,338.45,331.0,332.2,334.37677984665936,2739,146,915858.0,1434.0,52.35,7.45,-3.3,1492626600.0
2017-04-19,326.75,335.0,322.2,333.55,330.94040356640073,4262,220,1410468.0,1870.0,43.88,12.8,6.8,1492540200.0
2017-04-18,338.0,340.45,322.25,325.55,331.8068553822453,5193,257,1723073.0,3374.0,64.97,18.2,-12.45,1492453800.0
2017-04-17,337.75,338.1,331.55,334.3,334.68644067796606,2832,139,947832.0,1353.0,47.78,6.55,-3.45,1492367400.0
2017-04-13,344.0,344.0,333.9,335.4,339.5887341974716,6249,273,2122090.0,2694.0,43.11,10.1,-8.6,1492021800.0
2017-04-12,346.95,347.0,337.0,339.0,341.4060903732809,5090,179,1737757.0,2872.0,56.42,10.0,-7.95,1491935400.0
2017-04-11,340.0,347.0,340.0,342.0,343.3389574414505,3971,141,1363399.0,1788.0,45.03,7.0,2.0,1491849000.0
2017-04-10,350.0,355.0,340.0,341.35,345.28361581920905,5310,202,1833456.0,2931.0,55.2,15.0,-8.65,1491762600.0
2017-04-07,358.8,359.45,351.0,352.2,357.07031862498746,49745,144,17762463.0,48637.0,97.77,8.45,-6.6,1491503400.0
2017-04-06,358.15,359.3,354.25,357.65,356.9371952408816,5127,187,1830017.0,3090.0,60.27,5.05,-0.5,1491417000.0
2017-04-05,360.0,363.0,353.7,358.15,357.67768147345606,5538,230,1980819.0,2685.0,48.48,9.3,-1.85,1491330600.0
2017-04-03,347.95,359.9,343.6,355.4,348.9354386392733,16403,451,5723588.0,9912.0,60.43,16.3,7.45,1491157800.0
2017-03-31,346.15,350.0,343.0,347.0,345.6979604079184,3334,137,1152557.0,1128.0,33.83,7.0,0.85,1490898600.0
2017-03-30,349.0,352.0,344.1,345.05,348.1428947368421,3800,141,1322943.0,1514.0,39.84,7.9,-3.95,1490812200.0
2017-03-29,346.5,353.0,343.0,347.6,349.54925629549257,22119,340,7731680.0,12114.0,54.77,10.0,1.1,1490725800.0
2017-03-28,340.7,345.9,339.75,345.25,344.24329377337017,12302,530,4234881.0,7508.0,61.03,6.15,4.55,1490639400.0
2017-03-27,334.95,343.95,334.95,342.45,339.95198423362893,11163,279,3794884.0,7615.0,68.22,9.0,7.5,1490553000.0
2017-03-24,337.9,341.0,333.0,339.65,338.45453682612,10536,283,3565957.0,7658.0,72.68,8.0,1.75,1490293800.0
2017-03-23,336.5,341.1,334.0,338.8,336.70668613747785,9587,354,3228007.0,7069.0,73.74,7.1,2.3,1490207400.0
2017-03-22,333.2,339.5,332.6,335.55,336.3839554834222,4313,279,1450824.0,2618.0,60.7,6.9,2.35,1490121000.0
2017-03-21,339.95,342.0,334.6,338.25,337.2668820678514,6190,239,2087682.0,3795.0,61.31,7.4,-1.7,1490034600.0
2017-03-20,326.5,338.0,322.75,335.45,328.94348860931655,14705,465,4837114.0,9317.0,63.36,15.25,8.95,1489948200.0
2017-03-17,325.3,327.95,324.25,325.05,325.8312614259598,5470,209,1782297.0,3290.0,60.15,3.7,-0.25,1489689000.0
2017-03-16,325.1,329.0,323.0,327.65,325.8327965646806,3726,218,1214053.0,2467.0,66.21,6.0,2.55,1489602600.0
2017-03-15,319.0,328.0,318.5,325.7,324.1328015016424,4262,152,1381454.0,2714.0,63.68,9.5,6.7,1489516200.0
2017-03-14,329.95,329.95,315.1,319.85,320.52395523692957,11438,387,3666153.0,8097.0,70.79,14.85,-10.1,1489429800.0
2017-03-10,327.0,329.0,325.0,326.2,327.0837916872554,123449,80,40378167.0,122715.0,99.41,4.0,-0.8,1489084200.0
2017-03-09,325.0,328.2,325.0,327.0,327.1696076396097,4817,145,1575976.0,2737.0,56.82,3.2,2.0,1488997800.0
2017-03-08,328.5,329.0,326.85,328.7,328.320726172466,1983,56,651060.0,1197.0,60.36,2.15,0.2,1488911400.0
2017-03-07,329.0,330.05,325.0,326.35,326.40501468262926,4427,208,1444995.0,2387.0,53.92,5.05,-2.65,1488825000.0
2017-03-06,328.3,331.95,328.0,328.8,329.4989321943406,3746,131,1234303.0,2149.0,57.37,3.95,0.5,1488738600.0
2017-03-03,328.0,329.45,324.55,328.3,326.3277777777778,2880,211,939824.0,1490.0,51.74,4.9,0.3,1488479400.0
2017-03-02,333.8,333.95,328.05,328.95,329.81116011898655,9749,287,3215329.0,6397.0,65.62,5.9,-4.85,1488393000.0
2017-03-01,330.15,333.0,330.0,332.35,331.61686816350027,3474,105,1152037.0,2130.0,61.31,3.0,2.2,1488306600.0
2017-02-28,329.95,333.5,329.0,330.4,330.6520625889047,3515,217,1162242.0,1700.0,48.36,4.5,0.45,1488220200.0
2017-02-27,331.7,332.0,326.65,328.5,329.89285264086726,7933,244,2617040.0,4965.0,62.59,5.35,-3.2,1488133800.0
2017-02-23,332.25,332.85,330.5,331.8,331.3823603740207,3957,81,1311280.0,2401.0,60.68,2.35,-0.45,1487788200.0
2017-02-22,331.0,331.9,327.45,330.45,329.3697798581145,27346,904,9006946.0,3465.0,12.67,4.45,-0.55,1487701800.0
2017-02-21,335.0,335.5,330.05,331.4,331.42667917655496,36238,596,12010240.0,15566.0,42.95,5.45,-3.6,1487615400.0
2017-02-20,333.95,333.95,330.5,332.65,332.2391799544419,5268,262,1750236.0,3000.0,56.95,3.45,-1.3,1487529000.0
2017-02-17,333.95,334.95,330.05,333.45,332.49109792284867,4718,209,1568693.0,1823.0,38.64,4.9,-0.5,1487269800.0
2017-02-16,327.1,333.95,325.3,331.75,329.36702476627846,48776,174,16065206.0,46789.0,95.93,8.65,4.65,1487183400.0
2017-02-15,332.75,332.75,325.0,325.25,326.80033936651586,7072,254,2311132.0,5039.0,71.25,7.75,-7.5,1487097000.0
2017-02-14,333.0,334.0,329.0,331.45,332.04671857619576,1798,67,597020.0,1440.0,80.09,5.0,-1.55,1487010600.0
2017-02-13,333.9,334.9,326.0,332.75,329.9082718677293,20201,566,6664477.0,9529.0,47.17,8.9,-1.15,1486924200.0
2017-02-10,353.0,354.0,330.1,332.9,338.52764445170646,48961,1788,16574652.0,21935.0,44.8,23.9,-20.1,1486665000.0
2017-02-09,353.15,353.7,349.0,349.55,350.01577761327974,305306,290,106861917.0,303112.0,99.28,4.7,-3.6,1486578600.0
2017-02-08,349.7,354.35,349.7,351.5,352.72943845717526,3526,278,1243724.0,1372.0,38.91,4.65,1.8,1486492200.0
2017-02-07,348.6,356.0,347.35,348.2,351.015100234314,3841,216,1348249.0,1835.0,47.77,8.65,-0.4,1486405800.0
2017-02-06,358.85,358.85,346.35,347.5,351.381333019866,8507,358,2989201.0,5584.0,65.64,12.5,-11.35,1486319400.0
2017-02-03,357.0,364.3,352.5,354.05,357.35221893491126,6760,545,2415701.0,3123.0,46.2,11.8,-2.95,1486060200.0
2017-02-02,339.25,367.65,339.25,356.4,359.86873860345383,37292,1429,13420225.0,9501.0,25.48,28.4,17.15,1485973800.0
2017-02-01,337.05,342.9,336.95,341.65,339.0208986415883,1914,75,648886.0,1360.0,71.06,5.95,4.6,1485887400.0
2017-01-31,344.6,344.6,337.0,337.85,339.7228501228501,4070,221,1382672.0,2541.0,62.43,7.6,-6.75,1485801000.0
2017-01-30,343.0,348.2,343.0,345.6,344.9319650323071,2631,157,907516.0,1343.0,51.05,5.2,2.6,1485714600.0
2017-01-27,343.5,350.0,342.65,344.45,346.3706678907505,8714,291,3018274.0,5450.0,62.54,7.35,0.95,1485455400.0
2017-01-25,350.0,351.0,340.25,343.25,345.1954761239877,3581,263,1236145.0,1700.0,47.47,10.75,-6.75,1485282600.0
2017-01-24,348.0,351.0,343.05,348.05,346.71652935118436,3884,252,1346647.0,1480.0,38.11,7.95,0.05,1485196200.0
2017-01-23,342.75,345.3,341.0,344.05,343.53616408780135,5558,168,1909374.0,4473.0,80.48,4.3,1.3,1485109800.0
2017-01-20,346.0,349.25,342.55,344.0,345.22191946715105,3303,169,1140268.0,1633.0,49.44,6.7,-2.0,1484850600.0
2017-01-19,347.0,349.75,344.4,347.05,346.54678692220966,887,95,307387.0,277.0,31.23,5.35,0.05,1484764200.0
2017-01-18,347.35,348.5,342.0,344.65,344.18008726695757,2521,169,867678.0,1433.0,56.84,6.5,-2.7,1484677800.0
2017-01-17,344.25,353.05,343.2,346.7,348.19934920363073,5839,844,2033136.0,2333.0,39.96,9.85,2.45,1484591400.0
2017-01-16,346.0,349.55,342.0,342.8,345.1158849034292,2537,163,875559.0,1548.0,61.02,7.55,-3.2,1484505000.0
2017-01-13,342.1,348.4,342.1,345.35,344.8811548791405,8936,375,3081858.0,5021.0,56.19,6.3,3.25,1484245800.0
2017-01-12,346.25,348.2,342.8,344.0,344.9297159504734,2746,138,947177.0,1955.0,71.19,5.4,-2.25,1484159400.0
2017-01-11,346.1,352.25,343.4,344.4,347.01760039662867,4034,367,1399869.0,2208.0,54.73,8.85,-1.7,1484073000.0
2017-01-10,345.0,346.35,343.6,345.1,345.0285969615728,1119,72,386087.0,734.0,65.59,2.75,0.1,1483986600.0
2017-01-09,348.55,348.55,342.4,344.0,344.4241816967268,1497,112,515603.0,1119.0,74.75,6.15,-4.55,1483900200.0
2017-01-06,349.9,350.95,346.5,347.2,348.91937624419376,3014,320,1051643.0,1759.0,58.36,4.45,-2.7,1483641000.0
2017-01-05,351.9,353.0,347.0,348.1,349.6059190031153,3852,197,1346682.0,1926.0,50.0,6.0,-3.8,1483554600.0
2017-01-04,351.7,352.5,348.0,349.2,349.8807478524508,3958,298,1384828.0,2505.0,63.29,4.5,-2.5,1483468200.0
2017-01-03,355.0,361.0,351.65,354.2,356.7537567874732,7919,360,2825133.0,4461.0,56.33,9.35,-0.8,1483381800.0
2017-01-02,350.0,352.75,347.35,351.0,349.93808280492357,2681,58,938184.0,2180.0,81.31,5.4,1.0,1483295400.0
2016-12-30,346.35,350.9,344.0,350.55,349.36267818574515,11575,426,4043873.0,6803.0,58.77,6.9,4.2,1483036200.0
2016-12-29,343.1,348.35,342.1,343.8,344.8249246987952,2656,266,915855.0,935.0,35.2,6.25,0.7,1482949800.0
2016-12-28,339.35,344.7,335.1,342.4,339.1577168606834,5326,257,1806354.0,2607.0,48.95,9.6,3.05,1482863400.0
2016-12-27,320.5,341.0,320.0,336.6,329.3640204580832,4497,174,1481150.0,3730.0,82.94,21.0,16.1,1482777000.0
2016-12-26,325.2,326.85,319.0,321.4,322.88621368213916,8639,520,2789414.0,4455.0,51.57,7.85,-3.8,1482690600.0
2016-12-23,330.55,330.55,321.05,326.9,326.0172986196051,5723,327,1865797.0,3966.0,69.3,9.5,-3.65,1482431400.0
2016-12-22,338.6,338.9,328.25,329.75,333.73328591749646,5624,405,1876916.0,2836.0,50.43,10.65,-8.85,1482345000.0
2016-12-21,337.3,342.15,337.0,340.6,339.2537759597231,6356,317,2156297.0,3309.0,52.06,5.15,3.3,1482258600.0
2016-12-20,342.0,345.55,337.75,339.3,341.6891891891892,2664,159,910260.0,1219.0,45.76,7.8,-2.7,1482172200.0
2016-12-19,343.1,347.9,342.1,345.9,344.65656565656565,3663,178,1262477.0,2760.0,75.35,5.8,2.8,1482085800.0
2016-12-16,344.9,344.9,341.65,342.25,342.6,1750,154,599550.0,759.0,43.37,3.25,-2.65,1481826600.0
2016-12-15,343.4,350.0,342.25,346.85,346.3589921405456,4326,213,1498349.0,1628.0,37.63,7.75,3.45,1481740200.0
2016-12-14,349.0,351.7,343.0,345.65,348.031647746818,2907,219,1011728.0,1881.0,64.71,8.7,-3.35,1481653800.0
2016-12-13,348.75,349.0,343.0,346.4,346.82085374387685,2858,250,991214.0,1217.0,42.58,6.0,-2.35,1481567400.0
2016-12-12,349.4,351.05,345.0,346.0,348.0822252374491,3685,174,1282683.0,1916.0,51.99,6.05,-3.4,1481481000.0
2016-12-09,350.0,354.2,341.25,348.8,349.94577205882354,3264,170,1142223.0,1871.0,57.32,12.95,-1.2,1481221800.0
2016-12-08,351.5,353.0,347.05,348.25,350.6751291512915,6775,382,2375824.0,3922.0,57.89,5.95,-3.25,1481135400.0
2016-12-07,349.65,352.0,347.05,350.2,350.2099780067137,8639,239,3025464.0,7026.0,81.33,4.95,0.55,1481049000.0
2016-12-06,356.1,356.1,347.25,348.1,350.50881863560727,3005,212,1053279.0,1129.0,37.57,8.85,-8.0,1480962600.0
2016-12-05,350.0,355.8,345.1,349.75,349.3561088592936,6908,451,2413352.0,1769.0,25.61,10.7,-0.25,1480876200.0
2016-12-02,347.5,354.35,345.15,349.45,349.8209896507115,6184,449,2163293.0,2888.0,46.7,9.2,1.95,1480617000.0
2016-12-01,355.0,355.0,348.05,349.75,350.53494391717,20862,621,7312860.0,13135.0,62.96,6.95,-5.25,1480530600.0
2016-11-30,343.0,360.0,343.0,352.55,352.890508385284,22778,1308,8038140.0,7897.0,34.67,17.0,9.55,1480444200.0
2016-11-29,339.5,352.0,339.5,347.35,347.54935707220574,5055,283,1756862.0,2322.0,45.93,12.5,7.85,1480357800.0
2016-11-28,348.25,350.0,337.0,340.0,343.3547306006703,3879,202,1331873.0,2022.0,52.13,13.0,-8.25,1480271400.0
2016-11-25,340.95,351.5,340.55,347.3,347.52562683165087,15355,1105,5336256.0,5660.0,36.86,10.95,6.35,1480012200.0
2016-11-24,344.0,344.9,336.25,337.4,339.24365741529033,5873,504,1992378.0,3792.0,64.57,8.65,-6.6,1479925800.0
2016-11-23,330.5,347.15,330.5,342.4,340.10924137931033,10875,770,3698688.0,3516.0,32.33,16.65,11.9,1479839400.0
2016-11-22,328.85,331.15,316.8,328.35,325.4167319749216,10208,876,3321854.0,5413.0,53.03,14.35,-0.5,1479753000.0
2016-11-21,350.0,351.7,309.0,320.8,322.40366428134774,55618,2231,17931447.0,27621.0,49.66,42.7,-29.2,1479666600.0
2016-11-18,344.3,354.0,336.6,346.6,345.6446318036286,46850,2837,16193451.0,9714.0,20.73,17.4,2.3,1479407400.0
2016-11-17,352.0,354.85,344.75,347.6,348.50566552901023,7325,590,2552804.0,3488.0,47.62,10.1,-4.4,1479321000.0
2016-11-16,350.8,355.0,336.0,346.6,346.057178818664,11123,543,3849194.0,5066.0,45.55,19.0,-4.2,1479234600.0
2016-11-15,365.0,366.35,336.2,340.75,345.34633160023105,10386,812,3586767.0,5399.0,51.98,30.15,-24.25,1479148200.0
2016-11-11,351.25,368.0,349.05,362.05,361.196377863318,15847,713,5723879.0,11071.0,69.86,18.95,10.8,1478802600.0
2016-11-10,361.0,370.0,354.1,358.2,364.57790879557206,8311,588,3030007.0,2951.0,35.51,15.9,-2.8,1478716200.0
2016-11-09,345.0,360.8,308.0,357.7,340.9863019912006,22047,1004,7517725.0,8867.0,40.22,52.8,12.7,1478629800.0
2016-11-08,361.4,362.35,350.6,352.5,355.55735522520524,4507,242,1602497.0,2201.0,48.84,11.75,-8.9,1478543400.0
2016-11-07,353.75,368.8,353.75,357.8,361.8986737022248,14024,763,5075267.0,7660.0,54.62,15.05,4.05,1478457000.0
2016-11-04,383.0,389.0,350.0,353.75,358.23522343651655,17477,959,6260877.0,8153.0,46.65,39.0,-29.25,1478197800.0
2016-11-03,379.05,385.9,363.9,367.7,373.9922480620155,10191,536,3811355.0,4757.0,46.68,22.0,-11.35,1478111400.0
2016-11-02,382.75,392.1,376.65,379.05,382.9922870164777,8557,716,3277265.0,3059.0,35.75,15.45,-3.7,1478025000.0
2016-11-01,386.15,397.4,384.0,388.1,391.68891801130314,12209,688,4782130.0,4052.0,33.19,13.4,1.95,1477938600.0
2016-10-30,387.4,390.0,384.95,387.55,388.6043329532497,1754,113,681612.0,1009.0,57.53,5.05,0.15,1477765800.0
2016-10-28,383.7,394.55,379.0,386.5,387.37589928057554,6672,575,2584572.0,2161.0,32.39,15.55,2.8,1477593000.0
2016-10-27,384.1,388.0,383.0,383.7,384.5023786869648,6306,264,2424672.0,2169.0,34.4,5.0,-0.4,1477506600.0
2016-10-26,383.35,391.5,382.2,386.15,386.06960917752286,10286,490,3971112.0,4734.0,46.02,9.3,2.8,1477420200.0
2016-10-25,397.0,397.55,385.0,386.5,389.07345460815594,11599,488,4512863.0,5057.0,43.6,12.55,-10.5,1477333800.0
2016-10-24,385.0,402.5,384.0,394.3,396.3030084235861,37395,1741,14819751.0,8980.0,24.01,18.5,9.3,1477247400.0
2016-10-21,382.0,391.0,380.15,381.5,384.34562720848055,9056,562,3480634.0,2301.0,25.41,10.85,-0.5,1476988200.0
2016-10-20,388.0,390.0,380.7,381.8,384.4504681365146,6622,397,2545831.0,2688.0,40.59,9.3,-6.2,1476901800.0
2016-10-19,382.9,387.9,380.0,385.15,384.84484619535885,11118,281,4278705.0,6355.0,57.16,7.9,2.25,1476815400.0
2016-10-18,384.0,389.25,380.05,381.7,383.7540760869565,10304,569,3954202.0,4107.0,39.86,9.2,-2.3,1476729000.0
2016-10-17,392.6,392.75,380.7,381.15,383.2289034296029,17728,678,6793882.0,9387.0,52.95,12.05,-11.45,1476642600.0
2016-10-14,384.0,403.6,384.0,392.45,396.14963091823773,127614,7209,50554239.0,44677.0,35.01,19.6,8.45,1476383400.0
2016-10-13,365.15,387.0,363.1,380.55,378.6635189242275,52948,2076,20049476.0,10896.0,20.58,23.9,15.4,1476297000.0
2016-10-10,360.0,377.45,359.9,370.2,371.08436649531296,29763,1435,11044584.0,7279.0,24.46,17.55,10.2,1476037800.0
2016-10-07,362.0,363.7,354.0,357.9,358.35033788260233,15094,744,5408940.0,5310.0,35.18,9.7,-4.1,1475778600.0
2016-10-06,371.2,372.6,359.1,361.9,364.765231449966,11752,609,4286721.0,6025.0,51.27,13.5,-9.3,1475692200.0
2016-10-05,365.85,377.9,363.6,368.0,371.18529575469313,19763,1049,7335735.0,4857.0,24.58,14.3,2.15,1475605800.0
2016-10-04,367.0,369.5,361.0,365.0,365.19564158753354,8214,299,2999717.0,2787.0,33.93,8.5,-2.0,1475519400.0
2016-10-03,365.0,366.0,359.1,364.25,363.28441847523646,17970,691,6528221.0,5473.0,30.46,6.9,-0.75,1475433000.0
2016-09-30,351.5,367.0,348.2,356.1,358.53878363251937,24121,1032,8648314.0,5955.0,24.69,18.8,4.6,1475173800.0
2016-09-29,374.25,376.2,327.2,353.7,356.2248926042029,60291,1776,21477155.0,23469.0,38.93,49.0,-20.55,1475087400.0
2016-09-28,376.5,381.2,370.5,372.25,375.8451578302176,13052,1103,4905531.0,3729.0,28.57,10.7,-4.25,1475001000.0
2016-09-27,380.3,383.0,372.0,374.15,375.6933531535358,23545,758,8845700.0,11149.0,47.35,11.0,-6.15,1474914600.0
2016-09-26,366.4,381.0,365.9,377.9,375.01232627976816,28638,1014,10739603.0,9224.0,32.21,15.1,11.5,1474828200.0
2016-09-23,375.05,379.0,361.0,368.3,371.6740036062924,16083,592,5977633.0,6515.0,40.51,18.0,-6.75,1474569000.0
2016-09-22,381.85,385.0,373.4,374.4,377.82648350410983,17762,610,6710954.0,6079.0,34.22,11.6,-7.45,1474482600.0
2016-09-21,374.05,387.95,374.0,376.9,381.57131745044,44996,2488,17169183.0,10894.0,24.21,13.95,2.85,1474396200.0
2016-09-20,383.2,385.5,370.7,372.2,376.19583952451705,23555,972,8861293.0,8203.0,34.82,14.8,-11.0,1474309800.0
2016-09-19,389.95,393.6,379.8,383.25,387.269651208655,70988,3432,27491498.0,14247.0,20.07,13.8,-6.7,1474223400.0
2016-09-16,377.0,396.0,373.8,383.25,385.85462271961455,172723,5513,66645968.0,31785.0,18.4,22.2,6.25,1473964200.0
2016-09-15,361.65,380.0,359.0,376.0,371.0999850486705,127079,3364,47159015.0,20895.0,16.44,21.0,14.35,1473877800.0
2016-09-14,342.0,366.0,342.0,359.2,359.7345627980922,125800,3269,45254608.0,27646.0,21.98,24.0,17.2,1473791400.0
2016-09-12,343.95,349.9,337.55,342.4,342.7065997586229,31486,1074,10790460.0,8045.0,25.55,12.35,-1.55,1473618600.0
2016-09-09,349.75,355.0,342.6,350.2,349.42576098059243,48950,1552,17104391.0,18987.0,38.79,12.4,0.45,1473359400.0
2016-09-08,355.25,364.9,346.15,347.9,356.51543066059713,83697,4080,29839272.0,20892.0,24.96,18.75,-7.35,1473273000.0
2016-09-07,344.0,359.65,338.15,353.35,352.7360962566845,145860,4329,51450087.0,33654.0,23.07,21.5,9.35,1473186600.0
2016-09-06,318.25,350.8,314.4,344.8,339.83111137488066,185347,5875,62986677.0,36630.0,19.76,36.4,26.55,1473100200.0
2016-09-02,319.8,321.85,313.0,314.45,315.85609985354233,45747,1052,14449469.0,19321.0,42.23,8.85,-5.35,1472754600.0
2016-09-01,326.8,332.85,317.0,319.45,326.51869756199596,43027,1368,14049120.0,15030.0,34.93,15.85,-7.35,1472668200.0
2016-08-31,334.35,336.15,325.0,326.85,331.7936930091185,44744,1162,14845777.0,15411.0,34.44,11.15,-7.5,1472581800.0
2016-08-30,332.0,339.4,329.6,330.7,334.2384397896209,65786,1876,21988210.0,19267.0,29.29,9.8,-1.3,1472495400.0
2016-08-29,338.0,342.75,317.5,333.6,333.6080938583575,210530,6205,70234512.0,52467.0,24.92,25.25,-4.4,1472409000.0
2016-08-26,317.0,356.85,311.0,336.6,340.51354784131587,841647,22351,286592206.0,81296.0,9.66,45.85,19.6,1472149800.0
2016-08-25,313.75,323.4,305.95,311.95,315.3183964645048,89153,3018,28111581.0,29827.0,33.46,17.45,-1.8,1472063400.0
2016-08-24,283.5,321.05,281.2,311.35,307.2816761608838,208548,5489,64082979.0,43445.0,20.83,39.85,27.85,1471977000.0
2016-08-23,276.0,281.2,275.9,280.8,280.1616344413754,10499,229,2941417.0,7803.0,74.32,5.3,4.8,1471890600.0
2016-08-22,278.0,280.0,273.8,275.1,275.4833531039937,12645,308,3483487.0,9066.0,71.7,6.2,-2.9,1471804200.0
2016-08-19,277.7,280.9,274.5,277.05,277.266916413018,8542,467,2368414.0,5888.0,68.93,6.4,-0.65,1471545000.0
2016-08-18,279.9,283.0,275.0,277.95,279.8335408145118,5623,502,1573504.0,2923.0,51.98,8.0,-1.95,1471458600.0
2016-08-17,276.7,284.0,275.05,276.95,279.98436198760066,10807,849,3025791.0,5834.0,53.98,8.95,0.25,1471372200.0
2016-08-16,280.4,283.1,272.5,275.55,278.99357106981415,9955,589,2777381.0,7805.0,78.4,10.6,-4.85,1471285800.0
2016-08-12,282.05,283.6,279.0,280.45,281.0590840080972,7904,260,2221491.0,5540.0,70.09,4.6,-1.6,1470940200.0
2016-08-11,282.55,284.0,279.85,280.5,281.1366093366093,6105,206,1716339.0,4271.0,69.96,4.15,-2.05,1470853800.0
2016-08-10,289.55,289.95,280.0,281.85,283.3518512256974,29575,629,8380131.0,5949.0,20.11,9.95,-7.7,1470767400.0
2016-08-09,283.9,290.0,282.4,288.45,285.39224188216997,51430,1302,14677723.0,8797.0,17.1,7.6,4.55,1470681000.0
2016-08-08,286.9,286.9,281.8,284.2,283.82825765246514,12839,706,3644071.0,6808.0,53.03,5.1,-2.7,1470594600.0
2016-08-05,283.0,288.0,281.5,282.55,283.9681769423303,19577,853,5559245.0,8423.0,43.02,6.5,-0.45,1470335400.0
2016-08-04,284.9,287.1,268.25,280.7,278.6272356215213,67375,1876,18772510.0,24496.0,36.36,18.85,-4.2,1470249000.0
2016-08-03,265.0,282.65,264.0,280.05,279.0817133052224,109566,1136,30577867.0,94748.0,86.48,18.65,15.05,1470162600.0
2016-08-02,271.0,271.0,264.0,264.55,266.4715660542432,3429,197,913731.0,2390.0,69.7,7.0,-6.45,1470076200.0
2016-08-01,272.0,272.5,265.05,267.55,268.3506021358782,4401,289,1181011.0,3257.0,74.01,7.45,-4.45,1469989800.0
2016-07-29,275.4,275.95,265.65,267.05,270.943661971831,12141,304,3289527.0,7006.0,57.71,10.3,-8.35,1469730600.0
2016-07-28,274.9,275.95,272.05,274.35,274.63508076994486,16157,402,4437279.0,10290.0,63.69,3.9,-0.55,1469644200.0
2016-07-27,275.6,275.6,271.15,273.3,272.9260517376535,3827,121,1044488.0,2172.0,56.75,4.45,-2.3,1469557800.0
2016-07-26,273.9,276.4,269.75,271.65,273.0854487099329,23991,721,6551593.0,10675.0,44.5,6.65,-2.25,1469471400.0
2016-07-25,270.5,271.9,265.6,267.9,268.60995196637646,13324,396,3578959.0,7591.0,56.97,6.3,-2.6,1469385000.0
2016-07-22,264.5,267.9,262.25,266.8,265.9647161138029,8049,295,2140750.0,4961.0,61.63,5.65,2.3,1469125800.0
2016-07-21,262.55,266.0,262.0,263.95,264.4212242478138,6747,224,1784050.0,4622.0,68.5,4.0,1.4,1469039400.0
2016-07-20,264.35,264.5,260.9,261.85,262.2381733661471,7314,294,1918010.0,5149.0,70.4,3.6,-2.5,1468953000.0
2016-07-19,266.4,268.0,261.0,262.25,264.05504125578585,9938,382,2624179.0,4785.0,48.15,7.0,-4.15,1468866600.0
2016-07-18,266.9,271.65,259.75,265.4,266.4259895341064,43379,1309,11557293.0,11405.0,26.29,11.9,-1.5,1468780200.0
2016-07-15,264.0,265.0,259.1,262.05,263.19567664940325,8882,342,2337704.0,4740.0,53.37,5.9,-1.95,1468521000.0
2016-07-14,258.05,263.9,257.6,263.1,260.8470019951696,28569,784,7452138.0,18040.0,63.15,6.3,5.05,1468434600.0
2016-07-13,258.95,260.0,257.0,259.6,259.0451637184795,7971,314,2064849.0,6104.0,76.58,3.0,0.65,1468348200.0
2016-07-12,260.7,260.7,255.55,259.7,259.0599098876071,20197,947,5232233.0,14643.0,72.5,5.15,-1.0,1468261800.0
2016-07-11,260.0,261.25,256.55,258.85,259.0111364551188,14906,456,3860820.0,9933.0,66.64,4.7,-1.15,1468175400.0
2016-07-08,254.0,259.4,253.0,258.1,256.7059126759111,19399,294,4979838.0,17001.0,87.64,6.4,4.1,1467916200.0
2016-07-07,253.95,257.9,253.3,254.8,255.01861443832956,12356,473,3151010.0,6692.0,54.16,4.6,0.85,1467829800.0
2016-07-05,252.05,253.95,250.45,252.9,252.34864887903845,11731,312,2960302.0,7914.0,67.46,3.5,0.85,1467657000.0
2016-07-04,250.8,254.8,250.55,253.8,253.3773514521716,18765,704,4754626.0,13353.0,71.16,4.25,3.0,1467570600.0
2016-07-01,250.9,252.95,248.1,249.55,250.32390745501283,10892,610,2726528.0,6783.0,62.28,4.85,-1.35,1467311400.0
2016-06-30,252.95,254.0,249.6,250.45,251.63696369636963,14544,810,3659808.0,8077.0,55.53,4.4,-2.5,1467225000.0
2016-06-29,246.9,254.65,245.8,251.2,250.929625062794,21897,1397,5494606.0,10259.0,46.85,8.85,4.3,1467138600.0
2016-06-28,251.95,253.95,245.6,246.55,249.64647724236215,22454,986,5605562.0,10677.0,47.55,8.35,-5.4,1467052200.0
2016-06-27,245.0,260.8,240.05,250.15,251.7003624532664,140156,4401,35277316.0,29324.0,20.92,20.75,5.15,1466965800.0
2016-06-24,235.3,237.9,231.0,236.3,234.1583303980275,17034,672,3988653.0,9863.0,57.9,6.9,1.0,1466706600.0
2016-06-23,237.1,239.5,237.1,238.45,238.5522803114572,3596,201,857834.0,2822.0,78.48,2.4,1.35,1466620200.0
2016-06-22,238.5,241.95,236.0,238.05,238.41627236634577,18387,620,4383760.0,8503.0,46.24,5.95,-0.45,1466533800.0
2016-06-21,241.0,242.7,239.5,239.95,240.57360406091368,4531,206,1090039.0,3684.0,81.31,3.2,-1.05,1466447400.0
2016-06-20,241.0,243.0,240.0,241.85,241.13631949502303,16476,396,3972962.0,10252.0,62.22,3.0,0.85,1466361000.0
2016-06-17,240.0,244.5,240.0,242.55,242.5562837760147,8697,341,2109512.0,5631.0,64.75,4.5,2.55,1466101800.0
2016-06-16,241.5,241.5,239.0,240.0,240.06565801424543,41838,345,10043867.0,38977.0,93.16,2.5,-1.5,1466015400.0
2016-06-15,242.9,245.0,241.2,242.4,243.53730098559515,13190,230,3212257.0,11186.0,84.81,3.8,-0.5,1465929000.0
2016-06-14,240.05,245.0,240.05,243.6,242.8753047468808,27892,706,6774278.0,13620.0,48.83,4.95,3.55,1465842600.0
2016-06-13,240.5,243.0,240.35,241.25,242.05484812309325,15078,489,3649703.0,8479.0,56.23,2.65,0.75,1465756200.0
2016-06-10,244.4,245.0,242.65,243.1,243.98790616348532,6863,220,1674489.0,5219.0,76.05,2.35,-1.3,1465497000.0
2016-06-09,245.0,245.15,243.15,243.85,243.89054837271513,4486,205,1094093.0,3237.0,72.16,2.0,-1.15,1465410600.0
2016-06-08,240.65,245.0,240.65,244.0,244.63645726055609,9710,193,2375420.0,7204.0,74.19,4.35,3.35,1465324200.0
2016-06-07,241.1,245.4,241.1,244.65,244.50572916666664,5760,223,1408353.0,3952.0,68.61,4.3,3.55,1465237800.0
2016-06-06,249.0,257.0,243.2,244.25,245.06700118063756,10164,501,2490861.0,7957.0,78.29,13.8,-4.75,1465151400.0
2016-06-03,253.7,253.7,248.0,248.9,250.93576388888889,4608,408,1156312.0,3204.0,69.53,5.7,-4.8,1464892200.0
2016-06-02,253.5,256.0,253.05,254.1,254.79048140043764,1828,149,465757.0,1122.0,61.38,2.95,0.6,1464805800.0
2016-06-01,252.2,259.9,251.2,253.4,254.87502726281352,9170,1010,2337204.0,3619.0,39.47,8.7,1.2,1464719400.0
2016-05-31,257.4,258.6,253.05,254.55,254.943566327128,8541,425,2177473.0,6537.0,76.54,5.55,-2.85,1464633000.0
2016-05-30,256.0,259.5,251.0,259.05,255.5744155416529,6074,313,1552359.0,3546.0,58.38,8.5,3.05,1464546600.0
2016-05-27,246.0,258.0,246.0,255.65,254.09574056147144,20660,742,5249618.0,9579.0,46.36,12.0,9.65,1464287400.0
2016-05-26,245.4,247.55,243.85,246.2,245.23548107483384,3461,189,848760.0,1849.0,53.42,3.7,0.8,1464201000.0
2016-05-25,246.55,247.5,243.15,244.3,245.00226394992677,7509,493,1839722.0,5914.0,78.76,4.35,-2.25,1464114600.0
2016-05-24,250.0,250.6,244.15,245.75,245.9762530590048,11033,478,2713856.0,5604.0,50.79,6.45,-4.25,1464028200.0
2016-05-23,262.0,262.0,247.5,248.1,252.0503667963173,20311,1097,5119395.0,12130.0,59.72,14.5,-13.9,1463941800.0
2016-05-20,259.45,262.0,250.0,254.4,256.5212412525624,14147,574,3629006.0,5220.0,36.9,12.0,-5.05,1463682600.0
2016-05-19,261.25,265.05,255.0,257.4,261.1780821917808,18907,942,4938094.0,8303.0,43.91,10.05,-3.85,1463596200.0
2016-05-18,260.0,265.0,260.0,264.25,263.28906861466214,7666,284,2018374.0,4355.0,56.81,5.0,4.25,1463509800.0
2016-05-17,264.7,266.5,260.3,261.85,262.6327613104524,6410,256,1683476.0,3836.0,59.84,6.2,-2.85,1463423400.0
2016-05-16,258.5,265.3,256.5,264.0,262.1118092614908,11618,541,3045215.0,6201.0,53.37,8.8,5.5,1463337000.0
2016-05-13,254.55,259.0,251.5,257.95,256.22052964612135,17068,463,4373172.0,9532.0,55.85,7.5,3.4,1463077800.0
2016-05-12,249.95,256.5,247.9,255.8,253.95490407028868,11154,319,2832613.0,5331.0,47.79,8.6,5.85,1462991400.0
2016-05-11,248.0,252.0,246.75,247.5,249.4826861378471,9039,357,2255074.0,3842.0,42.5,5.25,-0.5,1462905000.0
2016-05-10,244.0,250.9,244.0,249.7,248.269616361449,7481,264,1857305.0,5183.0,69.28,6.9,5.7,1462818600.0
2016-05-09,244.3,246.95,243.9,244.45,244.69714714714715,6660,172,1629683.0,4466.0,67.06,3.05,0.15,1462732200.0
2016-05-06,246.0,247.6,242.8,243.2,244.85408680598488,8087,175,1980135.0,5665.0,70.05,4.8,-2.8,1462473000.0
2016-05-05,247.95,247.95,244.5,245.1,245.6506024096385,5229,95,1284507.0,3099.0,59.27,3.45,-2.85,1462386600.0
2016-05-04,246.0,250.0,245.0,245.3,246.99485596707817,5832,198,1440474.0,3747.0,64.25,5.0,-0.7,1462300200.0
2016-05-03,251.55,252.5,245.7,247.5,247.68838663140176,4159,115,1030136.0,3442.0,82.76,6.8,-4.05,1462213800.0
2016-05-02,249.5,251.4,245.0,250.95,250.08538098783816,8058,405,2015188.0,5368.0,66.62,6.4,1.45,1462127400.0
2016-04-29,249.0,251.2,244.5,245.15,247.18532482598607,3448,216,852295.0,2084.0,60.44,6.7,-3.85,1461868200.0
2016-04-28,250.95,253.4,245.7,246.35,249.19680170575688,4690,317,1168733.0,3391.0,72.3,7.7,-4.6,1461781800.0
2016-04-27,250.2,252.4,249.6,251.0,251.24400894663967,9389,459,2358930.0,8469.0,90.2,2.8,0.8,1461695400.0
2016-04-26,250.1,252.95,248.5,251.75,250.86654751266008,13428,725,3368636.0,7440.0,55.41,4.45,1.65,1461609000.0
2016-04-25,244.0,251.35,242.0,248.9,248.35009823182713,5090,357,1264102.0,2553.0,50.16,9.35,4.9,1461522600.0
2016-04-22,248.0,249.7,244.05,245.05,246.34331797235023,6510,251,1603695.0,4543.0,69.78,5.65,-2.95,1461263400.0
2016-04-21,248.2,250.9,246.3,248.9,248.15177208750208,5897,188,1463351.0,3772.0,63.96,4.6,0.7,1461177000.0
2016-04-20,250.5,252.0,247.05,247.85,249.00358949257628,6129,202,1526143.0,4172.0,68.07,4.95,-2.65,1461090600.0
2016-04-18,250.0,252.25,248.45,249.3,249.77361406219816,5177,229,1293078.0,3991.0,77.09,3.8,-0.7,1460917800.0
2016-04-13,251.0,252.7,248.5,249.6,250.17212189616248,5316,175,1329915.0,3381.0,63.6,4.2,-1.4,1460485800.0
2016-04-12,245.0,250.0,245.0,249.2,248.33066184074457,3868,188,960543.0,2057.0,53.18,5.0,4.2,1460399400.0
2016-04-11,248.0,249.35,241.8,243.8,244.27033330094255,10291,295,2513786.0,5709.0,55.48,7.55,-4.2,1460313000.0
2016-04-08,245.0,251.0,245.0,247.65,249.7924653839237,55610,311,13890959.0,53314.0,95.87,6.0,2.65,1460053800.0
2016-04-07,250.0,250.2,247.0,248.15,248.81588843622689,6382,365,1587943.0,4323.0,67.74,3.2,-1.85,1459967400.0
2016-04-06,242.0,250.0,242.0,247.5,248.64710238844657,5401,240,1342943.0,3195.0,59.16,8.0,5.5,1459881000.0
2016-04-05,253.95,254.45,245.5,246.7,248.49771391247552,4593,190,1141350.0,3384.0,73.68,8.95,-7.25,1459794600.0
2016-04-04,250.35,256.5,247.5,254.25,252.8405241935484,4960,366,1254089.0,2246.0,45.28,9.0,3.9,1459708200.0
2016-04-01,251.0,254.8,248.85,250.3,251.19715497878713,4007,274,1006547.0,2075.0,51.78,5.95,-0.7,1459449000.0
2016-03-31,252.75,256.95,248.0,249.4,251.69858053302437,6904,394,1737727.0,3199.0,46.34,8.95,-3.35,1459362600.0
2016-03-30,250.2,253.0,249.0,251.4,251.15948068600736,6239,255,1566984.0,2762.0,44.27,4.0,1.2,1459276200.0
2016-03-29,248.0,251.4,243.0,246.7,245.9367469879518,7968,313,1959624.0,5007.0,62.84,8.4,-1.3,1459189800.0
2016-03-28,252.25,253.65,247.7,248.45,250.7087106866458,6073,167,1522554.0,4439.0,73.09,5.95,-3.8,1459103400.0
2016-03-23,251.0,255.5,250.0,252.25,252.50304259634888,9860,1171,2489680.0,4415.0,44.78,5.5,1.25,1458671400.0
2016-03-22,250.0,254.85,248.55,251.95,252.67591395321497,8507,213,2149514.0,5923.0,69.63,6.3,1.95,1458585000.0
2016-03-21,249.5,254.65,248.15,249.95,250.68847006651885,6314,253,1582847.0,4151.0,65.74,6.5,0.45,1458498600.0
2016-03-18,255.4,255.7,247.0,248.5,250.17717314487632,14150,561,3540007.0,5534.0,39.11,8.7,-6.9,1458239400.0
2016-03-17,259.0,260.05,252.7,253.65,255.77318548387095,8928,410,2283543.0,3732.0,41.8,7.35,-5.35,1458153000.0
2016-03-16,259.5,260.9,255.9,259.3,258.3879042288557,6432,402,1661951.0,2609.0,40.56,5.0,-0.2,1458066600.0
2016-03-15,260.85,260.9,255.5,257.3,257.31275226355405,9167,546,2358786.0,4758.0,51.9,5.4,-3.55,1457980200.0
2016-03-14,260.0,264.35,258.65,259.65,260.88635621448634,15311,853,3994431.0,8449.0,55.18,5.7,-0.35,1457893800.0
2016-03-11,273.95,275.1,258.5,260.3,266.33158558700626,25366,917,6755767.0,11885.0,46.85,16.6,-13.65,1457634600.0
2016-03-10,276.7,280.65,272.75,274.2,276.5486169966869,25958,1186,7178649.0,10596.0,40.82,7.9,-2.5,1457548200.0
2016-03-09,264.5,278.0,262.05,274.95,272.7968677903537,36843,1553,10050655.0,14263.0,38.71,15.95,10.45,1457461800.0
2016-03-08,264.0,265.2,258.4,263.35,262.8587456069208,14796,474,3889258.0,8833.0,59.7,6.8,-0.65,1457375400.0
2016-03-04,264.6,268.0,262.6,265.65,266.5290920072478,14901,615,3971550.0,8868.0,59.51,5.4,1.05,1457029800.0
2016-03-03,265.55,269.6,263.25,264.1,266.1658209669698,10445,968,2780102.0,4917.0,47.08,6.35,-1.45,1456943400.0
2016-03-02,261.0,268.5,258.0,266.65,265.0057991863157,44489,2074,11789843.0,19208.0,43.17,10.5,5.65,1456857000.0
2016-03-01,243.0,261.0,243.0,259.3,253.3304370048556,27391,847,6938974.0,14876.0,54.31,18.0,16.3,1456770600.0
2016-02-29,244.0,245.25,238.6,242.65,242.4228411824036,12889,621,3124588.0,3846.0,29.84,6.65,-1.35,1456684200.0
2016-02-26,249.0,249.0,244.0,244.9,245.43054301560687,7753,346,1902823.0,5410.0,69.78,5.0,-4.1,1456425000.0
2016-02-25,248.4,250.0,246.05,247.95,248.25007032348805,3555,198,882529.0,1731.0,48.69,3.95,-0.45,1456338600.0
2016-02-24,248.0,250.5,244.3,249.7,247.3065516209192,210467,735,52049868.0,205083.0,97.44,6.2,1.7,1456252200.0
2016-02-23,250.1,252.0,247.0,249.6,249.25205721003132,10208,682,2544365.0,5125.0,50.21,5.0,-0.5,1456165800.0
2016-02-22,251.05,252.0,249.1,251.05,250.70703789636505,6465,299,1620821.0,3547.0,54.86,2.9,0.0,1456079400.0
2016-02-19,248.0,250.4,248.0,249.5,249.2790023201856,3448,190,859514.0,2359.0,68.42,2.4,1.5,1455820200.0
2016-02-18,253.9,253.9,248.9,250.5,250.74557887290732,21205,694,5317060.0,13643.0,64.34,5.0,-3.4,1455733800.0
2016-02-17,246.0,253.0,238.0,250.9,246.83306949501343,25268,784,6236978.0,11213.0,44.38,15.0,4.9,1455647400.0
2016-02-16,247.2,251.75,244.7,248.65,248.9025570145128,14470,732,3601620.0,6834.0,47.23,7.05,1.45,1455561000.0
2016-02-15,242.0,250.0,242.0,246.9,246.91421723224423,15854,959,3914578.0,8113.0,51.17,8.0,4.9,1455474600.0
2016-02-12,237.1,244.0,228.3,240.75,236.55249576988157,23640,827,5592101.0,11333.0,47.94,15.7,3.65,1455215400.0
2016-02-11,246.0,248.0,233.1,237.4,239.48284102223695,30130,1354,7215618.0,16288.0,54.06,14.9,-8.6,1455129000.0
2016-02-10,254.0,254.0,244.0,246.05,248.94705158625536,22758,575,5665537.0,14069.0,61.82,10.0,-7.95,1455042600.0
2016-02-09,253.0,261.65,251.7,254.65,256.120969435196,66678,1665,17077634.0,24643.0,36.96,9.95,1.65,1454956200.0
2016-02-08,265.95,265.95,256.0,257.35,259.0577699115044,14125,463,3659191.0,8241.0,58.34,9.95,-8.6,1454869800.0
2016-02-05,266.7,266.7,255.0,256.9,259.23846180519433,28839,822,7476178.0,20748.0,71.94,11.7,-9.8,1454610600.0
2016-02-04,272.0,274.8,266.05,268.15,269.4420656185228,39562,1191,10659667.0,14613.0,36.94,8.75,-3.85,1454524200.0
2016-02-03,257.0,274.5,255.25,267.65,267.10732510669885,172448,5333,46062124.0,29296.0,16.99,19.25,10.65,1454437800.0
2016-02-02,264.0,266.95,256.05,257.45,260.9309061194843,22028,660,5747786.0,12729.0,57.79,10.9,-6.55,1454351400.0
2016-02-01,267.05,268.5,262.1,262.55,263.8458260918316,17837,741,4706218.0,9215.0,51.66,6.4,-4.5,1454265000.0
2016-01-29,257.75,268.0,257.75,265.15,265.03890599649014,30201,1200,8004440.0,13706.0,45.38,10.25,7.4,1454005800.0
2016-01-28,257.6,262.8,255.0,255.55,258.0296576747121,6339,280,1635650.0,2070.0,32.65,7.8,-2.05,1453919400.0
2016-01-27,264.0,264.0,253.7,256.5,257.1213526570048,5175,393,1330603.0,3340.0,64.54,10.3,-7.5,1453833000.0
2016-01-25,245.8,260.0,245.7,257.05,253.53517602560368,17185,966,4357002.0,9331.0,54.3,14.3,11.25,1453660200.0
2016-01-22,242.55,245.5,237.6,242.7,241.44053838116892,16271,496,3928479.0,6981.0,42.9,7.9,0.15,1453401000.0
2016-01-21,245.0,245.0,235.7,237.25,238.26277673255845,38801,757,9244834.0,32940.0,84.89,9.3,-7.75,1453314600.0
2016-01-20,247.05,248.8,233.35,237.0,239.5770026731051,23194,647,5556749.0,8654.0,37.31,15.45,-10.05,1453228200.0
2016-01-19,244.3,252.0,240.3,248.0,247.11510416666664,24960,1584,6167993.0,11895.0,47.66,11.7,3.7,1453141800.0
2016-01-18,252.0,253.05,240.1,242.75,244.47154205893764,48967,1460,11971038.0,8870.0,18.11,12.95,-9.25,1453055400.0
2016-01-15,264.0,267.0,248.0,251.0,256.5466591850829,23168,713,5943673.0,10262.0,44.29,19.0,-13.0,1452796200.0
2016-01-14,259.0,268.2,248.15,264.7,257.51227643796346,64188,2054,16529198.0,14758.0,22.99,20.05,5.7,1452709800.0
2016-01-13,277.0,278.3,240.05,260.75,254.46060330183963,90071,2218,22919521.0,21048.0,23.37,38.25,-16.25,1452623400.0
2016-01-12,282.0,284.3,271.6,273.55,276.8355185080531,35390,957,9797209.0,13773.0,38.92,12.7,-8.45,1452537000.0
2016-01-11,273.0,278.4,269.0,276.75,274.9911009272088,18766,717,5160483.0,8795.0,46.87,9.4,3.75,1452450600.0
2016-01-08,275.3,275.55,272.0,272.3,273.60163372474653,13711,296,3751352.0,5566.0,40.6,3.55,-3.0,1452191400.0
2016-01-07,276.0,277.0,270.05,270.95,272.87150757944806,34897,761,9522397.0,13585.0,38.93,6.95,-5.05,1452105000.0
2016-01-06,279.5,282.5,277.6,277.95,279.5592636180229,11896,417,3325637.0,5817.0,48.9,4.9,-1.55,1452018600.0
2016-01-05,286.75,286.75,276.8,278.95,281.2144427629137,35021,773,9848411.0,13329.0,38.06,9.95,-7.8,1451932200.0
2016-01-04,280.5,288.4,279.6,281.45,282.3520779579801,43408,948,12256339.0,25846.0,59.54,8.8,0.95,1451845800.0
2016-01-01,280.65,284.9,277.8,279.15,281.65699962266183,37102,676,10450038.0,9702.0,26.15,7.1,-1.5,1451586600.0
2015-12-31,277.3,284.8,277.2,279.05,281.39190071848464,30620,668,8616220.0,10309.0,33.67,7.6,1.75,1451500200.0
2015-12-30,280.45,284.0,276.9,277.65,279.77624996255355,33381,796,9339211.0,5835.0,17.48,7.1,-2.8,1451413800.0
2015-12-29,278.5,283.65,277.65,279.75,280.4852502865877,26170,509,7340299.0,9445.0,36.09,6.0,1.25,1451327400.0
2015-12-28,278.05,279.6,274.1,275.7,277.06423870118476,11395,210,3157147.0,4372.0,38.37,5.5,-2.35,1451241000.0
2015-12-24,278.45,280.2,276.0,277.2,277.2860872333652,15705,325,4354778.0,6256.0,39.83,4.2,-1.25,1450895400.0
2015-12-23,276.3,282.0,275.7,277.2,278.03492851639413,35043,1170,9743178.0,3514.0,10.03,6.3,0.9,1450809000.0
2015-12-22,275.0,283.0,274.2,275.75,277.31854893443733,29468,625,8172023.0,9783.0,33.2,8.8,0.75,1450722600.0
2015-12-21,278.0,280.5,272.0,275.6,276.1008221128949,30896,635,8530411.0,7038.0,22.78,8.5,-2.4,1450636200.0
2015-12-18,269.0,280.0,267.5,278.2,273.78791013893,33830,908,9262245.0,6982.0,20.64,12.5,9.2,1450377000.0
2015-12-17,269.95,271.0,267.6,270.45,269.6595424159684,10621,239,2864054.0,3901.0,36.73,3.4,0.5,1450290600.0
2015-12-16,269.45,274.45,266.0,266.4,270.5043612675279,27171,654,7349874.0,8209.0,30.21,8.45,-3.05,1450204200.0
2015-12-15,271.0,278.0,267.7,268.9,271.545879046151,22058,504,5989759.0,4566.0,20.7,10.3,-2.1,1450117800.0
2015-12-14,255.9,272.35,255.9,271.4,267.80244029075806,50076,1470,13410475.0,16844.0,33.64,16.45,15.5,1450031400.0
2015-12-11,257.5,260.2,252.0,254.85,255.3755287648054,18912,448,4829662.0,8545.0,45.18,8.2,-2.65,1449772200.0
2015-12-10,259.15,260.0,255.1,259.1,258.5328083989501,33528,727,8668088.0,6156.0,18.36,4.9,-0.05,1449685800.0
2015-12-09,268.25,268.95,257.0,257.45,260.4762718901888,40943,768,10664680.0,15316.0,37.41,11.95,-10.8,1449599400.0
2015-12-08,270.0,272.7,265.3,267.4,269.5938740079365,16128,476,4348010.0,7847.0,48.65,7.4,-2.6,1449513000.0
2015-12-07,274.0,274.25,270.3,270.7,271.9382911392405,13272,377,3609165.0,3178.0,23.95,3.95,-3.3,1449426600.0
2015-12-04,272.6,274.55,270.0,271.15,272.29801168210514,16949,429,4615179.0,4980.0,29.38,4.55,-1.45,1449167400.0
2015-12-03,273.1,278.7,272.3,273.2,275.67769659011833,28740,646,7922977.0,9438.0,32.84,6.4,0.1,1449081000.0
2015-12-02,280.55,280.55,273.05,274.7,276.3685173886516,40975,1056,11324200.0,10940.0,26.7,7.5,-5.85,1448994600.0
2015-12-01,279.75,283.55,277.5,278.4,280.03610588464284,30826,851,8632393.0,3873.0,12.56,6.05,-1.35,1448908200.0
2015-11-30,285.75,291.0,278.85,280.05,285.74636381749355,45171,1074,12907449.0,10437.0,23.11,12.15,-5.7,1448821800.0
2015-11-27,283.75,294.0,283.05,287.85,289.1212707124888,48099,1225,13906444.0,11272.0,23.43,10.95,4.1,1448562600.0
2015-11-26,273.0,287.1,272.0,281.55,278.1760525934161,62061,1698,17263884.0,13936.0,22.46,15.1,8.55,1448476200.0
2015-11-24,274.0,278.0,272.9,273.95,275.79390092653387,27414,772,7560614.0,6740.0,24.59,5.1,-0.05,1448303400.0
2015-11-23,274.0,276.9,271.75,272.9,274.0529393005209,18814,569,5156032.0,8625.0,45.84,5.15,-1.1,1448217000.0
2015-11-20,277.95,279.5,273.4,274.0,277.2037732393076,21838,594,6053576.0,3917.0,17.94,6.1,-3.95,1447957800.0
2015-11-19,268.6,282.5,268.6,278.1,277.332392340196,55615,1541,15423841.0,14276.0,25.67,13.9,9.5,1447871400.0
2015-11-18,271.95,272.0,266.3,267.25,269.64015090704765,12458,366,3359177.0,6903.0,55.41,5.7,-4.7,1447785000.0
2015-11-17,276.05,277.25,271.0,272.65,274.313063239558,12761,367,3500509.0,2794.0,21.89,6.25,-3.4,1447698600.0
2015-11-16,269.6,276.6,266.0,274.55,270.3942251962696,18979,711,5131812.0,3480.0,18.34,10.6,4.95,1447612200.0
2015-11-13,268.35,274.35,266.5,268.25,270.301891722408,19136,782,5172497.0,5305.0,27.72,7.85,-0.1,1447353000.0
2015-11-11,271.05,274.75,264.05,270.9,271.1413314346742,5618,171,1523272.0,1701.0,30.28,10.7,-0.15,1447180200.0
2015-11-10,272.0,275.9,268.55,269.4,272.35512922056967,34089,812,9284314.0,6203.0,18.2,7.35,-2.6,1447093800.0
2015-11-09,270.0,273.0,262.6,271.2,269.29878710912334,54333,1210,14631811.0,14040.0,25.84,10.4,1.2,1447007400.0
2015-11-06,270.9,276.0,269.55,271.75,272.0401487187717,37386,934,10170493.0,12695.0,33.96,6.45,0.85,1446748200.0
2015-11-05,279.0,285.0,269.0,270.9,276.65842372752786,39549,1150,10941564.0,11864.0,30.0,16.0,-8.1,1446661800.0
2015-11-04,292.4,298.05,279.9,282.2,288.75118480882946,187372,4882,54103887.0,24596.0,13.13,18.15,-10.2,1446575400.0
2015-11-03,284.0,294.0,282.55,289.85,288.8082058440008,54449,1449,15725318.0,17606.0,32.33,11.45,5.85,1446489000.0
2015-11-02,286.9,286.9,277.75,281.4,280.2603097592834,37513,794,10513405.0,7932.0,21.14,9.15,-5.5,1446402600.0
2015-10-30,290.2,293.4,284.0,286.3,288.8281658573029,21416,541,6185544.0,9856.0,46.02,9.4,-3.9,1446143400.0
2015-10-29,294.05,296.0,288.1,289.9,292.8155448255981,27752,748,8126217.0,6782.0,24.44,7.9,-4.15,1446057000.0
2015-10-28,300.9,303.95,290.0,291.45,297.42477921544463,38952,1154,11585290.0,13533.0,34.74,13.95,-9.45,1445970600.0
2015-10-27,297.4,312.5,297.35,299.5,305.39105016037,142483,4047,43513033.0,31164.0,21.87,15.15,2.1,1445884200.0
2015-10-26,298.5,306.0,294.0,296.75,299.23095935955206,45718,1076,13680241.0,13022.0,28.48,12.0,-1.75,1445797800.0
2015-10-23,304.0,304.0,296.0,297.1,299.70601211072665,69360,1271,20787609.0,9048.0,13.04,8.0,-6.9,1445538600.0
2015-10-21,308.25,312.5,299.2,300.85,304.22178241061806,93727,2123,28513795.0,15495.0,16.53,13.3,-7.4,1445365800.0
2015-10-20,299.0,318.05,294.1,307.05,310.25696978447485,152372,5164,47274475.0,39080.0,25.65,23.95,8.05,1445279400.0
2015-10-19,303.35,304.25,296.5,297.6,299.7538210320052,30620,740,9178462.0,11145.0,36.4,7.75,-5.75,1445193000.0
2015-10-16,309.75,311.65,298.5,301.0,305.3039214849584,117175,3263,35773987.0,39808.0,33.97,13.15,-8.75,1444933800.0
2015-10-15,286.9,308.3,285.85,300.75,295.86958006365404,310428,4165,91846202.0,138953.0,44.76,22.45,13.85,1444847400.0
2015-10-14,286.05,291.4,282.5,284.05,287.2209670393495,34435,676,9890454.0,6056.0,17.59,8.9,-2.0,1444761000.0
2015-10-13,282.65,289.95,277.05,286.15,283.81764154731627,37355,923,10602008.0,6028.0,16.14,12.9,3.5,1444674600.0
2015-10-12,291.0,291.1,281.0,282.75,287.3575580230088,24947,516,7168709.0,10255.0,41.11,10.1,-8.25,1444588200.0
2015-10-09,292.55,294.7,287.7,288.35,289.7630365377793,95846,1462,27772628.0,44790.0,46.73,7.0,-4.2,1444329000.0
2015-10-08,289.4,293.4,286.0,289.4,289.5519474758229,67626,773,19581240.0,44509.0,65.82,7.4,0.0,1444242600.0
2015-10-07,289.0,297.0,286.95,287.9,290.91856894940594,52437,1126,15254897.0,11298.0,21.55,10.05,-1.1,1444156200.0
2015-10-06,292.95,295.6,286.45,287.25,289.31653526528873,56316,1172,16293150.0,24734.0,43.92,9.15,-5.7,1444069800.0
2015-10-05,281.0,292.0,280.45,287.6,287.16290260344556,88114,1856,25303072.0,28461.0,32.3,11.55,6.6,1443983400.0
2015-10-01,280.0,285.9,278.1,280.05,280.47742051374166,55670,1158,15614178.0,11193.0,20.11,7.8,0.05,1443637800.0
2015-09-30,266.95,278.35,266.95,277.05,273.86832472375215,58462,1557,16010890.0,14199.0,24.29,11.4,10.1,1443551400.0
2015-09-29,262.2,269.0,261.5,265.6,264.6537921007996,20635,540,5461131.0,4160.0,20.16,7.5,3.4,1443465000.0
2015-09-28,267.25,269.45,262.7,263.3,266.6175178343648,21167,664,5643493.0,3975.0,18.78,6.75,-3.95,1443378600.0
2015-09-24,265.7,273.0,265.7,266.55,268.8134180143608,45819,1006,12316762.0,6603.0,14.41,7.3,0.85,1443033000.0
2015-09-23,261.0,271.9,261.0,266.6,267.6685422664224,38210,1132,10227615.0,9675.0,25.32,10.9,5.6,1442946600.0
2015-09-22,266.25,274.2,260.2,261.9,268.582002309674,56285,1812,15117138.0,13946.0,24.78,14.0,-4.35,1442860200.0
2015-09-21,265.0,269.65,263.35,265.05,265.9224763770454,34712,727,9230701.0,8739.0,25.18,6.3,0.05,1442773800.0
2015-09-18,268.5,271.8,265.15,265.85,267.7027142006296,23506,671,6292620.0,3494.0,14.86,6.65,-2.65,1442514600.0
2015-09-16,270.5,270.5,262.9,265.05,266.3785770186124,58778,1492,15657200.0,3680.0,6.26,7.6,-5.45,1442341800.0
2015-09-15,268.0,273.0,265.15,266.2,268.96523088466,58644,1710,15773197.0,4041.0,6.89,7.85,-1.8,1442255400.0
2015-09-14,269.65,273.15,266.7,268.6,270.1210895634062,49451,1138,13357758.0,3458.0,6.99,6.45,-1.05,1442169000.0
2015-09-11,275.0,277.3,268.0,270.15,272.52587695495583,40538,1164,11047654.0,9883.0,24.38,9.3,-4.85,1441909800.0
2015-09-10,258.0,272.8,258.0,270.45,266.3193769308877,46287,1227,12327125.0,6680.0,14.43,14.8,12.45,1441823400.0
2015-09-09,267.0,270.8,262.0,265.1,266.36783090604456,38795,817,10333740.0,11009.0,28.38,8.8,-1.9,1441737000.0
2015-09-08,263.75,264.1,246.65,259.75,254.35204705983384,93158,1876,23694928.0,29988.0,32.19,17.45,-4.0,1441650600.0
2015-09-07,274.65,277.6,261.4,262.6,266.88154576472334,53928,1263,14392388.0,10941.0,20.29,16.2,-12.05,1441564200.0
2015-09-04,287.85,292.3,272.55,275.45,280.0684179202979,169707,3283,47529571.0,40574.0,23.91,19.75,-12.4,1441305000.0
2015-09-03,261.95,291.4,261.95,286.1,280.50882981263044,163367,3273,45825886.0,47867.0,29.3,29.45,24.15,1441218600.0
2015-09-02,265.95,271.95,260.0,260.6,264.9957164414012,61631,1036,16331951.0,5823.0,9.45,11.95,-5.35,1441132200.0
2015-09-01,269.05,273.0,263.5,264.45,268.32411171707156,30255,599,8118146.0,8370.0,27.66,9.5,-4.6,1441045800.0
2015-08-31,266.05,276.1,265.05,270.05,271.5758589752916,41241,847,11200060.0,10928.0,26.5,11.05,4.0,1440959400.0
2015-08-28,271.95,273.95,263.05,265.8,269.14534418075283,23723,693,6384935.0,5595.0,23.58,10.9,-6.15,1440700200.0
2015-08-27,276.9,276.9,268.2,271.45,270.8003919519206,38270,1265,10363531.0,10565.0,27.61,8.7,-5.45,1440613800.0
2015-08-26,265.0,270.5,257.15,267.05,265.5656221081091,55111,1554,14635587.0,17503.0,31.76,13.35,2.05,1440527400.0
2015-08-25,243.1,269.9,239.05,265.0,252.3071610198612,116408,2672,29370572.0,49059.0,42.14,30.85,21.9,1440441000.0
2015-08-24,268.0,268.95,239.0,242.6,254.87539128879348,89448,2420,22798094.0,40164.0,44.9,29.95,-25.4,1440354600.0
2015-08-21,263.9,277.5,255.2,276.5,270.1734603619209,54266,2069,14661233.0,14964.0,27.58,22.3,12.6,1440095400.0
2015-08-20,271.15,271.85,264.05,266.55,267.07564548617466,54610,1136,14585001.0,7327.0,13.42,7.8,-4.6,1440009000.0
2015-08-19,276.5,278.45,272.0,273.45,275.5364928018066,31883,995,8784930.0,14939.0,46.86,6.45,-3.05,1439922600.0
2015-08-18,267.0,276.0,266.2,274.4,271.8037419156144,64940,1252,17650935.0,38628.0,59.48,9.8,7.4,1439836200.0
2015-08-17,262.55,269.4,259.2,267.15,265.2672440199382,35911,1122,9526012.0,11900.0,33.14,10.2,4.6,1439749800.0
2015-08-14,264.5,268.0,261.05,263.8,264.5011965528212,72291,1750,19121056.0,15611.0,21.59,6.95,-0.7,1439490600.0
2015-08-13,258.95,266.95,257.05,260.1,261.909232160009,70796,2051,18542126.0,20633.0,29.14,9.9,1.15,1439404200.0
2015-08-12,251.05,259.45,250.8,257.45,256.02525508121784,61255,1737,15682827.0,32334.0,52.79,8.65,6.4,1439317800.0
2015-08-11,262.95,262.95,251.3,252.05,255.81328960155489,32928,903,8423420.0,16037.0,48.7,11.65,-10.9,1439231400.0
2015-08-10,257.5,260.7,253.0,258.2,256.9368714197077,69303,1621,17806496.0,31846.0,45.95,7.7,0.7,1439145000.0
2015-08-07,266.0,267.0,252.6,253.85,258.7826418504816,70814,1687,18325434.0,27794.0,39.25,14.4,-12.15,1438885800.0
2015-08-06,275.0,276.1,261.1,263.6,267.02945015306483,84278,2087,22504708.0,29872.0,35.44,15.0,-11.4,1438799400.0
2015-08-05,295.9,297.4,287.15,290.0,291.5277162128164,83471,1566,24334110.0,34373.0,41.18,10.25,-5.9,1438713000.0
2015-08-04,293.45,296.0,288.15,293.6,293.04429942994295,66660,1333,19534333.0,24766.0,37.15,7.85,0.15,1438626600.0
2015-08-03,284.1,292.9,282.0,291.2,290.04329934545075,383470,1780,111222904.0,334408.0,87.21,10.9,7.1,1438540200.0
2015-07-31,286.7,297.0,282.0,282.8,288.27310335454166,117721,2704,33935798.0,34425.0,29.24,15.0,-3.9,1438281000.0
2015-07-30,280.15,287.0,279.5,284.45,283.8332674070693,98595,1998,27984541.0,37805.0,38.34,7.5,4.3,1438194600.0
2015-07-29,264.95,282.7,264.05,279.55,277.4194052881808,143868,2799,39911775.0,42392.0,29.47,18.65,14.6,1438108200.0
2015-07-28,265.9,268.4,264.0,264.9,265.8550091504812,33878,779,9006636.0,10021.0,29.58,4.4,-1.0,1438021800.0
2015-07-27,266.5,271.9,263.9,265.0,267.1606819304892,36426,852,9731595.0,14740.0,40.47,8.0,-1.5,1437935400.0
2015-07-24,270.0,272.6,264.2,266.25,268.77033492822966,31559,753,8482123.0,12727.0,40.33,8.4,-3.75,1437676200.0
2015-07-23,270.0,276.05,269.05,270.0,272.6948607840421,72190,1324,19685842.0,15812.0,21.9,7.0,0.0,1437589800.0
2015-07-22,265.95,270.85,265.0,268.25,267.9344379374375,28004,618,7503236.0,13411.0,47.89,5.85,2.3,1437503400.0
2015-07-21,271.95,277.5,264.7,265.85,269.647979387322,94699,1845,25535394.0,45392.0,47.93,12.8,-6.1,1437417000.0
2015-07-20,270.9,273.25,268.1,270.9,270.75944898241727,72230,1324,19556955.0,20981.0,29.05,5.15,0.0,1437330600.0
2015-07-17,266.0,275.4,265.4,268.85,271.59946330336777,149060,2618,40484616.0,51629.0,34.64,10.0,2.85,1437071400.0
2015-07-16,262.8,267.45,260.05,264.65,264.6402713835716,61905,1159,16382556.0,23541.0,38.03,7.4,1.85,1436985000.0
2015-07-15,258.95,262.95,258.45,260.8,260.4358902260713,53346,1068,13893213.0,20809.0,39.01,4.5,1.85,1436898600.0
2015-07-14,259.0,261.9,256.2,258.1,259.26602285530333,62130,1218,16108198.0,16311.0,26.25,5.7,-0.9,1436812200.0
2015-07-13,249.2,258.6,246.05,257.35,254.51222807379872,116208,2401,29576357.0,33356.0,28.7,12.55,8.15,1436725800.0
2015-07-10,241.95,251.8,241.95,247.45,247.49667263136965,85503,1779,21161708.0,23288.0,27.24,9.85,5.5,1436466600.0
2015-07-09,241.95,243.35,239.1,240.1,240.87469472936368,45042,887,10849478.0,13150.0,29.19,4.25,-1.85,1436380200.0
2015-07-08,245.05,245.05,239.25,241.6,241.76984816933867,49463,774,11958662.0,18765.0,37.94,5.8,-3.45,1436293800.0
2015-07-07,244.95,253.85,244.05,245.7,249.49614473872705,118669,2279,29607458.0,33005.0,27.81,9.8,0.75,1436207400.0
2015-07-06,237.0,247.7,234.0,244.85,241.85886510673467,70174,1285,16972204.0,23318.0,33.23,13.7,7.85,1436121000.0
2015-07-03,239.95,241.95,236.6,237.25,238.91638950480413,32472,617,7758093.0,10746.0,33.09,5.35,-2.7,1435861800.0
2015-07-02,239.95,243.0,239.0,239.6,241.08289148108872,22632,491,5456188.0,5387.0,23.8,4.0,-0.35,1435775400.0
2015-07-01,237.8,242.55,237.8,239.2,240.34704922599389,25129,472,6039681.0,9984.0,39.73,4.75,1.4,1435689000.0
2015-06-30,234.8,241.4,234.8,236.55,237.93246763988253,24181,747,5753445.0,6321.0,26.14,6.6,1.75,1435602600.0
2015-06-29,230.0,242.05,230.0,234.4,234.98256546702143,57128,986,13424084.0,27879.0,48.8,12.05,4.4,1435516200.0
2015-06-26,241.7,248.0,238.05,242.6,243.1630395737293,66812,1609,16246209.0,13866.0,20.75,9.95,0.9,1435257000.0
2015-06-25,242.7,247.8,238.05,240.4,241.52164518292227,93947,1509,22690234.0,45649.0,48.59,9.75,-2.3,1435170600.0
2015-06-24,226.95,256.4,226.0,241.0,245.1116819684172,272300,5316,66743911.0,86680.0,31.83,30.4,14.05,1435084200.0
2015-06-23,227.95,229.95,226.05,226.85,227.37937771988516,33779,796,7680648.0,8112.0,24.01,3.9,-1.1,1434997800.0
2015-06-22,226.8,231.7,226.5,227.5,228.809894728724,25933,670,5933727.0,3690.0,14.23,5.2,0.7,1434911400.0
2015-06-19,226.6,228.8,226.35,227.15,227.55570040792293,23779,461,5411047.0,6981.0,29.36,2.45,0.55,1434652200.0
2015-06-18,225.95,229.0,224.7,225.15,226.4837212162204,32527,487,7366836.0,19228.0,59.11,4.3,-0.8,1434565800.0
2015-06-17,225.0,230.95,223.5,225.0,227.8356419733248,31115,636,7089106.0,7386.0,23.74,7.45,0.0,1434479400.0
2015-06-16,225.0,226.95,223.25,224.7,225.28679811909748,50614,772,11402666.0,16571.0,32.74,3.7,-0.3,1434393000.0
2015-06-15,225.8,230.0,224.05,225.35,226.9750295945546,27032,810,6135589.0,3219.0,11.91,5.95,-0.45,1434306600.0
2015-06-12,227.05,227.95,221.65,224.45,224.4215895290784,37055,995,8315942.0,16094.0,43.43,6.3,-2.6,1434047400.0
2015-06-11,236.95,239.9,225.2,226.95,232.60461773425567,55655,1596,12945610.0,12689.0,22.8,14.7,-10.0,1433961000.0
2015-06-10,225.05,238.4,225.05,235.5,233.74380206144795,40457,1053,9456573.0,10856.0,26.83,13.35,10.45,1433874600.0
2015-06-09,226.05,228.95,222.15,223.95,225.37049597286983,14154,422,3189894.0,3117.0,22.02,6.8,-2.1,1433788200.0
2015-06-08,231.9,232.25,225.3,225.95,228.5191246551292,15948,591,3644423.0,6324.0,39.65,6.95,-5.95,1433701800.0
2015-06-05,232.95,235.15,229.05,231.0,232.47640078515343,22416,591,5211191.0,6757.0,30.14,6.1,-1.95,1433442600.0
2015-06-04,228.0,233.9,228.0,231.7,231.32070773263436,15260,411,3529954.0,4155.0,27.23,5.9,3.7,1433356200.0
2015-06-03,237.95,237.95,224.2,227.75,230.03052975576196,23256,584,5349590.0,10006.0,43.03,13.75,-10.2,1433269800.0
2015-06-02,240.1,240.25,236.55,237.1,237.961824293071,32429,641,7716864.0,10574.0,32.61,3.7,-3.0,1433183400.0
2015-06-01,239.95,241.7,237.15,239.8,239.57194913940145,25796,558,6179998.0,8887.0,34.45,4.55,-0.15,1433097000.0
2015-05-29,239.5,243.1,238.85,239.3,241.14639695798527,32084,742,7736941.0,4588.0,14.3,4.25,-0.2,1432837800.0
2015-05-28,239.95,244.95,238.05,239.85,241.92786673136015,55647,1237,13462560.0,7004.0,12.59,6.9,-0.1,1432751400.0
2015-05-27,233.2,241.95,230.75,238.9,237.78149759064408,55409,1361,13175235.0,9462.0,17.08,11.2,5.7,1432665000.0
2015-05-26,234.0,237.9,230.35,233.9,233.56824690858855,29679,685,6932072.0,7126.0,24.01,7.55,-0.1,1432578600.0
2015-05-25,238.15,242.0,233.15,234.25,236.68672297297297,29600,619,7005927.0,11473.0,38.76,8.85,-3.9,1432492200.0
2015-05-22,245.05,246.8,238.05,238.95,240.172213487072,45792,955,10997966.0,25659.0,56.03,8.75,-6.1,1432233000.0
2015-05-21,252.0,252.8,239.3,245.1,245.23363235166863,173345,3463,42510024.0,51387.0,29.64,13.5,-6.9,1432146600.0
2015-05-20,243.75,244.9,237.15,240.1,240.80115791307608,74617,1324,17967860.0,20293.0,27.2,7.75,-3.65,1432060200.0
2015-05-19,251.85,255.4,241.05,243.1,248.71393238332604,105122,2424,26145306.0,38258.0,36.39,14.35,-8.75,1431973800.0
2015-05-18,231.95,253.95,231.95,250.85,245.6742315069203,192910,3958,47393016.0,68912.0,35.72,22.0,18.9,1431887400.0
2015-05-15,219.65,234.4,219.05,230.75,229.8216960861096,99594,1934,22888862.0,31106.0,31.23,15.35,11.1,1431628200.0
2015-05-14,215.95,222.0,215.2,218.8,218.85856432125087,30954,732,6774548.0,4383.0,14.16,6.8,2.85,1431541800.0
2015-05-13,215.95,219.8,215.0,215.25,216.86732581492353,32365,664,7018911.0,6428.0,19.86,4.8,-0.7,1431455400.0
2015-05-12,216.6,220.45,215.0,215.15,217.49418401017567,54247,906,11798407.0,13052.0,24.06,5.45,-1.45,1431369000.0
2015-05-11,217.85,222.0,216.75,218.05,219.01814137763256,43161,816,9453042.0,10116.0,23.44,5.25,0.2,1431282600.0
2015-05-08,216.95,221.95,215.1,216.55,218.92565127832304,41265,1473,9033967.0,9485.0,22.99,6.85,-0.4,1431023400.0
2015-05-07,214.95,217.85,212.25,215.2,215.13318946552408,47729,1528,10268092.0,10692.0,22.4,5.6,0.25,1430937000.0
2015-05-06,220.7,223.85,213.25,214.4,216.23478664715157,71056,2524,15364779.0,15853.0,22.31,10.6,-6.3,1430850600.0
2015-05-05,221.05,224.4,220.1,220.45,222.09429209558516,59549,2324,13225493.0,11235.0,18.87,4.3,-0.6,1430764200.0
2015-05-04,216.05,224.8,216.05,221.1,221.0845987746432,56963,1733,12593642.0,11267.0,19.78,8.75,5.05,1430677800.0
2015-04-30,216.1,223.0,214.25,217.15,218.4615277563012,64670,2628,14127907.0,9482.0,14.66,8.75,1.05,1430332200.0
2015-04-29,215.45,220.0,213.6,215.75,217.36434637872904,46862,1811,10186128.0,11000.0,23.47,6.4,0.3,1430245800.0
2015-04-28,210.0,219.8,208.65,216.7,215.94629314490768,108124,3864,23348977.0,22905.0,21.18,11.15,6.7,1430159400.0
2015-04-27,227.05,227.05,210.2,212.75,218.69201312910283,36560,1758,7995380.0,20380.0,55.74,16.85,-14.3,1430073000.0
2015-04-24,236.95,236.95,225.65,227.15,229.94307651028876,48451,2140,11140972.0,19135.0,39.49,11.3,-9.8,1429813800.0
2015-04-23,237.0,247.65,234.1,236.1,239.93999963525613,109666,4966,26313260.0,26286.0,23.97,13.55,-0.9,1429727400.0
2015-04-22,225.95,242.45,225.95,234.25,235.7999743082108,132338,6594,31205297.0,18010.0,13.61,16.5,8.3,1429641000.0
2015-04-21,230.6,232.85,225.05,226.25,227.4343586890284,37743,1462,8584055.0,14489.0,38.39,7.8,-4.35,1429554600.0
2015-04-20,240.85,240.85,226.0,229.9,232.4858633764524,82021,2905,19068723.0,38882.0,47.4,14.85,-10.95,1429468200.0
2015-04-17,251.15,253.5,240.1,242.85,246.73582614253755,78225,3063,19300910.0,26159.0,33.44,13.4,-8.3,1429209000.0
2015-04-16,262.0,263.9,247.65,251.4,254.4687644792008,176978,7026,45035373.0,41910.0,23.68,16.25,-10.6,1429122600.0
2015-04-15,226.0,268.0,225.45,258.95,253.23740798140253,495552,18021,125492304.0,119267.0,24.07,42.55,32.95,1429036200.0
2015-04-13,224.4,229.8,224.0,226.7,227.5246871109364,61044,2065,13889017.0,22535.0,36.92,5.8,2.3,1428863400.0
2015-04-10,217.5,234.9,213.0,224.3,226.0994578190411,166734,6064,37698467.0,44114.0,26.46,21.9,6.8,1428604200.0
2015-04-09,217.5,223.9,216.5,217.3,219.51572703255073,60183,2525,13211115.0,18152.0,30.16,7.4,-0.2,1428517800.0
2015-04-08,216.95,219.9,215.9,217.05,217.43829997529036,40470,1300,8799728.0,14996.0,37.05,4.0,0.1,1428431400.0
2015-04-07,215.25,218.8,213.2,216.25,215.8001975608829,52642,1565,11360154.0,17309.0,32.88,5.6,1.0,1428345000.0
2015-04-06,209.8,216.35,206.5,214.4,213.44844991100604,75286,2468,16069680.0,21642.0,28.75,9.85,4.6,1428258600.0
2015-04-01,199.5,210.5,199.5,207.4,206.11294495989355,54106,2509,11151947.0,17351.0,32.07,11.0,7.9,1427826600.0
2015-03-31,198.5,204.4,198.5,200.1,200.9304954235072,34415,1122,6915023.0,13412.0,38.97,5.9,1.6,1427740200.0
2015-03-30,198.95,206.75,198.0,199.45,200.88621704653292,62171,2139,12489297.0,29212.0,46.99,8.75,0.5,1427653800.0
2015-03-27,197.55,199.7,195.0,196.7,195.99488795293055,31103,908,6096029.0,19719.0,63.4,4.7,-0.85,1427394600.0
2015-03-26,195.0,197.0,195.0,195.55,195.5282070240296,13525,457,2644519.0,9895.0,73.16,2.0,0.55,1427308200.0
2015-03-25,192.55,197.75,191.75,195.8,194.601083804725,21037,885,4093823.0,11257.0,53.51,6.0,3.25,1427221800.0
2015-03-24,194.45,196.15,191.3,192.35,193.13955867713747,36164,1175,6984699.0,19716.0,54.52,4.85,-2.1,1427135400.0
2015-03-23,202.0,205.6,191.35,192.4,196.7249590593036,37249,1646,7327808.0,18158.0,48.75,14.25,-9.6,1427049000.0
2015-03-20,207.3,209.6,201.1,202.4,205.20950594121325,33579,1427,6890730.0,8856.0,26.37,8.5,-4.9,1426789800.0
2015-03-19,205.9,214.3,205.1,208.05,209.5174720535164,79527,3265,16662296.0,23042.0,28.97,9.2,2.15,1426703400.0
2015-03-18,217.65,217.65,202.0,203.2,208.7001012487344,103705,3215,21643244.0,41177.0,39.71,15.65,-14.45,1426617000.0
2015-03-17,213.3,224.4,211.0,216.9,218.075012964971,212110,8897,46255891.0,48671.0,22.95,13.4,3.6,1426530600.0
2015-03-16,191.25,211.0,191.0,206.95,201.31138631797367,151805,6004,30560075.0,49415.0,32.55,20.0,15.7,1426444200.0
2015-03-13,192.0,196.0,189.2,189.4,192.8248722651644,30532,1362,5887329.0,12459.0,40.81,6.8,-2.6,1426185000.0
2015-03-12,190.2,196.15,188.65,192.2,191.81581410212516,43809,1727,8403259.0,19096.0,43.59,7.5,2.0,1426098600.0
2015-03-11,191.25,192.0,187.4,188.85,189.70094857713428,10015,443,1899855.0,4501.0,44.94,4.6,-2.4,1426012200.0
2015-03-10,190.4,194.6,186.65,187.85,190.0120337842888,13379,719,2542171.0,6306.0,47.13,7.95,-2.55,1425925800.0
2015-03-09,196.75,197.35,190.0,190.35,192.52658243300985,16383,712,3154163.0,7930.0,48.4,7.35,-6.4,1425839400.0
2015-03-05,186.5,201.0,182.6,196.85,196.33143811728849,68242,3406,13398050.0,16548.0,24.25,18.4,10.35,1425493800.0
2015-03-04,192.0,192.4,186.0,186.5,189.6710417527904,9676,472,1835257.0,3057.0,31.59,6.4,-5.5,1425407400.0
2015-03-03,189.4,193.5,188.0,190.2,190.45093323574005,19127,1794,3642755.0,9549.0,49.92,5.5,0.8,1425321000.0
2015-03-02,189.15,189.25,185.0,188.5,187.0105205479452,18250,721,3412942.0,10039.0,55.01,4.25,-0.65,1425234600.0
2015-02-28,192.4,192.65,187.4,188.6,189.46103896103895,8624,391,1633912.0,3858.0,44.74,5.25,-3.8,1425061800.0
2015-02-27,191.9,192.0,187.6,191.0,190.24654169360048,7735,560,1471557.0,2900.0,37.49,4.4,-0.9,1424975400.0
2015-02-26,187.45,193.7,185.0,191.05,189.20618491236985,15748,1053,2979619.0,7551.0,47.95,8.7,3.6,1424889000.0
2015-02-25,193.05,193.05,186.5,187.45,188.5615569647933,9146,469,1724584.0,5350.0,58.5,6.55,-5.6,1424802600.0
2015-02-24,192.0,194.5,189.1,189.75,191.948140003665,5457,333,1047461.0,2577.0,47.22,5.4,-2.25,1424716200.0
2015-02-23,193.0,194.5,189.65,190.15,191.5020408163265,6370,385,1219868.0,3759.0,59.01,4.85,-2.85,1424629800.0
2015-02-20,192.4,193.5,190.7,191.25,191.96842418826333,6714,350,1288876.0,4103.0,61.11,2.8,-1.15,1424370600.0
2015-02-19,194.85,197.9,190.15,191.5,191.95658390744833,7693,527,1476722.0,3523.0,45.79,7.75,-3.35,1424284200.0
2015-02-18,192.0,198.4,191.15,195.25,195.1174097444916,29001,1128,5658600.0,11980.0,41.31,7.25,3.25,1424197800.0
2015-02-16,194.9,196.0,189.0,190.75,192.2602379095164,10256,520,1971821.0,4300.0,41.93,7.0,-4.15,1424025000.0
2015-02-13,202.5,205.0,193.1,194.6,199.17584080065168,25779,1240,5134554.0,11305.0,43.85,11.9,-7.9,1423765800.0
2015-02-12,190.0,201.8,184.75,198.75,195.1522638283792,54399,2311,10616088.0,19015.0,34.95,17.05,8.75,1423679400.0
2015-02-11,184.85,188.1,182.95,185.2,184.95118520081593,14217,672,2629451.0,5318.0,37.41,5.15,0.35,1423593000.0
2015-02-10,180.05,184.0,180.0,182.05,182.2324819013796,14642,585,2668248.0,7879.0,53.81,4.0,2.0,1423506600.0
2015-02-09,187.0,187.0,181.25,182.35,184.19428305833137,12909,506,2377764.0,7046.0,54.58,5.75,-4.65,1423420200.0
2015-02-06,192.5,194.4,187.1,189.2,191.0501801681569,22479,1068,4294617.0,9704.0,43.17,7.3,-3.3,1423161000.0
2015-02-05,195.1,205.75,191.0,193.05,200.3051294992368,162472,6381,32543975.0,44175.0,27.19,14.75,-2.05,1423074600.0
2015-02-04,190.2,193.9,188.6,191.2,191.4171331224142,24654,1122,4719198.0,7453.0,30.23,5.3,1.0,1422988200.0
2015-02-03,195.65,197.45,188.6,189.15,192.77208156718984,17458,854,3365415.0,7559.0,43.3,8.85,-6.5,1422901800.0
2015-02-02,189.1,195.8,188.35,194.35,192.69728413362276,18889,902,3639859.0,5888.0,31.17,7.45,5.25,1422815400.0
2015-01-30,182.0,192.0,180.0,189.9,185.94580193347036,26274,1334,4885540.0,9951.0,37.87,12.0,7.9,1422556200.0
2015-01-29,187.65,188.2,180.8,181.95,183.6577872269468,23988,1333,4405583.0,11836.0,49.34,7.4,-5.7,1422469800.0
2015-01-28,192.0,193.9,187.0,187.9,189.78985679246773,25278,1096,4797508.0,12853.0,50.85,6.9,-4.1,1422383400.0
2015-01-27,198.0,198.9,192.0,193.0,194.64750508368527,12786,606,2488763.0,8108.0,63.41,6.9,-5.0,1422297000.0
2015-01-23,198.65,202.2,195.05,195.7,197.56275873488988,12078,761,2386163.0,6675.0,55.27,7.15,-2.95,1421951400.0
2015-01-22,198.35,200.3,197.0,197.3,198.30741479160727,10533,635,2088772.0,6574.0,62.41,3.3,-1.05,1421865000.0
2015-01-21,203.0,204.0,196.5,197.4,199.66365062761503,19120,802,3817569.0,8015.0,41.92,7.5,-5.6,1421778600.0
2015-01-20,197.85,204.85,196.4,202.25,200.2017642279568,25847,1855,5174615.0,10727.0,41.5,8.45,4.4,1421692200.0
2015-01-19,199.35,200.1,195.6,196.05,197.265287029414,26722,1111,5271323.0,15160.0,56.73,4.5,-3.3,1421605800.0
2015-01-16,200.8,203.5,198.0,199.6,201.27929814427037,13849,507,2787517.0,9193.0,66.38,5.5,-1.2,1421346600.0
2015-01-15,204.0,204.95,201.0,201.85,202.36055317747775,9111,449,1843707.0,5513.0,60.51,3.95,-2.15,1421260200.0
2015-01-14,201.75,203.75,199.45,200.3,201.62033701336432,8605,304,1734943.0,6389.0,74.25,4.3,-1.45,1421173800.0
2015-01-13,200.0,205.5,199.5,201.2,202.6569484366751,17047,721,3454693.0,9742.0,57.15,6.0,1.2,1421087400.0
2015-01-12,195.25,201.7,195.25,200.0,198.77947845804988,12348,800,2454529.0,5234.0,42.39,6.45,4.75,1421001000.0
2015-01-09,202.25,204.0,199.0,200.75,201.3941660867548,17244,690,3472841.0,7385.0,42.83,5.0,-1.5,1420741800.0
2015-01-08,201.0,204.0,199.5,202.45,202.1372295172924,5407,344,1092956.0,2351.0,43.48,4.5,1.45,1420655400.0
2015-01-07,199.9,199.9,195.0,197.0,197.676921919663,13294,585,2627917.0,8703.0,65.47,4.9,-2.9,1420569000.0
2015-01-06,207.8,207.8,199.0,199.75,200.75840056742615,11279,569,2264354.0,6394.0,56.69,8.8,-8.05,1420482600.0
2015-01-05,204.1,207.5,201.85,204.15,204.15859832305011,12642,748,2580973.0,2401.0,18.99,5.65,0.05,1420396200.0
2015-01-02,208.0,209.4,203.05,204.35,206.4488672453949,14169,512,2925174.0,7224.0,50.98,6.35,-3.65,1420137000.0
2015-01-01,201.0,207.95,201.0,206.1,205.5463043101956,11554,654,2374882.0,4615.0,39.94,6.95,5.1,1420050600.0
2014-12-31,200.55,202.5,199.35,201.45,201.11085646379763,11781,382,2369287.0,5864.0,49.78,3.15,0.9,1419964200.0
2014-12-30,198.55,202.4,198.55,200.5,199.98857664075052,23023,1474,4604337.0,7767.0,33.74,3.85,1.95,1419877800.0
2014-12-29,197.75,199.75,195.65,198.5,198.3312739296902,11492,630,2279223.0,3747.0,32.61,4.1,0.75,1419791400.0
2014-12-26,200.0,202.15,196.05,196.9,198.27422311266463,23459,995,4651315.0,7744.0,33.01,6.1,-3.1,1419532200.0
2014-12-24,205.25,205.25,198.2,200.45,202.3678405135392,22121,1165,4476579.0,9616.0,43.47,7.05,-4.8,1419359400.0
2014-12-23,195.0,201.6,195.0,199.8,199.5206375330244,23089,655,4606732.0,15214.0,65.89,6.6,4.8,1419273000.0
2014-12-22,200.4,201.0,195.0,195.85,197.26508779093507,24490,1198,4831022.0,10645.0,43.47,6.0,-4.55,1419186600.0
2014-12-19,203.0,205.0,197.0,198.65,201.3850397877984,9425,656,1898054.0,3687.0,39.12,8.0,-4.35,1418927400.0
2014-12-18,200.1,207.95,200.1,201.9,203.07317864676293,12326,644,2503080.0,5784.0,46.93,7.85,1.8,1418841000.0
2014-12-17,195.55,203.8,187.0,199.1,194.41144365409565,44706,2959,8691358.0,14223.0,31.81,16.8,3.55,1418754600.0
2014-12-16,206.4,208.5,196.6,200.6,202.70042402692476,52591,3081,10660218.0,18752.0,35.66,11.9,-5.8,1418668200.0
2014-12-15,211.0,212.3,200.1,210.8,207.421706246693,32129,1796,6664252.0,10056.0,31.3,12.2,-0.2,1418581800.0
2014-12-12,214.8,219.0,211.1,212.55,215.4492748420448,27856,1962,6001555.0,10507.0,37.72,7.9,-2.25,1418322600.0
2014-12-11,215.0,215.5,209.05,213.7,212.37488160636485,21116,855,4484508.0,7909.0,37.46,6.45,-1.3,1418236200.0
2014-12-10,212.0,217.35,212.0,215.3,215.30897794889745,11428,717,2460551.0,4690.0,41.04,5.35,3.3,1418149800.0
2014-12-09,217.1,220.0,212.55,213.2,216.45818626120007,14732,831,3188862.0,6927.0,47.02,7.45,-3.9,1418063400.0
2014-12-08,222.0,223.35,217.6,220.25,219.85966002396697,22531,1045,4953658.0,8761.0,38.88,5.75,-1.75,1417977000.0
2014-12-05,219.5,222.6,216.75,220.3,219.77137721125956,24477,950,5379344.0,11032.0,45.07,5.85,0.8,1417717800.0
2014-12-04,220.1,228.4,217.5,218.8,221.1071891514608,60174,2387,13304904.0,23806.0,39.56,10.9,-1.3,1417631400.0
2014-12-03,217.0,218.25,214.0,214.45,216.5278639426677,18698,718,4048638.0,8060.0,43.11,4.25,-2.55,1417545000.0
2014-12-02,214.9,221.0,214.9,216.15,217.36428716835175,29474,1239,6406595.0,10187.0,34.56,6.1,1.25,1417458600.0
2014-12-01,213.9,217.0,210.65,213.4,213.6633898305085,14750,763,3151535.0,5723.0,38.8,6.35,-0.5,1417372200.0
2014-11-28,218.6,219.85,211.6,212.8,215.7696008798057,21823,1085,4708740.0,8030.0,36.8,8.25,-5.8,1417113000.0
2014-11-27,209.3,223.0,205.55,215.55,213.97374148971167,79022,3409,16908633.0,27968.0,35.39,17.45,6.25,1417026600.0
2014-11-26,198.0,209.65,197.4,207.9,206.50267794392073,41263,2238,8520920.0,8090.0,19.61,12.25,9.9,1416940200.0
2014-11-25,202.05,202.05,195.55,198.45,198.53853058969756,28964,2038,5750470.0,15585.0,53.81,6.5,-3.6,1416853800.0
2014-11-24,206.75,209.85,201.5,202.25,204.25757663556817,17257,933,3524873.0,7374.0,42.73,8.35,-4.5,1416767400.0
2014-11-21,210.95,215.1,205.2,206.25,208.85466540999056,26525,1139,5539870.0,13431.0,50.64,9.9,-4.7,1416508200.0
2014-11-20,213.0,214.7,209.0,209.45,211.0050387596899,30960,1418,6532716.0,15532.0,50.17,5.7,-3.55,1416421800.0
2014-11-19,218.6,219.4,212.0,213.3,215.1455650186955,19256,995,4142843.0,10062.0,52.25,7.4,-5.3,1416335400.0
2014-11-18,220.0,223.05,216.5,217.2,218.92768999590183,21961,1042,4807871.0,12217.0,55.63,6.55,-2.8,1416249000.0
2014-11-17,217.4,221.5,216.8,220.0,219.2872298365841,15176,896,3327903.0,5962.0,39.29,4.7,2.6,1416162600.0
2014-11-14,217.4,220.5,215.0,218.0,217.84323598522997,17874,908,3893730.0,8228.0,46.03,5.5,0.6,1415903400.0
2014-11-13,224.9,224.9,216.4,217.4,219.71606864274568,12820,663,2816760.0,7388.0,57.63,8.5,-7.5,1415817000.0
2014-11-12,221.0,226.25,219.4,223.35,222.7414875216209,40470,1285,9014348.0,23770.0,58.73,6.85,2.35,1415730600.0
2014-11-11,225.0,225.7,213.25,217.5,218.61729627630868,74120,2895,16203914.0,31876.0,43.01,12.45,-7.5,1415644200.0
2014-11-10,229.8,232.5,227.55,228.65,229.76361471695213,26038,1826,5982585.0,8788.0,33.75,4.95,-1.15,1415557800.0
2014-11-07,225.0,229.0,224.0,225.25,226.3282933847281,36839,2061,8337708.0,16805.0,45.62,5.0,0.25,1415298600.0
2014-11-05,226.25,232.45,223.8,225.2,227.10333563907463,26022,943,5909683.0,13806.0,53.06,8.65,-1.05,1415125800.0
2014-11-03,231.0,231.6,227.05,230.1,229.320116452011,31601,1538,7246745.0,12919.0,40.88,4.55,-0.9,1414953000.0
2014-10-31,233.7,234.0,228.5,229.95,231.5622974199404,15426,751,3572080.0,6955.0,45.09,5.5,-3.75,1414693800.0
2014-10-30,227.45,233.0,225.55,231.2,229.2069990687012,27918,1101,6399001.0,13735.0,49.2,7.45,3.75,1414607400.0
2014-10-29,232.5,237.0,226.95,228.25,232.07882086418388,36196,1684,8400325.0,13476.0,37.23,10.05,-4.25,1414521000.0
2014-10-28,221.5,232.0,220.0,230.4,227.16019354838707,62000,2543,14083932.0,18456.0,29.77,12.0,8.9,1414434600.0
2014-10-27,222.2,223.6,219.45,220.9,221.37998673363023,10553,572,2336223.0,3039.0,28.8,4.15,-1.3,1414348200.0
2014-10-23,219.6,222.35,218.0,220.8,220.30224719101125,7120,407,1568552.0,3642.0,51.15,4.35,1.2,1414002600.0
2014-10-22,217.0,220.5,216.9,217.7,218.3686676195013,12594,808,2750135.0,4788.0,38.02,3.6,0.7,1413916200.0
2014-10-21,216.75,219.85,213.05,214.2,215.94347054254965,18026,894,3892597.0,6593.0,36.57,6.8,-2.55,1413829800.0
2014-10-20,216.55,224.0,212.95,213.9,215.86668068994527,23770,922,5131151.0,10966.0,46.13,11.05,-2.65,1413743400.0
2014-10-17,219.25,219.9,212.7,213.2,215.60496794871796,22464,985,4843350.0,9271.0,41.27,7.2,-6.05,1413484200.0
2014-10-16,227.95,230.55,214.9,218.55,222.40334923921847,22214,882,4940468.0,11216.0,50.49,15.65,-9.4,1413397800.0
2014-10-14,231.85,234.5,227.5,230.1,230.34719493122668,24937,982,5744168.0,8293.0,33.26,7.0,-1.75,1413225000.0
2014-10-13,228.0,232.4,225.35,230.65,229.44322714460455,18803,754,4314221.0,6954.0,36.98,7.05,2.65,1413138600.0
2014-10-10,228.0,234.2,227.55,229.45,230.56379919181623,54938,1572,12666714.0,27178.0,49.47,6.65,1.45,1412879400.0
2014-10-09,223.4,232.2,221.95,231.25,227.80602906607132,67639,2285,15408572.0,25075.0,37.07,10.25,7.85,1412793000.0
2014-10-08,223.7,226.0,220.8,221.15,222.26599226420709,23527,1009,5229252.0,8726.0,37.09,5.2,-2.55,1412706600.0
2014-10-07,221.0,224.85,219.75,220.9,221.43678734914687,24030,1567,5321126.0,10597.0,44.1,5.1,-0.1,1412620200.0
2014-10-01,226.3,228.8,218.8,220.95,222.6567732817157,32547,1317,7246810.0,11219.0,34.47,10.0,-5.35,1412101800.0
2014-09-30,214.6,227.1,214.6,223.85,223.65232095406404,78653,3070,17590926.0,24489.0,31.14,12.5,9.25,1412015400.0
2014-09-29,212.2,217.7,211.0,214.0,214.76536848838035,28142,1187,6043927.0,9209.0,32.72,6.7,1.8,1411929000.0
2014-09-26,214.75,219.15,209.05,211.55,213.13704656905367,57506,2752,12256659.0,14881.0,25.88,10.1,-3.2,1411669800.0
2014-09-25,221.5,223.65,212.0,214.3,217.84399937817392,38596,1605,8407907.0,9674.0,25.06,11.65,-7.2,1411583400.0
2014-09-24,227.9,231.45,216.6,218.55,225.23128345111937,279886,8373,63039083.0,63639.0,22.74,14.85,-9.35,1411497000.0
2014-09-23,224.5,225.9,214.55,224.6,221.33289090388337,143149,3656,31683582.0,69583.0,48.61,11.35,0.1,1411410600.0
2014-09-22,222.5,229.65,221.0,223.05,224.45451297077108,55972,1949,12563168.0,20453.0,36.54,8.65,0.55,1411324200.0
2014-09-19,222.15,228.3,220.9,221.85,223.7809500369185,28441,1154,6364554.0,10891.0,38.29,7.4,-0.3,1411065000.0
2014-09-18,223.0,232.0,218.2,224.6,226.46850577006217,60138,2149,13619363.0,27988.0,46.54,13.8,1.6,1410978600.0
2014-09-17,227.75,230.95,216.9,221.65,222.186062005863,45028,1749,10004594.0,15231.0,33.83,14.05,-6.1,1410892200.0
2014-09-16,244.7,246.0,223.95,225.9,232.78719046732448,59081,2339,13753300.0,21109.0,35.73,22.05,-18.8,1410805800.0
2014-09-15,235.9,250.0,233.85,243.0,244.54731974748037,72232,3113,17664142.0,15919.0,22.04,16.15,7.1,1410719400.0
2014-09-12,239.7,242.45,232.1,235.85,236.64896772317533,51585,1779,12207537.0,18488.0,35.84,10.35,-3.85,1410460200.0
2014-09-11,243.0,248.0,238.0,239.7,243.24288625852475,51028,1780,12412198.0,19426.0,38.07,10.0,-3.3,1410373800.0
2014-09-10,246.0,250.1,240.0,242.0,245.06890560260507,82301,3553,20169416.0,20424.0,24.82,10.1,-4.0,1410287400.0
2014-09-09,226.45,257.45,226.0,246.6,247.08324947594755,370669,13177,91586101.0,53713.0,14.49,31.45,20.15,1410201000.0
2014-09-08,226.0,229.8,223.2,224.65,226.67700271384055,39796,1868,9020838.0,15409.0,38.72,6.6,-1.35,1410114600.0
2014-09-05,225.35,229.25,222.0,225.9,225.0775474956822,46320,1497,10425592.0,15396.0,33.24,7.25,0.55,1409855400.0
2014-09-04,231.4,231.4,222.0,225.35,225.4169767272197,54828,1978,12359162.0,18468.0,33.68,9.4,-6.05,1409769000.0
2014-09-03,221.5,233.0,219.85,231.6,228.50787421216305,180399,5658,41222592.0,35733.0,19.81,13.15,10.1,1409682600.0
2014-09-02,225.05,228.5,220.5,221.45,224.5804163535445,75849,3328,17034200.0,23465.0,30.94,8.0,-3.6,1409596200.0
2014-09-01,211.35,226.0,210.3,222.85,221.5542743207576,192089,7230,42558139.0,44396.0,23.11,15.7,11.5,1409509800.0
2014-08-28,213.35,213.35,209.0,209.95,210.74084802954096,31414,1493,6620213.0,14874.0,47.35,4.35,-3.4,1409164200.0
2014-08-27,211.3,215.0,208.5,212.0,212.297123206816,38967,1734,8272582.0,15034.0,38.58,6.5,0.7,1409077800.0
2014-08-26,211.7,215.0,204.6,209.95,210.10001711644887,52581,2270,11047269.0,17523.0,33.33,10.4,-1.75,1408991400.0
2014-08-25,212.95,218.5,210.0,210.75,214.50320901450849,95668,3959,20521093.0,18711.0,19.56,8.5,-2.2,1408905000.0
2014-08-22,212.8,216.35,211.4,212.2,213.57397559146384,58668,2683,12529958.0,15765.0,26.87,4.95,-0.6,1408645800.0
2014-08-21,211.5,217.7,210.05,210.75,213.32847045068027,75264,2900,16055954.0,29351.0,39.0,7.65,-0.75,1408559400.0
2014-08-20,210.9,214.85,209.2,211.0,212.32948655932557,72355,2930,15363100.0,25647.0,35.45,5.65,0.1,1408473000.0
2014-08-19,212.15,216.65,208.6,210.15,212.9462980134812,112156,4519,23883205.0,35541.0,31.69,8.05,-2.0,1408386600.0
2014-08-18,204.0,213.0,200.8,210.4,208.84635722456647,132001,5021,27567928.0,33256.0,25.19,12.2,6.4,1408300200.0
2014-08-14,199.1,205.0,193.7,204.05,200.8294699912292,87791,4182,17631020.0,18004.0,20.51,11.3,4.95,1407954600.0
2014-08-13,203.85,208.05,192.9,198.8,201.3079054576409,115123,5255,23175170.0,24150.0,20.98,15.15,-5.05,1407868200.0
2014-08-12,208.45,211.9,201.7,203.15,207.4543005690853,191184,7177,39661943.0,47784.0,24.99,10.2,-5.3,1407781800.0
2014-08-11,188.7,210.4,187.9,206.5,203.30362479789648,489848,17007,99587874.0,82742.0,16.89,22.5,17.8,1407695400.0
2014-08-08,187.0,187.9,182.0,183.45,184.67981360357072,71246,2998,13157698.0,19242.0,27.01,5.9,-3.55,1407436200.0
2014-08-07,195.0,195.95,187.2,189.0,190.7488846958328,136734,4895,26081858.0,31109.0,22.75,8.75,-6.0,1407349800.0
2014-08-06,184.0,200.0,183.45,196.4,194.40217053264485,713834,20085,138770879.0,144386.0,20.23,16.55,12.4,1407263400.0
2014-08-05,172.0,174.0,169.0,170.6,170.85203992295567,28555,972,4878680.0,12308.0,43.1,5.0,-1.4,1407177000.0
2014-08-04,167.2,174.0,167.2,170.25,170.93543765196247,23032,934,3936985.0,11376.0,49.39,6.8,3.05,1407090600.0
2014-08-01,171.0,174.0,167.1,168.25,170.67667518455423,28176,958,4808986.0,17526.0,62.2,6.9,-2.75,1406831400.0
2014-07-31,175.8,178.8,173.4,173.95,175.98287102652358,24695,1136,4345897.0,11113.0,45.0,5.4,-1.85,1406745000.0
2014-07-30,175.85,179.25,173.3,176.05,176.18281279473982,37109,1831,6537968.0,11556.0,31.14,5.95,0.2,1406658600.0
2014-07-28,176.4,180.85,173.3,175.25,176.4387341026048,44111,2213,7782889.0,15200.0,34.46,7.55,-1.15,1406485800.0
2014-07-25,176.0,183.65,171.5,176.1,178.1604137953576,183569,5720,32704729.0,55858.0,30.43,12.15,0.1,1406226600.0
2014-07-24,175.85,181.8,174.3,175.35,177.41026102112235,72293,2575,12825520.0,25091.0,34.71,7.5,-0.5,1406140200.0
2014-07-23,179.9,182.5,172.5,175.4,177.65384588541556,143283,4792,25454776.0,38044.0,26.55,10.0,-4.5,1406053800.0
2014-07-22,162.95,179.9,162.95,177.95,173.42344461750005,306902,9352,53224002.0,84693.0,27.6,16.95,15.0,1405967400.0
2014-07-21,162.8,164.5,160.0,161.8,162.28918561289547,16626,722,2698220.0,9274.0,55.78,4.5,-1.0,1405881000.0
2014-07-18,163.7,166.6,160.25,162.5,163.73806155991633,50195,1839,8218832.0,26141.0,52.08,6.35,-1.2,1405621800.0
2014-07-17,153.95,163.0,153.6,162.15,159.95005074424898,59120,2992,9456247.0,18312.0,30.97,9.4,8.2,1405535400.0
2014-07-16,151.95,154.0,151.0,153.15,152.7698634470396,18967,1132,2897586.0,6286.0,33.14,3.0,1.2,1405449000.0
2014-07-15,151.95,153.7,149.65,150.95,151.19287930752898,24492,1653,3703016.0,4357.0,17.79,4.05,-1.0,1405362600.0
2014-07-14,152.2,153.9,148.4,151.6,151.81822404859747,27985,1054,4248633.0,19260.0,68.82,5.5,-0.6,1405276200.0
2014-07-11,155.2,160.25,153.0,154.2,155.87248091603053,26200,965,4083859.0,14188.0,54.15,7.25,-1.0,1405017000.0
2014-07-10,156.1,161.0,154.0,157.3,156.76938554403344,19383,967,3038661.0,9734.0,50.22,7.0,1.2,1404930600.0
2014-07-09,157.95,159.0,154.7,156.1,156.8104598104598,34188,1099,5361036.0,23007.0,67.3,4.3,-1.85,1404844200.0
2014-07-08,163.2,163.4,155.3,157.15,160.36206676860346,31392,1100,5034086.0,16024.0,51.04,8.1,-6.05,1404757800.0
2014-07-07,163.5,165.05,159.5,162.1,163.10464082144156,49474,2089,8069439.0,22568.0,45.62,5.55,-1.4,1404671400.0
2014-07-04,166.35,167.5,160.2,161.5,163.26587167343257,35472,1331,5791367.0,20530.0,57.88,7.3,-4.85,1404412200.0
2014-07-03,167.0,167.15,162.0,164.95,163.53009009009008,24975,877,4084164.0,14630.0,58.58,5.15,-2.05,1404325800.0
2014-07-02,162.45,168.5,162.35,166.45,165.20220655887223,124991,4465,20648789.0,54506.0,43.61,6.15,4.0,1404239400.0
2014-07-01,156.45,163.4,154.1,160.9,160.02540584724176,105212,3743,16836593.0,29466.0,28.01,9.3,4.45,1404153000.0
2014-06-30,153.25,158.4,152.0,156.15,156.66099322620258,75733,2212,11864407.0,44128.0,58.27,6.4,2.9,1404066600.0
2014-06-27,152.0,154.2,151.25,152.2,152.53344671201813,29988,1367,4574173.0,13129.0,43.78,2.95,0.2,1403807400.0
2014-06-26,150.15,155.0,150.1,151.5,152.87540317763708,58597,2040,8958040.0,23141.0,39.49,4.9,1.35,1403721000.0
2014-06-25,150.75,151.8,149.25,150.25,150.06800228031597,36837,735,5528055.0,28953.0,78.6,2.55,-0.5,1403634600.0
2014-06-24,146.05,152.0,145.5,149.7,149.8036137746159,77592,2595,11623562.0,36831.0,47.47,6.5,3.65,1403548200.0
2014-06-23,144.5,146.85,141.2,145.15,144.32690012970167,38550,1292,5563802.0,16801.0,43.58,5.65,0.65,1403461800.0
2014-06-20,142.6,148.1,140.95,143.85,144.434756694623,46978,2373,6785256.0,12774.0,27.19,7.15,1.25,1403202600.0
2014-06-19,144.0,146.0,140.4,142.2,142.49982757431547,28998,1251,4132210.0,9714.0,33.5,5.6,-1.8,1403116200.0
2014-06-18,146.95,149.0,142.6,143.55,145.18850001259858,39687,1824,5762096.0,17151.0,43.22,6.4,-3.4,1403029800.0
2014-06-17,147.55,151.55,145.65,146.6,148.6890270990671,40518,1980,6024582.0,17653.0,43.57,5.9,-0.95,1402943400.0
2014-06-16,146.9,148.6,145.0,147.2,146.88709998012325,25155,1152,3694945.0,10547.0,41.93,3.6,0.3,1402857000.0
2014-06-13,152.9,153.85,145.0,145.7,148.748972619696,40394,1496,6008566.0,19060.0,47.19,8.85,-7.2,1402597800.0
2014-06-12,148.6,154.85,148.55,151.8,152.10163242047395,59666,2043,9075296.0,23931.0,40.11,6.3,3.2,1402511400.0
2014-06-11,151.0,155.0,148.6,149.75,151.9887183364839,66125,2568,10050254.0,24164.0,36.54,6.4,-1.25,1402425000.0
2014-06-10,149.5,153.0,146.9,150.45,150.69046621338487,73979,2561,11147930.0,27576.0,37.28,6.1,0.95,1402338600.0
2014-06-09,143.1,149.0,143.1,148.0,146.50971402726097,48641,1488,7126379.0,26658.0,54.81,5.9,4.9,1402252200.0
2014-06-06,147.5,148.6,142.6,143.2,144.80376103821817,55942,1759,8100612.0,32729.0,58.51,6.0,-4.3,1401993000.0
2014-06-05,148.4,149.9,145.6,146.4,147.027320512417,31771,753,4671205.0,22729.0,71.54,4.3,-2.0,1401906600.0
2014-06-04,146.35,150.0,145.4,147.5,147.13381032120566,59121,1714,8698698.0,38087.0,64.42,4.6,1.15,1401820200.0
2014-06-03,146.5,148.0,145.5,145.85,146.5753183350949,19869,600,2912305.0,10560.0,53.15,2.5,-0.65,1401733800.0
2014-06-02,145.35,147.0,145.15,146.35,146.25857079952192,31794,690,4650145.0,24037.0,75.6,1.85,1.0,1401647400.0
2014-05-30,140.15,147.4,139.95,144.4,144.69201258446057,75331,2727,10899794.0,20897.0,27.74,7.45,4.25,1401388200.0
2014-05-29,145.5,145.9,136.75,138.65,139.4639131681838,66243,2445,9238508.0,31860.0,48.1,9.15,-6.85,1401301800.0
2014-05-28,144.5,149.5,143.2,144.2,146.20227381052513,71334,2260,10429193.0,51324.0,71.95,6.3,-0.3,1401215400.0
2014-05-27,153.35,153.35,143.0,146.95,146.49121618969104,101892,3105,14926283.0,47143.0,46.27,10.35,-6.4,1401129000.0
2014-05-26,156.15,160.9,152.2,156.75,156.6404779429037,127714,3758,20005182.0,58201.0,45.57,8.7,0.6,1401042600.0
2014-05-23,153.7,157.45,152.3,155.0,154.96176568573014,90050,2636,13954307.0,54074.0,60.05,5.15,1.3,1400783400.0
2014-05-22,153.0,155.0,151.0,152.5,152.611290634819,67153,1720,10248306.0,37276.0,55.51,4.0,-0.5,1400697000.0
2014-05-21,148.5,155.35,145.2,152.0,152.436529353453,145264,3989,22143540.0,49673.0,34.19,10.15,3.5,1400610600.0
2014-05-20,141.7,149.0,138.9,147.15,144.9953254323975,72734,2465,10546090.0,32003.0,44.0,10.1,5.45,1400524200.0
2014-05-19,147.05,147.05,136.65,139.25,140.20990212383109,73358,2864,10285518.0,44010.0,59.99,10.4,-7.8,1400437800.0
2014-05-16,150.0,150.0,143.3,145.2,145.4203020765883,66407,2011,9656926.0,36601.0,55.12,6.7,-4.8,1400178600.0
2014-05-15,150.0,152.35,147.65,148.65,149.6300461844026,41789,1334,6252890.0,19142.0,45.81,4.7,-1.35,1400092200.0
2014-05-14,147.05,153.0,146.3,148.1,149.39145864419083,49594,2117,7408920.0,20630.0,41.6,6.7,1.05,1400005800.0
2014-05-13,148.7,151.0,144.55,145.05,147.41547386044755,42407,2057,6251448.0,17354.0,40.92,6.45,-3.65,1399919400.0
2014-05-12,151.55,152.0,145.6,146.45,147.40793980915095,32696,1620,4819650.0,17307.0,52.93,6.4,-5.1,1399833000.0
2014-05-09,152.7,154.0,148.1,149.85,150.9950231159841,39583,1828,5976836.0,15301.0,38.66,5.9,-2.85,1399573800.0
2014-05-08,156.4,159.65,153.05,154.25,156.86113200706936,110335,3329,17307273.0,27768.0,25.17,6.6,-2.15,1399487400.0
2014-05-07,147.85,156.5,147.85,154.3,153.7555616468395,91205,3603,14023276.0,30295.0,33.22,8.65,6.45,1399401000.0
2014-05-06,148.55,148.6,143.0,146.9,145.67005293159608,49120,2000,7155313.0,16802.0,34.21,5.6,-1.65,1399314600.0
2014-05-05,153.4,159.7,145.1,147.75,150.97423373681602,42381,1346,6398439.0,11992.0,28.3,14.6,-5.65,1399228200.0
2014-05-02,155.15,157.2,151.55,153.6,153.97330784128718,40274,1331,6201121.0,16038.0,39.82,5.65,-1.55,1398969000.0
2014-04-30,162.95,164.6,146.5,153.05,155.4488235386574,127246,3693,19780241.0,42951.0,33.75,18.1,-9.9,1398796200.0
2014-04-29,161.9,166.6,161.4,162.6,164.17064938088117,111691,3631,18336384.0,42784.0,38.31,5.2,0.7,1398709800.0
2014-04-28,158.0,162.55,154.0,160.65,159.42368929656104,65194,2508,10393468.0,19384.0,29.73,8.55,2.65,1398623400.0
2014-04-25,158.0,162.0,155.35,156.95,158.59698289269053,96450,2476,15296679.0,27742.0,28.76,6.65,-1.05,1398364200.0
2014-04-23,155.5,165.0,155.5,157.65,160.271251563412,299825,9110,48053328.0,68033.0,22.69,9.5,2.15,1398191400.0
2014-04-22,149.7,158.75,149.3,152.75,154.1304230360834,318318,10399,49062488.0,92136.0,28.94,9.45,3.05,1398105000.0
2014-04-21,140.0,149.95,139.8,148.4,147.0362400534133,274089,7185,40301016.0,96254.0,35.12,10.15,8.4,1398018600.0
2014-04-17,138.75,141.0,137.55,139.45,139.79940389157576,35564,1171,4971826.0,17903.0,50.34,3.45,0.7,1397673000.0
2014-04-16,140.95,143.25,135.7,137.55,139.12692658790533,75587,2806,10516187.0,35087.0,46.42,7.55,-3.4,1397586600.0
2014-04-15,139.9,144.35,132.0,140.1,141.24789661275852,123729,4341,17476461.0,38004.0,30.72,12.35,0.2,1397500200.0
2014-04-11,135.0,140.3,134.25,138.9,137.8566787620875,52637,1944,7256362.0,22324.0,42.41,6.05,3.9,1397154600.0
2014-04-10,141.05,142.9,135.2,135.7,138.69027898866608,68820,2271,9544665.0,34019.0,49.43,7.7,-5.35,1397068200.0
2014-04-09,137.0,143.5,137.0,141.15,140.7924970876232,127044,3550,17886842.0,48918.0,19.25,6.5,4.15,1396981800.0
2014-04-07,138.0,140.9,135.0,137.05,137.53523619975311,209018,3193,28747340.0,129772.0,31.04,5.9,-0.95,1396809000.0
2014-04-04,131.95,136.5,130.0,135.5,134.4897158704277,155774,2558,20950001.0,68705.0,44.11,6.5,3.55,1396549800.0
2014-04-03,132.45,135.0,131.1,131.85,133.18587657592704,51319,1086,6834966.0,22431.0,43.71,3.9,-0.6,1396463400.0
2014-04-02,131.6,134.5,130.2,132.05,132.64800332432992,120325,2578,15960871.0,43546.0,36.19,4.3,0.45,1396377000.0
2014-04-01,129.25,131.45,128.75,130.7,130.20542789223455,40384,982,5258216.0,16420.0,40.66,2.7,1.45,1396290600.0
2014-03-31,125.4,130.75,123.8,128.35,125.62275015412978,167067,1534,20987416.0,128263.0,76.77,6.95,2.95,1396204200.0
2014-03-28,125.0,125.95,124.05,124.8,125.0518531976744,27520,632,3441427.0,14743.0,53.57,1.9,-0.2,1395945000.0
2014-03-27,123.35,124.95,123.35,124.4,123.95776306107432,20385,477,2526879.0,13796.0,67.68,1.6,1.05,1395858600.0
2014-03-26,125.1,126.5,123.1,123.5,124.41305518169582,29720,844,3697556.0,17273.0,58.12,3.4,-1.6,1395772200.0
2014-03-25,125.4,125.45,123.75,124.65,124.35510277677604,27730,586,3448367.0,18318.0,66.06,1.7,-0.75,1395685800.0
2014-03-24,126.0,127.7,123.75,124.25,124.988391963988,47984,1241,5997443.0,31511.0,65.67,3.95,-1.75,1395599400.0
2014-03-22,125.5,126.8,124.7,125.7,125.85276658893363,9434,225,1187295.0,7412.0,78.57,2.1,0.2,1395426600.0
2014-03-21,124.5,127.5,124.5,125.75,125.94286729322094,30963,715,3899569.0,18937.0,61.16,3.0,1.25,1395340200.0
2014-03-20,128.0,128.8,124.25,125.1,125.97821574588532,47695,644,6008531.0,32985.0,69.16,4.55,-2.9,1395253800.0
2014-03-19,129.0,130.5,126.25,126.55,127.40233204261555,45711,774,5823688.0,30740.0,67.25,4.25,-2.45,1395167400.0
2014-03-18,129.1,130.0,126.4,127.75,127.78829440309568,64089,1397,8189824.0,35005.0,54.62,3.6,-1.35,1395081000.0
2014-03-14,128.75,131.0,128.4,130.0,129.6766989514128,24986,563,3240102.0,10795.0,43.2,2.6,1.25,1394735400.0
2014-03-13,132.0,134.65,129.5,130.0,131.98586210652434,45905,867,6058811.0,20062.0,43.7,5.15,-2.0,1394649000.0
2014-03-12,128.2,134.95,128.2,131.4,131.99747408881873,72845,1653,9615356.0,27188.0,37.32,6.75,3.2,1394562600.0
2014-03-11,132.0,132.0,129.05,129.9,130.5508737803156,31873,812,4161048.0,17355.0,54.45,2.95,-2.1,1394476200.0
2014-03-10,134.75,134.75,131.05,132.0,132.58178376353203,50713,1166,6723620.0,23042.0,45.44,3.7,-2.75,1394389800.0
2014-03-07,139.5,141.5,133.35,134.3,137.243282184759,150607,3345,20669799.0,51431.0,34.15,8.15,-5.2,1394130600.0
2014-03-06,128.9,138.2,128.15,137.25,134.98279754064407,214853,4413,29001459.0,86281.0,40.16,10.05,8.35,1394044200.0
2014-03-05,130.0,130.25,128.0,128.4,128.81831745115025,41556,865,5353174.0,21873.0,52.63,2.25,-1.6,1393957800.0
2014-03-04,129.85,131.65,128.3,129.35,130.00942829489705,59926,1166,7790945.0,26173.0,43.68,3.35,-0.5,1393871400.0
2014-03-03,131.9,133.5,129.05,129.55,131.3711108664538,45415,963,5966219.0,19019.0,41.88,4.45,-2.35,1393785000.0
2014-02-28,128.7,131.9,128.0,131.05,130.60499641650455,48835,1289,6378095.0,19560.0,40.05,3.9,2.35,1393525800.0
2014-02-26,129.5,130.1,127.2,127.75,128.0705619412516,34452,802,4412287.0,17772.0,51.58,2.9,-1.75,1393353000.0
2014-02-25,130.0,131.9,128.3,128.9,130.13547067329736,28353,792,3689731.0,14909.0,52.58,3.6,-1.1,1393266600.0
2014-02-24,130.8,132.65,128.8,129.85,130.58785656542324,34636,1010,4523041.0,13466.0,38.88,3.85,-0.95,1393180200.0
2014-02-21,129.6,134.5,128.1,131.4,132.71162517810745,119310,2854,15833824.0,31157.0,26.11,6.4,1.8,1392921000.0
2014-02-20,127.9,131.7,126.0,128.65,129.2689042641935,61137,1556,7903113.0,15088.0,24.68,5.7,0.75,1392834600.0
2014-02-19,127.4,128.0,126.1,126.9,126.96898909628534,27055,646,3435146.0,14005.0,51.76,1.9,-0.5,1392748200.0
2014-02-18,126.75,130.5,126.0,126.8,128.13879740603673,29453,891,3774072.0,8727.0,29.63,4.5,0.05,1392661800.0
2014-02-17,129.0,130.2,126.65,127.25,127.94723645781671,36294,830,4643717.0,16009.0,44.11,3.55,-1.75,1392575400.0
2014-02-14,131.5,132.5,129.0,130.2,130.4760418628427,37169,926,4849664.0,16157.0,43.47,3.5,-1.3,1392316200.0
2014-02-13,134.0,136.15,130.0,131.85,133.46606602762085,187467,3800,25020483.0,66005.0,35.21,6.15,-2.15,1392229800.0
2014-02-12,126.2,133.9,119.15,132.5,127.44657242412752,276945,5982,35295691.0,90834.0,32.8,14.75,6.3,1392143400.0
2014-02-11,129.85,131.4,128.35,129.95,129.95531685914153,48318,1122,6279181.0,25100.0,51.95,3.05,0.1,1392057000.0
2014-02-10,131.8,131.8,128.1,128.85,129.54183525261956,38556,981,4994615.0,18557.0,48.13,3.7,-2.95,1391970600.0
2014-02-07,128.85,132.35,128.5,130.6,130.32191589307683,71528,1721,9321666.0,31285.0,43.74,3.85,1.75,1391711400.0
2014-02-06,128.0,129.0,125.9,127.45,127.38109088297604,27849,995,3547436.0,10540.0,37.85,3.1,-0.55,1391625000.0
2014-02-05,129.3,130.75,126.5,126.75,128.59014255718864,45245,1063,5818061.0,13489.0,29.81,4.25,-2.55,1391538600.0
2014-02-04,130.0,132.8,126.25,127.65,130.1899619947023,217075,4339,28260986.0,53200.0,24.51,6.55,-2.35,1391452200.0
2014-02-03,120.9,128.65,120.2,127.45,125.94997490715647,49815,1393,6274198.0,22083.0,44.33,8.45,6.55,1391365800.0
2014-01-31,119.0,123.45,118.75,122.0,121.83900928792568,38437,1100,4683126.0,12642.0,32.89,4.7,3.0,1391106600.0
2014-01-30,121.0,121.0,115.1,117.85,117.50010723696305,65276,1799,7669937.0,27521.0,42.16,5.9,-3.15,1391020200.0
2014-01-29,126.05,126.05,122.0,122.4,124.23703917050692,13888,353,1725404.0,7373.0,53.09,4.05,-3.65,1390933800.0
2014-01-28,124.65,125.0,122.15,123.45,123.62844036697248,11336,378,1401452.0,6015.0,53.06,2.85,-1.2,1390847400.0
2014-01-27,124.25,125.15,121.25,122.25,122.99508819886388,23413,841,2879684.0,9646.0,41.2,3.9,-2.0,1390761000.0
2014-01-24,130.65,131.5,126.05,126.4,127.65144685182491,20631,741,2633577.0,11718.0,56.8,5.45,-4.25,1390501800.0
2014-01-23,131.95,133.05,130.5,131.15,131.7659043417692,17228,660,2270063.0,7735.0,44.9,2.55,-0.8,1390415400.0
2014-01-22,130.85,133.75,129.2,131.0,132.29243553465383,50182,1530,6638699.0,22163.0,44.17,4.55,0.15,1390329000.0
2014-01-21,128.4,130.9,127.5,128.9,129.14376510607823,22342,669,2885330.0,9348.0,41.84,3.4,0.5,1390242600.0
2014-01-20,127.0,128.45,123.95,127.0,126.52369575178372,30554,919,3865805.0,9483.0,31.04,4.5,0.0,1390156200.0
2014-01-17,131.15,132.8,123.5,125.85,130.8889586010112,299645,1472,39220222.0,270085.0,90.13,9.3,-5.3,1389897000.0
2014-01-16,132.0,133.45,130.05,131.2,131.63323639007544,22006,915,2896721.0,9153.0,41.59,3.4,-0.8,1389810600.0
2014-01-15,132.75,133.5,130.75,131.5,132.16470910418695,32864,1007,4343461.0,12513.0,38.08,2.75,-1.25,1389724200.0
2014-01-14,131.9,134.75,131.0,131.7,132.81949399045055,18221,618,2420104.0,6863.0,37.67,3.75,-0.2,1389637800.0
2014-01-13,131.15,132.45,129.0,131.15,130.54324664632668,41298,1082,5391175.0,17462.0,42.28,3.45,0.0,1389551400.0
2014-01-10,134.0,134.0,129.0,129.9,132.19781636627985,36453,1022,4819007.0,18570.0,50.94,5.0,-4.1,1389292200.0
2014-01-09,136.8,138.0,133.25,133.95,134.0930156262618,396256,1295,53135162.0,370626.0,93.53,4.75,-2.85,1389205800.0
2014-01-08,133.95,139.25,133.95,136.25,136.96271878777867,133177,3130,18240284.0,46245.0,34.72,5.3,2.3,1389119400.0
2014-01-07,135.55,136.75,131.85,133.5,134.16158138430487,42115,1091,5650215.0,20524.0,48.73,4.9,-2.05,1389033000.0
2014-01-06,138.0,138.65,133.65,135.6,136.02222993317588,89339,2364,12152090.0,33603.0,37.61,5.0,-2.4,1388946600.0
2014-01-03,126.0,138.9,126.0,137.25,134.92732648771508,198862,4248,26831918.0,59900.0,30.12,12.9,11.25,1388687400.0
2014-01-02,132.45,134.5,127.75,128.9,131.9279035127643,96676,2421,12754262.0,34921.0,36.12,6.75,-3.55,1388601000.0
2014-01-01,131.8,133.5,131.3,132.2,132.393135725429,67305,1785,8910720.0,26473.0,39.33,2.2,0.4,1388514600.0
2013-12-31,130.0,130.75,127.55,129.25,129.28274485893243,54123,1450,6997170.0,19887.0,36.74,3.2,-0.75,1388428200.0
2013-12-30,129.0,133.0,126.45,129.25,130.01426037601985,70475,1742,9162755.0,21486.0,30.49,6.55,0.25,1388341800.0
2013-12-27,132.65,132.8,127.1,128.1,128.97864069494926,71257,1806,9190631.0,28982.0,40.67,5.7,-4.55,1388082600.0
2013-12-26,132.35,135.8,131.2,132.0,133.4950854250158,94820,2225,12658004.0,36091.0,38.06,4.6,-0.35,1387996200.0
2013-12-24,131.8,134.5,130.3,132.45,132.8533672339707,106586,2356,14160309.0,40632.0,38.12,4.2,0.65,1387823400.0
2013-12-23,128.4,133.75,128.2,130.7,131.80239578519272,270475,5380,35649253.0,121089.0,44.77,5.55,2.3,1387737000.0
2013-12-20,122.7,128.75,120.7,127.55,126.62901172324584,196362,4920,24865126.0,82427.0,41.98,8.05,4.85,1387477800.0
2013-12-19,123.0,127.0,121.95,122.65,124.6521058648472,220432,4898,27477313.0,61172.0,27.75,5.05,-0.35,1387391400.0
2013-12-18,115.9,123.45,114.6,121.95,120.8113873625309,258058,5193,31176345.0,84241.0,32.64,8.85,6.05,1387305000.0
2013-12-17,116.0,118.5,115.0,115.5,116.5119522297925,103328,2168,12038947.0,44062.0,42.64,3.5,-0.5,1387218600.0
2013-12-16,113.8,114.95,112.2,113.9,113.68155639077412,36983,1388,4204285.0,16304.0,44.09,2.75,0.1,1387132200.0
2013-12-13,113.0,115.45,110.1,112.1,112.74486988566092,39619,1234,4466839.0,15750.0,39.75,5.35,-0.9,1386873000.0
2013-12-12,112.3,115.4,110.25,114.1,113.63638085915916,63341,1704,7197842.0,30065.0,47.47,5.15,1.8,1386786600.0
2013-12-11,108.9,113.6,108.9,111.25,111.45374952417204,81437,2111,9076459.0,32775.0,40.25,4.7,2.35,1386700200.0
2013-12-10,110.7,110.85,108.1,109.05,109.46083828589302,31970,947,3499463.0,17513.0,54.78,2.75,-1.65,1386613800.0
2013-12-09,114.8,114.8,110.1,110.95,111.8156789031402,36176,924,4045044.0,19625.0,54.25,4.7,-3.85,1386527400.0
2013-12-06,111.95,115.7,111.35,112.1,113.11798808595135,56404,1432,6380307.0,24992.0,44.31,4.35,0.15,1386268200.0
2013-12-05,114.05,115.0,111.0,111.75,112.2009460083064,43340,1021,4862789.0,21449.0,49.49,4.0,-2.3,1386181800.0
2013-12-04,115.45,116.25,111.75,112.35,113.68625763350956,48798,1087,5547662.0,27256.0,55.85,4.5,-3.1,1386095400.0
2013-12-03,119.0,119.0,114.85,115.1,115.92532482544966,43254,1035,5014234.0,25178.0,58.21,4.15,-3.9,1386009000.0
2013-12-02,117.95,120.0,117.6,118.45,118.86286614857887,92005,1900,10935978.0,45407.0,49.35,2.4,0.5,1385922600.0
2013-11-29,114.7,118.25,114.0,117.15,116.35049706039553,93550,1920,10884589.0,37357.0,39.93,4.25,2.45,1385663400.0
2013-11-28,112.75,116.8,112.75,113.85,114.87817464060036,74221,1379,8526373.0,40438.0,54.48,4.05,1.1,1385577000.0
2013-11-27,114.0,114.6,111.4,113.3,113.27200518383812,47841,1061,5419046.0,20273.0,42.38,3.2,-0.7,1385490600.0
2013-11-26,115.1,118.1,113.15,113.65,116.0760147116774,76130,1849,8836867.0,28998.0,38.09,4.95,-1.45,1385404200.0
2013-11-25,115.0,116.5,114.2,115.7,115.31552317344668,59292,1668,6837288.0,24155.0,40.74,2.3,0.7,1385317800.0
2013-11-22,111.45,117.1,111.0,114.15,114.6193948371876,182265,4213,20891104.0,55520.0,30.46,6.1,2.7,1385058600.0
2013-11-21,111.2,112.1,108.2,110.05,109.78933322384628,73068,1425,8022087.0,32068.0,43.89,3.9,-1.15,1384972200.0
2013-11-20,110.45,113.5,109.95,110.45,111.85546228661366,99116,2143,11086666.0,42968.0,43.35,3.55,0.0,1384885800.0
2013-11-19,108.05,110.8,107.35,109.6,109.25732165893558,72866,1910,7961144.0,29380.0,40.32,3.45,1.55,1384799400.0
2013-11-18,108.1,110.0,107.1,107.45,108.63670308394413,43386,1344,4713312.0,23575.0,54.34,2.9,-0.65,1384713000.0
2013-11-14,110.95,111.25,107.55,108.0,109.40999657831703,37993,878,4156814.0,20639.0,54.32,3.7,-2.95,1384367400.0
2013-11-13,113.5,113.5,107.5,109.9,110.25581304619224,102528,2204,11304308.0,38801.0,37.84,6.0,-3.6,1384281000.0
2013-11-12,108.7,115.65,108.7,112.2,113.53636845582923,260308,5359,29554425.0,85677.0,32.91,6.95,3.5,1384194600.0
2013-11-11,104.0,110.5,103.0,107.6,107.8903877945055,158486,3231,17099116.0,56006.0,35.34,7.5,3.6,1384108200.0
2013-11-08,103.0,105.9,102.15,103.9,104.18376858544336,65441,1492,6817890.0,22237.0,33.98,3.75,0.9,1383849000.0
2013-11-07,101.0,108.7,100.8,102.25,105.06639063148734,175823,3301,18473088.0,69246.0,39.38,7.9,1.25,1383762600.0
2013-11-06,103.0,104.7,101.05,101.85,102.82744277305429,38225,736,3930579.0,19141.0,50.07,3.65,-1.15,1383676200.0
2013-11-05,105.0,105.75,101.5,102.4,103.42066407814322,57433,1222,5939759.0,35176.0,61.25,4.25,-2.6,1383589800.0
2013-11-03,101.3,104.5,101.3,103.9,103.6113479593792,41752,687,4325981.0,28607.0,68.52,3.2,2.6,1383417000.0
2013-11-01,101.9,102.4,98.65,100.4,100.24667354053123,40734,1090,4083448.0,22037.0,54.1,3.75,-1.5,1383244200.0
2013-10-31,94.5,104.5,94.5,101.4,101.86588729616555,209913,3757,21382974.0,99987.0,47.63,10.0,6.9,1383157800.0
2013-10-30,98.0,99.0,95.0,95.9,97.43177643341743,40829,823,3978042.0,24224.0,59.33,4.0,-2.1,1383071400.0
2013-10-29,94.7,99.0,94.0,97.4,97.24892887746358,63018,1478,6128433.0,31533.0,50.04,5.0,2.7,1382985000.0
2013-10-28,93.3,97.0,93.3,95.9,95.7054257404758,37746,1138,3612497.0,15996.0,42.38,3.7,2.6,1382898600.0
2013-10-25,93.1,93.85,92.35,92.95,92.98583695773392,8967,243,833804.0,4918.0,54.85,1.5,-0.15,1382639400.0
2013-10-24,94.0,95.4,92.75,93.0,93.77235443037975,9875,318,926002.0,5855.0,59.29,2.65,-1.0,1382553000.0
2013-10-23,96.2,97.95,93.55,94.4,95.14201865057596,18230,512,1734439.0,10314.0,56.58,4.4,-1.8,1382466600.0
2013-10-22,94.75,98.7,94.75,97.45,97.76750017912158,83742,1897,8187246.0,38524.0,46.0,3.95,2.7,1382380200.0
2013-10-21,93.75,95.45,93.65,94.6,94.41723364775011,25868,4409,2442385.0,14829.0,57.33,1.8,0.85,1382293800.0
2013-10-18,94.0,94.9,93.25,94.0,94.14457714341198,10299,375,969595.0,7778.0,75.52,1.65,0.0,1382034600.0
2013-10-17,93.0,94.5,90.15,93.9,93.86303564277132,22473,711,2109384.0,13806.0,61.43,4.35,0.9,1381948200.0
2013-10-15,95.0,95.4,91.85,92.35,93.68724189798989,36565,856,3425674.0,18232.0,49.86,3.55,-2.65,1381775400.0
2013-10-14,91.8,96.25,89.15,93.9,93.80075107959107,145657,2410,13662736.0,70926.0,48.69,7.1,2.1,1381689000.0
2013-10-11,91.45,92.0,90.1,90.95,91.14197212183788,25181,606,2295046.0,15401.0,61.16,1.9,-0.5,1381429800.0
2013-10-10,90.0,91.4,89.1,89.4,90.21105222000173,11509,266,1038239.0,6401.0,55.62,2.3,-0.6,1381343400.0
2013-10-09,89.95,90.25,88.2,90.1,89.74430724823603,12472,313,1119291.0,9334.0,74.84,2.05,0.15,1381257000.0
2013-10-08,89.0,91.2,88.25,89.15,89.95365489369179,22764,583,2047705.0,12652.0,55.58,2.95,0.15,1381170600.0
2013-10-07,88.3,90.9,88.3,90.1,90.02622236806778,33521,795,3017769.0,18289.0,54.56,2.6,1.8,1381084200.0
2013-10-04,89.05,92.25,88.2,88.6,90.08594477661268,66566,1435,5996661.0,28919.0,43.44,4.05,-0.45,1380825000.0
2013-10-03,86.5,88.35,85.75,87.35,87.36116788321168,23975,564,2094484.0,14201.0,59.23,2.6,0.85,1380738600.0
2013-10-01,84.7,87.0,84.65,86.65,86.012375490492,3313,136,284959.0,2685.0,81.04,2.35,1.95,1380565800.0
2013-09-30,86.0,86.5,84.25,85.0,85.10695476029709,7405,211,630217.0,5397.0,72.88,2.25,-1.0,1380479400.0
2013-09-27,88.4,88.4,85.3,85.95,86.74485005798863,18107,409,1570689.0,11961.0,66.06,3.1,-2.45,1380220200.0
2013-09-26,86.4,88.4,86.1,87.5,87.61049255718262,16526,482,1447851.0,8801.0,53.26,2.3,1.1,1380133800.0
2013-09-25,87.0,87.5,85.1,87.05,86.50815240348061,11837,394,1023997.0,6038.0,51.01,2.4,0.05,1380047400.0
2013-09-24,83.8,89.0,82.7,87.1,87.22855257369115,50006,1135,4361951.0,17759.0,35.51,6.3,3.3,1379961000.0
2013-09-23,84.5,84.75,83.0,84.0,84.00833401421683,12239,404,1028178.0,6341.0,51.81,1.75,-0.5,1379874600.0
2013-09-20,84.05,84.95,83.0,83.65,83.93018229656079,10642,315,893185.0,5864.0,55.1,1.95,-0.4,1379615400.0
2013-09-19,86.0,87.55,83.85,85.45,85.15055806600985,62627,1308,5332724.0,25264.0,40.34,3.7,-0.55,1379529000.0
2013-09-18,83.0,83.9,82.5,82.95,82.93340838240388,11548,289,957715.0,9295.0,80.49,1.4,-0.05,1379442600.0
2013-09-17,83.0,83.7,82.1,82.7,82.85389417360285,6728,167,557441.0,4563.0,67.82,1.6,-0.3,1379356200.0
2013-09-16,85.6,85.95,83.0,83.25,83.87200759974667,15790,311,1324339.0,11495.0,72.8,2.95,-2.35,1379269800.0
2013-09-13,84.0,85.5,83.55,84.6,84.22731867576448,15828,437,1333150.0,9679.0,61.15,1.95,0.6,1379010600.0
2013-09-12,84.0,84.75,83.65,83.8,84.00150971881486,10598,158,890248.0,7366.0,69.5,1.1,-0.2,1378924200.0
2013-09-11,84.0,86.5,83.3,84.3,85.13620857699804,24624,655,2096394.0,12009.0,48.77,3.2,0.3,1378837800.0
2013-09-10,84.95,85.5,83.0,84.5,84.30428924320681,17812,329,1501628.0,12294.0,69.02,2.5,-0.45,1378751400.0
2013-09-06,84.0,86.35,83.25,84.95,84.9457147921652,22566,701,1916885.0,15769.0,69.88,3.1,0.95,1378405800.0
2013-09-05,84.0,84.6,82.65,83.5,83.3843172001329,9029,294,752877.0,6040.0,66.9,1.95,-0.5,1378319400.0
2013-09-04,81.5,85.7,81.0,83.65,83.96462663746435,24199,737,2031860.0,4481.0,18.52,4.7,2.15,1378233000.0
2013-09-03,82.0,82.4,81.35,81.65,81.89287782281411,8635,181,707145.0,6357.0,73.62,1.05,-0.35,1378146600.0
2013-09-02,82.4,82.4,80.8,81.65,81.56657310762215,22802,430,1859881.0,16353.0,71.72,1.6,-0.75,1378060200.0
2013-08-30,83.8,84.1,81.0,82.65,82.60156402737046,10230,324,845014.0,5673.0,55.45,3.1,-1.15,1377801000.0
2013-08-29,82.8,84.7,82.8,83.75,83.70714402663319,18323,431,1533766.0,12164.0,66.39,1.9,0.95,1377714600.0
2013-08-28,81.0,82.75,79.5,82.5,81.14499333761042,20263,485,1644241.0,12556.0,61.97,3.25,1.5,1377628200.0
2013-08-27,81.0,83.0,81.0,82.0,81.90660606437955,16061,210,1315502.0,12926.0,80.48,2.0,1.0,1377541800.0
2013-08-26,80.9,82.75,80.9,82.0,81.90536358947911,11634,299,952887.0,8719.0,74.94,1.85,1.1,1377455400.0
2013-08-23,82.8,83.65,80.15,81.5,82.39179346066688,24712,757,2036066.0,9758.0,39.49,3.5,-1.3,1377196200.0
2013-08-22,78.95,81.95,78.05,81.7,80.72477369542065,15024,427,1212809.0,9544.0,63.53,3.9,2.75,1377109800.0
2013-08-21,81.35,81.5,79.1,79.45,79.75857916917518,14949,317,1192311.0,12622.0,84.43,2.4,-1.9,1377023400.0
2013-08-20,78.5,80.7,77.9,80.1,79.68773030184242,12755,423,1016417.0,8067.0,63.25,2.8,1.6,1376937000.0
2013-08-19,81.9,82.5,78.5,79.15,79.49686396078147,13871,440,1102701.0,9372.0,67.57,4.0,-2.75,1376850600.0
2013-08-16,82.2,83.7,81.2,81.75,82.73413163624183,23884,3214,1976022.0,17378.0,72.76,2.5,-0.45,1376591400.0
2013-08-14,84.8,85.75,81.8,82.55,82.75559886135228,98011,4515,8110959.0,54255.0,55.36,3.95,-2.25,1376418600.0
2013-08-13,80.95,87.0,80.8,84.15,84.51802232591885,121294,3271,10251529.0,54694.0,45.09,6.2,3.2,1376332200.0
2013-08-12,79.8,82.4,77.8,80.35,79.922934726036,55719,1396,4453226.0,22986.0,41.25,4.6,0.55,1376245800.0
2013-08-08,77.4,78.8,77.05,77.25,77.93070497828268,14965,469,1166233.0,9578.0,64.0,1.75,-0.15,1375900200.0
2013-08-07,75.35,78.35,75.0,77.35,76.70618268847227,12535,354,961512.0,9190.0,73.31,3.35,2.0,1375813800.0
2013-08-06,74.8,75.8,73.65,74.85,74.38325005593258,13409,360,997405.0,9975.0,74.39,2.15,0.05,1375727400.0
2013-08-05,76.2,76.95,72.8,75.2,74.35324451327901,56819,1067,4224677.0,37239.0,65.54,4.15,-1.0,1375641000.0
2013-08-02,74.25,77.3,74.0,75.7,75.72549101025619,24083,692,1823697.0,14709.0,61.08,3.3,1.45,1375381800.0
2013-08-01,78.05,78.9,73.0,74.25,75.74516023187138,27429,767,2077614.0,19144.0,69.79,5.9,-3.8,1375295400.0
2013-07-31,76.4,80.75,75.6,79.7,79.24286129248178,79181,1897,6274529.0,41005.0,51.79,5.15,3.3,1375209000.0
2013-07-30,80.5,80.5,76.5,77.0,78.08616695314251,13381,554,1044871.0,6482.0,48.44,4.0,-3.5,1375122600.0
2013-07-29,79.45,82.6,77.65,79.55,80.2772922485509,133188,3237,10691972.0,46297.0,34.76,4.95,0.1,1375036200.0
2013-07-26,78.5,78.5,76.25,76.9,77.37603500793684,23309,665,1803558.0,15559.0,66.75,2.25,-1.6,1374777000.0
2013-07-25,77.15,78.25,77.15,77.6,77.70018352168452,10353,339,804430.0,5753.0,55.57,1.1,0.45,1374690600.0
2013-07-24,79.65,80.8,76.65,77.3,78.47287563822027,21936,557,1721381.0,13504.0,61.56,4.15,-2.35,1374604200.0
2013-07-23,78.9,80.95,78.9,79.65,79.80603352943777,22607,711,1804175.0,15549.0,68.78,2.05,0.75,1374517800.0
2013-07-22,77.0,79.95,76.9,78.8,79.02407718863414,22594,674,1785470.0,6181.0,27.36,3.05,1.8,1374431400.0
2013-07-19,79.8,79.8,76.05,76.55,77.7389551342541,11657,415,906203.0,8150.0,69.92,3.75,-3.25,1374172200.0
2013-07-18,77.0,80.05,76.0,78.55,78.62115646710768,120332,3026,9460641.0,19832.0,16.48,4.05,1.55,1374085800.0
2013-07-17,79.5,80.85,73.8,75.1,75.67689145068323,24809,858,1877468.0,15808.0,63.72,7.05,-4.4,1373999400.0
2013-07-16,78.25,80.35,77.75,78.3,79.02147043832822,15696,494,1240321.0,11270.0,71.8,2.6,0.05,1373913000.0
2013-07-15,79.35,82.9,78.5,79.25,80.07954969523571,16078,480,1287519.0,7438.0,46.26,4.4,-0.1,1373826600.0
2013-07-12,80.5,81.4,79.5,80.0,80.21788309960077,19538,432,1567297.0,8935.0,45.73,1.9,-0.5,1373567400.0
2013-07-11,82.75,83.4,81.2,82.35,82.40457277674369,168694,2917,13901157.0,41410.0,24.55,2.2,-0.4,1373481000.0
2013-07-10,75.45,82.0,74.5,80.4,78.76943829797304,84511,1715,6656884.0,37458.0,44.32,7.5,4.95,1373394600.0
2013-07-09,74.1,74.9,73.4,73.9,74.01936376210236,5061,129,374612.0,4034.0,79.71,1.5,-0.2,1373308200.0
2013-07-08,74.3,74.5,73.5,74.05,74.01411519514967,10556,229,781293.0,9363.0,88.7,1.0,-0.25,1373221800.0
2013-07-05,75.65,75.7,73.9,74.15,74.53359746434231,6310,165,470307.0,4535.0,71.87,1.8,-1.5,1372962600.0
2013-07-04,74.25,75.65,74.25,74.85,74.99354422207875,4647,240,348495.0,2524.0,54.31,1.4,0.6,1372876200.0
2013-07-03,75.3,75.65,74.25,74.35,74.81670235546038,4670,182,349394.0,3373.0,72.23,1.4,-0.95,1372789800.0
2013-07-02,76.9,76.9,75.5,76.25,76.31246684350131,1885,153,143849.0,858.0,45.52,1.4,-0.65,1372703400.0
2013-07-01,76.0,77.45,75.1,76.05,76.51888772298007,5718,239,437535.0,2867.0,50.14,2.35,0.05,1372617000.0
2013-06-28,77.0,77.5,75.0,76.65,76.04775635249594,27745,600,2109945.0,21000.0,75.69,2.5,-0.35,1372357800.0
2013-06-27,75.55,75.55,74.0,74.8,74.56217870257038,8170,211,609173.0,7067.0,86.5,1.55,-0.75,1372271400.0
2013-06-26,75.0,76.3,74.0,74.0,74.5242629793895,7666,268,571303.0,5955.0,77.68,2.3,-1.0,1372185000.0
2013-06-25,74.95,76.35,74.0,75.65,75.01295977999312,29090,849,2182127.0,15859.0,54.52,2.35,0.7,1372098600.0
2013-06-24,79.9,80.0,73.0,74.05,73.96167197814705,35144,649,2599309.0,24883.0,70.8,7.0,-5.85,1372012200.0
2013-06-21,78.7,80.4,77.6,77.85,78.60283583554116,20382,467,1602083.0,12372.0,60.7,2.8,-0.85,1371753000.0
2013-06-20,77.4,78.35,77.15,77.7,77.72026166293682,5809,182,451477.0,3364.0,57.91,1.2,0.3,1371666600.0
2013-06-19,79.0,80.0,77.35,78.9,78.25261976047904,8016,256,627273.0,5162.0,64.4,2.65,-0.1,1371580200.0
2013-06-18,78.05,80.0,78.05,78.45,79.04662891523624,22604,944,1786770.0,11477.0,50.77,1.95,0.4,1371493800.0
2013-06-17,77.2,79.3,77.1,78.65,78.16820702402957,12984,429,1014936.0,7459.0,57.45,2.2,1.45,1371407400.0
2013-06-14,78.25,78.65,77.05,77.5,77.60113789489444,13358,217,1036596.0,6500.0,48.66,1.6,-0.75,1371148200.0
2013-06-13,79.6,79.6,76.1,77.8,78.11166607206563,25227,527,1970523.0,11299.0,44.79,3.5,-1.8,1371061800.0
2013-06-12,78.85,79.3,76.5,77.9,77.86783645229858,23993,513,1868283.0,8853.0,36.9,2.8,-0.95,1370975400.0
2013-06-11,77.2,77.55,75.1,76.55,76.48723501253704,8774,292,671099.0,5350.0,60.98,2.45,-0.65,1370889000.0
2013-06-10,78.0,78.65,76.75,77.1,77.47426841574166,8919,193,690993.0,5508.0,61.76,1.9,-0.9,1370802600.0
2013-06-07,78.7,79.75,77.55,78.0,78.43966172076772,19747,256,1548948.0,12647.0,64.05,2.2,-0.7,1370543400.0
2013-06-06,78.5,79.1,77.0,78.45,78.3398448873713,37779,504,2959601.0,19356.0,51.23,2.1,-0.05,1370457000.0
2013-06-05,82.5,82.5,78.35,79.15,79.97248620271907,37145,547,2970578.0,24496.0,65.95,4.15,-3.35,1370370600.0
2013-06-04,80.9,82.95,80.5,82.15,81.96891869095816,23712,449,1943647.0,10420.0,43.94,2.45,1.25,1370284200.0
2013-06-03,82.5,83.4,78.1,80.2,80.30700261780105,30560,502,2454182.0,12737.0,41.68,5.3,-2.3,1370197800.0
2013-05-31,82.65,84.7,82.1,82.75,83.5680538172716,19176,347,1602501.0,11188.0,58.34,2.6,0.1,1369938600.0
2013-05-30,83.2,83.7,82.65,83.0,83.10880676233536,10174,202,845549.0,5384.0,52.92,1.05,-0.2,1369852200.0
2013-05-29,83.4,87.35,82.3,83.8,85.19901476711644,87898,1283,7488823.0,34073.0,38.76,5.05,0.4,1369765800.0
2013-05-28,84.15,84.7,82.3,82.7,83.44869205379574,20299,248,1693925.0,14982.0,73.81,2.4,-1.45,1369679400.0
2013-05-27,86.0,86.8,83.3,84.55,84.55947909719539,85467,1119,7227045.0,32702.0,38.26,3.5,-1.45,1369593000.0
2013-05-24,82.0,83.2,82.0,82.65,82.76527434768603,27939,619,2312379.0,15561.0,55.7,1.2,0.65,1369333800.0
2013-05-23,84.35,84.4,80.5,82.7,82.07194500836984,28077,619,2304334.0,14866.0,52.95,3.9,-1.65,1369247400.0
2013-05-22,84.95,85.55,82.6,83.5,83.98468895675936,24884,304,2089875.0,16378.0,65.82,2.95,-1.45,1369161000.0
2013-05-21,85.5,87.3,83.3,83.9,85.48090577239358,49858,667,4261907.0,25774.0,51.69,4.0,-1.6,1369074600.0
2013-05-20,85.0,86.3,84.0,85.25,85.38155427255143,67723,1020,5782295.0,36304.0,53.61,2.3,0.25,1368988200.0
2013-05-17,83.0,84.75,82.5,83.4,83.90818085388491,60336,825,5062684.0,14387.0,23.84,2.25,0.4,1368729000.0
2013-05-16,83.25,84.35,82.3,82.7,83.22020168622912,12098,291,1006798.0,7180.0,59.35,2.05,-0.55,1368642600.0
2013-05-15,83.25,85.7,83.25,84.1,84.5219609900329,20969,387,1772341.0,13135.0,62.64,2.45,0.85,1368556200.0
2013-05-14,83.0,84.3,82.1,83.25,82.88026101141925,9195,259,762084.0,3529.0,38.38,2.2,0.25,1368469800.0
2013-05-13,84.0,84.25,82.0,82.3,82.91636063853706,13343,262,1106353.0,7346.0,55.06,2.25,-1.7,1368383400.0
2013-05-11,83.5,84.0,83.45,83.85,83.80119284294234,503,21,42152.0,446.0,88.67,0.55,0.35,1368210600.0
2013-05-10,84.5,85.3,83.9,84.35,84.47401259301661,17470,356,1475761.0,11470.0,65.66,1.4,-0.15,1368124200.0
2013-05-09,83.8,86.0,83.5,84.05,84.54102395799146,36564,474,3091158.0,20172.0,55.17,2.5,0.25,1368037800.0
2013-05-08,82.5,85.0,82.0,83.4,83.54623956225596,35089,371,2931554.0,13924.0,39.68,3.0,0.9,1367951400.0
2013-05-07,77.95,84.0,77.05,82.8,82.08102115078462,52764,1000,4330923.0,20958.0,39.72,6.95,4.85,1367865000.0
2013-05-06,77.7,79.6,76.9,77.55,77.65283779890521,27768,288,2156264.0,22546.0,81.19,2.7,-0.15,1367778600.0
2013-05-03,78.5,78.5,77.4,78.0,78.01199075411729,6922,90,539999.0,5867.0,84.76,1.1,-0.5,1367519400.0
2013-05-02,78.0,78.7,77.0,77.25,77.73317013463891,11438,253,889112.0,8069.0,70.55,1.7,-0.75,1367433000.0
2013-04-30,80.0,80.15,77.6,77.85,78.31221241139161,16082,234,1259417.0,12932.0,80.41,2.55,-2.15,1367260200.0
2013-04-29,78.05,81.0,77.1,79.2,79.2955281918341,15430,375,1223530.0,9767.0,63.3,3.9,1.15,1367173800.0
2013-04-26,80.7,80.7,78.1,78.4,78.87953184110971,25376,229,2001647.0,21389.0,84.29,2.6,-2.3,1366914600.0
2013-04-25,81.0,81.2,78.55,79.6,79.5167004982469,10838,219,861802.0,7754.0,71.54,2.65,-1.4,1366828200.0
2013-04-23,80.0,80.85,79.65,80.0,80.02894914009426,16339,117,1307593.0,14844.0,90.85,1.2,0.0,1366655400.0
2013-04-22,81.6,81.8,79.5,79.9,80.21067807928125,32946,315,2642621.0,24267.0,73.66,2.3,-1.7,1366569000.0
2013-04-18,80.0,81.5,79.6,80.05,80.00873937507481,41765,167,3341565.0,39301.0,94.1,1.9,0.05,1366223400.0
2013-04-17,79.55,81.7,79.55,79.85,80.37202123718977,32396,227,2603732.0,27247.0,84.11,2.15,0.3,1366137000.0
2013-04-16,80.1,80.85,79.75,79.95,80.16515641005438,12691,177,1017376.0,10578.0,83.35,1.1,-0.15,1366050600.0
2013-04-15,80.85,82.5,76.35,80.1,80.284239912021,70926,700,5694240.0,9948.0,14.03,6.15,-0.75,1365964200.0
2013-04-12,80.55,82.55,75.0,80.0,80.08580010922994,18310,330,1466371.0,12073.0,65.94,7.55,-0.55,1365705000.0
2013-04-11,82.7,85.05,81.0,81.3,83.13541366388009,13876,389,1153587.0,4205.0,30.3,4.05,-1.4,1365618600.0
2013-04-10,81.0,82.7,81.0,82.0,81.77481884057971,5520,86,451397.0,3760.0,68.12,1.7,1.0,1365532200.0
2013-04-09,81.25,82.5,81.0,81.05,81.26825993555315,3724,83,302643.0,2926.0,78.57,1.5,-0.2,1365445800.0
2013-04-08,81.4,81.95,80.4,81.2,81.2577846975089,4496,106,365335.0,2998.0,66.68,1.55,-0.2,1365359400.0
2013-04-05,81.9,82.2,81.0,81.4,81.52382327461737,3463,75,282317.0,2838.0,81.95,1.2,-0.5,1365100200.0
2013-04-04,82.0,82.0,80.5,81.2,81.2403204272363,5243,171,425943.0,3770.0,71.91,1.5,-0.8,1365013800.0
2013-04-03,84.05,86.65,81.3,82.4,84.03125498325626,25084,491,2107840.0,13677.0,54.52,5.35,-1.65,1364927400.0
2013-04-02,76.5,84.3,76.5,82.35,80.84250904320865,25157,427,2033755.0,13224.0,52.57,7.8,5.85,1364841000.0
2013-04-01,75.0,76.4,74.0,75.8,75.45380952380953,12600,263,950718.0,6499.0,51.58,2.4,0.8,1364754600.0
2013-03-28,73.0,76.5,70.5,73.55,72.78897446598626,26357,382,1918499.0,17320.0,65.71,6.0,0.55,1364409000.0
2013-03-26,72.35,73.6,70.3,71.55,72.43736155550086,20315,238,1471565.0,15872.0,78.13,3.3,-0.8,1364236200.0
2013-03-25,74.1,74.2,72.4,72.5,73.38222042513863,51936,136,3811179.0,49974.0,96.22,1.8,-1.6,1364149800.0
2013-03-22,77.35,77.35,73.55,74.15,74.51825402122405,14983,152,1116507.0,12010.0,80.16,3.8,-3.2,1363890600.0
2013-03-21,74.5,78.0,73.0,74.5,75.30480345203661,21089,398,1588103.0,13206.0,62.62,5.0,0.0,1363804200.0
2013-03-20,80.0,80.0,73.6,74.85,77.17957488394819,24558,552,1895376.0,14112.0,57.46,6.4,-5.15,1363717800.0
2013-03-19,81.5,81.5,80.0,80.4,80.55144149236858,10614,159,854973.0,8372.0,78.88,1.5,-1.1,1363631400.0
2013-03-18,81.9,81.9,81.0,81.5,81.40144742443593,4698,83,382424.0,3328.0,70.84,0.9,-0.4,1363545000.0
2013-03-15,82.2,82.45,81.0,81.45,81.57253086419753,10368,132,845744.0,8198.0,79.07,1.45,-0.75,1363285800.0
2013-03-14,81.5,83.0,81.0,81.85,81.581929483225,21073,314,1719176.0,11982.0,56.86,2.0,0.35,1363199400.0
2013-03-13,82.5,83.0,81.25,81.5,81.87210139709059,6943,129,568438.0,5240.0,75.47,1.75,-1.0,1363113000.0
2013-03-12,81.9,82.75,81.5,81.9,81.96843310435067,6114,131,501155.0,3395.0,55.53,1.25,0.0,1363026600.0
2013-03-11,83.0,83.25,81.25,81.9,82.21133956386291,8025,166,659746.0,4981.0,62.07,2.0,-1.1,1362940200.0
2013-03-08,82.0,83.75,81.5,83.1,82.47948232323232,9504,239,783885.0,5620.0,59.13,2.25,1.1,1362681000.0
2013-03-07,82.0,82.0,81.05,81.65,81.65527714502657,7902,190,645240.0,4954.0,62.69,0.95,-0.35,1362594600.0
2013-03-06,80.75,83.2,80.75,81.45,82.03480328577604,4626,176,379493.0,1396.0,30.18,2.45,0.7,1362508200.0
2013-03-05,79.3,81.25,79.3,80.2,80.11265537829107,10217,286,818511.0,7000.0,68.51,1.95,0.9,1362421800.0
2013-03-04,80.5,80.55,79.0,79.2,79.54502152606027,10917,305,868393.0,7015.0,64.26,1.55,-1.3,1362335400.0
2013-03-01,82.65,82.65,80.5,81.15,81.60135053659714,16586,315,1353440.0,10986.0,66.24,2.15,-1.5,1362076200.0
2013-02-28,82.55,85.25,81.2,81.7,83.66344999142221,23316,478,1950697.0,12318.0,52.83,4.05,-0.85,1361989800.0
2013-02-27,82.95,83.5,81.55,82.05,82.31786988745539,10929,254,899652.0,6832.0,62.51,1.95,-0.9,1361903400.0
2013-02-26,81.0,82.0,80.5,81.45,81.29458949355143,12716,161,1033742.0,8811.0,69.29,1.5,0.45,1361817000.0
2013-02-25,83.0,83.0,80.7,81.4,81.75089327326394,12874,273,1052461.0,7467.0,58.0,2.3,-1.6,1361730600.0
2013-02-22,82.0,83.25,81.1,82.4,82.35659246575342,11680,324,961925.0,7242.0,62.0,2.15,0.4,1361471400.0
2013-02-21,82.6,83.15,81.55,82.0,82.35502234517982,18796,234,1547945.0,15570.0,82.84,1.6,-0.6,1361385000.0
2013-02-20,83.25,84.0,82.85,83.55,83.50280014000701,5714,184,477135.0,3500.0,61.25,1.15,0.3,1361298600.0
2013-02-19,82.5,82.7,81.5,82.35,82.12766943681092,30203,413,2480502.0,27095.0,89.71,1.2,-0.15,1361212200.0
2013-02-18,81.4,82.25,79.55,81.85,81.2531964910269,17441,242,1417137.0,11360.0,65.13,2.7,0.45,1361125800.0
2013-02-15,82.25,82.25,80.05,80.3,80.6630615640599,9616,207,775656.0,7833.0,81.46,2.2,-1.95,1360866600.0
2013-02-14,82.0,82.4,81.65,82.05,82.01583212917008,15917,162,1305446.0,13672.0,85.9,0.75,0.05,1360780200.0
2013-02-13,82.4,83.75,81.05,82.05,82.19289182766815,9679,314,795545.0,4438.0,45.85,2.7,-0.35,1360693800.0
2013-02-12,83.0,83.0,81.0,82.25,81.94644299243815,27242,303,2232385.0,19559.0,71.8,2.0,-0.75,1360607400.0
2013-02-11,84.95,85.3,82.05,82.45,83.31150150327183,16963,214,1413213.0,12219.0,72.03,3.25,-2.5,1360521000.0
2013-02-08,87.1,87.4,83.8,84.0,85.0500829531315,19288,256,1640446.0,15686.0,81.33,3.6,-3.1,1360261800.0
2013-02-07,86.85,86.85,84.1,86.25,86.0677630275411,40376,343,3475072.0,19507.0,48.31,2.75,-0.6,1360175400.0
2013-02-06,88.5,91.0,86.6,87.7,88.09892897711906,184870,2145,16286849.0,51187.0,27.69,4.4,-0.8,1360089000.0
2013-02-05,88.0,88.3,86.0,86.6,87.27532434168272,38925,578,3397192.0,10814.0,27.78,2.3,-1.4,1360002600.0
2013-02-04,86.4,88.0,86.25,87.45,87.2555473372781,27040,325,2359390.0,14506.0,53.65,1.75,1.05,1359916200.0
2013-02-01,85.0,86.25,84.8,85.75,85.50764970578054,14445,232,1235158.0,9919.0,68.67,1.45,0.75,1359657000.0
2013-01-31,84.25,85.0,83.5,84.2,83.99387972325705,18790,159,1578245.0,16084.0,85.6,1.5,-0.05,1359570600.0
2013-01-30,86.0,86.0,84.5,84.55,85.04555480962883,10427,141,886770.0,6851.0,65.7,1.5,-1.45,1359484200.0
2013-01-29,85.45,86.0,83.7,84.75,84.79654162599358,7171,199,608076.0,3771.0,52.59,2.3,-0.7,1359397800.0
2013-01-28,87.4,87.4,83.0,84.55,84.9333007175473,6132,158,520811.0,3566.0,58.15,4.4,-2.85,1359311400.0
2013-01-25,84.05,87.4,84.05,86.15,85.33660777385158,14150,224,1207513.0,9102.0,64.33,3.35,2.1,1359052200.0
2013-01-24,86.1,86.1,84.0,84.4,84.86080994897958,6272,144,532247.0,4786.0,76.31,2.1,-1.7,1358965800.0
2013-01-23,86.05,87.85,85.5,86.1,86.60791206338578,17922,288,1552187.0,10248.0,57.18,2.35,0.05,1358879400.0
2013-01-22,86.35,87.2,85.25,85.9,86.29990722127725,12934,212,1116203.0,8161.0,63.1,1.95,-0.45,1358793000.0
2013-01-21,87.1,88.3,86.3,86.55,87.10537936571659,9964,286,867918.0,4610.0,46.27,2.0,-0.55,1358706600.0
2013-01-18,87.2,89.35,86.1,86.95,87.55016421780465,57850,468,5064777.0,50537.0,87.36,3.25,-0.25,1358447400.0
2013-01-17,88.0,89.2,86.6,87.15,87.61765316718588,19260,365,1687516.0,8879.0,46.1,2.6,-0.85,1358361000.0
2013-01-16,90.25,91.0,88.0,88.25,89.82816123688569,18110,285,1626788.0,9988.0,55.15,3.0,-2.0,1358274600.0
2013-01-15,90.95,92.25,89.2,90.35,91.47212620199859,31822,361,2910826.0,24152.0,75.9,3.05,-0.6,1358188200.0
2013-01-14,87.25,91.2,85.35,90.2,89.17289503552061,23789,531,2121334.0,12762.0,53.65,5.85,2.95,1358101800.0
2013-01-11,89.45,89.45,86.55,87.2,87.28716653317724,16231,274,1416758.0,9766.0,60.17,2.9,-2.25,1357842600.0
2013-01-10,90.1,90.7,88.0,88.55,88.95440513932921,23972,355,2132415.0,14638.0,61.06,2.7,-1.55,1357756200.0
2013-01-09,91.55,92.0,89.55,89.95,90.80621038865229,29821,416,2707932.0,16661.0,55.87,2.45,-1.6,1357669800.0
2013-01-08,93.0,93.5,91.0,91.4,92.04034522507611,33833,487,3114001.0,18585.0,54.93,2.5,-1.6,1357583400.0
2013-01-07,92.0,93.75,91.2,92.9,92.42332095994477,46336,588,4282527.0,29339.0,63.32,2.55,0.9,1357497000.0
2013-01-04,91.75,93.25,91.25,91.5,91.64403618760416,126010,442,11548065.0,112112.0,88.97,2.0,-0.25,1357237800.0
2013-01-03,93.85,94.55,91.35,91.95,92.3988443222734,103316,478,9546279.0,91168.0,88.24,3.2,-1.9,1357151400.0
2013-01-02,94.6,95.3,93.15,93.75,94.31594384392301,30344,469,2861923.0,14338.0,47.25,2.15,-0.85,1357065000.0
2013-01-01,94.25,96.0,93.2,93.65,94.71029781126659,41805,663,3959364.0,20428.0,48.86,2.8,-0.6,1356978600.0
2012-12-31,92.2,95.15,90.9,93.4,93.24670278348589,53530,843,4991496.0,22880.0,42.74,4.25,1.2,1356892200.0
2012-12-28,93.5,93.75,91.0,91.4,92.13427433948607,27630,367,2545670.0,17599.0,63.7,2.75,-2.1,1356633000.0
2012-12-27,95.4,95.75,92.1,92.8,93.9151701501547,53012,1006,4978631.0,23084.0,43.54,3.65,-2.6,1356546600.0
2012-12-26,93.1,96.4,93.1,94.55,94.84163463222617,108477,1326,10288136.0,46238.0,42.62,3.3,1.45,1356460200.0
2012-12-24,90.25,94.0,89.5,93.05,92.70787705293293,190033,2692,17617556.0,55223.0,29.06,4.5,2.8,1356287400.0
2012-12-21,87.8,91.7,86.8,89.0,90.15310756801811,187156,2558,16872695.0,55196.0,29.49,4.9,1.2,1356028200.0
2012-12-20,85.5,87.7,85.3,87.4,86.74039238739068,27218,580,2360900.0,14525.0,53.37,2.4,1.9,1355941800.0
2012-12-19,84.8,88.0,84.6,85.25,86.31470432038985,32011,558,2763020.0,9145.0,28.57,3.4,0.45,1355855400.0
2012-12-18,85.9,87.15,84.5,85.15,85.90297546941247,26416,504,2269213.0,9110.0,34.49,2.65,-0.75,1355769000.0
2012-12-17,85.7,87.6,70.95,82.6,84.91183339286206,36397,611,3090536.0,10858.0,29.83,16.65,-3.1,1355682600.0
2012-12-14,85.1,86.4,82.5,85.4,84.70286014629232,22831,361,1933851.0,13671.0,59.88,3.9,0.3,1355423400.0
2012-12-13,86.1,87.0,84.7,84.9,85.45845709921072,23566,396,2013914.0,12582.0,53.39,2.3,-1.2,1355337000.0
2012-12-12,87.1,88.0,86.0,86.25,86.75752409529005,43992,367,3816637.0,34185.0,77.71,2.0,-0.85,1355250600.0
2012-12-11,89.75,89.75,85.25,86.5,87.2811005362578,41398,740,3613263.0,21413.0,51.72,4.5,-3.25,1355164200.0
2012-12-10,88.1,90.65,87.45,88.65,89.45954865655334,87871,1619,7860900.0,26327.0,29.96,3.2,0.55,1355077800.0
2012-12-07,85.95,88.3,85.0,87.05,87.07920505155268,65564,1193,5709261.0,28657.0,43.71,3.3,1.1,1354818600.0
2012-12-06,86.95,86.95,84.45,85.45,85.38695698129162,18922,345,1615692.0,8559.0,45.23,2.5,-1.5,1354732200.0
2012-12-05,87.25,88.55,85.75,86.15,87.31563094483197,37848,521,3304722.0,15379.0,40.63,2.8,-1.1,1354645800.0
2012-12-04,85.3,89.5,84.8,87.15,87.29850690182128,79834,1417,6969389.0,33568.0,42.05,4.7,1.85,1354559400.0
2012-12-03,84.8,85.95,84.4,85.3,85.24534917000572,27952,415,2382778.0,14624.0,52.32,1.55,0.5,1354473000.0
2012-11-30,85.0,86.5,83.0,84.75,84.70146579494119,52463,857,4443693.0,23234.0,44.29,3.5,-0.25,1354213800.0
2012-11-29,81.0,86.4,79.9,84.45,83.95341725953418,162206,2250,13617748.0,47312.0,29.17,6.5,3.45,1354127400.0
2012-11-27,80.0,82.0,79.8,80.45,80.7569789422781,45494,826,3673958.0,17866.0,39.27,2.2,0.45,1353954600.0
2012-11-26,81.4,81.75,78.6,78.9,79.79347410053586,31352,459,2501685.0,19518.0,62.25,3.15,-2.5,1353868200.0
2012-11-23,79.0,82.0,77.0,80.1,80.51133468347814,30614,551,2464774.0,18499.0,60.43,5.0,1.1,1353609000.0
2012-11-22,80.95,82.75,80.0,80.6,81.23521048616409,28838,576,2342661.0,8574.0,29.73,2.75,-0.35,1353522600.0
2012-11-21,80.5,82.25,78.0,80.25,80.38896717967737,53930,1025,4335377.0,14287.0,26.49,4.25,-0.25,1353436200.0
2012-11-20,82.35,84.7,79.75,80.0,81.76112305387271,46053,784,3765345.0,21862.0,47.47,4.95,-2.35,1353349800.0
2012-11-19,86.5,87.0,81.05,81.7,83.0779394321577,66603,1244,5533240.0,24116.0,36.21,5.95,-4.8,1353263400.0
2012-11-16,88.0,90.9,85.1,86.15,88.78685305944364,169606,2660,15058783.0,60579.0,35.72,5.8,-1.85,1353004200.0
2012-11-15,84.0,89.95,84.0,87.05,87.37369211358283,208447,3015,18212784.0,64908.0,31.14,5.95,3.05,1352917800.0
2012-11-13,84.0,87.9,84.0,85.85,86.2326825172286,132193,1551,11399357.0,51882.0,39.25,3.9,1.85,1352745000.0
2012-11-12,77.7,87.9,77.6,83.95,84.77142513841297,640836,6606,54324581.0,99912.0,15.59,10.3,6.25,1352658600.0
2012-11-09,77.05,78.25,76.15,77.2,77.3950542947906,48163,575,3727578.0,28277.0,58.71,2.1,0.15,1352399400.0
2012-11-08,72.65,77.8,72.65,77.15,76.25802112060268,74335,932,5668640.0,48227.0,64.88,5.15,4.5,1352313000.0
2012-11-07,73.75,74.35,72.6,73.95,73.90115131578948,18240,189,1347957.0,11259.0,61.73,1.75,0.2,1352226600.0
2012-11-06,73.95,73.95,72.8,73.25,73.28555228746589,28219,222,2068045.0,19756.0,70.01,1.15,-0.7,1352140200.0
2012-11-05,73.0,75.25,73.0,74.15,74.28155416321866,50754,711,3770086.0,26226.0,51.67,2.25,1.15,1352053800.0
2012-11-02,72.0,76.75,72.0,72.95,74.4297103910994,94196,1262,7010981.0,39422.0,41.85,4.75,0.95,1351794600.0
2012-11-01,69.2,72.05,69.05,71.65,71.2849547411899,68274,1006,4866909.0,32524.0,47.64,3.0,2.45,1351708200.0
2012-10-31,68.4,69.2,68.4,69.0,68.68256428319832,14195,94,974949.0,12720.0,89.61,0.8,0.6,1351621800.0
2012-10-30,68.9,69.2,68.2,68.5,68.85000491303921,20354,149,1401373.0,17201.0,84.51,1.0,-0.4,1351535400.0
2012-10-29,68.2,69.45,68.2,68.9,68.97224548390956,8359,151,576539.0,4722.0,56.49,1.25,0.7,1351449000.0
2012-10-26,68.3,69.5,68.1,68.75,68.85088144913472,12366,229,851410.0,7318.0,59.18,1.4,0.45,1351189800.0
2012-10-25,67.3,70.15,67.2,69.2,69.21338447001278,17991,255,1245218.0,8344.0,46.38,2.95,1.9,1351103400.0
2012-10-23,68.9,70.0,68.3,68.7,69.29527346387576,14810,265,1026263.0,5480.0,37.0,1.7,-0.2,1350930600.0
2012-10-22,70.0,70.95,68.1,69.5,69.38008677027844,18209,315,1263342.0,6255.0,34.35,2.85,-0.5,1350844200.0
2012-10-19,70.25,70.5,68.5,68.85,69.0764064098193,29330,339,2026011.0,18260.0,62.26,2.0,-1.4,1350585000.0
2012-10-18,70.3,70.3,69.2,69.4,69.60108235546268,18663,177,1298965.0,15251.0,81.72,1.1,-0.9,1350498600.0
2012-10-17,69.25,70.9,68.5,70.0,69.878697421981,99495,353,6952581.0,91887.0,92.35,2.4,0.75,1350412200.0
2012-10-16,70.2,70.9,69.05,69.25,69.82098033402511,20238,225,1413037.0,11548.0,57.06,1.85,-0.95,1350325800.0
2012-10-15,70.0,71.0,69.5,69.85,70.17865023523044,24019,312,1685621.0,12279.0,51.12,1.5,-0.15,1350239400.0
2012-10-12,75.0,75.0,69.1,69.8,71.34521129331588,131476,1214,9380183.0,60007.0,45.64,5.9,-5.2,1349980200.0
2012-10-11,76.75,77.6,74.3,74.85,75.28202060350422,49312,457,3712307.0,24874.0,50.44,3.3,-1.9,1349893800.0
2012-10-10,75.45,76.7,75.0,76.15,75.94068322981366,32200,242,2445290.0,27461.0,85.28,1.7,0.7,1349807400.0
2012-10-09,76.5,77.1,75.15,75.7,76.07484880430562,18023,333,1371097.0,9114.0,50.57,1.95,-0.8,1349721000.0
2012-10-08,75.15,76.65,75.15,76.0,76.01486032721297,55988,274,4255920.0,47508.0,84.85,1.5,0.85,1349634600.0
2012-10-05,76.0,76.8,73.9,75.35,75.56758282707378,44279,386,3346057.0,30948.0,69.89,2.9,-0.65,1349375400.0
2012-10-04,77.0,77.0,75.55,76.05,76.119329682105,33596,390,2557305.0,22897.0,68.15,1.45,-0.95,1349289000.0
2012-10-03,76.0,78.85,75.85,76.95,77.23002293980018,131213,1124,10133583.0,52401.0,39.94,3.0,0.95,1349202600.0
2012-10-01,74.75,76.05,73.5,75.8,74.87118142288834,54045,528,4046413.0,25748.0,47.64,2.55,1.05,1349029800.0
2012-09-28,75.95,76.8,73.6,73.8,74.58842532767214,65004,627,4848546.0,46479.0,71.5,3.2,-2.15,1348770600.0
2012-09-27,76.2,76.75,71.25,76.2,75.90075293233855,58571,580,4445583.0,23590.0,40.28,5.5,0.0,1348684200.0
2012-09-26,77.8,77.8,76.05,76.5,76.52042313474739,110414,911,8448926.0,55169.0,49.97,1.75,-1.3,1348597800.0
2012-09-25,72.15,77.95,71.95,77.15,75.60004125186236,455737,3987,34453736.0,208841.0,45.82,6.0,5.0,1348511400.0
2012-09-24,70.8,72.45,69.0,71.7,70.69574116221571,122146,935,8635202.0,64959.0,53.18,3.45,0.9,1348425000.0
2012-09-21,68.2,69.3,68.0,68.8,68.81322273725299,20495,217,1410327.0,14629.0,71.38,1.3,0.6,1348165800.0
2012-09-20,68.6,68.9,67.05,67.6,67.91774152216624,11707,211,795113.0,7368.0,62.94,1.85,-1.0,1348079400.0
2012-09-18,68.25,69.45,67.5,68.5,68.8026808683486,22157,274,1524461.0,12864.0,58.06,1.95,0.25,1347906600.0
2012-09-17,70.7,71.0,68.0,68.15,68.8055509868421,24320,287,1673351.0,13401.0,55.1,3.0,-2.55,1347820200.0
2012-09-14,70.0,70.0,68.05,68.6,68.78650347829321,26881,371,1849050.0,18527.0,68.92,1.95,-1.4,1347561000.0
2012-09-13,69.85,70.85,68.4,68.6,69.82362140871177,34528,373,2410870.0,17587.0,50.94,2.45,-1.25,1347474600.0
2012-09-12,71.3,72.45,69.9,70.55,71.16727682803256,122372,1368,8708882.0,46331.0,37.86,2.55,-0.75,1347388200.0
2012-09-11,67.0,71.0,67.0,69.7,69.66037979255896,155032,1478,10799588.0,54666.0,35.26,4.0,2.7,1347301800.0
2012-09-10,67.0,68.45,66.45,67.1,67.28142195587034,36710,457,2469901.0,21254.0,57.9,2.0,0.1,1347215400.0
2012-09-08,66.35,66.75,65.5,66.2,65.97357685307225,15933,82,1051157.0,14131.0,88.69,1.25,-0.15,1347042600.0
2012-09-07,67.0,67.0,65.4,65.9,66.01942069881318,36147,398,2386404.0,18116.0,50.12,1.6,-1.1,1346956200.0
2012-09-06,67.2,68.4,65.0,65.5,66.57321391376797,28806,405,1917708.0,18300.0,63.53,3.4,-1.7,1346869800.0
2012-09-05,68.1,69.7,67.1,67.35,68.32346466470986,35432,417,2420837.0,20833.0,58.8,2.6,-0.75,1346783400.0
2012-09-04,66.8,70.8,66.25,68.35,68.87094631496598,67747,1132,4665800.0,23744.0,35.05,4.55,1.55,1346697000.0
2012-09-03,66.7,68.3,64.3,66.7,67.19895860118281,15556,296,1045347.0,9186.0,59.05,4.0,0.0,1346610600.0
2012-08-31,69.85,69.85,65.5,66.55,66.55111795464023,31173,235,2074598.0,23622.0,75.78,4.35,-3.3,1346351400.0
2012-08-30,67.0,67.0,66.0,66.4,66.16239975323873,12968,102,857994.0,10781.0,83.14,1.0,-0.6,1346265000.0
2012-08-29,68.95,68.95,66.1,66.25,66.49663318247048,9059,184,602393.0,6435.0,71.03,2.85,-2.7,1346178600.0
2012-08-28,66.7,67.5,66.7,67.0,67.0125371164632,21217,108,1421805.0,19482.0,91.82,0.8,0.3,1346092200.0
2012-08-27,69.0,69.3,67.05,67.2,68.08443925915124,20571,300,1400565.0,12119.0,58.91,2.25,-1.8,1346005800.0
2012-08-24,69.2,70.45,67.6,67.9,68.77950479461857,34935,559,2402812.0,14401.0,41.22,2.85,-1.3,1345746600.0
2012-08-23,67.3,72.4,66.5,69.25,70.16172221513429,133247,2073,9348839.0,37451.0,28.11,5.9,1.95,1345660200.0
2012-08-22,66.35,66.8,66.0,66.6,66.55009025270759,15512,278,1032325.0,8625.0,55.6,0.8,0.25,1345573800.0
2012-08-21,66.55,67.3,66.0,66.45,66.50524170064065,13736,262,913516.0,7680.0,55.91,1.3,-0.1,1345487400.0
2012-08-17,68.0,68.0,64.1,66.55,66.12716779044923,36039,466,2383157.0,15393.0,42.71,3.9,-1.45,1345141800.0
2012-08-16,66.9,68.5,66.4,66.85,67.33495117912408,17513,395,1179237.0,6835.0,39.03,2.1,-0.05,1345055400.0
2012-08-14,66.8,66.8,64.75,66.15,65.99390597794545,13784,200,909660.0,8629.0,62.6,2.05,-0.65,1344882600.0
2012-08-13,65.7,67.5,65.35,66.65,66.29141119340755,20387,407,1351483.0,13148.0,64.49,2.15,0.95,1344796200.0
2012-08-10,65.2,66.0,65.2,65.7,65.66784429178934,15285,293,1003733.0,7386.0,48.32,0.8,0.5,1344537000.0
2012-08-09,67.2,67.2,65.0,65.95,66.07821630854984,33369,612,2204964.0,19489.0,58.4,2.2,-1.25,1344450600.0
2012-08-08,69.4,69.5,67.05,67.2,68.02739699946692,52524,757,3573071.0,33818.0,64.39,2.45,-2.2,1344364200.0
2012-08-07,72.0,72.0,68.9,69.1,69.92211728457082,59718,912,4175609.0,33373.0,55.88,3.1,-2.9,1344277800.0
2012-08-06,74.8,76.5,71.2,71.75,73.67684765631041,64663,858,4764166.0,37078.0,57.34,5.3,-3.05,1344191400.0
2012-08-03,74.0,74.0,72.6,73.2,73.13593826957806,36546,413,2672826.0,23177.0,63.42,1.4,-0.8,1343932200.0
2012-08-02,73.0,75.0,73.0,73.65,73.89114922195904,66706,832,4928983.0,34221.0,51.3,2.0,0.65,1343845800.0
2012-08-01,68.55,72.5,68.5,71.8,71.32996441632895,40468,658,2886581.0,21766.0,53.79,4.0,3.25,1343759400.0
2012-07-31,68.75,68.95,68.25,68.8,68.52495904819381,11599,83,794821.0,11084.0,95.56,0.7,0.05,1343673000.0
2012-07-30,69.3,69.5,67.5,68.4,68.71300782705926,8049,172,553071.0,2438.0,30.29,2.0,-0.9,1343586600.0
2012-07-27,69.75,71.25,67.55,68.0,69.65068982575715,18193,313,1267155.0,11810.0,64.92,3.7,-1.75,1343327400.0
2012-07-26,69.5,70.4,67.5,69.3,68.94589057604242,16596,219,1144226.0,13463.0,81.12,2.9,-0.2,1343241000.0
2012-07-25,71.0,71.7,69.55,69.8,70.6373897707231,17010,241,1201542.0,13016.0,76.52,2.15,-1.2,1343154600.0
2012-07-24,70.2,71.45,70.2,71.15,70.98352646414031,15965,261,1133252.0,6859.0,42.96,1.25,0.95,1343068200.0
2012-07-23,71.9,71.9,69.8,70.05,70.68870014771049,10832,212,765700.0,5980.0,55.21,2.1,-1.85,1342981800.0
2012-07-20,71.75,73.5,71.2,71.9,72.34227972968645,31223,462,2258743.0,15124.0,48.44,2.3,0.15,1342722600.0
2012-07-19,70.5,72.5,70.5,72.15,71.6272881675788,42392,486,3036424.0,24891.0,58.72,2.0,1.65,1342636200.0
2012-07-18,69.0,71.65,68.5,70.45,70.16290621119468,42681,729,2994623.0,18457.0,43.24,3.15,1.45,1342549800.0
2012-07-17,72.45,74.7,68.95,69.65,71.87117520049352,64840,851,4660127.0,27834.0,42.93,5.75,-2.8,1342463400.0
2012-07-16,70.95,74.85,69.0,72.0,73.156991000475,155786,1853,11396835.0,56899.0,36.52,5.85,1.05,1342377000.0
2012-07-13,68.0,73.05,66.95,70.75,71.04592741398218,195134,2293,13863476.0,56538.0,28.97,6.1,2.75,1342117800.0
2012-07-12,64.85,67.5,63.05,66.6,65.51240262402624,29268,361,1917417.0,23540.0,80.43,4.45,1.75,1342031400.0
2012-07-11,64.0,65.0,63.55,64.55,63.97480078434645,23969,191,1533412.0,20979.0,87.53,1.45,0.55,1341945000.0
2012-07-10,64.8,64.8,63.5,63.8,63.779791360171195,14954,176,953763.0,12536.0,83.83,1.3,-1.0,1341858600.0
2012-07-09,64.8,65.5,63.0,63.2,64.07464480101788,28294,311,1812928.0,17802.0,62.92,2.5,-1.6,1341772200.0
2012-07-06,67.75,67.75,65.25,65.7,66.01814177852349,19072,245,1259098.0,12774.0,66.98,2.5,-2.05,1341513000.0
2012-07-05,65.85,67.45,65.8,67.2,66.64950467898399,29173,362,1944366.0,16227.0,55.62,1.65,1.35,1341426600.0
2012-07-04,65.25,66.4,65.05,66.05,65.85037109029864,22636,313,1490589.0,10674.0,47.15,1.35,0.8,1341340200.0
2012-07-03,63.6,65.45,63.5,65.2,64.79472976181056,25274,353,1637622.0,11468.0,45.37,1.95,1.6,1341253800.0
2012-07-02,63.8,64.0,63.3,63.85,63.77784859429218,14121,152,900607.0,9705.0,68.73,0.7,0.05,1341167400.0
2012-06-29,64.2,64.75,63.2,63.6,63.89459069199156,9003,127,575243.0,5160.0,57.31,1.55,-0.6,1340908200.0
2012-06-28,62.55,64.8,62.5,63.5,63.71977998550292,46906,603,2988840.0,15343.0,32.71,2.3,0.95,1340821800.0
2012-06-27,62.9,62.9,61.85,61.9,61.97249229309936,4217,60,261338.0,1976.0,46.86,1.05,-1.0,1340735400.0
2012-06-26,61.5,62.55,61.3,62.3,62.040745557000434,6921,104,429384.0,4656.0,67.27,1.25,0.8,1340649000.0
2012-06-25,62.0,63.5,61.05,61.55,62.37222691573579,31959,432,1993354.0,8914.0,27.89,2.45,-0.45,1340562600.0
2012-06-22,62.0,62.0,60.7,60.9,60.98202099737533,15240,153,929366.0,11800.0,77.43,1.3,-1.1,1340303400.0
2012-06-21,61.65,62.0,61.3,61.65,61.67470609623076,8251,123,508878.0,6619.0,80.22,0.7,0.0,1340217000.0
2012-06-20,61.5,61.85,60.5,61.3,60.97970139238383,5961,117,363500.0,3685.0,61.82,1.35,-0.2,1340130600.0
2012-06-19,62.0,62.0,60.8,61.55,61.27572189514999,7134,71,437141.0,4747.0,66.54,1.2,-0.45,1340044200.0
2012-06-18,62.0,62.25,61.5,61.9,61.95620872255608,16807,79,1041298.0,13904.0,82.73,0.75,-0.1,1339957800.0
2012-06-15,62.5,63.1,61.55,61.75,61.8854299411372,16479,120,1019810.0,13669.0,82.95,1.55,-0.75,1339698600.0
2012-06-14,63.0,63.35,62.0,62.25,62.606812780565086,7574,71,474184.0,6730.0,88.86,1.35,-0.75,1339612200.0
2012-06-13,62.5,63.0,62.3,62.45,62.57545397620538,7985,60,499665.0,7306.0,91.5,0.7,-0.05,1339525800.0
2012-06-12,63.0,63.0,62.25,62.65,62.73326594788858,8904,74,558577.0,7173.0,80.56,0.75,-0.35,1339439400.0
2012-06-11,63.0,63.7,62.25,62.8,63.25470999588647,12155,156,768861.0,8409.0,69.18,1.45,-0.2,1339353000.0
2012-06-08,63.5,63.5,62.25,62.5,62.51443986036178,3151,45,196983.0,1954.0,62.01,1.25,-1.0,1339093800.0
2012-06-07,62.95,63.5,62.1,63.1,62.770902345302765,7547,162,473732.0,4921.0,65.2,1.4,0.15,1339007400.0
2012-06-06,61.0,62.5,61.0,62.0,61.92157905937434,9398,107,581939.0,8035.0,85.5,1.5,1.0,1338921000.0
2012-06-05,61.5,63.0,61.0,61.55,62.007756447547024,10314,141,639548.0,6244.0,60.54,2.0,0.05,1338834600.0
2012-06-04,60.25,62.0,60.05,61.35,61.25094517958412,8464,132,518428.0,5968.0,70.51,1.95,1.1,1338748200.0
2012-06-01,61.5,61.85,60.6,61.15,61.2575845974329,6856,116,419982.0,5611.0,81.84,1.25,-0.35,1338489000.0
2012-05-31,60.95,62.45,60.3,62.2,61.655016910935736,12418,138,765632.0,8881.0,71.52,2.15,1.25,1338402600.0
2012-05-30,60.75,62.65,60.75,60.95,61.43773946360153,11484,296,705551.0,5312.0,46.26,1.9,0.2,1338316200.0
2012-05-29,62.1,62.95,60.25,60.55,61.40689368194743,28838,371,1770852.0,19010.0,65.92,2.7,-1.55,1338229800.0
2012-05-28,63.0,63.0,61.75,61.85,62.01249508840864,12725,184,789109.0,10532.0,82.77,1.25,-1.15,1338143400.0
2012-05-25,59.0,63.75,59.0,62.25,62.50708810248871,9523,163,595255.0,8670.0,91.04,4.75,3.25,1337884200.0
2012-05-24,62.5,64.0,62.4,63.3,63.07611983995316,10247,214,646341.0,6927.0,67.6,1.6,0.8,1337797800.0
2012-05-23,64.5,65.5,63.35,63.7,64.3429989145604,6449,196,414948.0,4757.0,73.76,2.15,-0.8,1337711400.0
2012-05-22,66.0,66.4,64.1,64.65,65.27167034584252,13590,358,887042.0,5114.0,37.63,2.3,-1.35,1337625000.0
2012-05-21,62.4,65.1,62.4,64.35,63.86047269763651,6135,197,391784.0,4114.0,67.06,2.7,1.95,1337538600.0
2012-05-18,62.2,63.0,60.1,62.4,61.7822587624405,11555,371,713894.0,5529.0,47.85,2.9,0.2,1337279400.0
2012-05-17,63.25,63.45,62.3,62.6,62.95968534906588,6102,151,384180.0,3837.0,62.88,1.15,-0.65,1337193000.0
2012-05-16,62.9,63.5,62.0,62.95,62.870424091725376,7239,170,455119.0,5101.0,70.47,1.5,0.05,1337106600.0
2012-05-15,63.15,64.4,62.7,63.95,63.48826427122573,3451,114,219098.0,2536.0,73.49,1.7,0.8,1337020200.0
2012-05-14,65.0,65.0,63.4,63.65,63.791831879460744,5044,122,321766.0,4386.0,86.95,1.6,-1.35,1336933800.0
2012-05-11,64.0,65.0,62.7,64.15,63.911962713619886,9655,256,617070.0,5599.0,57.99,2.3,0.15,1336674600.0
2012-05-10,64.85,65.7,64.5,64.8,64.91571057059812,13074,183,848708.0,11001.0,84.14,1.2,-0.05,1336588200.0
2012-05-09,67.2,68.55,63.9,64.15,65.27827827827828,8991,213,586917.0,6257.0,69.59,4.65,-3.05,1336501800.0
2012-05-08,68.4,68.6,66.65,67.15,67.80509903076275,4746,103,321803.0,3258.0,68.65,1.95,-1.25,1336415400.0
2012-05-07,66.15,68.1,65.4,67.75,66.90722574854138,15597,187,1043552.0,10605.0,67.99,2.7,1.6,1336329000.0
2012-05-04,68.0,68.25,67.0,67.1,67.76748779920985,8606,153,583207.0,7159.0,83.19,1.25,-0.9,1336069800.0
2012-05-03,69.0,69.0,67.8,68.25,68.26161954959272,6261,138,427386.0,3650.0,58.3,1.2,-0.75,1335983400.0
2012-05-02,68.65,69.05,68.0,68.75,68.62545079855744,3882,114,266404.0,3014.0,77.64,1.05,0.1,1335897000.0
2012-04-30,66.55,68.5,66.55,68.3,68.08694257298684,3117,76,212227.0,2658.0,85.27,1.95,1.75,1335724200.0
2012-04-28,68.25,68.25,67.2,67.2,67.8,215,11,14577.0,213.0,99.07,1.05,-1.05,1335551400.0
2012-04-27,69.0,69.0,66.55,67.5,67.88454769447378,11364,183,771440.0,8290.0,72.95,2.45,-1.5,1335465000.0
2012-04-26,67.55,68.7,67.55,68.1,68.07401301518438,11525,184,784553.0,8596.0,74.59,1.15,0.55,1335378600.0
2012-04-25,66.5,68.9,65.7,67.2,67.17373539542109,29614,399,1989283.0,23950.0,80.87,3.2,0.7,1335292200.0
2012-04-24,68.0,68.95,67.0,67.65,67.84193615257048,9648,199,654539.0,6947.0,72.0,1.95,-0.35,1335205800.0
2012-04-23,69.5,71.0,66.9,67.55,68.55734377265478,20691,366,1418520.0,14030.0,67.81,4.1,-1.95,1335119400.0
2012-04-20,70.9,71.45,68.1,68.75,69.66324200913242,23652,404,1647675.0,15365.0,64.96,3.35,-2.15,1334860200.0
2012-04-19,73.45,73.45,70.3,70.9,71.31596483765773,14106,315,1005983.0,8212.0,58.22,3.15,-2.55,1334773800.0
2012-04-18,75.0,76.3,72.5,72.85,74.2225808635984,44303,603,3288283.0,27985.0,63.17,3.8,-2.15,1334687400.0
2012-04-17,72.5,75.0,72.0,74.55,74.56493393369246,149244,1002,11128369.0,113805.0,76.25,3.0,2.05,1334601000.0
2012-04-16,70.5,72.9,70.5,72.25,72.21492913251366,46848,667,3383125.0,28053.0,59.88,2.4,1.75,1334514600.0
2012-04-13,66.1,71.8,63.7,70.05,69.90361153916034,148607,2265,10388166.0,44734.0,30.1,8.1,3.95,1334255400.0
2012-04-12,66.7,66.9,63.0,65.35,65.79282010079615,27382,323,1801539.0,18108.0,66.13,3.9,-1.35,1334169000.0
2012-04-11,64.4,66.85,64.2,65.9,65.92490198049663,19894,189,1311510.0,15170.0,76.25,2.65,1.5,1334082600.0
2012-04-10,65.0,66.1,64.65,65.55,65.40950969654017,15521,212,1015221.0,10799.0,69.58,1.45,0.55,1333996200.0
2012-04-09,65.0,65.5,64.65,65.1,64.96531877213695,6776,111,440205.0,5989.0,88.39,0.85,0.1,1333909800.0
2012-04-04,65.3,66.4,64.6,65.0,65.20756672713138,7718,194,503272.0,5286.0,68.49,1.8,-0.3,1333477800.0
2012-04-03,65.0,66.9,65.0,66.15,66.26988375010454,23914,516,1584778.0,13485.0,56.39,1.9,1.15,1333391400.0
2012-04-02,62.45,64.35,62.0,64.15,63.62146457159798,16865,378,1072976.0,9057.0,53.7,2.35,1.7,1333305000.0
2012-03-30,60.2,61.9,60.2,61.1,61.36574625089264,16804,298,1031190.0,11751.0,69.93,1.7,0.9,1333045800.0
2012-03-29,59.25,60.75,59.2,60.4,60.01053571428571,5600,124,336059.0,4133.0,73.8,1.55,1.15,1332959400.0
2012-03-28,58.5,60.8,58.0,59.45,59.665687247195294,26206,463,1563599.0,19394.0,74.01,2.8,0.95,1332873000.0
2012-03-27,61.5,61.9,59.0,59.25,60.28990237505464,34315,304,2068848.0,30963.0,90.23,2.9,-2.25,1332786600.0
2012-03-26,63.2,63.4,60.9,61.1,61.72480009338703,34266,509,2115062.0,21773.0,63.54,2.5,-2.1,1332700200.0
2012-03-23,63.5,64.8,62.5,62.9,63.268042775429,20105,237,1272004.0,18448.0,91.76,2.3,-0.6,1332441000.0
2012-03-22,65.0,65.55,63.75,64.05,64.5538093611206,17562,248,1133694.0,12690.0,72.26,1.8,-0.95,1332354600.0
2012-03-21,64.5,65.25,63.5,64.65,64.59368128688808,17282,251,1116308.0,10204.0,59.04,1.75,0.15,1332268200.0
2012-03-20,64.1,65.1,63.85,64.15,64.40203233774983,17812,200,1147129.0,13355.0,74.98,1.25,0.05,1332181800.0
2012-03-19,66.45,66.45,64.0,64.35,64.96386809379447,16163,310,1050011.0,11556.0,71.5,2.45,-2.1,1332095400.0
2012-03-16,67.0,67.0,65.3,65.4,66.08936000455918,17547,186,1159670.0,13896.0,79.19,1.7,-1.6,1331836200.0
2012-03-15,66.55,67.0,65.7,66.0,66.28289426458976,13931,222,923387.0,10092.0,72.44,1.3,-0.55,1331749800.0
2012-03-14,68.3,68.5,66.45,66.9,67.4651673501786,37795,332,2549846.0,25677.0,67.94,2.05,-1.4,1331663400.0
2012-03-13,68.85,68.9,66.6,67.5,67.71743658865336,16322,262,1105284.0,11222.0,68.75,2.3,-1.35,1331577000.0
2012-03-12,69.05,69.05,67.4,67.7,67.86159368269921,6965,107,472656.0,4540.0,65.18,1.65,-1.35,1331490600.0
2012-03-09,70.0,70.0,67.05,67.5,68.02038394415358,14325,222,974392.0,10216.0,71.32,2.95,-2.5,1331231400.0
2012-03-07,67.5,69.0,66.65,68.7,68.36175115207372,8680,198,593380.0,6757.0,77.85,2.35,1.2,1331058600.0
2012-03-06,67.1,69.3,67.0,67.45,68.21162895635918,15513,313,1058167.0,9112.0,58.74,2.3,0.35,1330972200.0
2012-03-05,68.5,68.95,67.0,67.3,67.75023467398368,13849,251,938273.0,7731.0,55.82,1.95,-1.2,1330885800.0
2012-03-03,68.3,68.95,68.3,68.45,68.36976320582878,1647,26,112605.0,1400.0,85.0,0.65,0.15,1330713000.0
2012-03-02,69.15,69.4,68.15,68.65,68.69290677254332,13097,229,899671.0,6854.0,52.33,1.25,-0.5,1330626600.0
2012-03-01,69.0,70.0,68.1,68.5,68.60207371264268,11477,249,787346.0,7947.0,69.24,1.9,-0.5,1330540200.0
2012-02-29,69.95,71.05,68.55,68.9,69.59551577615044,11061,248,769796.0,6514.0,58.89,2.5,-1.05,1330453800.0
2012-02-28,71.25,71.25,68.5,69.3,69.36433097279165,10732,210,744418.0,5836.0,54.38,2.75,-1.95,1330367400.0
2012-02-27,69.35,69.5,68.05,69.0,68.91876963783695,30235,530,2083759.0,23610.0,78.09,1.45,-0.35,1330281000.0
2012-02-24,69.85,71.0,67.65,68.0,68.858085426554,17278,267,1189730.0,9416.0,54.5,3.35,-1.85,1330021800.0
2012-02-23,70.4,70.45,67.55,68.95,68.56627061354092,19526,448,1338825.0,9168.0,46.95,2.9,-1.45,1329935400.0
2012-02-22,73.0,73.6,69.5,70.0,71.48588953602881,35541,536,2540680.0,20734.0,58.34,4.1,-3.0,1329849000.0
2012-02-21,73.3,74.0,72.05,72.65,73.02557624616783,35228,512,2572545.0,15807.0,44.87,1.95,-0.65,1329762600.0
2012-02-17,71.5,76.15,71.5,73.05,74.06649630709582,124834,1430,9246017.0,69285.0,55.5,4.65,1.55,1329417000.0
2012-02-16,71.0,72.0,71.0,71.55,71.41364251445441,32516,283,2322086.0,22765.0,70.01,1.0,0.55,1329330600.0
2012-02-15,72.0,73.45,71.7,72.2,72.63296909719837,43653,540,3170647.0,26721.0,61.21,1.75,0.2,1329244200.0
2012-02-14,71.05,73.6,71.05,71.3,72.33040748590393,50014,550,3617533.0,32103.0,64.19,2.55,0.25,1329157800.0
2012-02-13,72.3,72.4,70.5,71.35,71.36791764610521,24674,381,1760932.0,13115.0,53.15,1.9,-0.95,1329071400.0
2012-02-10,70.6,74.1,70.6,72.3,72.58024985196967,172262,1706,12502819.0,72039.0,41.82,3.5,1.7,1328812200.0
2012-02-09,69.9,72.7,68.75,70.6,70.88908304404217,128763,1325,9127891.0,41316.0,32.09,3.95,0.7,1328725800.0
2012-02-08,67.9,72.0,67.55,70.7,70.40556461078263,271789,2866,19135458.0,93010.0,34.22,4.45,2.8,1328639400.0
2012-02-07,65.0,67.9,64.9,67.0,66.62490803207342,80191,1003,5342718.0,32350.0,40.34,3.0,2.0,1328553000.0
2012-02-06,66.5,68.0,64.3,64.8,65.97291191622328,94728,993,6249482.0,61037.0,64.43,3.7,-1.7,1328466600.0
2012-02-03,67.4,67.5,65.75,65.95,66.25182206584569,39790,549,2636160.0,28271.0,71.05,1.75,-1.45,1328207400.0
2012-02-02,66.7,68.2,66.0,66.45,66.94973613839127,42257,651,2829095.0,25927.0,61.36,2.2,-0.25,1328121000.0
2012-02-01,67.8,69.35,66.55,66.9,67.68618717073281,44227,482,2993557.0,24520.0,55.44,2.8,-0.9,1328034600.0
2012-01-31,68.5,69.0,67.6,68.25,68.22021375798006,27882,376,1902116.0,17252.0,61.88,1.4,-0.25,1327948200.0
2012-01-30,68.9,69.0,67.25,67.85,68.0751168060318,49869,464,3394838.0,21490.0,43.09,1.75,-1.05,1327861800.0
2012-01-27,66.0,71.0,66.0,68.85,68.1679929042068,157840,1701,10759636.0,63333.0,40.12,5.0,2.85,1327602600.0
2012-01-25,72.85,74.4,70.4,70.7,71.88273441218467,50424,595,3624615.0,24490.0,48.57,4.0,-2.15,1327429800.0
2012-01-24,72.0,72.8,68.3,71.25,70.49308951732937,28218,352,1989174.0,12299.0,43.59,4.5,-0.75,1327343400.0
2012-01-23,75.0,75.0,70.6,71.85,71.97591832205083,9011,149,648575.0,5332.0,59.17,4.4,-3.15,1327257000.0
2012-01-20,73.65,74.35,72.0,72.45,73.39976044318011,13358,212,980474.0,8937.0,66.9,2.35,-1.2,1326997800.0
2012-01-19,74.45,74.45,73.45,73.75,73.81697737132137,8529,127,629585.0,5833.0,68.39,1.0,-0.7,1326911400.0
2012-01-18,72.6,74.65,72.6,73.25,73.92891737891738,7020,115,518981.0,3734.0,53.19,2.05,0.65,1326825000.0
2012-01-17,74.0,75.4,73.8,74.15,74.58300216763004,11072,178,825783.0,8373.0,75.62,1.6,0.15,1326738600.0
2012-01-16,75.0,75.0,73.35,73.9,74.03399364147714,12267,232,908175.0,8320.0,67.82,1.65,-1.1,1326652200.0
2012-01-13,74.2,75.8,73.35,74.3,74.69162673834286,34228,403,2556545.0,21744.0,63.53,2.45,0.1,1326393000.0
2012-01-12,75.45,75.8,72.4,73.0,73.54004703278461,21687,451,1594863.0,9633.0,44.42,3.4,-2.45,1326306600.0
2012-01-11,70.5,76.2,69.45,74.7,73.89388938039599,163895,1870,12110839.0,54391.0,33.19,6.75,4.2,1326220200.0
2012-01-10,65.35,72.0,65.35,70.5,69.76369566037025,106092,1359,7401370.0,52013.0,49.03,6.65,5.15,1326133800.0
2012-01-09,65.6,66.35,64.3,65.65,65.25747854345471,12001,193,783155.0,8465.0,70.54,2.05,0.05,1326047400.0
2012-01-07,64.5,64.7,64.0,64.45,64.37669512807634,1991,20,128174.0,1971.0,99.0,0.7,-0.05,1325874600.0
2012-01-06,64.0,64.8,63.1,64.5,63.97084239975132,16085,291,1028971.0,7839.0,48.73,1.7,0.5,1325788200.0
2012-01-05,64.2,65.85,64.1,64.95,64.91681764474201,12695,294,824119.0,5958.0,46.93,1.75,0.75,1325701800.0
2012-01-04,64.2,65.45,63.8,64.0,64.45150966183576,16560,249,1067317.0,12172.0,73.5,1.65,-0.2,1325615400.0
2012-01-03,64.85,65.65,64.1,64.65,64.81834199629989,11351,231,735753.0,5646.0,49.74,1.55,-0.2,1325529000.0
2012-01-02,63.6,65.0,63.1,64.2,64.10023330165039,11573,238,741832.0,7503.0,64.83,1.9,0.6,1325442600.0
2011-12-30,64.2,66.45,63.05,63.85,64.3734787796148,29335,372,1888396.0,18619.0,63.47,3.4,-0.35,1325183400.0
2011-12-29,64.05,64.6,63.5,64.2,64.05640177330775,75565,120,4840422.0,73995.0,97.92,1.1,0.15,1325097000.0
2011-12-28,64.7,65.9,64.05,64.25,64.70392672377237,11791,200,762924.0,5455.0,46.26,1.85,-0.45,1325010600.0
2011-12-27,64.1,66.0,62.55,64.5,64.7021786243869,17534,336,1134488.0,8840.0,50.42,3.45,0.4,1324924200.0
2011-12-26,67.5,68.0,63.3,64.4,64.52954180064309,19904,358,1284396.0,12352.0,62.06,4.7,-3.1,1324837800.0
2011-12-23,66.45,67.0,65.5,66.4,66.50729706911109,8291,148,551412.0,6002.0,72.39,1.5,-0.05,1324578600.0
2011-12-22,63.0,67.0,63.0,65.9,65.20346830541291,11879,303,774552.0,5315.0,44.74,4.0,2.9,1324492200.0
2011-12-21,67.0,67.0,61.0,63.9,63.857069517424655,33114,736,2114563.0,17539.0,52.97,6.0,-3.1,1324405800.0
2011-12-20,67.6,67.95,65.8,66.4,66.82390781846458,14146,253,945291.0,8398.0,59.37,2.15,-1.2,1324319400.0
2011-12-19,68.0,69.5,65.0,68.15,66.69922155688623,16700,345,1113877.0,10047.0,60.16,4.5,0.15,1324233000.0
2011-12-16,66.75,68.65,66.75,67.7,67.7920237495099,17853,181,1210291.0,13680.0,76.63,1.9,0.95,1323973800.0
2011-12-15,67.15,68.5,67.0,68.25,67.76490593786384,32638,219,2211711.0,27585.0,84.52,1.5,1.1,1323887400.0
2011-12-14,67.5,69.0,67.5,68.0,68.09949219484672,10634,118,724170.0,8131.0,76.46,1.5,0.5,1323801000.0
2011-12-13,67.35,68.3,66.85,68.0,67.8089355721577,13519,190,916709.0,10038.0,74.25,1.45,0.65,1323714600.0
2011-12-12,70.0,70.4,66.85,67.85,67.97436111342844,35961,496,2444426.0,24453.0,68.0,3.55,-2.15,1323628200.0
2011-12-09,70.9,71.0,69.1,69.65,70.15365562008883,11708,257,821359.0,7855.0,67.09,1.9,-1.25,1323369000.0
2011-12-08,71.25,72.35,70.55,70.9,71.41364978672208,9143,194,652935.0,4225.0,46.21,1.8,-0.35,1323282600.0
2011-12-07,71.4,72.75,71.0,71.7,71.8549346016647,15138,234,1087740.0,6701.0,44.27,1.75,0.3,1323196200.0
2011-12-05,72.95,73.0,70.5,71.6,71.57914496790602,8257,177,591029.0,4594.0,55.64,2.5,-1.35,1323023400.0
2011-12-02,72.0,73.4,70.7,72.7,72.27151460853118,20091,285,1452007.0,13525.0,67.32,2.7,0.7,1322764200.0
2011-12-01,71.8,72.5,70.5,71.8,71.73949898785425,23712,437,1701087.0,9793.0,41.0,2.0,0.0,1322677800.0
2011-11-30,70.25,71.9,68.5,70.1,69.5592277895789,16006,291,1113365.0,10811.0,67.54,3.4,-0.15,1322591400.0
2011-11-29,69.0,70.9,69.0,69.85,69.86014879386789,13307,227,929629.0,9280.0,69.74,1.9,0.85,1322505000.0
2011-11-28,69.0,71.6,68.6,69.35,70.31288743882544,18390,472,1293054.0,5613.0,30.52,3.0,0.35,1322418600.0
2011-11-25,69.0,69.75,68.3,68.55,68.99939188602207,11511,251,794252.0,7398.0,64.27,1.45,-0.45,1322159400.0
2011-11-24,68.5,70.25,68.0,69.95,69.03749531308586,18669,337,1288861.0,12814.0,68.64,2.25,1.45,1322073000.0
2011-11-23,68.25,69.8,66.85,68.8,67.76044104031646,59405,459,4025309.0,46632.0,78.5,2.95,0.55,1321986600.0
2011-11-22,68.75,70.5,67.8,68.4,69.44447229184071,35910,687,2493751.0,23658.0,65.88,2.7,-0.35,1321900200.0
2011-11-21,70.55,71.7,68.8,69.0,69.36858987886717,23693,311,1643550.0,18411.0,77.71,2.9,-1.55,1321813800.0
2011-11-18,68.5,71.85,68.2,71.35,70.2139809569724,41485,595,2912827.0,22518.0,54.28,3.65,2.85,1321554600.0
2011-11-17,70.0,70.5,67.6,69.75,69.4488076778006,23861,515,1657118.0,14365.0,60.2,2.9,-0.25,1321468200.0
2011-11-16,70.3,70.3,68.25,68.5,68.72495068534722,19771,361,1358761.0,11207.0,56.68,2.05,-1.8,1321381800.0
2011-11-15,72.0,73.0,68.65,69.35,70.60436235708003,28425,416,2006929.0,16755.0,58.94,4.35,-2.65,1321295400.0
2011-11-14,72.85,74.5,71.45,71.95,72.85681183843276,18989,351,1383478.0,7282.0,38.35,3.05,-0.9,1321209000.0
2011-11-11,74.85,74.85,71.0,73.55,72.66025407330547,35659,617,2590992.0,18080.0,50.7,3.85,-1.3,1320949800.0
2011-11-09,76.6,76.9,74.85,75.15,75.59784695556775,14584,246,1102519.0,7986.0,54.76,2.05,-1.45,1320777000.0
2011-11-08,78.0,78.5,75.75,76.45,76.77359528487229,12725,294,976944.0,6640.0,52.18,2.75,-1.55,1320690600.0
2011-11-04,76.05,78.5,75.2,77.1,77.15411508608368,45479,898,3508892.0,16846.0,37.04,3.3,1.05,1320345000.0
2011-11-03,75.4,77.35,74.55,75.8,76.04803257422888,27752,478,2110485.0,8157.0,29.39,2.8,0.4,1320258600.0
2011-11-02,73.7,75.9,73.0,75.15,74.76075911033345,29719,788,2221815.0,9640.0,32.44,2.9,1.45,1320172200.0
2011-11-01,74.0,74.95,73.55,73.95,74.20591421834173,15691,426,1164365.0,7265.0,46.3,1.4,-0.05,1320085800.0
2011-10-31,77.0,77.0,74.0,74.45,75.52269341182455,27519,452,2078309.0,14293.0,51.94,3.0,-2.55,1319999400.0
2011-10-28,77.25,77.75,76.35,76.85,76.91916786602118,38215,433,2939466.0,25579.0,66.93,1.4,-0.4,1319740200.0
2011-10-26,74.5,78.0,74.5,76.1,75.87612622415669,22975,382,1743254.0,15543.0,67.65,3.5,1.6,1319567400.0
2011-10-25,75.0,75.0,72.0,73.9,73.22688733848511,31963,577,2340551.0,12521.0,39.17,3.0,-1.1,1319481000.0
2011-10-24,77.6,79.0,74.5,74.85,76.4707677942972,27846,646,2129405.0,15731.0,56.49,4.5,-2.75,1319394600.0
2011-10-21,80.8,80.8,76.75,77.3,78.8551024836756,50691,760,3997244.0,21544.0,42.5,4.05,-3.5,1319135400.0
2011-10-20,81.0,84.95,79.1,79.6,81.505923768111,235492,3203,19193993.0,50367.0,21.39,5.85,-1.4,1319049000.0
2011-10-19,78.65,80.0,77.75,78.4,79.103931044791,60213,859,4763085.0,26023.0,43.22,2.25,-0.25,1318962600.0
2011-10-18,80.5,80.5,76.25,77.1,77.4365117815459,45410,825,3516392.0,18454.0,40.64,4.25,-3.4,1318876200.0
2011-10-17,73.75,81.3,73.55,80.05,78.46193679293636,189251,2614,14849000.0,47862.0,25.29,7.75,6.3,1318789800.0
2011-10-14,72.0,73.8,71.7,72.85,72.83451221502801,36758,576,2677251.0,22117.0,60.17,2.1,0.85,1318530600.0
2011-10-13,72.0,73.2,71.05,71.95,71.95309872504357,32707,574,2353370.0,16461.0,50.33,2.15,-0.05,1318444200.0
2011-10-12,70.95,71.45,70.35,71.1,70.89040325980048,21351,347,1513581.0,10419.0,48.8,1.1,0.15,1318357800.0
2011-10-11,71.35,71.95,70.0,70.3,71.01192342682384,51663,480,3668689.0,17552.0,33.97,1.95,-1.05,1318271400.0
2011-10-10,69.0,70.95,68.5,70.5,70.3099534752573,28372,539,1994834.0,13204.0,46.54,2.45,1.5,1318185000.0
2011-10-07,68.6,71.5,67.65,68.1,69.4699072658718,49065,863,3408541.0,16122.0,32.86,3.85,-0.5,1317925800.0
2011-10-05,68.75,68.75,66.3,67.8,67.39676461730413,23243,654,1566503.0,10473.0,45.06,2.45,-0.95,1317753000.0
2011-10-04,66.8,69.0,65.6,67.75,67.21600831918765,65391,882,4395322.0,30151.0,46.11,3.4,0.95,1317666600.0
2011-10-03,69.0,69.0,66.25,66.7,67.39679440477924,34315,503,2312721.0,20252.0,59.02,2.75,-2.3,1317580200.0
2011-09-30,70.0,70.65,69.0,69.4,69.50541565930664,435958,632,30301442.0,417005.0,95.65,1.65,-0.6,1317321000.0
2011-09-29,71.7,72.15,70.2,70.55,70.62802983219392,28962,555,2045529.0,11211.0,38.71,1.95,-1.15,1317234600.0
2011-09-28,73.45,73.5,71.2,72.2,72.04144841721704,30737,470,2214338.0,11378.0,37.02,2.3,-1.25,1317148200.0
2011-09-27,71.0,75.0,70.2,72.9,73.09992591446785,122831,1442,8978937.0,48028.0,39.1,4.8,1.9,1317061800.0
2011-09-26,74.2,74.8,70.3,70.85,71.81858348920682,98905,1426,7103217.0,51746.0,52.32,4.5,-3.35,1316975400.0
2011-09-23,78.0,78.0,73.85,75.3,75.31260053619305,82060,1070,6180152.0,30416.0,37.07,4.15,-2.7,1316716200.0
2011-09-22,80.1,80.6,77.1,77.55,78.60204301538727,69603,1069,5470938.0,43246.0,62.13,3.5,-2.55,1316629800.0
2011-09-21,81.75,82.4,80.55,80.85,81.40607857326269,42839,495,3487355.0,23516.0,54.89,1.85,-0.9,1316543400.0
2011-09-20,80.7,82.65,80.7,81.75,81.79917684596069,52967,671,4332657.0,17273.0,32.61,1.95,1.05,1316457000.0
2011-09-19,80.45,81.45,80.1,80.5,80.53693642958889,60374,1078,4862337.0,27935.0,46.27,1.35,0.05,1316370600.0
2011-09-16,81.65,83.95,80.5,80.9,81.78675252297032,106224,1421,8687716.0,46857.0,44.11,3.45,-0.75,1316111400.0
2011-09-15,83.3,83.95,81.15,81.4,81.83888541014402,63880,869,5227868.0,25059.0,39.23,2.8,-1.9,1316025000.0
2011-09-14,83.65,84.15,82.1,82.55,82.56397804415109,58481,2127,4828424.0,24904.0,42.58,2.05,-1.1,1315938600.0
2011-09-13,83.0,86.4,83.0,83.55,84.28498564534848,65484,1403,5519318.0,24735.0,37.77,3.4,0.55,1315852200.0
2011-09-12,86.1,87.0,85.1,85.3,85.53892321270962,62315,862,5330358.0,37148.0,59.61,1.9,-0.8,1315765800.0
2011-09-09,87.95,89.3,86.3,87.95,87.80098541450381,117514,1239,10317845.0,64705.0,55.06,3.0,0.0,1315506600.0
2011-09-08,87.1,88.0,86.5,87.0,87.30365659777424,80512,978,7028992.0,29717.0,36.91,1.5,-0.1,1315420200.0
2011-09-07,86.25,88.65,86.2,86.85,87.43633120870125,171010,2080,14952487.0,54018.0,31.59,2.45,0.6,1315333800.0
2011-09-06,83.15,86.9,82.65,85.95,85.74858303862098,170788,2444,14644829.0,47718.0,27.94,4.25,2.8,1315247400.0
2011-09-05,85.0,86.0,80.0,82.85,83.26826004409604,326560,4196,27192083.0,65308.0,20.0,6.0,-2.15,1315161000.0
2011-09-02,93.5,94.0,84.05,84.95,86.9211308809082,458050,6136,39814224.0,188033.0,41.05,9.95,-8.55,1314901800.0
2011-08-30,97.5,98.8,92.65,93.95,94.99581350059562,202317,3013,19219268.0,57226.0,28.29,6.15,-3.55,1314642600.0
2011-08-29,109.0,109.0,92.0,96.5,96.42034441145645,478962,6533,46181681.0,123046.0,25.69,17.0,-12.5,1314556200.0
2011-08-26,146.0,146.45,138.3,141.2,142.16310588699145,446391,4778,63460331.0,242982.0,54.43,8.15,-4.8,1314297000.0
2011-08-25,147.5,147.9,143.25,145.25,145.72322966507176,334400,3684,48729848.0,198931.0,59.49,4.65,-2.25,1314210600.0
2011-08-24,149.0,151.2,146.0,146.55,147.8352547834146,230902,2876,34135456.0,160976.0,69.72,5.2,-2.45,1314124200.0
2011-08-23,148.0,151.85,147.0,149.2,149.56941591493595,540863,5813,80896563.0,282581.0,52.25,4.85,1.2,1314037800.0
2011-08-22,145.0,148.5,141.0,146.3,145.5944540847528,724389,9818,105467021.0,287918.0,39.75,7.5,1.3,1313951400.0
2011-08-19,145.25,152.0,116.6,140.4,138.00083845557504,3527915,50540,486855228.0,418176.0,11.85,35.4,-4.85,1313692200.0
2011-08-18,150.0,150.5,144.0,145.25,147.60532806784707,154465,1872,22799857.0,60629.0,39.25,6.5,-4.75,1313605800.0
2011-08-17,149.3,151.5,146.5,147.85,148.8823746392692,92174,1357,13723084.0,26288.0,28.52,5.0,-1.45,1313519400.0
2011-08-16,149.25,153.0,145.25,148.05,150.20865007883967,354517,4035,53251520.0,128441.0,36.23,7.75,-1.2,1313433000.0
2011-08-12,148.55,150.0,146.5,148.05,148.52139805607897,107206,1080,15922385.0,50927.0,47.5,3.5,-0.5,1313087400.0
2011-08-11,152.0,152.0,147.1,148.3,149.48611365090977,174992,2412,26158874.0,51398.0,29.37,4.9,-3.7,1313001000.0
2011-08-10,137.9,153.9,136.1,150.75,147.7826229006075,1175340,14855,173694828.0,312684.0,26.6,17.8,12.85,1312914600.0
2011-08-09,132.1,135.8,131.0,134.85,133.13148888559817,121554,919,16182665.0,85173.0,70.07,4.8,2.75,1312828200.0
2011-08-08,131.5,137.0,129.05,135.1,133.4359500693481,108150,1621,14431098.0,36467.0,33.72,7.95,3.6,1312741800.0
2011-08-05,139.0,139.6,132.15,135.9,135.34187668070726,126063,1577,17061603.0,66644.0,52.87,7.45,-3.1,1312482600.0
2011-08-04,142.8,143.9,140.55,141.15,142.24281275040553,51167,805,7278138.0,21419.0,41.86,3.35,-1.65,1312396200.0
2011-08-03,142.0,143.5,140.5,141.45,141.72330284683756,46578,730,6601188.0,19684.0,42.26,3.0,-0.55,1312309800.0
2011-08-02,144.5,145.0,141.1,142.2,143.09239247601596,74216,1154,10619745.0,34935.0,47.07,3.9,-2.3,1312223400.0
2011-08-01,142.6,145.8,140.1,145.0,143.05227141801424,171853,1873,24583962.0,67731.0,39.41,5.7,2.4,1312137000.0
2011-07-29,145.0,149.7,141.05,141.85,146.25339804935004,327173,4169,47850163.0,97223.0,29.72,8.65,-3.15,1311877800.0
2011-07-28,147.25,147.5,142.05,144.95,144.68942147964464,166148,1876,24039858.0,57984.0,34.9,5.45,-2.3,1311791400.0
2011-07-27,142.05,148.0,141.5,146.9,145.69559812596384,341082,3382,49694146.0,152592.0,44.74,6.5,4.85,1311705000.0
2011-07-26,145.5,145.5,140.0,141.05,141.36113551875633,88770,1200,12548628.0,43482.0,48.98,5.5,-4.45,1311618600.0
2011-07-25,144.5,147.5,143.5,144.35,145.276488162376,181751,2387,26404147.0,61459.0,33.81,4.0,-0.15,1311532200.0
2011-07-22,143.25,145.7,141.1,143.75,143.5353128878863,176437,1785,25324940.0,75924.0,43.03,4.6,0.5,1311273000.0
2011-07-21,141.1,146.0,140.85,142.15,142.94279081690783,140432,1381,20073742.0,47036.0,33.49,5.15,1.05,1311186600.0
2011-07-20,140.0,145.7,138.75,139.95,141.73939521874505,94745,1037,13429099.0,60960.0,64.34,6.95,-0.05,1311100200.0
2011-07-19,143.9,145.35,142.0,144.5,144.30452882553297,142686,1657,20590236.0,65610.0,45.98,3.35,0.6,1311013800.0
2011-07-18,140.85,144.4,140.1,143.5,142.98606589013033,202094,2434,28896626.0,70654.0,34.96,4.3,2.65,1310927400.0
2011-07-15,138.2,142.9,138.2,140.5,141.61077671121492,183247,2237,25949750.0,69696.0,38.03,4.7,2.3,1310668200.0
2011-07-14,142.0,142.0,137.5,138.4,139.903515991718,155518,1733,21757515.0,60718.0,39.04,4.5,-3.6,1310581800.0
2011-07-13,139.9,141.9,137.6,140.7,140.04715632016243,419562,2349,58758465.0,240291.0,57.27,4.3,0.8,1310495400.0
2011-07-12,139.0,142.4,136.6,138.75,139.83806907670785,295237,3527,41285372.0,81016.0,27.44,5.8,-0.25,1310409000.0
2011-07-11,133.0,140.25,131.05,139.3,137.61061886167315,422550,4827,58147367.0,154909.0,36.66,9.2,6.3,1310322600.0
2011-07-08,137.7,137.7,132.0,132.6,133.76509681581575,113153,1473,15135922.0,48354.0,42.73,5.7,-5.1,1310063400.0
2011-07-07,139.4,140.0,136.0,136.65,138.40490254879032,231757,2925,32076305.0,74114.0,31.98,4.0,-2.75,1309977000.0
2011-07-06,136.95,139.4,135.1,138.15,137.90654366555117,214849,2346,29629083.0,70349.0,32.74,4.3,1.2,1309890600.0
2011-07-05,133.45,138.0,132.0,136.0,135.6069433003036,212435,2409,28807661.0,60509.0,28.48,6.0,2.55,1309804200.0
2011-07-04,133.2,135.75,131.75,133.25,133.88045910014313,116663,1643,15618896.0,33599.0,28.8,4.0,0.05,1309717800.0
2011-07-01,134.1,135.5,132.0,132.95,133.7301384763419,143418,1486,19179309.0,65939.0,45.98,3.5,-1.15,1309458600.0
2011-06-30,129.0,137.5,127.0,133.05,133.96961134657468,505386,5635,67706366.0,120454.0,23.83,10.5,4.05,1309372200.0
2011-06-29,129.35,130.6,128.2,128.55,129.0286190303947,91233,477,11771668.0,72046.0,78.97,2.4,-0.8,1309285800.0
2011-06-28,130.5,131.2,128.0,128.65,129.2996507968824,225943,1157,29214351.0,164353.0,72.74,3.2,-1.85,1309199400.0
2011-06-27,126.55,131.0,126.55,129.4,128.64104888083241,337617,1520,43431405.0,248761.0,73.68,4.45,2.85,1309113000.0
2011-06-24,127.0,129.45,126.0,127.75,127.68096696335728,104823,1150,13383902.0,38329.0,36.57,3.45,0.75,1308853800.0
2011-06-23,125.0,129.35,124.65,126.05,126.98583927214474,97382,1377,12366135.0,28564.0,29.33,4.7,1.05,1308767400.0
2011-06-22,125.3,128.0,124.5,125.25,125.5920138306086,59578,719,7482521.0,27232.0,45.71,3.5,-0.05,1308681000.0
2011-06-21,126.8,126.95,125.0,125.35,125.67856520982065,40201,556,5052404.0,20348.0,50.62,1.95,-1.45,1308594600.0
2011-06-20,128.1,129.0,123.0,125.15,125.09641625969547,111392,1090,13934740.0,54320.0,48.76,6.0,-2.95,1308508200.0
2011-06-17,129.9,132.3,126.15,127.7,129.14611716621252,129184,1585,16683612.0,39996.0,30.96,6.15,-2.2,1308249000.0
2011-06-16,132.95,134.6,128.25,128.95,131.00974997651417,149026,1660,19523859.0,60360.0,40.5,6.35,-4.0,1308162600.0
2011-06-15,128.5,135.9,128.1,133.05,133.1119884293558,254437,3823,33868615.0,81290.0,31.95,7.8,4.55,1308076200.0
2011-06-14,132.05,133.75,127.65,128.7,130.757726777535,166143,2215,21724481.0,66918.0,40.28,6.1,-3.35,1307989800.0
2011-06-13,125.5,134.8,125.3,131.3,131.3789375386,739961,9250,97215290.0,205322.0,27.75,9.5,5.8,1307903400.0
2011-06-10,120.55,127.6,120.55,125.55,125.0324275942486,487116,5528,60905296.0,170200.0,34.94,7.05,5.0,1307644200.0
2011-06-09,119.8,122.0,116.3,120.0,118.7126772006607,260933,2609,30976055.0,138722.0,53.16,5.7,0.2,1307557800.0
2011-06-08,119.5,122.55,118.4,118.75,120.00640750473757,95513,1435,11462172.0,35866.0,37.55,4.15,-0.75,1307471400.0
2011-06-07,122.05,123.45,119.4,119.7,120.74701451405474,92531,1284,11172842.0,51490.0,55.65,4.05,-2.35,1307385000.0
2011-06-06,123.65,124.8,120.65,122.45,122.43694112673079,94610,1361,11583759.0,30955.0,32.72,4.15,-1.2,1307298600.0
2011-06-03,124.0,127.25,123.25,124.0,125.1612768371704,100467,1586,12574578.0,36718.0,36.55,4.0,0.0,1307039400.0
2011-06-02,123.0,125.4,122.05,122.7,123.67661283614368,84153,1390,10407758.0,27937.0,33.2,3.35,-0.3,1306953000.0
2011-06-01,124.05,126.4,122.0,123.95,124.6505167632972,99175,2217,12362215.0,30933.0,31.19,4.4,-0.1,1306866600.0
2011-05-31,121.5,126.0,118.05,124.05,122.61437923327397,264423,3563,32422062.0,68197.0,25.79,7.95,2.55,1306780200.0
2011-05-30,126.5,128.3,120.05,121.25,124.12649873881344,144705,1844,17961725.0,80174.0,55.41,8.25,-5.25,1306693800.0
2011-05-27,128.5,129.75,124.65,125.55,127.19571631022932,155240,1766,19745863.0,79736.0,51.36,5.1,-2.95,1306434600.0
2011-05-26,128.0,130.8,126.0,128.45,128.55151269513374,229458,4041,29497173.0,52381.0,22.83,4.8,0.45,1306348200.0
2011-05-25,126.5,133.55,117.0,126.0,127.09768256498708,1875565,24339,238379965.0,265037.0,14.13,16.55,-0.5,1306261800.0
2011-05-24,147.1,150.0,118.55,126.15,129.34382796656203,2570012,33828,332415190.0,347824.0,13.53,31.45,-20.95,1306175400.0
2011-05-23,159.0,159.0,142.0,145.1,149.7457815552557,496510,5645,74350278.0,187936.0,37.85,17.0,-13.9,1306089000.0
2011-05-20,165.0,167.3,155.8,157.1,162.51886327769896,1354139,15559,220073131.0,325078.0,24.01,11.5,-7.9,1305829800.0
2011-05-19,157.0,164.75,157.0,163.6,161.99887704652204,453269,5444,73429069.0,170911.0,37.71,7.75,6.6,1305743400.0
2011-05-18,156.0,159.0,155.0,155.6,156.9372008206063,78966,1320,12392703.0,31591.0,40.01,4.0,-0.4,1305657000.0
2011-05-17,159.8,160.2,155.5,156.4,157.8169176572382,48541,944,7660591.0,23480.0,48.37,4.7,-3.4,1305570600.0
2011-05-16,158.55,160.8,156.45,158.8,158.52815947828304,164687,2156,26107527.0,66365.0,40.3,4.35,0.25,1305484200.0
2011-05-13,154.0,160.0,154.0,158.25,157.22555744501977,104674,1359,16457428.0,51266.0,48.98,6.0,4.25,1305225000.0
2011-05-12,153.1,162.2,153.05,155.05,158.32323021414493,239464,3359,37912714.0,49816.0,20.8,9.15,1.95,1305138600.0
2011-05-11,155.5,156.55,153.05,154.35,154.58250398551283,64609,1138,9987421.0,23976.0,37.11,3.5,-1.15,1305052200.0
2011-05-10,154.45,158.7,154.1,154.5,156.15804090340615,108744,1594,16981250.0,41659.0,38.31,4.6,0.05,1304965800.0
2011-05-09,155.05,156.7,152.95,153.25,154.2626804123711,38800,885,5985392.0,18206.0,46.92,3.75,-1.8,1304879400.0
2011-05-06,157.4,159.9,153.45,154.3,156.46232369152887,120102,1710,18791438.0,42083.0,35.04,6.45,-3.1,1304620200.0
2011-05-05,151.45,160.4,151.3,156.5,156.95286497072956,373756,4601,58662075.0,149583.0,40.02,9.1,5.05,1304533800.0
2011-05-04,152.0,155.0,150.05,151.4,152.12513717102203,107530,1709,16358016.0,38511.0,35.81,4.95,-0.6,1304447400.0
2011-05-03,153.85,156.0,150.75,152.05,153.1882468288498,97914,1551,14999274.0,46753.0,47.75,5.25,-1.8,1304361000.0
2011-05-02,161.05,161.1,153.15,154.25,156.73559506576098,80823,1304,12667841.0,35553.0,43.99,7.95,-6.8,1304274600.0
2011-04-29,160.0,163.7,156.7,159.25,160.85930218379045,188617,2294,30340799.0,78367.0,41.55,7.0,-0.75,1304015400.0
2011-04-28,161.7,164.7,159.2,160.15,161.9546878440321,199836,2831,32364377.0,59128.0,29.59,5.5,-1.55,1303929000.0
2011-04-27,164.15,164.9,159.05,160.05,162.1073222427059,181174,1922,29369632.0,74709.0,41.24,5.85,-4.1,1303842600.0
2011-04-26,161.9,167.4,157.0,161.95,163.04757408464337,380207,5461,61991829.0,74855.0,19.69,10.4,0.05,1303756200.0
2011-04-25,164.95,166.2,160.6,161.35,163.5175021308945,173636,2587,28392525.0,55658.0,32.05,5.6,-3.6,1303669800.0
2011-04-21,166.4,185.0,161.6,163.35,165.32576356136363,412606,5393,68214402.0,101212.0,24.53,23.4,-3.05,1303324200.0
2011-04-20,152.0,172.1,152.0,163.25,165.1789734020039,1942026,22235,320781861.0,443551.0,22.84,20.1,11.25,1303237800.0
2011-04-19,151.0,156.0,148.6,150.9,151.98727288410717,127523,1765,19381873.0,58137.0,45.59,7.4,-0.1,1303151400.0
2011-04-18,158.5,159.85,148.75,150.4,154.3561953385995,153559,2252,23702783.0,56285.0,36.65,11.1,-8.1,1303065000.0
2011-04-15,159.0,163.7,156.2,157.7,160.47835079927987,552122,6721,88603628.0,162537.0,29.44,7.5,-1.3,1302805800.0
2011-04-13,151.4,158.3,151.4,155.75,155.97271517037484,418401,5345,65259140.0,97575.0,23.32,6.9,4.35,1302633000.0
2011-04-11,151.0,156.2,147.0,152.2,152.27617362748182,464074,5607,70667413.0,144043.0,31.04,9.2,1.2,1302460200.0
2011-04-08,150.0,156.65,147.0,151.0,151.50476556495005,585450,6882,88698465.0,133956.0,22.88,9.65,1.0,1302201000.0
2011-04-07,133.5,152.8,133.5,150.15,147.5905502150436,741710,6945,109469387.0,241746.0,32.59,19.3,16.65,1302114600.0
2011-04-06,137.0,138.8,132.5,134.25,135.08178072607603,77182,1141,10425882.0,37852.0,49.04,6.3,-2.75,1302028200.0
2011-04-05,141.0,143.3,136.15,136.75,139.46122482942252,72108,989,10056270.0,35076.0,48.64,7.15,-4.25,1301941800.0
2011-04-04,136.0,140.65,134.3,139.9,138.48456489782396,96598,1266,13377332.0,56401.0,58.39,6.35,3.9,1301855400.0
2011-04-01,131.0,136.45,131.0,134.9,133.5098844809647,37483,409,5004351.0,22421.0,59.82,5.45,3.9,1301596200.0
2011-03-31,133.0,135.8,130.65,132.8,133.0500227286203,50597,827,6731932.0,23445.0,46.34,5.15,-0.2,1301509800.0
2011-03-30,133.0,133.9,132.0,132.25,132.6568663571832,40713,405,5400859.0,25105.0,61.66,1.9,-0.75,1301423400.0
2011-03-29,133.5,134.5,131.1,131.45,132.4991083604322,38132,372,5052456.0,27827.0,72.98,3.4,-2.05,1301337000.0
2011-03-28,131.1,136.45,131.0,133.4,134.83560852988225,83143,575,11210637.0,54665.0,65.75,5.45,2.3,1301250600.0
2011-03-25,134.9,135.4,132.5,133.0,134.17737737737735,34965,343,4691512.0,16842.0,48.17,2.9,-1.9,1300991400.0
2011-03-24,134.8,136.9,134.0,134.5,135.45346435946735,42129,538,5706519.0,27593.0,65.5,2.9,-0.3,1300905000.0
2011-03-23,132.1,134.9,132.1,134.05,133.84853795775297,32523,536,4353156.0,14022.0,43.11,2.8,1.95,1300818600.0
2011-03-22,134.75,136.9,131.0,132.05,134.14804246440843,32592,605,4372153.0,15165.0,46.53,5.9,-2.7,1300732200.0
2011-03-21,137.0,137.0,131.7,134.75,134.668925795206,46183,684,6219415.0,17648.0,38.21,5.3,-2.25,1300645800.0
2011-03-18,137.5,139.9,131.6,133.35,134.26002459400868,78881,1238,10590565.0,27959.0,35.44,8.3,-4.15,1300386600.0
2011-03-17,140.0,141.5,136.0,136.95,139.10656092364485,182581,2593,25398215.0,47624.0,26.08,5.5,-3.05,1300300200.0
2011-03-16,130.8,139.7,130.8,138.4,137.04446399566865,177312,2471,24299628.0,66072.0,37.26,8.9,7.6,1300213800.0
2011-03-15,129.6,131.0,127.15,128.6,128.9765017537835,40769,748,5258243.0,20279.0,49.74,3.85,-1.0,1300127400.0
2011-03-14,134.0,134.5,131.0,132.35,132.77784232722263,46476,606,6170983.0,21719.0,46.73,3.5,-1.65,1300041000.0
2011-03-11,134.0,137.95,130.25,132.25,134.18430241384544,72457,1142,9722592.0,23861.0,32.93,7.7,-1.75,1299781800.0
2011-03-10,138.0,141.7,134.1,134.9,137.7679727293327,101501,1719,13983587.0,36211.0,35.68,7.6,-3.1,1299695400.0
2011-03-09,138.0,144.25,136.5,139.35,141.12081489809935,260597,3571,36775661.0,68877.0,26.43,7.75,1.35,1299609000.0
2011-03-08,135.8,139.75,132.1,137.1,136.64219565674142,185621,2340,25363661.0,41004.0,22.09,7.65,1.3,1299522600.0
2011-03-07,135.0,137.0,129.9,133.55,132.90496312792055,109568,1688,14562131.0,29564.0,26.98,7.1,-1.45,1299436200.0
2011-03-04,137.1,143.45,134.5,138.4,138.81216320246344,254604,3801,35342132.0,57890.0,22.74,8.95,1.3,1299177000.0
2011-03-03,134.4,141.6,126.35,139.35,135.05027017351517,715096,8127,96573908.0,165838.0,23.19,15.25,4.95,1299090600.0
2011-03-01,111.05,132.65,111.05,132.65,127.15489965862896,147347,1408,18735893.0,98070.0,66.56,21.6,21.6,1298917800.0
2011-02-28,111.35,113.4,108.55,110.55,110.6223805668016,30875,489,3415466.0,10782.0,34.92,4.85,-0.8,1298831400.0
2011-02-25,111.4,112.5,106.1,109.85,110.16447610858616,16282,302,1793698.0,6897.0,42.36,6.4,-1.55,1298572200.0
2011-02-24,116.05,117.3,108.25,109.1,112.131776898646,35894,468,4024858.0,25599.0,71.32,9.05,-6.95,1298485800.0
2011-02-23,114.0,118.0,113.8,116.4,115.99713847302284,24113,370,2797039.0,12295.0,50.99,4.2,2.4,1298399400.0
2011-02-22,112.25,116.5,112.25,115.2,114.64663831885127,16227,357,1860371.0,7475.0,46.07,4.25,2.95,1298313000.0
2011-02-21,116.7,117.95,112.5,115.35,114.88369107894172,28046,439,3222028.0,10258.0,36.58,5.45,-1.35,1298226600.0
2011-02-18,119.5,120.9,114.5,115.85,118.06838421074433,96572,972,11402100.0,51388.0,53.21,6.4,-3.65,1297967400.0
2011-02-17,112.5,119.4,112.05,118.6,116.59244079085256,42941,665,5006596.0,23360.0,54.4,7.35,6.1,1297881000.0
2011-02-16,110.7,115.6,110.7,113.55,113.37967374721276,42605,652,4830541.0,20846.0,48.93,4.9,2.85,1297794600.0
2011-02-15,113.7,114.0,108.6,112.0,111.05523582496168,29365,453,3261137.0,12244.0,41.7,5.4,-1.7,1297708200.0
2011-02-14,105.0,113.45,104.9,112.35,110.4968760629442,55859,848,6172245.0,27196.0,48.69,8.55,7.35,1297621800.0
2011-02-11,98.0,104.95,96.45,103.75,100.46389287923748,95369,955,9581141.0,63841.0,66.94,8.5,5.75,1297362600.0
2011-02-10,99.6,103.0,96.0,97.35,98.50682043932882,131883,1086,12991375.0,91119.0,69.09,7.0,-2.25,1297276200.0
2011-02-09,104.15,105.0,96.3,99.6,101.13214901910663,62596,843,6330468.0,34294.0,54.79,8.7,-4.55,1297189800.0
2011-02-08,114.4,114.5,104.15,105.55,108.77395932257043,50544,771,5497871.0,29768.0,58.9,10.35,-8.85,1297103400.0
2011-02-07,116.5,116.5,113.1,114.15,114.70148522131268,20401,362,2340025.0,10323.0,50.6,3.4,-2.35,1297017000.0
2011-02-04,121.0,121.0,115.0,115.6,117.7310999110584,37103,566,4368177.0,19374.0,52.22,6.0,-5.4,1296757800.0
2011-02-03,113.95,121.7,113.5,119.95,117.64480372012544,55482,699,6527169.0,27575.0,49.7,8.2,6.0,1296671400.0
2011-02-02,116.9,117.0,113.35,114.3,115.58924897986712,29653,463,3427568.0,19539.0,65.89,3.65,-2.6,1296585000.0
2011-02-01,118.1,119.6,113.6,115.85,116.38279135055646,59842,699,6964579.0,38184.0,63.81,6.0,-2.25,1296498600.0
2011-01-31,115.25,119.75,113.1,117.55,117.3076284614804,39759,632,4664034.0,19572.0,49.23,6.65,2.3,1296412200.0
2011-01-28,125.0,125.0,118.0,119.0,119.6935104425062,62485,737,7479049.0,46729.0,74.78,7.0,-6.0,1296153000.0
2011-01-27,125.8,127.9,125.0,125.3,126.4975020857835,99483,372,12584351.0,87064.0,87.52,2.9,-0.5,1296066600.0
2011-01-25,128.0,128.45,123.9,124.6,125.98145006839944,36550,573,4604622.0,20241.0,55.38,4.55,-3.4,1295893800.0
2011-01-24,129.45,130.2,126.55,127.5,128.3185864507974,37183,410,4771270.0,23235.0,62.49,3.65,-1.95,1295807400.0
2011-01-21,127.0,129.5,127.0,128.95,128.64611195643468,49948,488,6425616.0,26907.0,53.87,2.5,1.95,1295548200.0
2011-01-20,128.4,128.6,125.5,126.95,126.62004993988717,54065,474,6845713.0,32053.0,59.29,3.1,-1.45,1295461800.0
2011-01-19,131.0,131.7,128.5,129.2,130.31522254589797,29522,504,3847166.0,12514.0,42.39,3.2,-1.8,1295375400.0
2011-01-18,130.0,131.9,128.55,130.05,129.97853981808882,44967,832,5844745.0,29982.0,66.68,3.35,0.05,1295289000.0
2011-01-17,134.05,134.05,128.2,129.85,130.56605963220852,67212,841,8775606.0,32963.0,49.04,5.85,-4.2,1295202600.0
2011-01-14,135.4,136.6,132.35,133.7,135.16130080959772,95356,1087,12888441.0,34261.0,35.93,4.25,-1.7,1294943400.0
2011-01-13,139.5,140.0,130.5,134.55,135.6626529013598,199148,2473,27016946.0,65815.0,33.05,9.5,-4.95,1294857000.0
2011-01-12,135.0,138.9,135.0,138.35,136.7107652175415,115771,1504,15827142.0,45301.0,39.13,3.9,3.35,1294770600.0
2011-01-11,129.0,135.5,128.2,133.2,132.34804167415805,105677,1795,13986144.0,26437.0,25.02,7.3,4.2,1294684200.0
2011-01-10,130.9,130.9,126.7,128.8,128.5042077712905,49670,820,6382804.0,25259.0,50.85,4.2,-2.1,1294597800.0
2011-01-07,135.5,135.5,130.1,130.65,131.80855337428707,68207,863,8990266.0,32679.0,47.91,5.4,-4.85,1294338600.0
2011-01-06,139.45,139.6,133.0,134.85,135.64798835790617,68029,862,9227997.0,26570.0,39.06,6.6,-4.6,1294252200.0
2011-01-05,140.0,142.0,136.8,138.25,139.50874592351022,70833,1081,9881823.0,27548.0,38.89,5.2,-1.75,1294165800.0
2011-01-04,146.0,148.45,138.85,139.65,143.49388911053543,177961,2877,25536316.0,71608.0,40.24,9.6,-6.35,1294079400.0
2011-01-03,142.85,147.05,140.7,145.1,145.03941294951952,190648,2158,27651474.0,80645.0,42.3,6.35,2.25,1293993000.0
2010-12-31,142.0,143.35,140.55,141.25,142.0925902254037,46938,688,6669542.0,20553.0,43.79,2.8,-0.75,1293733800.0
2010-12-30,138.0,143.95,138.0,142.1,142.16200225302444,102085,1662,14512608.0,41007.0,40.17,5.95,4.1,1293647400.0
2010-12-29,138.0,140.6,137.5,138.85,139.4584313810151,46321,796,6459854.0,18541.0,40.03,3.1,0.85,1293561000.0
2010-12-28,139.9,144.25,137.8,139.2,141.22952545270357,126352,1935,17844633.0,28974.0,22.93,6.45,-0.7,1293474600.0
2010-12-27,138.1,141.8,137.0,139.0,139.2075255970504,77841,1001,10836053.0,37452.0,48.11,4.8,0.9,1293388200.0
2010-12-24,141.0,141.95,138.15,139.5,140.1274637742564,118010,1641,16536442.0,34818.0,29.5,3.8,-1.5,1293129000.0
2010-12-23,137.7,142.05,136.0,140.6,139.82330720042046,182656,2007,25539566.0,60238.0,32.98,6.05,2.9,1293042600.0
2010-12-22,137.0,140.6,134.1,135.95,137.88276096743795,114612,1670,15803019.0,35596.0,31.06,6.5,-1.05,1292956200.0
2010-12-21,134.4,138.0,131.0,136.5,135.74519151869237,243736,2477,33085990.0,126330.0,51.83,7.0,2.1,1292869800.0
2010-12-20,125.0,131.45,124.0,130.1,128.87758888570437,66293,910,8543682.0,27138.0,40.94,7.45,5.1,1292783400.0
2010-12-16,127.0,127.9,124.3,125.5,125.4247480854494,37215,1091,4667682.0,23010.0,61.83,3.6,-1.5,1292437800.0
2010-12-15,131.9,133.35,122.75,125.6,126.77672231971792,62111,1140,7874229.0,27586.0,44.41,10.6,-6.3,1292351400.0
2010-12-14,124.5,133.4,124.0,131.95,129.77804524828628,155365,1783,20162966.0,69388.0,44.66,9.4,7.45,1292265000.0
2010-12-13,120.5,124.85,120.3,124.05,123.13865276091148,69995,1127,8619090.0,21625.0,30.9,4.55,3.55,1292178600.0
2010-12-10,116.05,121.9,111.0,120.4,118.13632665238264,73742,1074,8711609.0,32804.0,44.48,10.9,4.35,1291919400.0
2010-12-09,124.6,124.6,113.5,115.25,116.84394245233288,155558,1565,18176010.0,112420.0,72.27,11.1,-9.35,1291833000.0
2010-12-08,126.0,127.15,121.7,123.45,123.97928297974158,50152,821,6217809.0,22664.0,45.19,5.45,-2.55,1291746600.0
2010-12-07,130.6,131.7,126.0,127.35,128.50261807519112,57294,1021,7362429.0,20738.0,36.2,5.7,-3.25,1291660200.0
2010-12-06,131.9,133.75,130.2,130.9,132.0922494615482,63144,744,8340833.0,25083.0,39.72,3.55,-1.0,1291573800.0
2010-12-03,137.25,138.0,129.6,130.9,132.99820612182697,114835,1868,15272849.0,35434.0,30.86,8.4,-6.35,1291314600.0
2010-12-02,126.95,138.0,126.8,135.55,134.16946570794948,439198,5658,58926961.0,94183.0,21.44,11.2,8.6,1291228200.0
2010-12-01,120.1,126.45,119.75,125.65,124.48031893017765,75377,1077,9382953.0,24316.0,32.26,6.7,5.55,1291141800.0
2010-11-30,115.0,122.0,115.0,120.8,118.52910046030217,76906,1171,9115599.0,33207.0,43.18,7.0,5.8,1291055400.0
2010-11-29,119.0,119.95,114.5,115.2,117.00770176490312,98419,1131,11515781.0,52868.0,53.72,5.45,-3.8,1290969000.0
2010-11-26,121.8,123.75,112.85,119.2,117.47926056637468,188144,1792,22103018.0,125739.0,66.83,10.9,-2.6,1290709800.0
2010-11-25,124.95,124.95,120.25,121.65,122.16837321461696,53910,719,6586097.0,28059.0,52.05,4.7,-3.3,1290623400.0
2010-11-24,126.0,128.7,123.0,124.0,126.00518899763752,71112,929,8960481.0,25311.0,35.59,5.7,-2.0,1290537000.0
2010-11-23,127.0,128.5,121.5,125.85,125.24500274518576,98354,1114,12318347.0,42423.0,43.13,7.0,-1.15,1290450600.0
2010-11-22,128.0,129.0,124.5,127.7,126.6407585621285,70660,947,8948436.0,30968.0,43.83,4.5,-0.3,1290364200.0
2010-11-19,128.0,133.25,125.5,126.5,128.6242592645099,105807,1481,13609347.0,43018.0,40.66,7.75,-1.5,1290105000.0
2010-11-18,133.0,134.0,122.95,128.25,129.227266643723,104604,1514,13517689.0,40870.0,39.07,11.05,-4.75,1290018600.0
2010-11-16,136.0,138.6,131.0,131.85,134.59878762971334,116796,1467,15720600.0,54461.0,46.63,7.6,-4.15,1289845800.0
2010-11-15,136.0,136.3,130.6,135.15,133.7285122798849,120278,1515,16084598.0,44294.0,36.83,5.7,-0.85,1289759400.0
2010-11-12,137.7,137.9,132.7,133.7,135.14594069686947,104008,1544,14056259.0,51859.0,49.86,5.2,-4.0,1289500200.0
2010-11-11,143.0,143.7,136.25,137.95,140.2520561114726,170589,2463,23925458.0,74004.0,43.38,7.45,-5.05,1289413800.0
2010-11-10,133.3,147.2,131.4,141.85,141.46739994911243,1249814,12647,176807937.0,358923.0,28.72,15.8,8.55,1289327400.0
2010-11-09,129.1,132.5,128.5,130.55,131.1967950662218,98910,1394,12976675.0,42018.0,42.48,4.0,1.45,1289241000.0
2010-11-08,132.0,132.0,128.1,130.55,130.19927301472111,154336,1632,20094435.0,81794.0,53.0,3.9,-1.45,1289154600.0
2010-11-05,130.0,132.0,128.4,131.35,130.8836063140185,101045,1001,13225134.0,54895.0,54.33,3.6,1.35,1288895400.0
2010-11-04,131.5,131.9,127.05,128.0,129.12897602425952,123333,1160,15925864.0,71937.0,58.33,4.85,-3.5,1288809000.0
2010-11-03,130.0,132.9,129.45,130.55,131.15331399783324,205839,2073,26996467.0,84278.0,40.94,3.45,0.55,1288722600.0
2010-11-02,127.65,132.5,125.0,129.4,129.86994615969257,376298,3551,48869801.0,131436.0,34.93,7.5,1.75,1288636200.0
2010-11-01,122.5,129.0,122.5,128.0,126.1996823783509,78710,674,9933177.0,48268.0,61.32,6.5,5.5,1288549800.0
2010-10-29,125.65,127.0,120.5,121.75,123.88232024764316,142140,1224,17608633.0,71054.0,49.99,6.5,-3.9,1288290600.0
2010-10-28,128.5,128.8,123.3,125.05,125.3813424833798,186520,1812,23386128.0,85228.0,45.69,5.5,-3.45,1288204200.0
2010-10-27,124.7,131.6,123.9,127.9,129.02993726316168,1222089,8862,157686067.0,381749.0,31.24,7.7,3.2,1288117800.0
2010-10-26,128.5,129.5,121.1,122.25,125.87354832645003,489349,4285,61596095.0,196241.0,40.1,8.4,-6.25,1288031400.0
2010-10-25,120.0,127.0,120.0,126.65,124.74844599498338,392695,3839,48988091.0,208631.0,53.13,7.0,6.65,1287945000.0
2010-10-22,118.0,120.0,117.5,119.3,118.9343835355396,110201,1362,13106688.0,54901.0,49.82,2.5,1.3,1287685800.0
2010-10-21,117.0,118.9,116.0,117.7,117.78222981938151,83657,864,9853308.0,34496.0,41.24,2.9,0.7,1287599400.0
2010-10-20,117.8,118.35,115.2,116.0,116.87217087969316,60487,806,7069247.0,25295.0,41.82,3.15,-1.8,1287513000.0
2010-10-19,117.0,119.5,115.9,118.1,117.50113450795016,116350,1333,13671257.0,45569.0,39.17,3.6,1.1,1287426600.0
2010-10-18,114.0,117.25,111.25,115.85,114.26207872018728,102515,1442,11713577.0,44076.0,42.99,6.0,1.85,1287340200.0
2010-10-15,117.85,118.5,113.55,114.25,115.38009168303864,76350,1081,8809270.0,29602.0,38.77,4.95,-3.6,1287081000.0
2010-10-14,122.5,123.8,117.0,118.0,120.10395808536956,257094,2673,30878007.0,107500.0,41.81,6.8,-4.5,1286994600.0
2010-10-13,116.55,122.45,116.55,121.3,120.16225013665448,933010,7866,112112581.0,299596.0,32.11,5.9,4.75,1286908200.0
2010-10-12,112.0,118.5,112.0,114.85,114.55132528507195,567576,5058,65016583.0,174062.0,30.67,6.5,2.85,1286821800.0
2010-10-11,108.9,112.75,108.0,110.3,110.62077036354512,243106,2511,26892573.0,105091.0,43.23,4.75,1.4,1286735400.0
2010-10-08,105.0,108.7,103.0,107.65,106.26924829157176,100970,1194,10730006.0,54945.0,54.42,5.7,2.65,1286476200.0
2010-10-07,106.75,107.25,103.5,104.35,105.8539281663516,66125,909,6999591.0,39907.0,60.35,3.75,-2.4,1286389800.0
2010-10-06,104.05,106.9,103.3,105.8,105.51526844521322,120248,1326,12688000.0,69731.0,57.99,3.6,1.75,1286303400.0
2010-10-05,102.0,103.9,101.9,102.8,102.70973744583227,78460,889,8058606.0,38154.0,48.63,2.0,0.8,1286217000.0
2010-10-04,106.45,106.45,101.05,101.4,102.4434381689445,170044,999,17419892.0,110554.0,65.01,5.4,-5.05,1286130600.0
2010-10-01,102.5,108.75,102.5,104.9,106.70615740915557,158898,1382,16955395.0,73100.0,46.0,6.25,2.4,1285871400.0
2010-09-30,108.8,108.8,101.5,103.0,103.27079204835793,80235,1079,8285932.0,21246.0,26.48,7.3,-5.8,1285785000.0
2010-09-29,105.25,105.95,102.5,102.7,103.72067679954117,55792,753,5786784.0,35519.0,63.66,3.45,-2.55,1285698600.0
2010-09-28,106.3,106.7,104.6,105.1,105.77536231884056,38916,472,4116354.0,26183.0,67.28,2.1,-1.2,1285612200.0
2010-09-27,109.0,109.0,106.0,106.4,107.04786511844692,49347,590,5282491.0,31034.0,62.89,3.0,-2.6,1285525800.0
2010-09-24,108.5,109.45,105.65,106.5,107.4091719091719,74074,804,7956227.0,41211.0,55.63,3.8,-2.0,1285266600.0
2010-09-23,107.9,109.9,105.6,107.6,107.90137178127634,147108,1325,15873155.0,64137.0,43.6,4.3,-0.3,1285180200.0
2010-09-22,104.2,107.95,104.2,106.9,106.4323728651846,104810,1187,11155177.0,39727.0,37.9,3.75,2.7,1285093800.0
2010-09-21,110.75,110.75,105.15,105.35,107.062455789448,81994,962,8778479.0,41428.0,50.53,5.6,-5.4,1285007400.0
2010-09-20,105.25,110.8,105.0,108.7,108.60156856878169,173789,1797,18873758.0,83752.0,48.19,5.8,3.45,1284921000.0
2010-09-17,102.25,105.0,102.25,104.15,104.3221052113577,40642,601,4239859.0,20758.0,51.08,2.75,1.9,1284661800.0
2010-09-16,104.6,105.95,103.25,104.75,104.5515627577107,48504,704,5071169.0,23693.0,48.85,2.7,0.15,1284575400.0
2010-09-15,105.9,106.5,103.0,104.6,105.14264119187132,64168,810,6746793.0,30354.0,47.3,3.5,-1.3,1284489000.0
2010-09-14,108.0,109.0,104.8,105.15,106.24837218080587,74179,742,7881398.0,46021.0,62.04,4.2,-2.85,1284402600.0
2010-09-13,109.35,109.8,107.2,107.7,108.72983963607957,87052,796,9465150.0,39907.0,45.84,2.6,-1.65,1284316200.0
2010-09-09,108.45,109.3,107.1,107.6,107.96919526519817,77131,576,8327772.0,54713.0,70.94,2.2,-0.85,1283970600.0
2010-09-08,109.6,109.6,106.4,107.45,108.08959163883202,74248,827,8025436.0,37465.0,50.46,3.2,-2.15,1283884200.0
2010-09-07,111.0,111.9,109.0,109.5,110.09859421546064,100371,1086,11050706.0,46600.0,46.43,2.9,-1.5,1283797800.0
2010-09-06,109.15,113.0,108.1,110.0,111.0517179694436,150934,1437,16761480.0,66947.0,44.36,4.9,0.85,1283711400.0
2010-09-03,107.5,109.6,106.35,107.65,108.21890960060576,124138,1221,13434079.0,44083.0,35.51,3.25,0.15,1283452200.0
2010-09-02,107.9,109.4,106.15,106.6,107.67762952081718,73521,976,7916567.0,28727.0,39.07,3.25,-1.3,1283365800.0
2010-09-01,104.0,107.0,104.0,106.2,105.54617829729888,136536,1347,14410853.0,52487.0,38.44,3.0,2.2,1283279400.0
2010-08-31,103.45,105.75,102.1,103.85,103.8085336954322,153181,1798,15901495.0,64370.0,42.02,3.65,0.4,1283193000.0
2010-08-30,106.0,109.0,103.0,103.95,106.38485557617214,144436,1413,15365803.0,64223.0,44.46,6.0,-2.05,1283106600.0
2010-08-27,108.8,110.8,104.0,105.35,107.81119647262047,297558,3109,32080084.0,82599.0,27.76,6.8,-3.45,1282847400.0
2010-08-26,112.8,113.65,107.25,107.85,110.38523585391188,106867,1124,11796539.0,60555.0,56.66,6.4,-4.95,1282761000.0
2010-08-25,113.0,118.65,111.5,112.25,115.6577857563698,470147,4203,54376161.0,212280.0,45.15,7.15,-0.75,1282674600.0
2010-08-24,116.4,116.8,112.0,112.9,113.4632605763188,249827,2743,28346186.0,132418.0,53.0,4.8,-3.5,1282588200.0
2010-08-23,112.0,116.5,109.6,115.3,113.77940936894976,583139,4661,66349211.0,264100.0,45.29,6.9,3.3,1282501800.0
2010-08-20,104.8,112.0,103.0,111.05,109.3438929827666,1056727,8547,115546644.0,306227.0,28.98,9.0,6.25,1282242600.0
2010-08-19,101.8,105.8,100.3,104.5,104.0415731518063,161739,1608,16827580.0,60249.0,37.25,5.5,2.7,1282156200.0
2010-08-18,101.35,103.25,100.55,101.35,102.15760116468752,57011,681,5824107.0,38900.0,68.23,2.7,0.0,1282069800.0
2010-08-17,103.25,104.5,101.05,101.35,102.40571258159648,60358,619,6181004.0,29774.0,49.33,3.45,-1.9,1281983400.0
2010-08-16,104.1,104.1,101.5,102.25,102.34601476197552,60561,763,6198177.0,33767.0,55.76,2.6,-1.85,1281897000.0
2010-08-13,104.65,105.0,102.0,103.45,103.89589572933998,126210,1244,13112701.0,75788.0,60.05,3.0,-1.2,1281637800.0
2010-08-12,103.8,105.8,102.9,104.65,104.74782489006728,138039,1445,14459285.0,66740.0,48.35,2.9,0.85,1281551400.0
2010-08-11,104.1,106.6,103.0,103.6,105.14047439830652,368003,3304,38692010.0,136009.0,36.96,3.6,-0.5,1281465000.0
2010-08-10,99.0,105.0,98.7,103.4,103.26795331122251,398297,3742,41131316.0,188231.0,47.26,6.3,4.4,1281378600.0
2010-08-09,98.0,100.8,97.2,98.2,99.15135427952328,92300,858,9151670.0,46062.0,49.9,3.6,0.2,1281292200.0
2010-08-06,97.5,98.4,96.6,96.75,97.38887714998097,47326,443,4609026.0,32047.0,67.72,1.8,-0.75,1281033000.0
2010-08-05,99.0,100.0,97.25,97.65,98.38553348481517,81858,772,8053643.0,47740.0,58.32,2.75,-1.35,1280946600.0
2010-08-04,99.25,100.95,98.3,98.95,99.32783301852048,84177,675,8361119.0,50343.0,59.81,2.65,-0.3,1280860200.0
2010-08-03,99.6,102.0,99.0,100.15,100.47246465246609,124549,1159,12513745.0,59328.0,47.63,3.0,0.55,1280773800.0
2010-08-02,100.0,100.4,98.5,98.8,99.22312852092884,80057,840,7943506.0,43051.0,53.78,1.9,-1.2,1280687400.0
2010-07-30,101.9,102.3,97.5,98.45,99.52178117340686,208896,1448,20789702.0,112822.0,54.01,4.8,-3.45,1280428200.0
2010-07-29,102.1,102.65,100.15,101.2,101.62228860805932,152643,1323,15511931.0,76377.0,50.04,2.5,-0.9,1280341800.0
2010-07-28,105.25,105.95,101.6,101.9,103.45491347606692,105231,1096,10886664.0,56339.0,53.54,4.35,-3.35,1280255400.0
2010-07-27,101.5,105.8,100.5,104.65,103.91738015271665,272138,2545,28279868.0,140351.0,51.57,5.3,3.15,1280169000.0
2010-07-26,103.0,104.9,99.5,100.1,102.87415654778734,130861,1352,13462215.0,69532.0,53.13,5.4,-2.9,1280082600.0
2010-07-23,104.95,105.45,101.5,102.4,103.59003100194388,339011,2551,35118160.0,173788.0,51.26,3.95,-2.55,1279823400.0
2010-07-22,97.25,104.7,97.2,104.2,102.9294614387178,923906,7417,95097147.0,282745.0,30.6,7.5,6.95,1279737000.0
2010-07-21,96.8,99.3,96.5,97.9,98.08513143959152,126522,1120,12409927.0,69275.0,54.75,2.8,1.1,1279650600.0
2010-07-20,95.5,98.25,94.35,96.85,96.76225018228048,160467,1168,15527148.0,69323.0,43.2,3.9,1.35,1279564200.0
2010-07-19,96.3,97.7,95.75,96.1,96.65668253710882,67841,674,6557286.0,31389.0,46.27,1.95,-0.2,1279477800.0
2010-07-16,96.3,97.9,96.05,96.4,96.94982187608868,88983,777,8626886.0,43310.0,48.67,1.85,0.1,1279218600.0
2010-07-15,97.05,97.4,95.1,96.35,96.35200940273242,92739,842,8935589.0,51961.0,56.03,2.3,-0.7,1279132200.0
2010-07-14,99.9,100.8,96.9,97.7,98.79596615029418,214832,1463,21224535.0,135643.0,63.14,3.9,-2.2,1279045800.0
2010-07-13,95.8,100.0,95.8,99.0,98.65373149478835,374354,3189,36931419.0,154232.0,41.2,4.2,3.2,1278959400.0
2010-07-12,95.8,96.35,93.8,95.8,95.60214836651456,74289,664,7102188.0,39115.0,52.65,2.55,0.0,1278873000.0
2010-07-09,96.45,96.5,94.45,95.0,95.60973362471206,84655,752,8093842.0,46098.0,54.45,2.05,-1.45,1278613800.0
2010-07-08,96.55,97.5,95.05,95.7,96.44522792111525,160538,1320,15483124.0,85691.0,53.38,2.45,-0.85,1278527400.0
2010-07-07,98.0,98.25,95.1,95.75,96.23728557546583,198613,1312,19113976.0,95789.0,48.23,3.15,-2.25,1278441000.0
2010-07-06,95.75,98.8,95.45,97.5,97.53373606421735,510018,4279,49743961.0,193934.0,38.02,3.35,1.75,1278354600.0
2010-07-05,91.95,96.45,91.1,94.9,94.6522214542489,273447,2620,25882366.0,83897.0,30.68,5.35,2.95,1278268200.0
2010-07-02,92.9,93.0,91.0,91.6,91.93721966999213,73574,717,6764189.0,37711.0,51.26,2.0,-1.3,1278009000.0
2010-07-01,92.0,93.4,91.8,92.35,92.48943791856908,121993,963,11283064.0,45280.0,37.12,1.6,0.35,1277922600.0
2010-06-30,90.0,94.0,90.0,93.4,92.69492509489032,253187,2008,23469150.0,76064.0,30.04,4.0,3.4,1277836200.0
2010-06-29,93.0,94.35,89.8,91.6,92.1785974595016,237355,1642,21879051.0,116545.0,49.1,4.55,-1.4,1277749800.0
2010-06-28,92.4,94.7,91.8,92.75,93.00623861021325,300708,1939,27967720.0,119458.0,39.73,2.9,0.35,1277663400.0
2010-06-25,92.4,95.15,90.5,91.45,93.50918753139624,453876,3035,42441576.0,155949.0,34.36,4.65,-0.95,1277404200.0
2010-06-24,92.8,94.7,91.35,91.8,93.02431599997784,361038,2737,33585313.0,149135.0,41.31,3.35,-1.0,1277317800.0
2010-06-23,84.8,93.1,84.15,91.25,90.29728171266576,849763,6479,76731289.0,287045.0,33.78,8.95,6.45,1277231400.0
2010-06-22,84.0,85.25,83.85,84.65,84.70383872656066,55409,541,4693355.0,36502.0,65.88,1.4,0.65,1277145000.0
2010-06-21,83.5,85.9,82.1,84.4,84.7620208448895,68506,584,5806707.0,34023.0,49.66,3.8,0.9,1277058600.0
2010-06-18,85.5,85.7,82.6,83.2,83.95090481657645,73164,764,6142184.0,39050.0,53.37,3.1,-2.3,1276799400.0
2010-06-17,84.25,85.6,83.65,84.6,84.58842498016242,59231,653,5010257.0,34168.0,57.69,1.95,0.35,1276713000.0
2010-06-16,83.95,85.75,83.0,83.8,84.67368754050013,195987,1539,16594942.0,113733.0,58.03,2.75,-0.15,1276626600.0
2010-06-15,79.2,83.3,79.2,83.0,82.25485603237043,213034,1649,17523081.0,114034.0,53.53,4.1,3.8,1276540200.0
2010-06-14,78.2,80.25,78.2,79.65,79.64581315890446,54731,758,4359095.0,29411.0,53.74,2.05,1.45,1276453800.0
2010-06-11,77.5,79.45,77.3,78.15,78.54486799584028,89429,787,7024189.0,39277.0,43.92,2.15,0.65,1276194600.0
2010-06-10,77.0,78.4,76.35,77.1,77.31291185363206,51596,580,3989037.0,24858.0,48.18,2.05,0.1,1276108200.0
2010-06-09,77.45,77.9,75.6,76.15,77.13680845694418,35663,442,2750930.0,22124.0,62.04,2.3,-1.3,1276021800.0
2010-06-08,78.0,80.0,75.55,76.65,78.03869120654397,61125,762,4770115.0,32798.0,53.66,4.45,-1.35,1275935400.0
2010-06-07,77.45,78.55,77.05,77.7,77.69644804716286,33925,410,2635852.0,16773.0,49.44,1.5,0.25,1275849000.0
2010-06-04,79.45,80.5,78.9,79.55,79.84493930008189,56178,528,4485529.0,30237.0,53.82,1.6,0.1,1275589800.0
2010-06-03,79.9,81.4,78.75,79.45,80.22884704281616,114653,1127,9198478.0,37468.0,32.68,2.65,-0.45,1275503400.0
2010-06-02,78.95,80.0,77.5,78.3,78.26264765784114,24550,350,1921348.0,13791.0,56.18,2.5,-0.65,1275417000.0
2010-06-01,79.9,79.9,77.25,77.95,78.52763969108962,77045,639,6050162.0,45533.0,59.1,2.65,-1.95,1275330600.0
2010-05-31,78.95,81.0,77.8,79.0,79.30902893944463,95648,1000,7585750.0,24077.0,25.17,3.2,0.05,1275244200.0
2010-05-28,78.0,78.9,77.4,77.95,78.00735216253422,66103,608,5156520.0,34782.0,52.62,1.5,-0.05,1274985000.0
2010-05-27,77.8,78.45,76.15,76.75,77.07238670470966,53974,526,4159905.0,32299.0,59.84,2.3,-1.05,1274898600.0
2010-05-26,79.0,80.0,76.25,76.85,77.33736295030613,70230,638,5431403.0,43832.0,62.41,3.75,-2.15,1274812200.0
2010-05-25,79.5,80.0,76.05,76.55,77.83832702611997,86409,733,6725932.0,47331.0,54.78,3.95,-2.95,1274725800.0
2010-05-24,81.5,82.2,79.5,79.75,81.18295300760651,85716,849,6958678.0,38487.0,44.9,2.7,-1.75,1274639400.0
2010-05-21,75.1,81.8,75.1,80.05,79.73579946955506,539170,2675,42991151.0,340094.0,63.08,6.7,4.95,1274380200.0
2010-05-20,80.8,81.4,76.2,76.8,78.21942219502026,112737,994,8818223.0,61431.0,54.49,5.2,-4.0,1274293800.0
2010-05-19,80.0,83.8,78.45,79.2,81.7252874898362,482104,1826,39400088.0,345265.0,71.62,5.35,-0.8,1274207400.0
2010-05-18,80.2,82.35,75.15,80.4,80.76988464935678,114347,1242,9235794.0,32200.0,28.16,7.2,0.2,1274121000.0
2010-05-17,80.0,80.95,77.0,79.9,79.12076808569027,360741,969,28542105.0,316473.0,87.73,3.95,-0.1,1274034600.0
2010-05-14,83.0,83.4,79.0,79.8,81.18797185516803,124641,1099,10119350.0,81622.0,65.49,4.4,-3.2,1273775400.0
2010-05-13,84.0,84.7,83.0,83.15,83.74931468753725,75513,830,6324162.0,32539.0,43.09,1.7,-0.85,1273689000.0
2010-05-12,85.5,85.95,82.6,83.1,84.0868993083256,121589,1043,10224042.0,52574.0,43.24,3.35,-2.4,1273602600.0
2010-05-11,85.4,86.9,83.3,85.15,85.50235271283265,190631,2104,16299399.0,63898.0,33.52,3.6,-0.25,1273516200.0
2010-05-10,85.0,85.5,80.7,84.35,83.37467843248243,236731,1931,19737371.0,79418.0,33.55,4.8,-0.65,1273429800.0
2010-05-07,85.0,87.5,81.75,83.2,84.0980819972786,422575,3107,35537747.0,161034.0,38.11,5.75,-1.8,1273170600.0
2010-05-06,95.4,96.4,84.9,88.45,90.38051062152904,1284043,7741,116052462.0,375809.0,29.27,11.5,-6.95,1273084200.0
2010-05-05,92.0,95.7,90.05,92.5,93.3412215886976,1258918,6858,117508944.0,471506.0,37.45,5.65,0.5,1272997800.0
2010-05-04,93.0,95.4,91.0,92.95,93.60981974113741,838128,4932,78457011.0,259702.0,30.99,4.4,-0.05,1272911400.0
2010-05-03,89.6,94.5,89.35,92.1,92.32862949471965,435956,3067,40251220.0,159057.0,36.48,5.15,2.5,1272825000.0
2010-04-30,88.5,92.2,87.95,90.35,90.65748019913636,611842,4450,55468054.0,231912.0,37.9,4.25,1.85,1272565800.0
2010-04-29,85.1,89.7,84.8,87.95,87.76986889824097,618756,3874,54308133.0,192199.0,31.06,4.9,2.85,1272479400.0
2010-04-28,82.8,87.25,82.0,84.5,85.05968859155763,422275,3358,35918580.0,140745.0,33.33,5.25,1.7,1272393000.0
2010-04-27,85.0,87.8,83.0,83.3,85.20884904601259,179929,1531,15331543.0,107511.0,59.75,4.8,-1.7,1272306600.0
2010-04-26,88.9,89.8,85.25,85.5,87.14374861939474,199188,1540,17357989.0,100951.0,50.68,4.55,-3.4,1272220200.0
2010-04-23,82.6,88.9,82.45,88.25,86.5874396986585,590161,3883,51100530.0,225795.0,38.26,6.45,5.65,1271961000.0
2010-04-22,84.4,85.95,81.5,82.4,84.47796753410154,210621,1639,17792834.0,101852.0,48.36,4.45,-2.0,1271874600.0
2010-04-21,83.4,84.9,83.05,83.8,83.81793477220795,261269,1985,21899028.0,120899.0,46.27,1.85,0.4,1271788200.0
2010-04-20,81.55,84.0,81.0,82.75,82.80287232331523,360614,2584,29859875.0,134073.0,37.18,3.0,1.2,1271701800.0
2010-04-19,77.1,82.75,76.75,81.0,80.48452286485531,577174,3701,46453574.0,196493.0,34.04,6.0,3.9,1271615400.0
2010-04-16,75.5,80.95,75.5,79.2,79.31149483226697,503896,3951,39964745.0,183665.0,36.45,5.45,3.7,1271356200.0
2010-04-15,76.9,78.0,75.2,75.55,76.77868540440694,160247,1345,12303554.0,82799.0,51.67,2.8,-1.35,1271269800.0
2010-04-13,74.0,76.7,74.0,75.9,75.73628422628614,108871,897,8245485.0,56254.0,51.67,2.7,1.9,1271097000.0
2010-04-12,75.8,75.8,73.1,74.25,74.22848759328953,47031,460,3491040.0,26001.0,55.28,2.7,-1.55,1271010600.0
2010-04-09,74.8,75.25,73.3,74.2,74.31613696461353,59373,705,4412372.0,27658.0,46.58,1.95,-0.6,1270751400.0
2010-04-08,75.35,76.0,72.85,73.2,74.34896667578231,102388,834,7612442.0,68241.0,66.65,3.15,-2.15,1270665000.0
2010-04-07,76.95,77.0,73.4,73.95,74.89831200653417,73460,648,5502030.0,44444.0,60.5,3.6,-3.0,1270578600.0
2010-04-06,77.2,78.0,74.0,75.8,75.77987868803353,53416,618,4047858.0,27459.0,51.41,4.0,-1.4,1270492200.0
2010-04-05,75.1,78.0,75.1,76.95,77.08618404704714,144876,1254,11167938.0,90720.0,62.62,2.9,1.85,1270405800.0
2010-04-01,71.9,75.5,71.9,74.8,74.566679541188,111331,1258,8301583.0,49274.0,44.26,3.6,2.9,1270060200.0
2010-03-31,74.95,74.95,70.35,70.8,72.05936290878253,75468,934,5438176.0,53294.0,70.62,4.6,-4.15,1269973800.0
2010-03-30,75.0,75.0,73.05,73.25,74.06675014448084,62292,689,4613766.0,32999.0,52.97,1.95,-1.75,1269887400.0
2010-03-29,75.4,75.8,71.6,72.95,73.22345995739191,133308,1315,9761273.0,82344.0,61.77,4.2,-2.45,1269801000.0
2010-03-26,78.5,79.65,75.5,75.8,77.63283138066483,293786,2210,22807439.0,124793.0,42.48,4.15,-2.7,1269541800.0
2010-03-25,74.85,79.7,74.4,77.5,77.74019114920154,650382,6158,50560821.0,176809.0,27.19,5.3,2.65,1269455400.0
2010-03-23,73.5,76.5,73.5,74.25,75.06489037381725,379517,3489,28488402.0,130231.0,34.31,3.0,0.75,1269282600.0
2010-03-22,72.0,74.75,70.45,72.35,73.24554335811352,369112,3159,27035809.0,129585.0,35.11,4.3,0.35,1269196200.0
2010-03-19,68.9,72.85,68.5,71.05,71.25370256116788,335511,2977,23906401.0,137446.0,40.97,4.35,2.15,1268937000.0
2010-03-18,66.45,69.0,66.35,68.2,68.1171378137736,77046,704,5248153.0,43760.0,56.8,2.65,1.75,1268850600.0
2010-03-17,69.0,69.0,66.5,66.8,67.52915578764143,43662,353,2948458.0,29033.0,66.49,2.5,-2.2,1268764200.0
2010-03-16,65.5,68.4,64.25,67.8,66.93758530835092,48354,613,3236700.0,28030.0,57.97,4.15,2.3,1268677800.0
2010-03-15,66.6,66.6,64.9,65.1,65.70501287745884,26791,281,1760303.0,19822.0,73.99,1.7,-1.5,1268591400.0
2010-03-12,67.3,67.7,65.75,66.1,66.65828765828766,26455,364,1763445.0,18229.0,68.91,1.95,-1.2,1268332200.0
2010-03-11,68.1,68.3,67.05,67.3,67.61257157318656,31611,369,2137301.0,22573.0,71.41,1.25,-0.8,1268245800.0
2010-03-10,68.5,70.0,67.6,67.9,68.65530347499413,68144,742,4678447.0,33744.0,49.52,2.4,-0.6,1268159400.0
2010-03-09,68.6,68.65,67.25,67.65,67.95399921063735,73477,420,4993056.0,60611.0,82.49,1.4,-0.95,1268073000.0
2010-03-08,68.0,69.85,67.75,68.6,68.75379582628314,132975,1018,9142536.0,80879.0,60.82,2.1,0.6,1267986600.0
2010-03-05,65.6,67.9,65.0,67.5,66.89580548987354,97270,825,6506955.0,61873.0,63.61,2.9,1.9,1267727400.0
2010-03-04,66.5,66.85,64.0,64.75,65.04173403703591,98337,578,6396009.0,79078.0,80.42,2.85,-1.75,1267641000.0
2010-03-03,67.5,68.25,65.25,65.5,66.7029685423128,78995,860,5269201.0,44149.0,55.89,3.0,-2.0,1267554600.0
2010-03-02,64.2,67.9,63.9,67.1,66.20919330198005,133532,855,8841046.0,91371.0,68.43,4.0,2.9,1267468200.0
2010-02-26,62.1,63.95,61.1,63.05,62.576816739908615,34361,492,2150202.0,17371.0,50.55,2.85,0.95,1267122600.0
2010-02-25,62.5,63.0,61.3,61.8,61.943968142422115,21345,218,1322194.0,14280.0,66.9,1.7,-0.7,1267036200.0
2010-02-24,62.1,63.0,61.6,62.4,62.41800595965024,20471,297,1277759.0,10906.0,53.28,1.4,0.3,1266949800.0
2010-02-23,62.25,63.7,60.65,62.05,62.616294960096205,36588,445,2291005.0,20732.0,56.66,3.05,-0.2,1266863400.0
2010-02-22,65.3,65.5,62.85,63.2,64.24731398734812,49795,524,3199195.0,28529.0,57.29,2.65,-2.1,1266777000.0
2010-02-19,65.1,65.5,63.8,64.2,64.70269758499141,68654,635,4442099.0,35763.0,52.09,1.7,-0.9,1266517800.0
2010-02-18,65.15,67.0,65.15,65.75,66.00164740337848,38242,545,2524035.0,16493.0,43.13,1.85,0.6,1266431400.0
2010-02-17,66.5,67.4,65.5,65.9,66.49092387597713,38122,524,2534767.0,19939.0,52.3,1.9,-0.6,1266345000.0
2010-02-16,63.9,67.6,63.9,66.15,66.4093834307554,71168,858,4726223.0,19762.0,27.77,3.7,2.25,1266258600.0
2010-02-15,68.0,68.95,65.0,65.6,66.83791151520983,124722,887,8336158.0,79124.0,63.44,3.95,-2.4,1266172200.0
2010-02-11,68.0,69.2,67.1,67.35,67.95775457285023,71345,833,4848446.0,35986.0,50.44,2.1,-0.65,1265826600.0
2010-02-10,68.5,70.0,67.1,67.65,68.74918025673925,161331,1618,11091374.0,49893.0,30.93,2.9,-0.85,1265740200.0
2010-02-09,68.75,69.6,67.15,67.9,68.63482793693846,117980,1186,8097537.0,55958.0,47.43,2.45,-0.85,1265653800.0
2010-02-08,70.0,70.3,67.75,68.25,68.92299518616326,543018,4185,37426427.0,204132.0,37.59,2.55,-1.75,1265567400.0
2010-02-06,64.8,67.8,64.8,66.8,66.47673277046927,71302,634,4739924.0,47078.0,66.03,3.0,2.0,1265394600.0
2010-02-05,61.9,65.45,60.3,64.3,62.84751813642023,139774,1316,8784449.0,66071.0,47.27,5.15,2.4,1265308200.0
2010-02-04,65.5,67.4,63.2,63.8,65.82072932896071,91783,975,6041224.0,42639.0,46.46,4.2,-1.7,1265221800.0
2010-02-03,66.5,66.5,64.0,65.3,65.31745407058908,55901,693,3651311.0,27005.0,48.31,2.5,-1.2,1265135400.0
2010-02-02,67.1,67.6,63.7,64.05,65.84893068103713,100391,1091,6610640.0,54917.0,54.7,3.9,-3.05,1265049000.0
2010-02-01,65.0,67.55,62.6,66.3,65.79881743479814,279900,2491,18417089.0,139667.0,49.9,4.95,1.3,1264962600.0
2010-01-29,59.0,61.1,58.2,60.75,59.70866250071661,87215,731,5207491.0,56966.0,65.32,2.9,1.75,1264703400.0
2010-01-28,61.0,61.95,57.0,60.05,60.32268247343131,85533,848,5159580.0,38700.0,45.25,4.95,-0.95,1264617000.0
2010-01-27,61.0,62.3,57.65,59.55,60.19364018709956,127205,922,7656932.0,83859.0,65.92,4.65,-1.45,1264530600.0
2010-01-25,62.55,62.55,60.5,60.85,61.50261826182618,45450,446,2795294.0,30277.0,66.62,2.05,-1.7,1264357800.0
2010-01-22,53.0,62.95,53.0,62.0,61.59068223366194,89163,718,5491610.0,54910.0,61.58,9.95,9.0,1264098600.0
2010-01-21,63.0,65.75,62.5,62.8,64.0363984174601,115005,971,7364506.0,73300.0,63.74,3.25,-0.2,1264012200.0
2010-01-20,66.0,66.85,64.0,64.35,65.18315779474453,168434,1251,10979060.0,77158.0,45.81,2.85,-1.65,1263925800.0
2010-01-19,67.0,67.9,65.0,65.1,66.32704496197931,134269,1479,8905666.0,80937.0,60.28,2.9,-1.9,1263839400.0
2010-01-18,64.0,69.3,63.95,66.85,67.06369758391223,752870,5099,50490246.0,231323.0,30.73,5.35,2.85,1263753000.0
2010-01-15,64.0,64.9,63.4,63.6,64.18052258805513,104480,867,6705581.0,61908.0,59.25,1.5,-0.4,1263493800.0
2010-01-14,62.7,64.5,62.1,64.15,63.77217469608285,159912,1242,10197936.0,97694.0,61.09,2.4,1.45,1263407400.0
2010-01-13,60.35,63.0,60.35,61.75,61.869875877837664,73476,580,4545951.0,41816.0,56.91,2.65,1.4,1263321000.0
2010-01-12,64.7,64.9,61.5,61.95,63.15419426998193,174345,1301,11010618.0,100167.0,57.45,3.4,-2.75,1263234600.0
2010-01-11,60.8,64.7,60.35,64.1,63.07204819736516,419608,2526,26465536.0,211406.0,50.38,4.35,3.3,1263148200.0
2010-01-08,60.15,61.75,60.0,60.5,60.979751373126646,112699,775,6872357.0,70938.0,62.94,1.75,0.35,1262889000.0
2010-01-07,60.7,62.0,60.1,60.9,61.1561703376309,109054,836,6669325.0,54474.0,49.95,1.9,0.2,1262802600.0
2010-01-06,60.4,61.0,60.0,60.25,60.35412301743945,98799,677,5962927.0,57225.0,57.92,1.0,-0.15,1262716200.0
2010-01-05,61.0,62.0,59.55,60.0,60.58483077698962,91211,748,5526003.0,62833.0,68.89,2.45,-1.0,1262629800.0
2010-01-04,61.0,61.4,60.05,61.05,60.83394805252516,90014,651,5475907.0,51044.0,56.71,1.35,0.05,1262543400.0
2009-12-31,62.0,63.05,60.15,60.5,61.40907924670304,116926,976,7180318.0,62722.0,53.64,2.9,-1.5,1262197800.0
2009-12-30,62.35,62.35,60.85,61.1,61.43211240922008,69674,696,4280221.0,42912.0,61.59,1.5,-1.25,1262111400.0
2009-12-29,60.35,63.2,59.7,61.75,62.14578840380705,371415,2940,23081878.0,154033.0,41.47,3.5,1.4,1262025000.0
2009-12-24,59.0,62.6,57.5,59.7,60.93800046275082,440842,3212,26864030.0,146737.0,33.29,5.1,0.7,1261593000.0
2009-12-23,57.65,60.4,57.1,58.65,59.34837038864029,283810,2089,16843661.0,99291.0,34.99,3.3,1.0,1261506600.0
2009-12-22,57.3,59.0,56.6,57.1,57.5460259629429,60933,472,3506452.0,37756.0,61.96,2.4,-0.2,1261420200.0
2009-12-21,60.9,60.9,56.5,57.2,58.733600970782184,307381,2020,18053593.0,115315.0,37.52,4.4,-3.7,1261333800.0
2009-12-18,55.5,60.25,55.5,59.35,58.549391757851,400745,2786,23463376.0,186380.0,46.51,4.75,3.85,1261074600.0
2009-12-17,54.8,56.4,54.0,55.75,55.23668581170782,71559,618,3952682.0,34912.0,48.79,2.4,0.95,1260988200.0
2009-12-16,55.4,55.45,53.6,54.1,54.51026738482254,41588,484,2266973.0,22186.0,53.35,1.85,-1.3,1260901800.0
2009-12-15,56.85,58.0,54.65,55.3,56.29119589936108,55406,683,3118870.0,31249.0,56.4,3.35,-1.55,1260815400.0
2009-12-14,56.05,58.65,55.25,56.9,57.622218814813614,247826,1255,14280284.0,48340.0,19.51,3.4,0.85,1260729000.0
2009-12-11,61.0,61.0,55.8,56.3,58.132889943234765,306878,1943,17839705.0,168489.0,54.9,5.2,-4.7,1260469800.0
2009-12-10,55.8,59.3,55.3,58.85,58.02489251869949,398674,2301,23133016.0,180201.0,45.2,4.0,3.05,1260383400.0
2009-12-09,55.55,57.0,54.9,55.15,55.976290599689115,122230,1045,6841982.0,62318.0,50.98,2.1,-0.4,1260297000.0
2009-12-08,57.3,57.7,55.0,55.8,55.84921148516523,142166,1089,7939859.0,55271.0,38.88,2.7,-1.5,1260210600.0
2009-12-07,57.0,58.4,55.35,55.9,57.17433776619202,510205,2999,29170633.0,258780.0,50.72,3.05,-1.1,1260124200.0
2009-12-04,50.0,56.6,50.0,55.9,54.70621970015178,597569,2959,32690741.0,280991.0,47.02,6.6,5.9,1259865000.0
2009-12-03,50.65,51.2,50.05,50.55,50.65765393307976,36282,262,1837961.0,21208.0,58.45,1.15,-0.1,1259778600.0
2009-12-02,50.95,51.75,50.3,50.7,51.0016715660845,34698,280,1769656.0,23994.0,69.15,1.45,-0.25,1259692200.0
2009-12-01,51.0,51.25,49.55,50.7,50.47715389861332,43990,445,2220490.0,26486.0,60.21,1.7,-0.3,1259605800.0
2009-11-30,49.85,49.85,48.7,49.45,49.17690837775319,19886,236,977932.0,11951.0,60.1,1.15,-0.4,1259519400.0
2009-11-27,48.5,49.0,46.85,48.5,47.88079296448661,95288,531,4562465.0,59495.0,62.44,2.15,0.0,1259260200.0
2009-11-26,49.05,50.3,49.05,49.4,49.89706532307964,45252,266,2257942.0,32351.0,71.49,1.25,0.35,1259173800.0
2009-11-25,50.5,51.75,49.5,49.75,50.63276900095061,44182,461,2237057.0,20669.0,46.78,2.25,-0.75,1259087400.0
2009-11-24,50.25,51.4,50.0,50.45,50.644485850704555,42935,238,2174421.0,31505.0,73.38,1.4,0.2,1259001000.0
2009-11-23,50.9,51.5,49.65,50.1,50.50086434997353,28345,283,1431447.0,14801.0,52.22,1.85,-0.8,1258914600.0
2009-11-20,49.0,49.9,48.55,49.35,49.201144366197184,13632,148,670710.0,8218.0,60.28,1.35,0.35,1258655400.0
2009-11-19,50.7,50.7,49.0,49.2,49.97021936211189,21289,220,1063816.0,14304.0,67.19,1.7,-1.5,1258569000.0
2009-11-18,50.0,50.5,49.7,50.05,50.10081637942206,23151,209,1159884.0,16088.0,69.49,0.8,0.05,1258482600.0
2009-11-17,50.05,50.5,49.55,49.85,49.89330759330759,23310,145,1163013.0,17072.0,73.24,0.95,-0.2,1258396200.0
2009-11-16,49.75,50.5,49.6,50.05,50.08919129082425,25720,191,1288294.0,16267.0,63.25,0.9,0.3,1258309800.0
2009-11-13,48.75,50.6,48.75,50.05,49.89398828731923,41835,306,2087315.0,26679.0,63.77,1.85,1.3,1258050600.0
2009-11-12,49.8,50.6,48.75,49.25,49.81747951426597,40516,349,2018405.0,23085.0,56.98,1.85,-0.55,1257964200.0
2009-11-11,50.0,51.4,48.95,49.75,50.42772339564377,66709,493,3363983.0,30313.0,45.44,2.45,-0.25,1257877800.0
2009-11-10,50.9,51.2,49.15,49.5,50.15901853078847,46787,327,2346790.0,25714.0,54.96,2.05,-1.4,1257791400.0
2009-11-09,49.75,49.95,48.8,49.75,49.35425031150491,28892,184,1425943.0,19623.0,67.92,1.15,0.0,1257705000.0
2009-11-06,49.15,49.5,48.35,48.6,48.867833646616546,34048,244,1663852.0,21656.0,63.6,1.15,-0.55,1257445800.0
2009-11-05,47.75,48.6,47.05,48.25,47.8347164226439,18919,255,904985.0,10525.0,55.63,1.55,0.5,1257359400.0
2009-11-04,47.3,47.95,46.25,47.7,47.35202003055509,23564,230,1115803.0,14055.0,59.65,1.7,0.4,1257273000.0
2009-11-03,47.0,49.5,45.5,46.6,46.96998970808383,42752,441,2008061.0,22552.0,52.75,4.0,-0.4,1257186600.0
2009-10-30,50.5,50.9,47.25,47.7,49.31898931918913,55052,469,2715109.0,32340.0,58.74,3.65,-2.8,1256841000.0
2009-10-29,48.0,52.05,48.0,49.25,50.42954211027439,161742,1127,8156575.0,39013.0,24.12,4.05,1.25,1256754600.0
2009-10-28,48.5,50.7,48.5,48.7,49.278301823138065,74103,433,3651670.0,48024.0,64.81,2.2,0.2,1256668200.0
2009-10-27,51.5,52.05,48.85,49.25,50.53336143761676,120978,751,6113425.0,74835.0,61.86,3.2,-2.25,1256581800.0
2009-10-26,54.4,54.4,51.15,51.75,52.31412359714937,95698,590,5006357.0,47687.0,49.83,3.25,-2.65,1256495400.0
2009-10-23,51.0,55.25,51.0,53.65,54.20493988519148,269318,1762,14598366.0,101755.0,37.78,4.25,2.65,1256236200.0
2009-10-22,54.65,54.65,51.75,52.05,52.4093715727957,66563,389,3488525.0,44827.0,67.35,2.9,-2.6,1256149800.0
2009-10-21,53.45,53.45,50.1,52.55,52.674437777676,43666,331,2300082.0,25387.0,58.14,3.35,-0.9,1256063400.0
2009-10-20,53.45,53.45,51.0,52.25,52.31536407591831,27714,222,1449868.0,20652.0,74.52,2.45,-1.2,1255977000.0
2009-10-17,52.95,53.15,51.25,52.35,52.4958006333471,21789,220,1143831.0,13993.0,64.22,1.9,-0.6,1255717800.0
2009-10-16,52.95,52.95,51.3,51.9,52.132565445026174,28650,229,1493598.0,19592.0,68.38,1.65,-1.05,1255631400.0
2009-10-15,52.95,53.45,51.5,52.0,52.509408602150536,57288,396,3008159.0,37808.0,66.0,1.95,-0.95,1255545000.0
2009-10-14,51.0,52.6,51.0,52.2,51.616456247279054,36752,297,1897008.0,23809.0,64.78,1.6,1.2,1255458600.0
2009-10-12,50.9,51.8,50.35,51.15,51.24457029425503,34256,256,1755434.0,24797.0,72.39,1.45,0.25,1255285800.0
2009-10-09,51.0,52.3,50.1,50.7,51.34870291201289,44677,378,2294106.0,28568.0,63.94,2.2,-0.3,1255026600.0
2009-10-08,52.25,52.8,50.4,50.75,51.33018528900197,69567,502,3570887.0,39098.0,56.2,2.4,-1.5,1254940200.0
2009-10-07,52.0,53.4,51.15,51.8,52.357368837331926,53102,466,2780281.0,25288.0,47.62,2.25,-0.2,1254853800.0
2009-10-06,51.6,52.0,50.1,51.25,50.7923562855338,47490,367,2412129.0,27623.0,58.17,1.9,-0.35,1254767400.0
2009-10-05,52.0,52.65,50.5,50.9,51.55295883019651,62643,431,3229432.0,45323.0,72.35,2.15,-1.1,1254681000.0
2009-10-01,54.0,54.8,52.35,52.95,53.74661837431218,71785,593,3858201.0,42684.0,59.46,2.45,-1.05,1254335400.0
2009-09-30,55.5,55.8,54.0,54.2,54.826738443742485,112385,741,6161703.0,61799.0,54.99,1.8,-1.3,1254249000.0
2009-09-29,55.15,56.85,53.3,55.0,55.29894442375431,351751,2131,19451459.0,145480.0,41.36,3.55,-0.15,1254162600.0
2009-09-25,51.0,55.6,50.0,54.4,54.12347450465345,732467,4245,39643659.0,217149.0,29.65,5.6,3.4,1253817000.0
2009-09-24,51.0,51.0,49.25,50.7,50.47733733669786,62614,386,3160588.0,33149.0,52.94,1.75,-0.3,1253730600.0
2009-09-23,51.5,52.85,50.15,50.35,51.54132746710757,71369,476,3678453.0,36005.0,50.45,2.7,-1.15,1253644200.0
2009-09-22,50.5,53.2,49.0,51.7,51.70320624173687,337342,1648,17441663.0,211232.0,62.62,4.2,1.2,1253557800.0
2009-09-18,50.05,50.9,49.2,49.85,50.132710492595656,61653,319,3090832.0,36094.0,58.54,1.7,-0.2,1253212200.0
2009-09-17,50.25,50.6,49.1,50.05,50.018201397833565,47359,405,2368812.0,27276.0,57.59,1.5,-0.2,1253125800.0
2009-09-16,50.6,50.95,49.6,50.05,50.22055324683564,63046,427,3166205.0,41363.0,65.61,1.35,-0.55,1253039400.0
2009-09-15,49.0,50.65,49.0,49.8,49.73392881310056,96057,409,4777292.0,66928.0,69.68,1.65,0.8,1252953000.0
2009-09-14,48.5,50.0,48.5,49.4,49.22529701015757,27861,256,1371466.0,18347.0,65.85,1.5,0.9,1252866600.0
2009-09-11,51.9,51.9,48.7,49.4,49.649638087277005,52637,326,2613408.0,38752.0,73.62,3.2,-2.5,1252607400.0
2009-09-10,51.5,52.0,50.2,50.7,50.98524193161655,83412,496,4252781.0,59655.0,71.52,1.8,-0.8,1252521000.0
2009-09-09,51.5,51.65,49.05,50.85,50.63092126287498,122039,573,6178947.0,59476.0,48.74,2.6,-0.65,1252434600.0
2009-09-08,51.05,52.5,51.05,51.6,51.92948887858105,181092,777,9404015.0,130883.0,72.27,1.45,0.55,1252348200.0
2009-09-07,49.5,51.5,49.5,51.1,50.77517429671883,102555,594,5207248.0,61077.0,59.56,2.0,1.6,1252261800.0
2009-09-04,50.5,50.7,48.8,49.35,49.72352553503914,86489,433,4300538.0,58715.0,67.89,1.9,-1.15,1252002600.0
2009-09-03,50.0,51.05,49.05,49.85,50.06928374655647,94380,535,4725539.0,53339.0,56.52,2.0,-0.15,1251916200.0
2009-09-02,47.7,50.5,47.1,48.9,49.34831278127081,61551,496,3037438.0,29599.0,48.09,3.4,1.2,1251829800.0
2009-09-01,52.15,52.4,48.3,48.9,50.5037556243098,109569,667,5533646.0,68200.0,62.24,4.1,-3.25,1251743400.0
2009-08-31,52.8,53.75,50.75,51.35,51.89996061976345,147282,797,7643930.0,72709.0,49.37,3.0,-1.45,1251657000.0
2009-08-28,51.25,54.35,51.05,52.8,53.00028476101432,421406,2202,22334638.0,161746.0,38.38,3.3,1.55,1251397800.0
2009-08-27,52.0,53.5,50.3,51.5,52.05499887335084,217459,1310,11319828.0,115395.0,53.07,3.2,-0.5,1251311400.0
2009-08-26,50.25,53.5,50.2,50.8,51.70107855017313,382087,1927,19754310.0,191853.0,50.21,3.3,0.55,1251225000.0
2009-08-25,48.0,50.4,47.4,49.4,49.4536198949236,232783,1479,11511962.0,108685.0,46.69,3.0,1.4,1251138600.0
2009-08-24,47.7,48.95,46.25,48.1,47.954663188297765,160995,1129,7720461.0,67690.0,42.04,2.7,0.4,1251052200.0
2009-08-21,47.0,47.0,45.6,46.0,46.27833361218001,29885,193,1383028.0,23865.0,79.86,1.4,-1.0,1250793000.0
2009-08-20,47.95,47.95,46.0,46.4,46.7135718663084,21213,222,990935.0,12629.0,59.53,1.95,-1.55,1250706600.0
2009-08-19,47.6,47.9,45.1,46.15,46.46355416956453,44573,355,2071020.0,21389.0,47.99,2.8,-1.45,1250620200.0
2009-08-18,45.9,47.5,45.9,46.7,46.90704355131575,36899,233,1730823.0,27413.0,74.29,1.6,0.8,1250533800.0
2009-08-17,47.5,49.45,45.8,46.4,47.85012533114745,84177,624,4027880.0,44198.0,52.51,3.65,-1.1,1250447400.0
2009-08-14,47.0,49.0,47.0,48.05,48.18050423376376,73339,562,3533510.0,36901.0,50.32,2.0,1.05,1250188200.0
2009-08-13,45.6,48.75,45.6,47.65,47.92436084789173,196393,1364,9412009.0,92971.0,47.34,3.15,2.05,1250101800.0
2009-08-12,42.9,46.45,42.9,45.2,45.414638027048525,69135,555,3139741.0,28451.0,41.15,3.55,2.3,1250015400.0
2009-08-11,43.65,44.6,43.35,43.8,44.00097955185503,16334,119,718712.0,10920.0,66.85,1.25,0.15,1249929000.0
2009-08-10,45.25,46.4,43.5,43.7,44.33248615775619,22034,241,976822.0,12679.0,57.54,2.9,-1.55,1249842600.0
2009-08-07,48.7,48.9,44.1,44.9,45.551563887831485,63048,553,2871935.0,38900.0,61.7,4.8,-3.8,1249583400.0
2009-08-06,49.75,49.75,46.8,47.1,48.1209538097836,87984,548,4233874.0,51538.0,58.58,2.95,-2.65,1249497000.0
2009-08-05,44.5,49.95,44.5,49.0,48.433212686190295,663367,3567,32128995.0,262659.0,39.59,5.45,4.5,1249410600.0
2009-08-04,44.7,44.85,43.85,44.65,44.46687703382309,50705,252,2254693.0,36179.0,71.35,1.0,-0.05,1249324200.0
2009-08-03,43.9,44.8,43.05,44.1,44.00293473156989,25556,234,1124539.0,16663.0,65.2,1.75,0.2,1249237800.0
2009-07-31,43.95,45.55,43.15,43.7,44.4106921338386,58847,377,2613436.0,43458.0,73.85,2.4,-0.25,1248978600.0
2009-07-30,43.55,44.5,43.0,43.7,43.84504034171808,25284,221,1108578.0,16131.0,63.8,1.5,0.15,1248892200.0
2009-07-29,45.8,45.8,42.8,43.8,43.89568229935202,31174,305,1368404.0,18085.0,58.01,3.0,-2.0,1248805800.0
2009-07-28,45.0,46.2,44.6,45.7,45.496459453938854,58748,314,2672826.0,47655.0,81.12,1.6,0.7,1248719400.0
2009-07-27,43.95,45.25,43.55,44.75,44.662345836857526,50839,321,2270589.0,36476.0,71.75,1.7,0.8,1248633000.0
2009-07-24,43.9,44.0,42.6,43.55,43.25226090701295,60374,231,2611312.0,51929.0,86.01,1.4,-0.35,1248373800.0
2009-07-23,43.45,43.55,42.5,43.3,43.09816746752416,54733,225,2358892.0,48921.0,89.38,1.05,-0.15,1248287400.0
2009-07-22,42.5,43.9,42.0,42.95,42.84034070808501,73494,375,3148508.0,46777.0,63.65,1.9,0.45,1248201000.0
2009-07-21,42.1,43.45,42.1,42.65,42.850189393939395,21120,190,904996.0,13031.0,61.7,1.35,0.55,1248114600.0
2009-07-20,42.2,43.25,41.7,42.9,42.604282552784255,33438,273,1424602.0,20118.0,60.17,1.55,0.7,1248028200.0
2009-07-17,41.2,42.4,39.5,41.5,41.49534450651769,39738,374,1648942.0,25560.0,64.32,2.9,0.3,1247769000.0
2009-07-16,41.5,42.0,41.1,41.6,41.509489916963226,25290,195,1049775.0,19762.0,78.14,0.9,0.1,1247682600.0
2009-07-15,40.0,41.2,39.55,40.95,40.60504694835681,18744,188,761101.0,13312.0,71.02,1.65,0.95,1247596200.0
2009-07-14,39.0,40.0,37.1,39.5,39.349411886091616,19384,229,762749.0,10642.0,54.9,2.9,0.5,1247509800.0
2009-07-13,40.45,40.45,37.0,37.2,38.3344553979322,49908,340,1913196.0,38350.0,76.84,3.45,-3.25,1247423400.0
2009-07-10,40.95,41.2,39.4,40.45,40.66425466023465,33582,163,1365587.0,27400.0,81.59,1.8,-0.5,1247164200.0
2009-07-09,39.0,40.65,39.0,40.05,40.13502777519163,32223,147,1293271.0,25575.0,79.37,1.65,1.05,1247077800.0
2009-07-08,40.0,42.0,39.7,40.0,40.186390269322175,78679,291,3161825.0,62244.0,79.11,2.3,0.0,1246991400.0
2009-07-07,41.65,42.3,40.1,41.0,40.90858133923185,39784,296,1627507.0,29769.0,74.83,2.2,-0.65,1246905000.0
2009-07-06,44.1,44.5,41.3,41.75,42.958853541416566,33320,392,1431389.0,17024.0,51.09,3.2,-2.35,1246818600.0
2009-07-03,43.15,44.6,43.0,43.65,43.76182336182336,22815,290,998426.0,9095.0,39.86,1.6,0.5,1246559400.0
2009-07-02,43.75,45.7,43.15,43.55,44.098415671583545,25626,243,1130066.0,20316.0,79.28,2.55,-0.2,1246473000.0
2009-07-01,44.5,45.9,44.05,44.8,44.74736009675769,21497,180,961934.0,15224.0,70.82,1.85,0.3,1246386600.0
2009-06-30,46.95,47.0,44.2,44.5,45.568529467861914,26215,302,1194579.0,16636.0,63.46,2.8,-2.45,1246300200.0
2009-06-29,47.1,48.0,46.0,46.3,46.920031336627694,33188,470,1557182.0,12317.0,37.11,2.0,-0.8,1246213800.0
2009-06-26,48.5,49.95,46.35,46.8,47.91149001306272,173777,1318,8325915.0,68856.0,39.62,3.6,-1.7,1245954600.0
2009-06-25,43.5,46.9,43.05,46.4,45.67959357112505,80014,686,3655007.0,56437.0,70.53,3.85,2.9,1245868200.0
2009-06-24,42.1,43.65,41.55,43.35,43.040991627704685,27591,242,1187544.0,14543.0,52.71,2.1,1.25,1245781800.0
2009-06-23,41.4,42.95,40.0,42.4,41.21168404513641,28004,277,1154092.0,16536.0,59.05,2.95,1.0,1245695400.0
2009-06-22,41.7,42.45,40.7,41.45,41.744682636237776,23837,243,995068.0,11582.0,48.59,1.75,-0.25,1245609000.0
2009-06-19,39.1,41.95,39.1,40.65,40.84103668384219,39009,281,1593168.0,20869.0,53.5,2.85,1.55,1245349800.0
2009-06-18,40.1,42.9,39.45,40.0,40.69,46200,386,1879878.0,22467.0,48.63,3.45,-0.1,1245263400.0
2009-06-17,45.65,46.5,41.5,42.1,43.93840980850453,73161,568,3214578.0,44642.0,61.02,5.0,-3.55,1245177000.0
2009-06-16,42.5,46.0,42.5,44.95,45.08759829995165,39293,346,1771627.0,22008.0,56.01,3.5,2.45,1245090600.0
2009-06-15,45.75,45.75,43.55,43.85,44.53709513311853,23588,252,1050541.0,15784.0,66.92,2.2,-1.9,1245004200.0
2009-06-12,45.4,46.85,44.65,44.9,45.60943200867765,40564,347,1850101.0,26156.0,64.48,2.2,-0.5,1244745000.0
2009-06-11,47.0,47.4,45.65,45.9,46.30867846313285,52106,513,2412960.0,30529.0,58.59,1.75,-1.1,1244658600.0
2009-06-10,48.9,49.75,47.05,47.65,48.28001486804609,48426,419,2338008.0,32075.0,66.24,2.7,-1.25,1244572200.0
2009-06-09,46.45,48.6,45.5,47.85,47.11442899005324,48458,409,2283071.0,26822.0,55.35,3.1,1.4,1244485800.0
2009-06-08,52.2,52.65,47.2,47.4,49.68928337159725,97568,674,4848084.0,51511.0,52.79,5.45,-4.8,1244399400.0
2009-06-05,51.95,54.9,51.4,51.7,53.10969843377908,349376,2045,18555254.0,162974.0,46.65,3.5,-0.25,1244140200.0
2009-06-04,51.15,52.4,50.0,51.2,51.24025203598539,173626,1066,8896640.0,92934.0,53.53,2.4,0.05,1244053800.0
2009-06-03,49.35,53.8,48.6,52.15,51.87375089094797,561200,3271,29111549.0,207510.0,36.98,5.2,2.8,1243967400.0
2009-06-02,49.0,50.5,47.0,48.45,48.53872918884722,129618,852,6291493.0,72721.0,56.1,3.5,-0.55,1243881000.0
2009-06-01,47.7,49.6,45.1,48.75,48.001050030143446,250469,1598,12022775.0,114916.0,45.88,4.5,1.05,1243794600.0
2009-05-29,46.85,46.85,45.35,45.95,46.03958173054278,63691,382,2932307.0,43228.0,67.87,1.5,-0.9,1243535400.0
2009-05-28,47.1,47.1,45.15,46.15,46.1465135600997,80641,463,3721301.0,48665.0,60.35,1.95,-0.95,1243449000.0
2009-05-27,47.15,47.85,46.0,47.25,47.120777336713054,62727,497,2955745.0,41664.0,66.42,1.85,0.1,1243362600.0
2009-05-26,48.8,50.8,45.35,46.3,48.44997437279048,152182,1135,7373214.0,81890.0,53.81,5.45,-2.5,1243276200.0
2009-05-25,47.9,48.9,46.7,48.15,47.82110641413973,180258,1073,8620137.0,115915.0,64.31,2.2,0.25,1243189800.0
2009-05-22,45.85,47.0,45.0,46.1,46.072768212157214,111917,761,5156326.0,68829.0,61.5,2.0,0.25,1242930600.0
2009-05-21,44.5,48.35,44.0,44.75,46.110157478786,360493,1739,16622389.0,194748.0,54.02,4.35,0.25,1242844200.0
2009-05-20,40.75,44.0,40.5,43.5,42.465904474835305,169861,968,7213301.0,111466.0,65.62,3.5,2.75,1242757800.0
2009-05-19,42.9,42.9,40.4,40.65,40.970581790292535,109524,637,4487262.0,82792.0,75.59,2.5,-2.25,1242671400.0
2009-05-18,41.95,41.95,41.95,41.95,41.95,100,1,4195.0,100.0,100.0,0.0,0.0,1242585000.0
2009-05-15,40.95,41.4,39.0,39.3,40.02728205128205,63375,439,2536729.0,43528.0,68.68,2.4,-1.65,1242325800.0
2009-05-14,38.4,42.4,38.4,40.15,41.153578583968,153231,1065,6306004.0,59367.0,38.74,4.0,1.75,1242239400.0
2009-05-13,42.95,43.1,39.9,41.2,41.49152698386399,217278,1144,9015196.0,114249.0,52.58,3.2,-1.75,1242153000.0
2009-05-12,41.95,42.75,41.7,42.5,42.24954522903919,78611,562,3321279.0,54310.0,69.09,1.05,0.55,1242066600.0
2009-05-11,43.2,43.4,40.6,41.4,41.56430136524524,71196,365,2959212.0,52976.0,74.41,2.8,-1.8,1241980200.0
2009-05-08,42.0,42.65,40.7,41.35,41.73786450243913,45713,315,1907963.0,32796.0,71.74,1.95,-0.65,1241721000.0
2009-05-07,41.9,42.25,41.0,41.25,41.398641433317515,101136,300,4186893.0,81832.0,80.91,1.25,-0.65,1241634600.0
2009-05-06,41.0,43.3,40.5,40.8,41.96709736761421,114155,1000,4790754.0,65570.0,57.44,2.8,-0.2,1241548200.0
2009-05-05,38.9,41.35,38.65,41.15,40.34160687984036,105235,545,4245349.0,83591.0,79.43,2.7,2.25,1241461800.0
2009-05-04,38.95,39.9,38.25,38.9,38.9271529713595,40537,266,1577990.0,29507.0,72.79,1.65,-0.05,1241375400.0
2009-04-29,37.0,38.4,37.0,38.05,38.05500571744016,25361,113,965113.0,24159.0,95.26,1.4,1.05,1240943400.0
2009-04-28,39.05,39.85,37.75,37.85,38.44110299096407,42829,344,1646394.0,29181.0,68.13,2.1,-1.2,1240857000.0
2009-04-27,39.5,39.95,38.5,38.7,39.27396243225184,26938,164,1057962.0,20281.0,75.29,1.45,-0.8,1240770600.0
2009-04-24,40.0,40.0,39.15,39.45,39.44179608689532,21313,135,840623.0,17607.0,82.61,0.85,-0.55,1240511400.0
2009-04-23,40.0,40.3,38.55,39.45,39.30730182313431,32307,217,1269901.0,26915.0,83.31,1.75,-0.55,1240425000.0
2009-04-22,42.0,42.2,39.25,39.4,40.34781132561434,85417,567,3446389.0,62729.0,73.44,2.95,-2.6,1240338600.0
2009-04-21,38.05,43.55,37.1,41.8,41.73938889197343,270165,2218,11276522.0,138271.0,51.18,6.45,3.75,1240252200.0
2009-04-20,38.5,38.95,37.25,38.1,38.194428288938,17194,182,656715.0,12783.0,74.35,1.7,-0.4,1240165800.0
2009-04-17,38.5,39.8,38.0,38.1,38.696414382201034,20136,221,779191.0,13124.0,65.18,1.8,-0.4,1239906600.0
2009-04-16,41.0,41.85,37.55,37.9,39.599475744319086,56461,386,2235826.0,45295.0,80.22,4.3,-3.1,1239820200.0
2009-04-15,39.0,42.0,39.0,40.8,40.9764773180329,57689,335,2363892.0,46475.0,80.56,3.0,1.8,1239733800.0
2009-04-13,39.05,40.5,39.05,40.05,39.96904057259199,47643,385,1904245.0,31556.0,66.23,1.45,1.0,1239561000.0
2009-04-09,39.05,40.0,38.0,38.95,38.92804681404421,192250,327,7483917.0,171021.0,88.96,2.0,-0.1,1239215400.0
2009-04-08,37.7,39.0,37.65,38.95,38.97322926316317,159764,255,6226519.0,145456.0,91.04,1.35,1.25,1239129000.0
2009-04-06,39.85,39.9,38.1,39.0,38.83153957011008,32613,186,1266413.0,25654.0,78.66,1.8,-0.85,1238956200.0
2009-04-02,39.0,39.25,37.4,37.95,38.27244742220038,38657,295,1479498.0,24484.0,63.34,1.85,-1.05,1238610600.0
2009-04-01,36.5,38.8,36.5,38.4,37.88967037089136,21327,248,808073.0,15749.0,73.85,2.3,1.9,1238524200.0
2009-03-31,36.8,37.5,36.05,36.75,36.5182729899711,17649,157,644511.0,14273.0,80.87,1.45,-0.05,1238437800.0
2009-03-30,35.25,36.9,35.25,36.45,36.40623187204773,12067,127,439314.0,10220.0,84.69,1.65,1.2,1238351400.0
2009-03-27,35.1,37.25,35.1,36.6,36.29602210183247,46331,256,1681631.0,35564.0,76.76,2.15,1.5,1238092200.0
2009-03-26,35.55,36.7,35.55,36.0,36.145753840133054,40884,170,1477783.0,34288.0,83.87,1.15,0.45,1238005800.0
2009-03-25,33.1,36.75,33.1,36.3,35.759892984067406,25043,269,895535.0,20580.0,82.18,3.65,3.2,1237919400.0
2009-03-24,34.2,36.2,34.0,35.7,35.24019132570616,30942,351,1090402.0,19709.0,63.7,2.2,1.5,1237833000.0
2009-03-23,35.0,35.0,33.55,34.8,34.1837879667247,20676,179,706784.0,18089.0,87.49,1.45,-0.2,1237746600.0
2009-03-20,33.5,34.5,33.0,33.95,33.63777051857901,24490,220,823789.0,17793.0,72.65,1.5,0.45,1237487400.0
2009-03-19,31.6,33.75,31.6,33.5,32.8968961443454,37244,407,1225212.0,21033.0,56.47,2.15,1.9,1237401000.0
2009-03-18,32.5,33.1,30.7,31.5,31.64288658248717,133445,706,4222585.0,83475.0,62.55,2.4,-1.0,1237314600.0
2009-03-17,31.6,32.75,30.9,32.55,32.42421566896227,16989,128,550855.0,13219.0,77.81,1.85,0.95,1237228200.0
2009-03-16,32.0,32.95,31.75,32.25,32.3538633818589,23218,162,751192.0,11808.0,50.86,1.2,0.25,1237141800.0
2009-03-13,32.5,32.5,31.25,32.25,31.791650901753055,15858,145,504152.0,12209.0,76.99,1.25,-0.25,1236882600.0
2009-03-12,31.5,31.75,30.65,31.2,31.20237596086653,7155,93,223253.0,5556.0,77.65,1.1,-0.3,1236796200.0
2009-03-09,31.0,31.5,30.5,30.9,30.961138725711702,15491,126,479619.0,12818.0,82.74,1.0,-0.1,1236537000.0
2009-03-06,30.35,31.9,30.3,31.4,30.84587155963303,11445,145,353031.0,6718.0,58.7,1.6,1.05,1236277800.0
2009-03-05,30.8,31.9,30.8,31.4,31.465148835838487,13572,141,427045.0,10473.0,77.17,1.1,0.6,1236191400.0
2009-03-04,32.5,32.5,30.75,31.15,31.27018910266988,30301,290,947518.0,19794.0,65.32,1.75,-1.35,1236105000.0
2009-03-03,32.95,32.95,31.65,32.1,32.13080360033672,15443,134,496196.0,12456.0,80.66,1.3,-0.85,1236018600.0
2009-03-02,33.25,34.25,32.0,32.8,32.954991750290766,36971,326,1218379.0,13835.0,37.42,2.25,-0.45,1235932200.0
2009-02-27,33.25,33.9,32.75,32.95,32.85647313379012,24957,109,819999.0,23108.0,92.59,1.15,-0.3,1235673000.0
2009-02-26,34.0,34.05,33.3,33.9,33.8502447413679,22677,98,767622.0,21417.0,94.44,0.75,-0.1,1235586600.0
2009-02-25,33.55,34.7,33.5,33.95,34.11498183372515,9358,148,319248.0,3857.0,41.22,1.2,0.4,1235500200.0
2009-02-24,33.3,34.75,33.1,33.4,33.39115558976991,23382,214,780752.0,18745.0,80.17,1.65,0.1,1235413800.0
2009-02-20,34.15,35.2,34.0,34.35,34.4081128153267,17799,131,612430.0,14169.0,79.61,1.2,0.2,1235068200.0
2009-02-19,35.2,35.4,34.6,34.85,34.97987269141115,22308,143,780331.0,16671.0,74.73,0.8,-0.35,1234981800.0
2009-02-18,35.9,36.2,34.75,35.1,35.31447680690399,23175,229,818413.0,18550.0,80.04,1.45,-0.8,1234895400.0
2009-02-17,37.2,37.2,35.55,35.85,36.00993377483444,16006,138,576375.0,11750.0,73.41,1.65,-1.35,1234809000.0
2009-02-16,37.75,38.5,36.45,36.8,37.34099081102677,15018,232,560787.0,7768.0,51.72,2.05,-0.95,1234722600.0
2009-02-13,39.0,39.0,37.75,38.1,38.26794858751314,29487,223,1128407.0,22302.0,75.63,1.25,-0.9,1234463400.0
2009-02-12,39.95,40.35,37.7,38.15,38.7877607439055,55706,578,2160711.0,17682.0,31.74,2.65,-1.8,1234377000.0
2009-02-11,40.85,42.5,39.25,40.25,41.13189189922165,294984,2533,12133250.0,72750.0,24.66,3.25,-0.6,1234290600.0
2009-02-10,35.6,41.3,35.5,40.75,39.1228163586116,394410,1860,15430430.0,67201.0,17.04,5.8,5.15,1234204200.0
2009-02-09,36.0,36.1,35.0,35.9,35.608110821120256,9962,149,354728.0,6728.0,67.54,1.1,-0.1,1234117800.0
2009-02-06,35.7,35.7,35.1,35.45,35.24828676858197,22764,65,802392.0,20360.0,89.44,0.6,-0.25,1233858600.0
2009-02-05,35.0,35.95,35.0,35.5,35.50539623805119,3243,55,115144.0,2351.0,72.49,0.95,0.5,1233772200.0
2009-02-04,36.0,36.0,35.3,35.45,35.58784860557769,5020,53,178651.0,4628.0,92.19,0.7,-0.55,1233685800.0
2009-02-03,36.0,36.5,35.0,35.35,35.334368530020704,14490,140,511995.0,9487.0,65.47,1.5,-0.65,1233599400.0
2009-02-02,36.45,36.45,35.1,35.75,35.78934451375396,9779,115,349984.0,7780.0,79.56,1.35,-0.7,1233513000.0
2009-01-30,36.9,36.9,36.0,36.4,36.2667469352014,9136,103,331333.0,7008.0,76.71,0.9,-0.5,1233253800.0
2009-01-29,36.35,38.6,36.0,36.4,37.34821008007537,101904,411,3805932.0,10099.0,9.91,2.6,0.05,1233167400.0
2009-01-28,36.35,37.3,35.9,36.35,36.68052462261816,24246,296,889356.0,10174.0,41.96,1.4,0.0,1233081000.0
2009-01-27,36.8,38.3,36.0,36.2,37.26576890126365,37352,369,1391951.0,14710.0,39.38,2.3,-0.6,1232994600.0
2009-01-23,38.0,41.0,36.1,36.75,38.60454098717624,169919,1535,6559645.0,57016.0,33.55,4.9,-1.25,1232649000.0
2009-01-22,38.1,38.95,36.25,36.5,37.220651505838966,14643,167,545022.0,8909.0,60.84,2.7,-1.6,1232562600.0
2009-01-21,38.4,39.5,37.4,37.8,38.48546865978059,31174,258,1199746.0,14134.0,45.34,2.1,-0.6,1232476200.0
2009-01-20,37.0,38.5,37.0,38.2,38.088734154615246,11202,112,426670.0,7985.0,71.28,1.5,1.2,1232389800.0
2009-01-19,37.3,38.35,36.55,37.95,37.61332033237239,23588,181,887223.0,15574.0,66.03,1.8,0.65,1232303400.0
2009-01-16,37.8,37.9,36.25,37.0,37.16144370811337,26709,188,992545.0,12237.0,45.82,1.65,-0.8,1232044200.0
2009-01-15,36.35,36.4,35.5,36.2,36.04351917195954,12753,85,459663.0,9974.0,78.21,0.9,-0.15,1231957800.0
2009-01-14,35.75,37.2,35.0,36.9,36.678888732195745,14182,136,520180.0,10349.0,72.97,2.2,1.15,1231871400.0
2009-01-13,35.5,36.7,35.5,36.0,36.02706368686216,15482,121,557771.0,8470.0,54.71,1.2,0.5,1231785000.0
2009-01-12,37.0,37.5,35.7,36.0,36.312186810984166,19956,135,724646.0,15038.0,75.36,1.8,-1.0,1231698600.0
2009-01-09,37.3,39.0,35.0,37.25,36.85787065340225,53979,385,1989551.0,36098.0,66.87,4.0,-0.05,1231439400.0
2009-01-07,43.5,44.0,37.65,37.95,40.21023195928139,99414,574,3997460.0,70038.0,70.45,6.35,-5.55,1231266600.0
2009-01-06,42.6,45.0,42.1,43.3,43.66173221387538,81468,562,3557034.0,57418.0,70.48,2.9,0.7,1231180200.0
2009-01-05,43.7,43.9,42.0,42.85,42.95708197615187,69691,428,2993722.0,47076.0,67.55,1.9,-0.85,1231093800.0
2009-01-02,41.85,43.85,41.85,42.9,43.08506625680223,120365,713,5185934.0,79153.0,65.76,2.0,1.05,1230834600.0
2009-01-01,40.65,43.5,39.7,42.0,42.07814145083176,151968,753,6394531.0,41286.0,27.17,3.8,1.35,1230748200.0
2008-12-31,41.0,42.3,40.0,40.2,41.458051493195725,74806,570,3101311.0,34361.0,45.93,2.3,-0.8,1230661800.0
2008-12-30,41.85,42.2,39.8,41.2,41.214433841381165,118624,874,4889021.0,45333.0,38.22,2.4,-0.65,1230575400.0
2008-12-29,38.2,41.4,38.2,40.9,40.50384938319447,154830,1059,6271211.0,62865.0,40.6,3.2,2.7,1230489000.0
2008-12-26,37.0,40.3,36.55,38.3,38.95402091800547,177646,1207,6920026.0,71113.0,40.03,3.75,1.3,1230229800.0
2008-12-24,36.1,37.0,36.1,36.55,36.5159911772815,7254,68,264887.0,5935.0,81.82,0.9,0.45,1230057000.0
2008-12-23,36.5,37.65,36.5,36.95,37.05467889908257,13625,121,504870.0,11215.0,82.31,1.15,0.45,1229970600.0
2008-12-22,37.05,39.25,37.05,37.45,38.315901272194125,43311,315,1659500.0,14821.0,34.22,2.2,0.4,1229884200.0
2008-12-19,38.0,39.6,37.0,37.45,38.488934941899196,27022,337,1040048.0,13625.0,50.42,2.6,-0.55,1229625000.0
2008-12-18,36.25,38.3,35.3,37.6,37.16375529049633,25990,252,965886.0,18936.0,72.86,3.0,1.35,1229538600.0
2008-12-17,36.85,40.3,36.45,36.7,38.29487110777641,55977,472,2143632.0,23491.0,41.97,3.85,-0.15,1229452200.0
2008-12-16,35.0,39.3,34.65,38.0,37.5804752996605,43299,372,1627197.0,20840.0,48.13,4.65,3.0,1229365800.0
2008-12-15,35.9,36.25,35.0,35.15,35.536763246675925,20156,211,716279.0,13986.0,69.39,1.25,-0.75,1229279400.0
2008-12-12,34.0,35.9,33.0,34.85,34.37961822660098,12992,123,446660.0,9933.0,76.45,2.9,0.85,1229020200.0
2008-12-11,34.5,35.0,34.1,34.45,34.47137467734463,15109,108,520828.0,12804.0,84.74,0.9,-0.05,1228933800.0
2008-12-10,32.6,36.0,32.6,34.6,34.56332844924524,29347,393,1014330.0,12603.0,42.94,3.4,2.0,1228847400.0
2008-12-08,33.95,34.0,33.35,33.5,33.53940101954121,9416,76,315807.0,8815.0,93.62,0.65,-0.45,1228674600.0
2008-12-05,33.5,33.85,33.0,33.7,33.6724713584288,15275,101,514347.0,13571.0,88.84,0.85,0.2,1228415400.0
2008-12-04,32.75,34.0,32.25,33.75,33.07613181398214,16235,259,536991.0,11613.0,71.53,1.75,1.0,1228329000.0
2008-12-03,32.5,32.7,32.0,32.3,32.32255398284947,19358,119,625700.0,15661.0,80.9,0.7,-0.2,1228242600.0
2008-12-02,32.9,32.9,31.9,32.25,32.26453805997329,8237,125,265763.0,6131.0,74.43,1.0,-0.65,1228156200.0
2008-12-01,32.1,33.75,31.6,32.8,32.8063777504747,17906,187,587431.0,12456.0,69.56,2.15,0.7,1228069800.0
2008-11-28,30.2,33.5,30.2,32.55,32.62893127548049,13736,197,448191.0,8769.0,63.84,3.3,2.35,1227810600.0
2008-11-26,32.1,33.3,32.0,32.8,32.72523396484821,35048,151,1146954.0,31370.0,89.51,1.3,0.7,1227637800.0
2008-11-25,34.5,35.35,32.0,32.55,33.68381823635273,66680,369,2246037.0,55816.0,83.71,3.35,-1.95,1227551400.0
2008-11-24,33.6,34.5,33.6,34.35,34.05641314939228,19499,133,664066.0,16334.0,83.77,0.9,0.75,1227465000.0
2008-11-21,32.5,34.0,32.5,33.55,33.081385374222606,37304,239,1234068.0,26797.0,71.83,1.5,1.05,1227205800.0
2008-11-20,34.0,34.5,32.9,33.35,33.48234310446586,40664,251,1361526.0,29208.0,71.83,1.6,-0.65,1227119400.0
2008-11-19,35.8,35.8,34.05,34.2,34.83859718383997,15198,141,529477.0,12254.0,80.63,1.75,-1.6,1227033000.0
2008-11-18,35.5,35.9,34.85,35.25,35.472236888419566,22728,189,806213.0,17588.0,77.38,1.05,-0.25,1226946600.0
2008-11-17,35.05,36.5,34.65,35.1,35.11550592985112,15852,178,556651.0,12246.0,77.25,1.85,0.05,1226860200.0
2008-11-14,35.1,37.0,35.1,36.4,36.14743640229976,12697,174,458964.0,8051.0,63.41,1.9,1.3,1226601000.0
2008-11-12,36.5,36.95,35.1,35.8,36.25209542230819,13959,161,506043.0,10548.0,75.56,1.85,-0.7,1226428200.0
2008-11-11,37.5,37.5,36.0,36.65,36.71162006989516,16024,188,588267.0,9194.0,57.38,1.5,-0.85,1226341800.0
2008-11-10,36.9,39.6,36.85,37.5,38.041857164078095,60587,452,2304842.0,26313.0,43.43,2.75,0.6,1226255400.0
2008-11-07,35.7,37.0,35.05,36.85,36.17218494211341,13561,182,490531.0,7297.0,53.81,1.95,1.15,1225996200.0
2008-11-06,35.5,37.0,34.1,35.95,35.87652424834776,21486,273,770843.0,10472.0,48.74,2.9,0.45,1225909800.0
2008-11-05,37.5,38.8,36.4,36.5,37.22363636363636,30250,277,1126015.0,18584.0,61.43,2.4,-1.0,1225823400.0
2008-11-04,38.0,38.0,35.6,36.95,36.8260447709474,28858,314,1062726.0,19979.0,69.23,2.4,-1.05,1225737000.0
2008-11-03,36.15,38.5,36.0,37.0,36.91530524505589,39542,371,1459705.0,26989.0,68.25,2.5,0.85,1225650600.0
2008-10-31,35.95,36.0,33.8,35.6,34.756647188749405,35767,297,1243141.0,18613.0,52.04,2.2,-0.35,1225391400.0
2008-10-29,36.0,36.85,33.3,34.1,35.16896050902552,14459,238,508508.0,7086.0,49.01,3.55,-1.9,1225218600.0
2008-10-28,37.0,37.0,33.55,35.25,34.83619173262973,9096,135,316870.0,6662.0,73.24,3.45,-1.75,1225132200.0
2008-10-27,31.7,33.3,30.05,32.55,31.391086001255488,49383,499,1550186.0,31233.0,63.25,3.25,0.85,1225045800.0
2008-10-24,36.45,36.5,32.15,32.7,34.17488216677307,73621,734,2515989.0,55028.0,74.74,4.35,-3.75,1224786600.0
2008-10-23,31.7,38.15,31.7,37.3,37.01569023569024,103950,869,3847781.0,64280.0,61.84,6.45,5.6,1224700200.0
2008-10-22,38.9,40.0,37.1,39.6,38.736825015423584,215579,1921,8350846.0,115367.0,53.51,2.9,0.7,1224613800.0
2008-10-21,32.0,37.0,31.65,37.0,36.02658315249556,182484,1388,6574275.0,109788.0,60.16,5.35,5.0,1224527400.0
2008-10-20,30.1,31.5,30.1,30.85,30.756963151313744,119163,466,3665092.0,107604.0,90.3,1.4,0.75,1224441000.0
2008-10-17,32.0,32.0,29.5,30.1,30.486452425960927,34914,287,1064404.0,19409.0,55.59,2.5,-1.9,1224181800.0
2008-10-16,29.5,31.5,29.5,30.9,30.392952683497743,23924,240,727121.0,17490.0,73.11,2.0,1.4,1224095400.0
2008-10-15,31.05,32.4,31.05,31.75,31.861779701209393,33736,201,1074889.0,29055.0,86.12,1.35,0.7,1224009000.0
2008-10-14,33.0,34.45,32.0,32.75,33.1435018655466,44759,501,1483470.0,27328.0,61.06,2.45,-0.25,1223922600.0
2008-10-13,31.9,32.9,31.55,32.45,32.20770455751877,26374,327,849446.0,19046.0,72.22,1.35,0.55,1223836200.0
2008-10-10,27.1,29.95,27.1,29.3,28.65483955697588,45686,449,1309125.0,23684.0,51.84,2.85,2.2,1223577000.0
2008-10-08,30.0,30.6,28.0,29.95,29.095947063689,61659,598,1794027.0,33663.0,54.6,2.6,-0.05,1223404200.0
2008-10-07,31.5,34.4,30.5,30.75,32.11898690853085,58435,612,1876873.0,36466.0,62.4,3.9,-0.75,1223317800.0
2008-10-06,33.05,34.85,30.8,31.4,32.139312262687845,37398,386,1201946.0,28797.0,77.0,4.05,-1.65,1223231400.0
2008-10-03,34.0,35.0,33.6,34.3,34.4506237006237,13468,140,463981.0,7951.0,59.04,1.4,0.3,1222972200.0
2008-10-01,34.0,35.8,33.25,35.0,34.79314754622476,18767,240,652963.0,13055.0,69.56,2.55,1.0,1222799400.0
2008-09-30,32.2,34.75,31.35,33.95,33.11907980103806,36992,421,1225141.0,17230.0,46.58,3.4,1.75,1222713000.0
2008-09-29,35.5,36.0,33.5,33.85,34.09200035047753,45652,319,1556368.0,28534.0,62.5,2.5,-1.65,1222626600.0
2008-09-26,36.0,37.45,35.3,35.9,36.23626504588249,16782,225,608117.0,13936.0,83.04,2.15,-0.1,1222367400.0
2008-09-25,37.45,38.15,36.65,36.8,37.179239302694135,18930,257,703803.0,11187.0,59.1,1.5,-0.65,1222281000.0
2008-09-24,37.6,38.85,37.3,37.85,38.22372195039649,11854,178,453104.0,7338.0,61.9,1.55,0.25,1222194600.0
2008-09-23,38.1,39.4,38.1,38.25,38.69181700388717,10033,140,388195.0,7400.0,73.76,1.3,0.15,1222108200.0
2008-09-22,39.0,40.25,38.8,39.7,39.51569414002729,24181,213,955529.0,19431.0,80.36,1.45,0.7,1222021800.0
2008-09-19,38.6,39.75,38.05,39.2,38.89130026053557,37231,346,1447962.0,26823.0,72.04,1.7,0.6,1221762600.0
2008-09-18,37.0,38.25,36.0,37.3,37.134263705277775,48941,465,1817388.0,29631.0,60.54,2.25,0.3,1221676200.0
2008-09-17,39.2,40.15,38.6,39.1,39.58466253138384,27084,228,1072111.0,15356.0,56.7,1.55,-0.1,1221589800.0
2008-09-16,38.0,39.5,35.7,39.0,37.8379203774482,54683,497,2069091.0,29319.0,53.62,3.8,1.0,1221503400.0
2008-09-15,41.75,41.75,39.1,39.25,40.10047821928528,57505,342,2305978.0,45090.0,78.41,2.65,-2.5,1221417000.0
2008-09-12,43.0,43.15,42.3,42.6,42.787547623821936,9974,122,426763.0,6004.0,60.2,0.85,-0.4,1221157800.0
2008-09-11,43.0,43.75,42.7,43.1,43.14837019497204,19849,168,856452.0,13522.0,68.12,1.05,0.1,1221071400.0
2008-09-10,44.0,44.2,43.05,43.35,43.64130062190882,20421,178,891199.0,13034.0,63.83,1.15,-0.65,1220985000.0
2008-09-09,43.5,44.35,43.5,43.7,43.816696778078885,13284,126,582061.0,10547.0,79.4,0.85,0.2,1220898600.0
2008-09-08,44.15,44.6,43.75,43.95,44.07775731532637,19548,209,861632.0,12357.0,63.21,0.85,-0.2,1220812200.0
2008-09-05,43.35,44.0,43.25,43.65,43.56872271511055,14202,175,618763.0,11564.0,81.43,0.75,0.3,1220553000.0
2008-09-04,44.15,44.5,43.5,43.9,44.0098485284801,17363,158,764143.0,13151.0,75.74,1.0,-0.25,1220466600.0
2008-09-02,43.5,44.4,43.5,44.2,44.123127957461335,20499,264,904480.0,16372.0,79.87,0.9,0.7,1220293800.0
2008-09-01,43.5,44.2,43.2,43.95,43.82864429744161,12547,186,549918.0,8041.0,64.09,1.0,0.45,1220207400.0
2008-08-29,44.1,44.85,43.55,43.8,44.05959390862944,19700,245,867974.0,14581.0,74.02,1.3,-0.3,1219948200.0
2008-08-28,43.1,44.35,43.05,43.25,43.63369125154023,28405,292,1239415.0,21931.0,77.21,1.3,0.15,1219861800.0
2008-08-27,43.65,45.0,43.65,44.4,44.67482938578884,34874,304,1557990.0,23586.0,67.63,1.35,0.75,1219775400.0
2008-08-26,43.5,44.45,43.05,44.1,43.92693421949557,23472,297,1031053.0,13844.0,58.98,1.4,0.6,1219689000.0
2008-08-25,46.05,46.5,44.2,44.7,45.47066852015671,39565,336,1799047.0,25475.0,64.39,2.3,-1.35,1219602600.0
2008-08-22,45.95,46.0,44.5,44.7,44.902401500036056,41599,449,1867895.0,27244.0,65.49,1.5,-1.25,1219343400.0
2008-08-21,47.2,48.0,45.45,45.65,46.42890499756047,57388,539,2664462.0,37590.0,65.5,2.55,-1.55,1219257000.0
2008-08-20,49.0,49.0,47.5,47.95,48.37289080117156,77162,676,3732549.0,35120.0,45.51,1.5,-1.05,1219170600.0
2008-08-19,48.7,49.7,47.2,48.15,48.34935615853812,79678,765,3852380.0,33109.0,41.55,2.5,-0.55,1219084200.0
2008-08-18,50.45,52.5,48.2,48.9,50.2328542135938,495005,4039,24865514.0,185043.0,37.38,4.3,-1.55,1218997800.0
2008-08-14,46.65,48.4,44.6,47.6,46.85499946148812,120703,775,5655539.0,90566.0,75.03,3.8,0.95,1218652200.0
2008-08-13,45.35,46.6,45.35,45.7,46.05442558906117,40955,417,1886159.0,22218.0,54.25,1.25,0.35,1218565800.0
2008-08-12,45.85,46.2,44.7,46.0,45.57302679898201,58547,435,2668164.0,44676.0,76.31,1.5,0.15,1218479400.0
2008-08-11,45.7,46.95,45.5,45.6,46.08889431291189,40970,354,1888262.0,28509.0,69.59,1.45,-0.1,1218393000.0
2008-08-08,44.75,46.25,44.75,45.6,45.59931614811941,41237,421,1880379.0,25945.0,62.92,1.5,0.85,1218133800.0
2008-08-07,44.85,48.3,44.2,45.8,46.73213393645341,146129,1431,6828920.0,50315.0,34.43,4.1,0.95,1218047400.0
2008-08-06,48.0,48.8,44.15,44.65,46.24834229428144,119593,828,5530978.0,68440.0,57.23,4.65,-3.35,1217961000.0
2008-08-05,44.3,47.5,43.7,46.45,46.32242352118025,334439,1958,15492025.0,173828.0,51.98,3.8,2.15,1217874600.0
2008-08-04,42.65,44.2,42.3,43.6,43.42876823742261,60247,581,2616453.0,30615.0,50.82,1.9,0.95,1217788200.0
2008-08-01,41.9,42.5,41.5,42.2,42.04454095545904,29703,328,1248849.0,17685.0,59.54,1.0,0.3,1217529000.0
2008-07-31,42.45,43.0,41.5,42.3,42.26274237195561,40279,462,1702301.0,23000.0,57.1,1.5,-0.15,1217442600.0
2008-07-30,42.65,42.9,41.6,42.05,42.36232258481213,61931,611,2623541.0,30905.0,49.9,1.3,-0.6,1217356200.0
2008-07-29,43.0,44.25,41.05,41.35,42.45234484740135,125296,952,5319109.0,60811.0,48.53,3.2,-1.65,1217269800.0
2008-07-28,41.5,45.35,41.5,44.55,43.96884167434069,468029,3407,20578693.0,117747.0,25.16,3.85,3.05,1217183400.0
2008-07-25,39.2,39.85,38.5,39.35,39.33676495653656,29335,340,1153944.0,13120.0,44.72,1.35,0.15,1216924200.0
2008-07-24,40.45,40.7,39.55,39.8,40.13526220614828,27650,256,1109740.0,19270.0,69.69,1.15,-0.65,1216837800.0
2008-07-23,40.0,40.8,39.5,39.95,40.00579251290723,55589,507,2223882.0,34662.0,62.35,1.3,-0.05,1216751400.0
2008-07-22,38.05,40.75,37.55,39.15,39.19931055365337,42933,512,1682944.0,14474.0,33.71,3.2,1.1,1216665000.0
2008-07-21,38.8,38.85,38.0,38.4,38.41162955107812,11316,237,434666.0,5470.0,48.34,0.85,-0.4,1216578600.0
2008-07-18,35.5,40.25,35.5,38.8,38.99783821343782,51809,634,2020439.0,33820.0,65.28,4.75,3.3,1216319400.0
2008-07-17,37.1,38.35,36.55,37.8,37.51512575737762,45882,457,1721269.0,25454.0,55.48,1.8,0.7,1216233000.0
2008-07-16,37.8,39.5,36.25,36.55,37.12631611932815,31912,357,1184775.0,20988.0,65.77,3.25,-1.25,1216146600.0
2008-07-15,39.0,39.0,37.5,37.8,38.09060141779099,21865,320,832851.0,15272.0,69.85,1.5,-1.2,1216060200.0
2008-07-14,38.7,39.6,38.3,38.55,38.82736795186093,22435,257,871092.0,18402.0,82.02,1.3,-0.15,1215973800.0
2008-07-11,40.6,40.6,39.0,39.45,39.69437193275556,28731,379,1140459.0,17294.0,60.19,1.6,-1.15,1215714600.0
2008-07-10,39.7,40.75,39.35,39.65,39.830234021857294,17477,281,696113.0,10182.0,58.26,1.4,-0.05,1215628200.0
2008-07-09,38.8,42.0,38.5,40.9,40.76004241212889,82052,973,3344443.0,43639.0,53.18,3.5,2.1,1215541800.0
2008-07-08,36.5,38.3,36.3,38.05,37.87699908508692,27325,275,1034989.0,14857.0,54.37,2.0,1.55,1215455400.0
2008-07-07,40.4,40.75,38.2,38.5,39.339638450210735,39386,379,1549431.0,27417.0,69.61,2.55,-1.9,1215369000.0
2008-07-04,40.0,43.5,38.2,40.2,40.82523836341253,305416,2368,12468681.0,38978.0,12.76,5.3,0.2,1215109800.0
2008-07-03,39.0,39.8,38.25,39.35,39.27869419302349,49165,433,1931137.0,35908.0,73.04,1.55,0.35,1215023400.0
2008-07-02,39.4,40.0,35.9,39.55,38.06917048111437,60734,776,2312093.0,32726.0,53.88,4.1,0.15,1214937000.0
2008-07-01,40.5,41.9,38.2,38.55,39.65542164353097,55758,630,2211107.0,21381.0,38.35,3.7,-1.95,1214850600.0
2008-06-30,40.4,42.7,39.0,40.0,41.15792515418049,126313,1843,5198781.0,45121.0,35.72,3.7,-0.4,1214764200.0
2008-06-27,38.5,39.45,38.05,38.8,38.90485285519392,25655,333,998104.0,18291.0,71.3,1.4,0.3,1214505000.0
2008-06-26,39.6,40.5,39.55,39.9,39.96683794637074,23159,400,925592.0,16031.0,69.22,0.95,0.3,1214418600.0
2008-06-25,38.0,39.45,37.1,38.7,38.47733837429112,66125,503,2544314.0,32436.0,49.05,2.35,0.7,1214332200.0
2008-06-24,40.0,40.6,38.3,38.6,39.31501050353301,31418,471,1235199.0,17240.0,54.87,2.3,-1.4,1214245800.0
2008-06-23,41.1,41.75,40.05,40.25,40.57136465324385,37995,559,1541509.0,18167.0,47.81,1.7,-0.85,1214159400.0
2008-06-20,45.2,45.6,41.5,42.25,43.44049149144002,58353,631,2534883.0,32220.0,55.22,4.1,-2.95,1213900200.0
2008-06-19,45.6,46.5,44.25,45.1,45.396895615056266,90195,691,4094573.0,43075.0,47.76,2.25,-0.5,1213813800.0
2008-06-18,45.8,47.5,45.25,45.9,46.45006899556976,110152,1130,5116568.0,53094.0,48.2,2.25,0.1,1213727400.0
2008-06-17,42.5,45.5,42.05,44.9,44.55397996680891,67488,722,3006859.0,35415.0,52.48,3.45,2.4,1213641000.0
2008-06-16,42.3,44.0,42.3,43.6,43.527253173853744,38124,411,1659433.0,25092.0,65.82,1.7,1.3,1213554600.0
2008-06-13,44.0,44.4,41.7,42.35,42.86024139794632,27755,443,1189586.0,13535.0,48.77,2.7,-1.65,1213295400.0
2008-06-12,41.5,45.4,41.0,43.15,43.78516244598808,146264,1565,6404193.0,42744.0,29.22,4.4,1.65,1213209000.0
2008-06-11,39.1,42.7,39.1,42.0,41.71510410928721,63539,1004,2650536.0,35510.0,55.89,3.6,2.9,1213122600.0
2008-06-10,39.5,40.3,38.0,39.05,39.4798816746657,33129,420,1307929.0,21362.0,64.48,2.3,-0.45,1213036200.0
2008-06-09,37.5,40.4,37.35,39.05,38.40532882811537,56823,574,2182306.0,29926.0,52.67,3.05,1.55,1212949800.0
2008-06-06,41.85,42.1,40.95,41.25,41.366299715909086,22528,275,931900.0,18056.0,80.15,1.15,-0.6,1212690600.0
2008-06-05,40.9,41.85,40.5,41.65,40.986398334489934,28820,295,1181228.0,20187.0,70.05,1.35,0.75,1212604200.0
2008-06-04,42.3,42.3,40.85,41.0,41.407830739299605,32896,405,1362152.0,23769.0,72.25,1.45,-1.3,1212517800.0
2008-06-03,42.0,42.25,41.2,42.0,41.74945545936889,35810,451,1495048.0,20338.0,56.79,1.05,0.0,1212431400.0
2008-06-02,43.3,44.0,42.0,42.25,42.88629636078705,28715,478,1231480.0,19278.0,67.14,2.0,-1.05,1212345000.0
2008-05-30,44.65,44.65,43.0,43.4,43.843570709317845,42703,528,1872252.0,21663.0,50.73,1.65,-1.25,1212085800.0
2008-05-29,44.2,44.75,43.5,43.55,43.94141626392099,23795,318,1045586.0,13161.0,55.31,1.25,-0.65,1211999400.0
2008-05-28,44.5,45.6,43.5,44.05,44.28382733324853,47166,611,2088691.0,18306.0,38.81,2.1,-0.45,1211913000.0
2008-05-27,44.9,45.4,44.1,44.35,44.72657434751377,50116,533,2241517.0,23632.0,47.15,1.3,-0.55,1211826600.0
2008-05-26,44.1,44.7,43.45,44.05,44.07001444283968,45005,592,1983371.0,23028.0,51.17,1.25,-0.05,1211740200.0
2008-05-23,45.8,46.65,45.0,45.2,45.83101000816993,39168,426,1795109.0,26003.0,66.39,1.65,-0.6,1211481000.0
2008-05-22,44.4,46.8,44.4,46.3,46.263999687920574,51269,635,2371909.0,31498.0,61.44,2.4,1.9,1211394600.0
2008-05-21,46.0,47.25,45.5,46.55,46.67000377096841,82207,812,3836601.0,42975.0,52.28,1.75,0.55,1211308200.0
2008-05-20,44.0,47.4,44.0,46.85,46.23787045302649,213961,2045,9893101.0,85453.0,39.94,3.4,2.85,1211221800.0
2008-05-16,45.75,46.45,43.25,43.7,44.486108997446685,177417,1052,7892592.0,144158.0,81.25,3.2,-2.05,1210876200.0
2008-05-15,45.7,46.3,45.1,45.7,45.819834400581705,42633,443,1953437.0,31548.0,74.0,1.2,0.0,1210789800.0
2008-05-14,44.5,45.9,44.1,45.45,45.10324609109449,35304,475,1592325.0,15770.0,44.67,1.8,0.95,1210703400.0
2008-05-13,46.9,46.9,44.5,44.6,45.51670185024215,48318,510,2199276.0,40120.0,83.03,2.4,-2.3,1210617000.0
2008-05-12,46.6,46.9,44.4,45.65,45.494993011277685,52227,679,2376067.0,34410.0,65.89,2.5,-0.95,1210530600.0
2008-05-09,47.0,48.6,46.15,46.75,47.62456543865911,75651,1025,3602846.0,41470.0,54.82,2.45,-0.25,1210271400.0
2008-05-08,48.75,49.35,47.6,48.15,48.26543023216745,89289,942,4309572.0,49962.0,55.96,1.75,-0.6,1210185000.0
2008-05-07,49.9,50.5,48.5,48.8,49.38637065637066,77700,853,3837321.0,46189.0,59.45,2.0,-1.1,1210098600.0
2008-05-06,50.0,51.3,49.25,49.5,50.212188241979014,98554,954,4948612.0,64403.0,65.35,2.05,-0.5,1210012200.0
2008-05-05,50.05,51.0,49.7,49.9,50.2670217264894,75668,515,3803605.0,59902.0,79.16,1.3,-0.15,1209925800.0
2008-05-02,50.8,52.8,50.15,50.4,51.203102144853645,138098,1110,7071046.0,70144.0,50.79,2.65,-0.4,1209666600.0
2008-04-30,51.45,51.9,49.75,49.95,50.79106833844379,65878,678,3346014.0,43422.0,65.91,2.15,-1.5,1209493800.0
2008-04-29,52.0,52.0,50.3,51.15,51.00683971347146,64915,661,3311109.0,42040.0,64.76,1.7,-0.85,1209407400.0
2008-04-28,50.1,53.85,49.0,51.5,51.65359732145211,189655,1540,9796363.0,80284.0,42.33,4.85,1.4,1209321000.0
2008-04-25,51.85,52.0,49.05,49.65,50.410123476333695,50536,557,2547526.0,38232.0,75.65,2.95,-2.2,1209061800.0
2008-04-24,53.0,53.25,50.6,51.3,52.09364567855971,51823,602,2699649.0,39816.0,76.83,2.65,-1.7,1208975400.0
2008-04-23,54.1,54.35,52.5,52.65,53.125618271748614,41244,430,2191113.0,31167.0,75.57,1.85,-1.45,1208889000.0
2008-04-22,54.5,55.7,53.0,53.85,53.8134400330662,87098,670,4687043.0,63423.0,72.82,2.7,-0.65,1208802600.0
2008-04-21,52.95,55.4,51.0,53.95,53.91944665795429,156865,1155,8458074.0,68665.0,43.77,4.4,1.0,1208716200.0
2008-04-17,53.45,53.45,51.3,51.85,51.93209568901072,56182,494,2917649.0,38773.0,69.01,2.15,-1.6,1208370600.0
2008-04-16,52.8,53.3,51.6,51.85,52.368981353400095,90365,676,4732323.0,46754.0,51.74,1.7,-0.95,1208284200.0
2008-04-15,52.0,52.5,50.6,51.75,51.71247391559797,49359,498,2552476.0,26328.0,53.34,1.9,-0.25,1208197800.0
2008-04-11,53.5,53.9,52.0,52.2,52.52773004026319,81464,727,4279119.0,45871.0,56.31,1.9,-1.3,1207852200.0
2008-04-10,55.5,55.5,52.1,52.65,53.31845240217012,140269,1327,7478926.0,67387.0,48.04,3.4,-2.85,1207765800.0
2008-04-09,53.0,58.2,53.0,54.85,56.441065666468305,421783,3401,23805882.0,161608.0,38.32,5.2,1.85,1207679400.0
2008-04-08,50.0,54.2,50.0,53.45,53.00019178032545,662216,4408,35097575.0,148339.0,22.4,4.2,3.45,1207593000.0
2008-04-07,48.1,50.4,48.1,49.35,49.37786782889743,81682,850,4033283.0,31797.0,38.93,2.3,1.25,1207506600.0
2008-04-04,48.9,51.0,47.7,48.8,49.126509074134496,88879,1040,4366315.0,33332.0,37.5,3.3,-0.1,1207247400.0
2008-04-03,49.5,49.6,47.1,47.85,48.04464475079533,47150,572,2265305.0,24140.0,51.2,2.5,-1.65,1207161000.0
2008-04-02,50.0,52.0,48.5,49.0,49.840886847098766,100130,1052,4990568.0,47239.0,47.18,3.5,-1.0,1207074600.0
2008-04-01,50.5,52.35,48.1,48.8,50.00159106868261,112503,1072,5625329.0,39322.0,34.95,4.25,-1.7,1206988200.0
2008-03-31,52.0,54.5,49.45,49.9,52.01738344244741,311906,2356,16224534.0,138758.0,44.49,5.05,-2.1,1206901800.0
2008-03-28,47.7,52.9,47.0,50.65,51.05745591845905,618683,3959,31588380.0,216434.0,34.98,5.9,2.95,1206642600.0
2008-03-27,38.1,44.8,37.5,44.8,43.001319512957615,492606,2307,21182708.0,315262.0,64.0,7.3,6.7,1206556200.0
2008-03-26,34.95,40.45,34.0,37.35,37.051551136106966,354192,2388,13123363.0,195011.0,55.06,6.45,2.4,1206469800.0
2008-03-25,33.85,35.2,32.95,33.95,33.77515636103866,268769,1457,9077715.0,184012.0,68.46,2.25,0.1,1206383400.0
2008-03-24,36.6,37.4,31.8,32.55,34.30223930440696,164694,782,5649373.0,126095.0,76.56,5.6,-4.05,1206297000.0
2008-03-19,39.9,40.0,36.2,36.65,38.190877008164335,94925,629,3625269.0,77625.0,81.78,3.8,-3.25,1205865000.0
2008-03-18,40.05,40.85,38.05,38.5,39.19335155126812,91119,626,3571259.0,76377.0,83.82,2.8,-1.55,1205778600.0
2008-03-17,42.5,42.9,40.5,40.75,41.647798156596224,85928,488,3578712.0,73925.0,86.03,2.4,-1.75,1205692200.0
2008-03-14,44.0,45.9,42.6,43.0,43.52339022603316,73706,699,3207935.0,58153.0,78.9,3.3,-1.0,1205433000.0
2008-03-13,46.0,46.5,43.05,44.65,44.789534726638315,303499,1298,13593579.0,207851.0,68.48,3.45,-1.35,1205346600.0
2008-03-12,48.45,49.8,46.5,46.95,48.10695516505173,73068,527,3515079.0,55924.0,76.54,3.3,-1.5,1205260200.0
2008-03-11,47.1,48.95,46.6,47.5,47.934682563656075,112558,822,5395432.0,75474.0,67.05,2.35,0.4,1205173800.0
2008-03-10,49.1,50.0,45.5,46.9,46.72595760680547,106385,958,4970941.0,63831.0,60.0,4.5,-2.2,1205087400.0
2008-03-07,52.1,52.2,50.0,50.6,50.87242012350029,53927,703,2743397.0,34397.0,63.78,2.2,-1.5,1204828200.0
2008-03-05,54.0,54.75,53.15,53.9,53.80706628574424,38153,452,2052901.0,20333.0,53.29,1.6,-0.1,1204655400.0
2008-03-04,57.4,57.75,53.2,54.0,54.8255113425065,67225,699,3685645.0,32929.0,48.98,4.55,-3.4,1204569000.0
2008-03-03,58.05,61.25,56.3,57.1,59.32629224652088,80480,820,4774580.0,26942.0,33.48,4.95,-0.95,1204482600.0
2008-02-29,58.0,61.45,57.5,59.45,59.48117427934828,114896,1190,6834149.0,48252.0,42.0,3.95,1.45,1204223400.0
2008-02-28,59.65,61.8,57.8,58.2,59.61325162840035,114069,1186,6800024.0,43435.0,38.08,4.0,-1.45,1204137000.0
2008-02-27,56.0,61.4,55.55,59.0,59.0353496862092,212562,2142,12548672.0,56356.0,26.51,5.85,3.0,1204050600.0
2008-02-26,56.85,56.85,54.85,55.25,55.5875859572928,38682,365,2150239.0,22596.0,58.41,2.0,-1.6,1203964200.0
2008-02-25,56.2,57.5,54.2,55.6,55.28984853609952,53214,326,2942194.0,42551.0,79.96,3.3,-0.6,1203877800.0
2008-02-22,56.05,58.2,55.4,56.5,56.65103670357835,30433,383,1724061.0,15099.0,49.61,2.8,0.45,1203618600.0
2008-02-21,56.05,57.15,56.05,56.65,56.49025798678908,24071,224,1359777.0,17895.0,74.34,1.1,0.6,1203532200.0
2008-02-20,57.65,58.25,55.5,56.15,56.41385509678193,33374,396,1882756.0,21068.0,63.13,2.75,-1.5,1203445800.0
2008-02-19,58.45,59.8,57.5,58.25,58.53988539203202,43976,607,2574350.0,20061.0,45.62,2.3,-0.2,1203359400.0
2008-02-18,58.5,59.4,57.0,57.5,57.95921628205464,38177,543,2212709.0,21449.0,56.18,2.4,-1.0,1203273000.0
2008-02-15,55.0,58.45,55.0,57.7,57.46642526654597,74565,609,4284984.0,49041.0,65.77,3.45,2.7,1203013800.0
2008-02-14,55.95,56.9,54.75,56.5,55.85209835974268,35909,441,2005593.0,25008.0,69.64,2.15,0.55,1202927400.0
2008-02-13,53.0,55.2,52.35,54.65,54.28055381236272,76488,725,4151811.0,52043.0,68.04,2.85,1.65,1202841000.0
2008-02-12,53.1,53.75,51.75,52.6,52.45956361470008,53714,554,2817813.0,32546.0,60.59,2.0,-0.5,1202754600.0
2008-02-11,57.0,57.0,52.0,53.2,53.69900622006149,55948,577,3004352.0,29222.0,52.23,5.0,-3.8,1202668200.0
2008-02-08,58.0,58.0,55.0,56.05,56.3544796642061,69090,638,3893531.0,46905.0,67.89,3.0,-1.95,1202409000.0
2008-02-07,58.8,60.0,57.0,57.75,58.91863179738716,84812,819,4997007.0,52245.0,61.6,3.0,-1.05,1202322600.0
2008-02-06,57.1,58.7,56.0,57.85,57.48443057722309,96150,856,5527128.0,62851.0,65.37,2.7,0.75,1202236200.0
2008-02-05,60.5,60.9,58.65,59.05,59.341243181165666,69660,654,4133711.0,47985.0,68.88,2.25,-1.45,1202149800.0
2008-02-04,61.0,61.8,59.75,60.1,60.47209650466509,57448,608,3474001.0,31675.0,55.14,2.05,-0.9,1202063400.0
2008-02-01,58.5,60.0,58.0,59.1,59.023883696780885,34668,617,2046240.0,19532.0,56.34,2.0,0.6,1201804200.0
2008-01-31,60.7,61.4,57.5,58.85,59.633919476759765,74612,881,4449406.0,38420.0,51.49,3.9,-1.85,1201717800.0
2008-01-30,64.0,64.0,60.25,60.6,61.1770550449133,76592,1047,4685673.0,36417.0,47.55,3.75,-3.4,1201631400.0
2008-01-29,63.4,66.0,63.3,64.0,64.54747426094286,49827,802,3216207.0,23944.0,48.05,2.7,0.6,1201545000.0
2008-01-28,62.1,64.8,60.05,63.25,62.83005197295986,84467,792,5307066.0,51100.0,60.5,4.75,1.15,1201458600.0
2008-01-25,62.0,66.9,59.55,65.05,62.39587473446173,116744,1525,7284344.0,62800.0,53.79,7.35,3.05,1201199400.0
2008-01-24,66.8,68.45,55.25,59.95,62.276467465318646,216615,2321,13490017.0,94330.0,43.55,13.2,-6.85,1201113000.0
2008-01-23,60.0,61.95,55.5,61.95,60.01323957071552,212167,1224,12732829.0,149627.0,70.52,6.45,1.95,1201026600.0
2008-01-22,54.2,58.5,48.0,51.65,48.873405187188176,446369,1227,21815573.0,349677.0,78.34,10.5,-2.55,1200940200.0
2008-01-21,74.7,75.0,59.95,59.95,65.4196345545063,297883,1795,19487397.0,206067.0,69.18,15.05,-14.75,1200853800.0
2008-01-18,78.1,78.95,73.25,74.9,77.03565426460064,124361,1146,9580231.0,76368.0,61.41,5.7,-3.2,1200594600.0
2008-01-17,79.65,81.0,78.35,78.9,79.66543507706116,124771,1073,9939936.0,66320.0,53.15,2.65,-0.75,1200508200.0
2008-01-16,80.0,80.5,77.4,78.3,79.05806451612902,134075,1123,10599710.0,71132.0,53.05,3.1,-1.7,1200421800.0
2008-01-15,84.0,84.35,80.05,81.05,82.56815150492534,124458,974,10276267.0,50561.0,40.62,4.3,-2.95,1200335400.0
2008-01-14,82.25,84.3,81.55,82.85,82.8639697744533,131015,1205,10856423.0,53591.0,40.9,2.75,0.6,1200249000.0
2008-01-11,84.5,86.5,80.05,82.0,81.79655068576838,461599,2759,37757206.0,281707.0,61.03,6.45,-2.5,1199989800.0
2008-01-10,91.9,93.5,83.25,84.05,89.1376386309116,424779,3269,37863797.0,150714.0,35.48,10.25,-7.85,1199903400.0
2008-01-09,93.1,93.4,89.2,90.4,91.58865712113008,629893,3721,57691054.0,271057.0,43.03,4.2,-2.7,1199817000.0
2008-01-08,91.45,98.3,90.0,92.15,93.9846655014221,2225570,11093,209169452.0,675860.0,30.37,8.3,0.7,1199730600.0
2008-01-07,88.9,94.9,87.5,90.55,92.09127849091492,1124920,5756,103595321.0,426596.0,37.92,7.4,1.65,1199644200.0
2008-01-04,91.95,93.5,88.3,88.8,91.13091787771005,583106,3368,53138985.0,330550.0,56.69,5.2,-3.15,1199385000.0
2008-01-03,92.5,96.45,90.1,90.7,93.02385020023162,799574,4324,74379452.0,417329.0,52.19,6.35,-1.8,1199298600.0
2008-01-02,100.7,101.7,92.1,92.95,96.16260833654685,1828215,7970,175805923.0,937225.0,51.26,9.6,-7.75,1199212200.0
2008-01-01,82.7,98.25,82.5,98.25,93.50188363123074,3607394,13203,337298134.0,1371888.0,38.03,15.75,15.55,1199125800.0
2007-12-31,81.0,83.55,81.0,81.9,82.05789249406466,624226,3303,51222670.0,432347.0,69.26,2.55,0.9,1199039400.0
2007-12-28,78.0,81.8,78.0,79.9,80.50401609418077,402630,2409,32413332.0,250165.0,62.13,3.8,1.9,1198780200.0
2007-12-27,83.0,83.0,78.5,78.95,79.8674876024302,245411,1894,19600360.0,144354.0,58.82,4.5,-4.05,1198693800.0
2007-12-26,80.0,81.0,78.45,78.75,79.48860651728947,220828,1659,17553310.0,146924.0,66.53,2.55,-1.25,1198607400.0
2007-12-24,79.0,80.9,78.55,79.45,79.60332032744243,196065,1955,15607425.0,102442.0,52.25,2.35,0.45,1198434600.0
2007-12-20,84.0,84.0,77.25,77.8,79.76581735483168,440592,3021,35144181.0,210562.0,47.79,6.75,-6.2,1198089000.0
2007-12-19,84.4,88.0,81.1,82.35,84.8670438768261,1386495,8149,117667732.0,594719.0,42.89,6.9,-2.05,1198002600.0
2007-12-18,75.8,83.5,72.0,81.55,74.6988908639333,4010599,7121,299587297.0,3249088.0,81.01,11.5,5.75,1197916200.0
2007-12-17,78.0,82.0,75.0,75.55,79.14877164407731,257865,2201,20409698.0,147710.0,57.28,7.0,-2.45,1197829800.0
2007-12-14,76.1,81.3,76.1,78.15,79.230373677288,420443,3154,33311856.0,235128.0,55.92,5.2,2.05,1197570600.0
2007-12-13,75.0,79.0,75.0,75.95,76.8123071640036,192197,1646,14763095.0,116829.0,60.79,4.0,0.95,1197484200.0
2007-12-12,75.0,76.0,74.0,75.05,75.03888203461882,81863,806,6142908.0,56301.0,68.77,2.0,0.05,1197397800.0
2007-12-11,76.0,77.0,75.0,75.35,75.66622326460602,85701,754,6484671.0,56055.0,65.41,2.0,-0.65,1197311400.0
2007-12-10,76.1,78.4,75.05,75.3,75.9584671589241,90603,867,6882065.0,55614.0,61.38,3.35,-0.8,1197225000.0
2007-12-07,77.9,80.0,74.75,75.65,77.20811991669716,284264,2310,21947489.0,151870.0,53.43,5.25,-2.25,1196965800.0
2007-12-06,73.5,80.5,73.0,75.85,77.66974135114657,431589,3418,33521406.0,227849.0,52.79,7.5,2.35,1196879400.0
2007-12-05,67.4,72.65,67.0,71.45,70.65918305430675,181285,1144,12809450.0,102181.0,56.36,5.65,4.05,1196793000.0
2007-12-04,66.05,67.3,66.05,67.0,66.57212646557771,39916,298,2657293.0,35883.0,89.9,1.25,0.95,1196706600.0
2007-12-03,64.15,66.5,64.15,65.65,65.73722569062994,37321,278,2453379.0,27332.0,73.23,2.35,1.5,1196620200.0
2007-11-30,64.5,65.0,64.0,64.35,64.65605285592497,23460,213,1516831.0,16672.0,71.07,1.0,-0.15,1196361000.0
2007-11-29,64.75,64.9,63.5,64.3,64.20136058787665,31163,299,2000707.0,20187.0,64.78,1.4,-0.45,1196274600.0
2007-11-28,64.9,65.3,63.5,63.8,64.40112109471602,36393,255,2343750.0,28005.0,76.95,1.8,-1.1,1196188200.0
2007-11-27,64.2,65.0,64.2,64.6,64.73715054036226,39418,171,2551809.0,27348.0,69.38,0.8,0.4,1196101800.0
2007-11-26,65.95,65.95,64.55,64.9,64.99510767215263,48852,257,3175141.0,23847.0,48.81,1.4,-1.05,1196015400.0
2007-11-23,66.9,66.9,64.55,65.05,65.37747064224617,41386,347,2705712.0,22347.0,54.0,2.35,-1.85,1195756200.0
2007-11-22,66.75,67.0,64.65,65.2,65.62614142661785,68007,425,4463037.0,28345.0,41.68,2.35,-1.55,1195669800.0
2007-11-21,70.25,70.3,65.0,65.5,68.07490149763296,100759,716,6859159.0,56495.0,56.07,5.3,-4.75,1195583400.0
2007-11-20,68.8,72.9,68.0,68.8,70.03282067828208,167364,1084,11720973.0,105937.0,63.3,4.9,0.0,1195497000.0
2007-11-19,65.35,69.15,65.2,67.65,67.29485836914299,193849,1016,13045041.0,134965.0,69.62,3.95,2.3,1195410600.0
2007-11-16,64.15,68.75,64.15,64.55,65.64646989071564,156015,868,10241834.0,98717.0,63.27,4.6,0.4,1195151400.0
2007-11-15,64.9,65.3,63.55,64.15,64.37022742935906,50785,411,3269042.0,39544.0,77.87,1.75,-0.75,1195065000.0
2007-11-14,64.5,65.15,63.8,64.5,64.5238021278248,51508,300,3323492.0,44055.0,85.53,1.35,0.0,1194978600.0
2007-11-13,63.95,67.0,63.6,64.4,64.76887230094466,47424,398,3071599.0,33747.0,71.16,3.4,0.45,1194892200.0
2007-11-12,65.5,68.75,63.0,63.35,63.98825131959816,17619,255,1127409.0,11486.0,65.19,5.75,-2.15,1194805800.0
2007-11-09,64.9,64.9,63.0,64.6,64.34057583217381,9343,101,601134.0,7695.0,82.36,1.9,-0.3,1194546600.0
2007-11-08,64.0,65.0,62.95,63.5,63.75653771851293,21223,281,1353105.0,17168.0,80.89,2.05,-0.5,1194460200.0
2007-11-07,65.5,66.6,64.0,64.3,64.63770922672569,28916,328,1869064.0,21553.0,74.54,2.6,-1.2,1194373800.0
2007-11-06,66.15,68.2,66.15,66.85,67.02329974811083,52404,421,3512289.0,38816.0,74.07,2.05,0.7,1194287400.0
2007-11-05,64.0,66.85,64.0,66.15,65.66450802695331,106703,552,7006600.0,98833.0,92.62,2.85,2.15,1194201000.0
2007-11-02,65.0,66.0,64.6,65.6,65.11278505830153,38764,262,2524032.0,33768.0,87.11,1.4,0.6,1193941800.0
2007-11-01,69.0,70.6,65.0,65.1,67.66849223203307,89470,908,6054300.0,64586.0,72.19,5.6,-3.9,1193855400.0
2007-10-31,67.0,69.2,65.15,68.0,67.07086360339407,86857,883,5825574.0,58885.0,67.8,4.05,1.0,1193769000.0
2007-10-30,64.0,66.0,63.25,63.95,64.02320247810806,33574,342,2149515.0,22944.0,68.34,2.75,-0.05,1193682600.0
2007-10-29,65.05,66.0,64.0,64.5,64.55963813500348,35925,232,2319305.0,31173.0,86.77,2.0,-0.55,1193596200.0
2007-10-26,64.0,65.0,64.0,64.4,64.30195986386575,34084,177,2191668.0,30106.0,88.33,1.0,0.4,1193337000.0
2007-10-25,64.6,65.0,63.5,64.3,64.15023382696803,15396,131,987657.0,12802.0,83.15,1.5,-0.3,1193250600.0
2007-10-24,65.4,65.4,64.25,64.65,64.63244388456253,17464,151,1128741.0,15086.0,86.38,1.15,-0.75,1193164200.0
2007-10-23,63.5,64.9,63.3,64.25,64.12133930825549,31688,195,2031877.0,26360.0,83.19,1.6,0.75,1193077800.0
2007-10-22,63.3,65.0,62.0,63.45,63.4390190497044,18268,201,1158904.0,13867.0,75.91,3.0,0.15,1192991400.0
2007-10-19,67.0,67.0,63.0,64.15,63.90874601444888,24777,194,1583467.0,19568.0,78.98,4.0,-2.85,1192732200.0
2007-10-18,64.5,66.2,63.55,63.95,64.8187016879634,25356,273,1643543.0,15725.0,62.02,2.65,-0.55,1192645800.0
2007-10-17,64.0,67.0,62.25,64.6,64.34380322612965,19962,176,1284431.0,12851.0,64.38,4.75,0.6,1192559400.0
2007-10-16,65.0,66.0,64.2,65.55,64.90436844123697,28683,243,1861652.0,24258.0,84.57,1.8,0.55,1192473000.0
2007-10-15,65.4,66.25,64.3,65.35,65.10148235906031,34607,219,2252967.0,26925.0,77.8,1.95,-0.05,1192386600.0
2007-10-12,66.5,66.5,65.0,65.4,65.57686255358402,18429,180,1208516.0,15095.0,81.91,1.5,-1.1,1192127400.0
2007-10-11,64.8,67.45,64.8,66.35,65.63973691960342,30561,272,2006016.0,25607.0,83.79,2.65,1.55,1192041000.0
2007-10-10,66.25,66.3,64.3,65.0,65.16769662074579,33173,297,2161808.0,25967.0,78.28,2.0,-1.25,1191954600.0
2007-10-09,64.25,65.5,63.5,64.85,64.61138157583778,21157,230,1366983.0,16500.0,77.99,2.0,0.6,1191868200.0
2007-10-08,66.0,66.0,62.75,64.7,64.05472125077145,29166,398,1868220.0,19055.0,65.33,3.25,-1.3,1191781800.0
2007-10-05,66.5,66.5,65.0,65.05,65.52384031582888,29383,403,1925287.0,21720.0,73.92,1.5,-1.45,1191522600.0
2007-10-04,66.25,67.8,65.0,66.25,66.26827063486544,28762,377,1906008.0,19551.0,67.98,2.8,0.0,1191436200.0
2007-10-03,68.1,69.0,66.1,67.35,67.44259528968776,56302,529,3797153.0,39525.0,70.2,2.9,-0.75,1191349800.0
2007-10-01,69.5,69.7,66.95,67.9,67.53906113460799,28609,285,1932225.0,22929.0,80.15,2.75,-1.6,1191177000.0
2007-09-28,67.75,69.35,66.5,68.65,67.93289960231633,57332,387,3894729.0,38919.0,67.88,2.85,0.9,1190917800.0
2007-09-27,67.0,69.85,67.0,67.4,68.06448616999798,24765,289,1685617.0,19071.0,77.01,2.85,0.4,1190831400.0
2007-09-26,68.9,69.8,66.9,68.3,68.2584150377818,32026,307,2186044.0,23955.0,74.8,2.9,-0.6,1190745000.0
2007-09-25,67.0,67.85,66.2,67.4,66.99803175436294,22863,247,1531776.0,14426.0,63.1,1.65,0.4,1190658600.0
2007-09-24,69.05,69.05,65.3,66.95,66.95211143695015,68200,696,4566134.0,45189.0,66.26,3.75,-2.1,1190572200.0
2007-09-21,69.7,70.25,68.3,68.6,69.15369581908284,28654,273,1981530.0,21436.0,74.81,1.95,-1.1,1190313000.0
2007-09-20,72.0,72.0,70.05,70.2,70.6619788219722,18132,185,1281243.0,10586.0,58.38,1.95,-1.8,1190226600.0
2007-09-19,73.0,73.0,70.0,70.9,71.56042269957211,46274,433,3311387.0,22183.0,47.94,3.0,-2.1,1190140200.0
2007-09-18,70.5,74.0,69.6,70.95,72.08958832992823,101319,982,7304045.0,39955.0,39.43,4.4,0.45,1190053800.0
2007-09-17,70.5,70.5,68.55,69.95,69.87182174428142,21946,254,1533407.0,18437.0,84.01,1.95,-0.55,1189967400.0
2007-09-14,71.25,71.5,69.0,69.6,69.91179009148973,17379,239,1214997.0,12739.0,73.3,2.5,-1.65,1189708200.0
2007-09-13,71.35,71.9,70.1,70.9,71.0396640888172,42154,394,2994606.0,27897.0,66.18,1.8,-0.45,1189621800.0
2007-09-12,69.95,71.5,69.7,70.55,70.51038049501292,27070,369,1908716.0,17744.0,65.55,1.8,0.6,1189535400.0
2007-09-11,68.95,72.5,68.8,69.8,70.08380681818181,68288,687,4785883.0,49321.0,72.22,3.7,0.85,1189449000.0
2007-09-10,68.0,68.95,67.0,68.4,68.01676971288218,23614,263,1606148.0,14622.0,61.92,1.95,0.4,1189362600.0
2007-09-07,68.1,68.95,68.0,68.1,68.36550291277956,24547,141,1678168.0,21868.0,89.09,0.95,0.0,1189103400.0
2007-09-06,68.0,68.85,67.85,68.35,68.35534049946416,30793,114,2104866.0,27068.0,87.9,1.0,0.35,1189017000.0
2007-09-05,68.3,69.4,67.05,68.7,68.16076014381099,38940,231,2654180.0,32436.0,83.3,2.35,0.4,1188930600.0
2007-09-04,68.8,69.0,68.0,68.3,68.33222008135303,23355,166,1595899.0,20467.0,87.63,1.0,-0.5,1188844200.0
2007-09-03,69.5,69.5,68.0,68.4,68.50391239825515,44474,188,3046643.0,40802.0,91.74,1.5,-1.1,1188757800.0
2007-08-31,65.5,69.35,65.0,68.7,68.02303178637547,31869,234,2167826.0,24731.0,77.6,4.35,3.2,1188498600.0
2007-08-30,67.0,67.4,65.0,67.1,66.96948141349242,13074,116,875559.0,11352.0,86.83,2.4,0.1,1188412200.0
2007-08-29,66.0,67.4,65.2,67.0,66.94387968249548,7181,84,480724.0,6153.0,85.68,2.2,1.0,1188325800.0
2007-08-28,66.8,67.5,66.0,67.0,67.0768293254582,21333,160,1430950.0,17256.0,80.89,1.5,0.2,1188239400.0
2007-08-27,66.4,67.0,65.55,66.8,66.5892124291577,20468,150,1362948.0,16432.0,80.28,1.45,0.4,1188153000.0
2007-08-24,65.65,66.85,65.65,66.65,66.40717839374555,14070,106,934349.0,12596.0,89.52,1.2,1.0,1187893800.0
2007-08-23,67.1,67.5,65.65,66.1,66.66811875204593,39713,300,2647591.0,24460.0,61.59,1.85,-1.0,1187807400.0
2007-08-22,65.0,67.4,64.4,66.7,65.75566873848987,34752,318,2285141.0,24331.0,70.01,3.0,1.7,1187721000.0
2007-08-21,70.0,70.0,65.2,65.9,66.58674940776599,38836,373,2585963.0,31677.0,81.57,4.8,-4.1,1187634600.0
2007-08-20,70.5,72.0,67.1,68.25,68.48880806326113,55263,668,3784897.0,31138.0,56.35,4.9,-2.25,1187548200.0
2007-08-17,65.7,66.5,65.0,65.75,65.84690709707313,64745,560,4263258.0,46890.0,72.42,1.5,0.05,1187289000.0
2007-08-16,62.5,71.0,62.5,65.1,66.9474659722775,87943,1069,5887561.0,52967.0,60.23,8.5,2.6,1187202600.0
2007-08-14,62.5,64.0,61.75,63.45,63.26254336238261,35457,373,2243100.0,22609.0,63.76,2.25,0.95,1187029800.0
2007-08-13,62.5,63.15,61.75,62.2,62.470312257262705,64370,299,4021214.0,58382.0,90.7,1.4,-0.3,1186943400.0
2007-08-10,61.35,62.4,58.9,61.9,61.015019330117354,29229,356,1783408.0,18920.0,64.73,3.5,0.55,1186684200.0
2007-08-09,63.75,63.9,62.1,62.25,63.16566678529666,39338,424,2484811.0,24308.0,61.79,1.8,-1.5,1186597800.0
2007-08-08,63.0,63.0,62.25,62.45,62.57971886040743,26606,212,1664996.0,22082.0,83.0,0.75,-0.55,1186511400.0
2007-08-07,63.5,64.2,62.9,63.0,63.286885124857854,67717,260,4285598.0,63296.0,93.47,1.3,-0.5,1186425000.0
2007-08-06,63.0,64.35,61.5,62.25,62.39667334773668,76834,355,4794186.0,68723.0,89.44,2.85,-0.75,1186338600.0
2007-08-03,64.0,65.0,63.3,63.75,63.81303683670147,39933,225,2548246.0,36572.0,91.58,1.7,-0.25,1186079400.0
2007-08-02,64.95,65.0,63.3,64.1,64.1043570388028,22653,239,1452156.0,18096.0,79.88,1.7,-0.85,1185993000.0
