Date,Open Price,High Price,Low Price,Close Price,WAP,No.of Shares,No. of Trades,Total Turnover (Rs.),Deliverable Quantity,% Deli. Qty to Traded Qty,Spread High-Low,Spread Close-Open,Unix Date
2021-04-23,119.7,122.75,118.25,119.95,120.31882725869362,84861,1235,10210376.0,28316.0,33.37,4.5,0.25,1619116200.0
2021-04-22,116.55,120.2,116.1,119.7,118.68511893882028,38297,687,4545284.0,16254.0,42.44,4.1,3.15,1619029800.0
2021-04-20,121.0,121.0,117.5,118.5,119.30413537985864,36224,510,4321673.0,14864.0,41.03,3.5,-2.5,1618857000.0
2021-04-19,117.1,119.85,117.0,118.25,118.49003310880236,43795,946,5189271.0,20952.0,47.84,2.85,1.15,1618770600.0
2021-04-16,122.0,123.8,121.5,121.95,122.53927479619564,23552,478,2886045.0,11551.0,49.04,2.3,-0.05,1618511400.0
2021-04-15,122.55,123.65,120.85,121.9,121.8835478569186,54151,897,6600116.0,17990.0,33.22,2.8,-0.65,1618425000.0
2021-04-13,121.3,125.0,121.3,124.55,123.61997669689976,43771,616,5410970.0,9761.0,22.3,3.7,3.25,1618252200.0
2021-04-12,126.0,127.7,120.0,121.2,123.14558914839756,104685,1856,12891496.0,42338.0,40.44,7.7,-4.8,1618165800.0
2021-04-09,129.95,131.35,129.3,129.9,130.37520670582197,35074,340,4572780.0,12498.0,35.63,2.05,-0.05,1617906600.0
2021-04-08,130.0,133.55,129.2,129.95,130.97378683576926,88467,1232,11586858.0,28848.0,32.61,4.35,-0.05,1617820200.0
2021-04-07,130.1,132.45,129.2,129.65,130.89645178289126,68316,802,8942322.0,20118.0,29.45,3.25,-0.45,1617733800.0
2021-04-06,130.7,132.6,128.25,129.95,131.04691136471973,142652,1531,18694104.0,26196.0,18.36,4.35,-0.75,1617647400.0
2021-04-05,133.55,133.75,127.45,129.35,129.36273131987195,110291,1137,14267545.0,23878.0,21.65,6.3,-4.2,1617561000.0
2021-04-01,129.7,134.45,128.5,133.5,132.52473427709444,107725,1253,14276227.0,27002.0,25.07,5.95,3.8,1617215400.0
2021-03-31,126.0,132.1,124.2,128.95,129.54314365380046,79977,890,10360472.0,23184.0,28.99,7.9,2.95,1617129000.0
2021-03-30,129.0,129.5,125.6,126.2,127.60813303598468,72642,1080,9269710.0,32635.0,44.93,3.9,-2.8,1617042600.0
2021-03-26,129.75,131.0,127.0,128.25,129.52364439185263,182538,944,23642987.0,127886.0,70.06,4.0,-1.5,1616697000.0
2021-03-25,132.0,132.0,126.25,128.1,128.6773451568482,66083,716,8503385.0,26613.0,40.27,5.75,-3.9,1616610600.0
2021-03-24,135.2,136.75,131.2,131.9,134.49102700192395,60292,789,8108733.0,20259.0,33.6,5.55,-3.3,1616524200.0
2021-03-23,136.3,139.35,134.5,135.4,136.57715040241447,47712,519,6516369.0,19447.0,40.76,4.85,-0.9,1616437800.0
2021-03-22,135.4,140.65,134.0,137.65,137.53430467086898,120727,1060,16604104.0,23304.0,19.3,6.65,2.25,1616351400.0
2021-03-19,131.0,136.0,128.9,135.4,133.3663531205364,135121,1228,18020595.0,23628.0,17.49,7.1,4.4,1616092200.0
2021-03-18,138.9,140.1,130.55,133.6,134.83120316908645,107034,1374,14431523.0,43100.0,40.27,9.55,-5.3,1616005800.0
2021-03-17,144.9,145.45,136.9,137.75,141.10175403759595,151080,2093,21317653.0,53527.0,35.43,8.55,-7.15,1615919400.0
2021-03-16,146.3,149.6,143.9,144.3,146.86929467339957,92085,972,13524459.0,24034.0,26.1,5.7,-2.0,1615833000.0
2021-03-15,152.4,153.65,144.05,146.3,146.32116810839491,162074,1952,23714857.0,64006.0,39.49,9.6,-6.1,1615746600.0
2021-03-12,154.9,161.35,149.4,152.35,155.23979264758492,416489,6032,64655666.0,173493.0,41.66,11.95,-2.55,1615487400.0
2021-03-10,154.55,156.4,150.4,151.35,152.34388060056912,167974,2133,25589811.0,40974.0,24.39,6.0,-3.2,1615314600.0
2021-03-09,170.95,170.95,150.3,153.85,160.11450068980153,942300,11802,150875894.0,194581.0,20.65,20.65,-17.1,1615228200.0
2021-03-08,139.4,153.6,137.15,146.7,146.7300396438276,659119,6325,96712557.0,233565.0,35.44,16.45,7.3,1615141800.0
2021-03-05,144.0,147.6,135.65,138.55,142.4010404983526,485921,6646,69195656.0,153865.0,31.66,11.95,-5.45,1614882600.0
2021-03-04,126.3,152.4,126.0,144.6,142.274712509944,1057167,12366,150408131.0,369600.0,34.96,26.4,18.3,1614796200.0
2021-03-03,129.5,131.8,127.35,128.15,129.92452054131653,123994,2788,16109861.0,56946.0,45.93,4.45,-1.35,1614709800.0
2021-03-02,127.9,133.2,127.1,129.0,129.77490433989573,252195,3259,32728582.0,100723.0,39.94,6.1,1.1,1614623400.0
2021-03-01,125.0,128.0,124.55,125.7,126.38630153999006,177144,2144,22388575.0,90629.0,51.16,3.45,0.7,1614537000.0
2021-02-26,120.0,126.5,119.6,123.0,123.08456677856933,139109,1554,17122171.0,32552.0,23.4,6.9,3.0,1614277800.0
2021-02-25,118.0,124.5,117.5,122.55,121.52070074386886,268058,3339,32574596.0,108550.0,40.49,7.0,4.55,1614191400.0
2021-02-24,114.5,119.3,114.5,117.1,117.33125735243236,130059,1911,15259986.0,72773.0,55.95,4.8,2.6,1614105000.0
2021-02-23,114.25,116.9,114.0,114.5,114.59980032539563,27044,571,3099237.0,14950.0,55.28,2.9,0.25,1614018600.0
2021-02-22,116.2,117.95,113.8,114.2,115.4693359342156,59467,832,6866615.0,27599.0,46.41,4.15,-2.0,1613932200.0
2021-02-19,117.75,121.4,116.0,116.65,118.81961194300156,121477,2000,14433850.0,46294.0,38.11,5.4,-1.1,1613673000.0
2021-02-18,114.35,119.5,113.65,117.75,116.4438372881356,147500,2073,17175466.0,60614.0,41.09,5.85,3.4,1613586600.0
2021-02-17,114.5,115.7,113.45,114.35,114.40230378317334,44275,678,5065162.0,11448.0,25.86,2.25,-0.15,1613500200.0
2021-02-16,113.0,114.5,113.0,113.5,113.77160380251456,16305,172,1855046.0,9328.0,57.21,1.5,0.5,1613413800.0
2021-02-15,115.0,115.0,113.0,113.25,113.894294628928,44870,1057,5110437.0,23713.0,52.85,2.0,-1.75,1613327400.0
2021-02-12,114.3,115.8,114.1,114.3,114.79268571428572,52500,1306,6026616.0,18642.0,35.51,1.7,0.0,1613068200.0
2021-02-11,114.7,116.0,114.35,114.75,115.05281207133058,32076,616,3690434.0,12214.0,38.08,1.65,0.05,1612981800.0
2021-02-10,115.6,117.35,114.3,114.75,115.65052641201834,65633,665,7590491.0,23530.0,35.85,3.05,-0.85,1612895400.0
2021-02-09,115.6,117.0,113.4,114.9,114.97115049564432,83225,1610,9568474.0,38260.0,45.97,3.6,-0.7,1612809000.0
2021-02-08,121.75,123.4,119.15,120.05,121.61668495932874,97489,1928,11856289.0,44866.0,46.02,4.25,-1.7,1612722600.0
2021-02-05,121.9,122.95,119.8,120.5,121.35001372495196,72860,1182,8841562.0,33504.0,45.98,3.15,-1.4,1612463400.0
2021-02-04,122.05,123.8,120.0,120.55,122.05015763348536,59632,1214,7278095.0,31171.0,52.27,3.8,-1.5,1612377000.0
2021-02-03,123.0,123.5,121.05,122.4,122.46319618958564,68444,974,8381871.0,29326.0,42.85,2.45,-0.6,1612290600.0
2021-02-02,122.0,125.4,121.45,122.4,123.26864927157328,58139,1162,7166716.0,27567.0,47.42,3.95,0.4,1612204200.0
2021-02-01,120.95,123.0,120.45,121.95,121.58448647751784,60270,844,7327897.0,23592.0,39.14,2.55,1.0,1612117800.0
2021-01-29,116.0,121.75,116.0,118.8,119.44517398550288,49803,680,5948728.0,18078.0,36.3,5.75,2.8,1611858600.0
2021-01-28,115.1,117.3,114.4,115.85,115.99212716878948,19942,269,2313115.0,10272.0,51.51,2.9,0.75,1611772200.0
2021-01-27,114.95,116.6,114.15,116.25,115.75707921454656,52301,699,6054211.0,13891.0,26.56,2.45,1.3,1611685800.0
2021-01-25,120.8,120.8,114.85,115.1,116.38388691920134,42872,487,4989610.0,15417.0,35.96,5.95,-5.7,1611513000.0
2021-01-22,122.2,122.2,118.0,118.2,119.14119973420216,186608,2018,22232701.0,30643.0,16.42,4.2,-4.0,1611253800.0
2021-01-21,123.0,123.0,119.95,120.55,121.96687049004548,172535,1924,21043554.0,26459.0,15.34,3.05,-2.45,1611167400.0
2021-01-20,121.55,123.0,121.1,121.3,121.68870944061077,34055,807,4144109.0,18340.0,53.85,1.9,-0.25,1611081000.0
2021-01-19,122.6,123.75,121.5,122.45,122.566773640061,62944,1145,7714843.0,24303.0,38.61,2.25,-0.15,1610994600.0
2021-01-18,123.1,123.1,120.05,120.9,121.29829552362196,41127,673,4988635.0,13698.0,33.31,3.05,-2.2,1610908200.0
2021-01-15,124.95,124.95,122.5,123.1,123.3118353533547,72689,1391,8963414.0,23037.0,31.69,2.45,-1.85,1610649000.0
2021-01-14,125.15,125.8,122.5,124.1,124.03304001888,59322,853,7357888.0,20573.0,34.68,3.3,-1.05,1610562600.0
2021-01-13,126.95,126.95,122.75,123.8,124.50671213491096,101756,1330,12669305.0,38706.0,38.04,4.2,-3.15,1610476200.0
2021-01-12,122.05,129.2,122.05,124.8,125.95017090975024,148909,2499,18755114.0,52459.0,35.23,7.15,2.75,1610389800.0
2021-01-11,126.0,126.0,120.5,121.85,122.81715127196536,101182,1802,12426885.0,49343.0,48.77,5.5,-4.15,1610303400.0
2021-01-08,125.55,127.3,123.3,124.85,125.6524542596921,111663,2027,14030730.0,37618.0,33.69,4.0,-0.7,1610044200.0
2021-01-07,128.0,128.0,125.0,125.45,126.39048301346104,79563,1405,10056006.0,45927.0,57.72,3.0,-2.55,1609957800.0
2021-01-06,127.6,129.6,125.0,126.3,127.1235209790958,93474,1713,11882744.0,47406.0,50.72,4.6,-1.3,1609871400.0
2021-01-05,126.1,131.2,126.1,129.0,129.1529015060035,131673,2393,17005950.0,54993.0,41.76,5.1,2.9,1609785000.0
2021-01-04,128.95,131.0,127.25,127.95,128.7882783082135,100651,1834,12962669.0,50195.0,49.87,3.75,-1.0,1609698600.0
2021-01-01,128.5,129.1,126.25,127.05,127.54632243862756,41794,1412,5330671.0,24982.0,59.77,2.85,-1.45,1609439400.0
2020-12-31,127.15,133.2,127.15,128.05,129.613801380138,66660,1502,8640056.0,26332.0,39.5,6.05,0.9,1609353000.0
2020-12-30,131.1,132.7,126.7,128.35,128.30242319303048,220618,3646,28305824.0,92261.0,41.82,6.0,-2.75,1609266600.0
2020-12-29,142.8,146.5,130.1,133.2,138.79522341151005,741994,15780,102985223.0,291595.0,39.3,16.4,-9.6,1609180200.0
2020-12-28,116.1,139.4,115.1,135.25,132.49411687030008,863316,11675,114384291.0,472949.0,54.78,24.3,19.15,1609093800.0
2020-12-24,116.2,117.6,115.0,116.2,116.2397534303411,33743,936,3922278.0,15472.0,45.85,2.6,0.0,1608748200.0
2020-12-23,110.35,115.0,108.95,114.25,113.16825217671717,37212,1606,4211217.0,21571.0,57.97,6.05,3.9,1608661800.0
2020-12-22,110.0,111.9,105.1,110.1,108.153430244234,64733,1740,7001096.0,33418.0,51.62,6.8,0.1,1608575400.0
2020-12-21,119.85,119.85,109.85,111.5,115.2149831614174,47213,1062,5439645.0,27050.0,57.29,10.0,-8.35,1608489000.0
2020-12-18,119.0,123.25,116.1,120.25,119.29536832950984,133386,2419,15912332.0,53435.0,40.06,7.15,1.25,1608229800.0
2020-12-17,118.75,118.75,116.5,117.1,117.64520982433312,24592,555,2893131.0,14706.0,59.8,2.25,-1.65,1608143400.0
2020-12-16,116.2,120.2,115.95,118.75,118.90526838349363,80575,2042,9580792.0,42449.0,52.68,4.25,2.55,1608057000.0
2020-12-15,117.5,117.5,114.0,115.7,115.47908877058312,40385,713,4663623.0,17510.0,43.36,3.5,-1.8,1607970600.0
2020-12-14,116.9,117.75,115.75,117.0,116.87529720025232,41218,757,4817366.0,22856.0,55.45,2.0,0.1,1607884200.0
2020-12-11,115.2,118.5,115.2,116.5,117.01371098683023,44344,1169,5188856.0,14643.0,33.02,3.3,1.3,1607625000.0
2020-12-10,117.3,117.3,114.15,114.5,115.15024659603085,42377,1104,4879722.0,24877.0,58.7,3.15,-2.8,1607538600.0
2020-12-09,117.15,119.5,112.7,116.9,117.14006733199948,83467,1614,9777330.0,34856.0,41.76,6.8,-0.25,1607452200.0
2020-12-08,116.0,119.55,116.0,117.05,117.59548366768196,47605,1167,5598133.0,21645.0,45.47,3.55,1.05,1607365800.0
2020-12-07,117.0,118.1,116.5,117.0,117.05328547397978,75499,1310,8837406.0,38539.0,51.05,1.6,0.0,1607279400.0
2020-12-04,120.4,121.25,116.7,118.5,118.5523592538966,93928,2446,11135386.0,44154.0,47.01,4.55,-1.9,1607020200.0
2020-12-03,122.2,134.0,120.0,121.35,125.67079398186301,649171,9850,81581835.0,245094.0,37.75,14.0,-0.85,1606933800.0
2020-12-02,109.8,117.4,107.3,115.75,112.9740981016446,125319,3305,14157801.0,60665.0,48.41,10.1,5.95,1606847400.0
2020-12-01,108.95,109.3,106.65,107.95,107.79833451174484,38187,814,4116495.0,14262.0,37.35,2.65,-1.0,1606761000.0
2020-11-27,101.85,115.3,101.75,108.95,109.48711324058964,335189,5024,36698876.0,140987.0,42.06,13.55,7.1,1606415400.0
2020-11-26,101.8,102.35,100.65,101.85,101.8350130853611,17959,567,1828855.0,10064.0,56.04,1.7,0.05,1606329000.0
2020-11-25,102.75,102.8,101.4,101.65,102.16635023155952,56357,1028,5757789.0,34838.0,61.82,1.4,-1.1,1606242600.0
2020-11-24,102.0,102.95,102.0,102.5,102.47236104800848,33015,711,3383125.0,21578.0,65.36,0.95,0.5,1606156200.0
2020-11-23,102.2,103.0,101.75,102.4,102.35346038995256,22772,652,2330793.0,10705.0,47.01,1.25,0.2,1606069800.0
2020-11-20,102.2,102.65,101.95,102.2,102.31412816124738,15777,404,1614210.0,6158.0,39.03,0.7,0.0,1605810600.0
2020-11-19,101.5,103.55,100.2,101.45,101.57806619580349,77588,2049,7881239.0,39974.0,51.52,3.35,-0.05,1605724200.0
2020-11-18,100.8,101.0,100.2,100.35,100.5264131838972,28641,1129,2879177.0,19667.0,68.67,0.8,-0.45,1605637800.0
2020-11-17,102.0,102.0,100.6,100.8,101.21311311311312,19980,1114,2022238.0,12919.0,64.66,1.4,-1.2,1605551400.0
2020-11-14,101.85,102.0,101.55,101.85,101.89450694904036,7555,212,769813.0,6582.0,87.12,0.45,0.0,1605292200.0
2020-11-13,101.95,101.95,100.35,100.55,101.16479118789128,25238,1010,2553197.0,12440.0,49.29,1.6,-1.4,1605205800.0
2020-11-12,100.95,101.1,100.3,100.45,100.6685574961437,20097,617,2023136.0,9619.0,47.86,0.8,-0.5,1605119400.0
2020-11-11,101.6,101.6,100.0,100.45,100.55426850867872,28230,789,2838647.0,13902.0,49.25,1.6,-1.15,1605033000.0
2020-11-10,100.85,101.65,100.5,100.75,100.97858722215756,17186,621,1735418.0,10669.0,62.08,1.15,-0.1,1604946600.0
2020-11-09,101.0,101.95,100.45,100.5,101.01589215256466,9124,348,921669.0,6388.0,70.01,1.5,-0.5,1604860200.0
2020-11-06,101.45,103.25,101.0,101.25,102.07508310449487,27676,1186,2825030.0,11926.0,43.09,2.25,-0.2,1604601000.0
2020-11-05,101.05,101.85,100.7,100.95,101.26562229530899,11554,361,1170023.0,4964.0,42.96,1.15,-0.1,1604514600.0
2020-11-04,100.75,100.9,98.85,100.35,100.0393445939112,19774,481,1978178.0,12194.0,61.67,2.05,-0.4,1604428200.0
2020-11-03,101.2,101.65,99.5,100.05,100.94072295247724,15824,539,1597286.0,5900.0,37.29,2.15,-1.15,1604341800.0
2020-11-02,100.55,101.75,100.35,100.85,100.90930712899792,15977,393,1612228.0,9321.0,58.34,1.4,0.3,1604255400.0
2020-10-30,101.3,101.8,100.3,101.35,101.11317655196264,11566,346,1169475.0,4379.0,37.86,1.5,0.05,1603996200.0
2020-10-29,100.0,101.85,99.0,101.0,100.22976767934644,11751,426,1177800.0,5661.0,48.17,2.85,1.0,1603909800.0
2020-10-28,101.1,102.85,100.0,100.25,100.9777814351547,24304,1686,2454164.0,15245.0,62.73,2.85,-0.85,1603823400.0
2020-10-27,102.1,103.3,100.25,102.1,102.0152127274247,35891,1052,3661428.0,11334.0,31.58,3.05,0.0,1603737000.0
2020-10-26,106.65,107.25,101.25,101.9,103.77706470744444,22594,816,2344739.0,12521.0,55.42,6.0,-4.75,1603650600.0
2020-10-23,108.0,108.0,106.2,106.4,106.77295221843004,11720,527,1251379.0,7686.0,65.58,1.8,-1.6,1603391400.0
2020-10-22,103.25,108.85,103.25,106.7,106.03512165040924,35676,1351,3782909.0,12529.0,35.12,5.6,3.45,1603305000.0
2020-10-21,106.6,106.6,102.1,102.95,104.61330163133213,15141,672,1583950.0,7196.0,47.53,4.5,-3.65,1603218600.0
2020-10-20,104.5,107.5,104.5,106.55,106.30873778434754,24354,814,2589043.0,7991.0,32.81,3.0,2.05,1603132200.0
2020-10-19,104.1,106.65,103.45,105.8,104.87717812197484,41320,1348,4333525.0,24914.0,60.3,3.2,1.7,1603045800.0
2020-10-16,101.85,103.5,101.8,103.2,102.6980496578966,56708,1125,5823801.0,34133.0,60.19,1.7,1.35,1602786600.0
2020-10-15,105.0,105.0,101.0,101.4,102.8780725376726,34906,832,3591062.0,14640.0,41.94,4.0,-3.6,1602700200.0
2020-10-14,105.0,105.85,102.9,103.95,104.43814496398451,73163,1812,7641008.0,33835.0,46.25,2.95,-1.05,1602613800.0
2020-10-13,102.05,103.95,101.25,102.8,102.08044364268056,14967,577,1527838.0,7760.0,51.85,2.7,0.75,1602527400.0
2020-10-12,103.2,103.2,101.8,102.15,102.49299835255354,24280,537,2488530.0,10999.0,45.3,1.4,-1.05,1602441000.0
2020-10-09,101.85,103.0,99.85,102.4,102.0912418474644,45078,1226,4602069.0,18419.0,40.86,3.15,0.55,1602181800.0
2020-10-08,101.0,101.6,100.05,100.4,100.67474268145968,29924,663,3012591.0,14351.0,47.96,1.55,-0.6,1602095400.0
2020-10-07,104.0,104.0,100.3,100.7,100.89335848394455,22796,720,2299965.0,9314.0,40.86,3.7,-3.3,1602009000.0
2020-10-06,104.4,104.4,102.1,102.35,102.60420934043424,19528,488,2003655.0,10853.0,55.58,2.3,-2.05,1601922600.0
2020-10-05,104.1,104.65,102.0,102.65,103.1051577366049,39940,896,4118020.0,15242.0,38.16,2.65,-1.45,1601836200.0
2020-10-01,100.6,104.6,100.6,104.0,102.82593648208469,39296,875,4040648.0,17915.0,45.59,4.0,3.4,1601490600.0
2020-09-30,100.85,101.2,98.8,99.35,99.92807174416158,38024,641,3799665.0,12238.0,32.18,2.4,-1.5,1601404200.0
2020-09-29,103.9,103.9,100.6,101.05,101.69977862559465,21231,600,2159188.0,7485.0,35.26,3.3,-2.85,1601317800.0
2020-09-28,99.4,102.7,99.4,100.3,100.73396756261104,17449,817,1757707.0,6271.0,35.94,3.3,0.9,1601231400.0
2020-09-25,97.2,99.55,97.2,98.9,98.6950146627566,21824,464,2153920.0,11415.0,52.3,2.35,1.7,1600972200.0
2020-09-24,100.4,100.4,95.0,97.2,97.58738698195802,48886,1111,4770657.0,22002.0,45.01,5.4,-3.2,1600885800.0
2020-09-23,105.8,105.8,98.45,100.4,100.84808263033672,42793,1214,4315592.0,24223.0,56.6,7.35,-5.4,1600799400.0
2020-09-22,108.95,108.95,101.9,102.15,103.10080918693671,41276,1403,4255589.0,22370.0,54.2,7.05,-6.8,1600713000.0
2020-09-21,111.85,111.9,106.3,106.8,108.8491852610686,31237,795,3400122.0,19588.0,62.71,5.6,-5.05,1600626600.0
2020-09-18,111.15,114.0,108.05,112.5,111.24766013231304,65602,1431,7298069.0,48369.0,73.73,5.95,1.35,1600367400.0
2020-09-17,113.5,113.8,111.35,112.6,112.99020986489612,56179,1248,6347677.0,31845.0,56.68,2.45,-0.9,1600281000.0
2020-09-16,121.0,121.0,118.5,118.95,119.38034241052044,64484,1434,7698122.0,33472.0,51.91,2.5,-2.05,1600194600.0
2020-09-15,121.5,121.5,119.6,120.25,120.245816009224,57242,1265,6883111.0,26309.0,45.96,1.9,-1.25,1600108200.0
2020-09-14,119.3,121.8,119.05,120.45,120.40982558583315,104808,1685,12619913.0,53896.0,51.42,2.75,1.15,1600021800.0
2020-09-11,117.0,118.0,117.0,117.55,117.50461998958876,15368,262,1805811.0,9366.0,60.94,1.0,0.55,1599762600.0
2020-09-10,117.35,117.95,117.05,117.25,117.43005835041792,12682,417,1489248.0,4269.0,33.66,0.9,-0.1,1599676200.0
2020-09-09,117.9,118.0,114.75,116.85,115.79127134724855,18445,546,2135770.0,8473.0,45.94,3.25,-1.05,1599589800.0
2020-09-08,117.0,117.6,114.3,116.1,116.2868874477148,52118,1010,6060640.0,21457.0,41.17,3.3,-0.9,1599503400.0
2020-09-07,117.7,117.7,115.85,116.85,116.56861479947024,29447,693,3432596.0,10223.0,34.72,1.85,-0.85,1599417000.0
2020-09-04,116.0,118.45,113.1,116.9,116.81438207967416,39285,816,4589053.0,12472.0,31.75,5.35,0.9,1599157800.0
2020-09-03,118.9,119.4,114.0,117.25,117.37281624745297,29937,592,3513790.0,17986.0,60.08,5.4,-1.65,1599071400.0
2020-09-02,115.65,118.6,115.6,117.9,117.02716894977168,13140,472,1537737.0,6926.0,52.71,3.0,2.25,1598985000.0
2020-09-01,115.6,116.4,111.55,115.35,114.85595386103051,28956,905,3325769.0,13418.0,46.34,4.85,-0.25,1598898600.0
2020-08-31,120.5,120.55,115.1,115.8,117.4766723795533,73518,1678,8636650.0,38498.0,52.37,5.45,-4.7,1598812200.0
2020-08-28,119.8,120.6,118.75,119.05,119.58946214495523,71153,1049,8509149.0,34082.0,47.9,1.85,-0.75,1598553000.0
2020-08-27,120.5,121.3,118.45,119.2,119.98284881548464,26762,590,3210981.0,16317.0,60.97,2.85,-1.3,1598466600.0
2020-08-26,121.0,121.55,119.65,120.0,120.55104004737582,27018,613,3257048.0,16635.0,61.57,1.9,-1.0,1598380200.0
2020-08-25,122.3,122.85,118.5,120.2,120.58826973499988,39283,914,4737069.0,12901.0,32.84,4.35,-2.1,1598293800.0
2020-08-24,118.0,122.9,117.5,121.1,121.00438497227564,141392,2767,17109052.0,88231.0,62.4,5.4,3.1,1598207400.0
2020-08-21,115.9,118.0,115.85,116.55,117.24717868338556,57420,1103,6732333.0,34592.0,60.24,2.15,0.65,1597948200.0
2020-08-20,113.95,115.7,112.0,115.2,114.92746811374369,46807,915,5379410.0,23888.0,51.04,3.7,1.25,1597861800.0
2020-08-19,119.45,119.5,117.45,117.75,118.5822627037392,52150,944,6184065.0,29236.0,56.06,2.05,-1.7,1597775400.0
2020-08-18,114.95,121.0,114.55,118.8,118.66834723030183,123768,2336,14687344.0,47228.0,38.16,6.45,3.85,1597689000.0
2020-08-17,115.0,115.0,111.55,113.95,113.67991160773848,23984,514,2726499.0,10923.0,45.54,3.45,-1.05,1597602600.0
2020-08-14,116.45,116.45,112.9,113.85,114.19198312236286,28440,603,3247620.0,15230.0,53.55,3.55,-2.6,1597343400.0
2020-08-13,115.05,116.5,115.0,115.35,115.84321403398856,25538,460,2958404.0,6968.0,27.28,1.5,0.3,1597257000.0
2020-08-12,115.0,115.35,113.35,114.9,114.89731228154754,33188,739,3813212.0,12923.0,38.94,2.0,-0.1,1597170600.0
2020-08-11,116.35,116.9,115.0,115.45,115.90324233671852,21466,485,2487979.0,9672.0,45.06,1.9,-0.9,1597084200.0
2020-08-10,117.45,117.45,115.15,115.9,116.351366835816,12218,259,1421581.0,5922.0,48.47,2.3,-1.55,1596997800.0
2020-08-07,114.8,117.85,114.75,116.3,116.61129657155388,41039,931,4785611.0,19951.0,48.61,3.1,1.5,1596738600.0
2020-08-06,116.75,116.8,113.65,114.7,115.39838141831648,21871,840,2523878.0,9283.0,42.44,3.15,-2.05,1596652200.0
2020-08-05,111.8,119.75,111.2,116.05,116.5698076273462,115453,2010,13458334.0,46589.0,40.35,8.55,4.25,1596565800.0
2020-08-04,110.75,111.2,110.2,111.0,110.7896169421762,15063,406,1668824.0,8144.0,54.07,1.0,0.25,1596479400.0
2020-08-03,110.25,110.6,108.0,109.7,109.68490021639816,8318,315,912359.0,5047.0,60.68,2.6,-0.55,1596393000.0
2020-07-31,111.65,112.25,110.0,110.25,110.85365072098878,21845,740,2421598.0,12228.0,55.98,2.25,-1.4,1596133800.0
2020-07-30,113.0,115.05,111.0,111.4,112.55812310797174,29730,924,3346353.0,14433.0,48.55,4.05,-1.6,1596047400.0
2020-07-29,115.0,115.8,111.1,112.7,113.13807320997586,39776,981,4500180.0,16090.0,40.45,4.7,-2.3,1595961000.0
2020-07-28,111.9,113.8,111.0,111.2,112.05718057675647,24239,515,2716154.0,13830.0,57.06,2.8,-0.7,1595874600.0
2020-07-27,114.9,114.9,110.65,111.25,112.06133104223117,45393,1057,5086800.0,23556.0,51.89,4.25,-3.65,1595788200.0
2020-07-24,116.05,118.0,113.9,115.3,115.59502791120342,30812,787,3561714.0,11284.0,36.62,4.1,-0.75,1595529000.0
2020-07-23,121.55,124.9,117.2,119.55,121.7213636555975,212693,3668,25889282.0,66071.0,31.06,7.7,-2.0,1595442600.0
2020-07-22,106.8,124.8,105.0,121.1,119.02258329905388,267410,6360,31827829.0,109677.0,41.01,19.8,14.3,1595356200.0
2020-07-21,106.4,107.6,106.0,106.15,106.41252544605436,8351,311,888651.0,4516.0,54.08,1.6,-0.25,1595269800.0
2020-07-20,108.95,108.95,106.05,106.4,106.83963527937428,23141,582,2472376.0,15470.0,66.85,2.9,-2.55,1595183400.0
2020-07-17,107.4,110.0,106.85,107.05,108.10496957403652,35496,567,3837294.0,27901.0,78.6,3.15,-0.35,1594924200.0
2020-07-16,108.0,108.0,106.5,107.15,106.94181849432795,11636,528,1244375.0,7865.0,67.59,1.5,-0.85,1594837800.0
2020-07-15,108.0,109.4,106.6,107.0,108.25238152178244,25089,1005,2715944.0,8050.0,32.09,2.8,-1.0,1594751400.0
2020-07-14,109.0,109.7,106.5,107.2,107.68356398104264,26375,1128,2840154.0,14078.0,53.38,3.2,-1.8,1594665000.0
2020-07-13,111.8,111.8,108.85,109.4,110.1733797842894,20954,627,2308573.0,12633.0,60.29,2.95,-2.4,1594578600.0
2020-07-10,111.8,113.1,110.5,112.4,111.8325939425913,41701,667,4663531.0,34134.0,81.85,2.6,0.6,1594319400.0
2020-07-09,113.0,113.65,111.9,112.2,112.67523845539728,23799,929,2681558.0,14571.0,61.23,1.75,-0.8,1594233000.0
2020-07-08,114.0,116.15,112.45,113.0,114.37044597018618,32334,977,3698054.0,15869.0,49.08,3.7,-1.0,1594146600.0
2020-07-07,114.4,115.0,113.1,113.7,114.04497560575622,24391,851,2781671.0,10870.0,44.57,1.9,-0.7,1594060200.0
2020-07-06,114.0,114.65,113.2,114.4,114.07504006536152,31823,735,3630210.0,16465.0,51.74,1.45,0.4,1593973800.0
2020-07-03,111.6,117.85,111.6,113.8,115.24418250487328,65664,1853,7567394.0,35441.0,53.97,6.25,2.2,1593714600.0
2020-07-02,112.05,112.4,111.2,111.8,111.69793278019968,14222,686,1588568.0,8607.0,60.52,1.2,-0.25,1593628200.0
2020-07-01,112.75,114.0,111.55,112.45,112.64334409759599,27870,1133,3139370.0,8605.0,30.88,2.45,-0.3,1593541800.0
2020-06-30,111.05,112.75,109.5,109.65,110.5154967481498,22295,757,2463943.0,13213.0,59.26,3.25,-1.4,1593455400.0
2020-06-29,113.2,113.2,110.4,111.0,111.61100402279584,23864,821,2663485.0,10545.0,44.19,2.8,-2.2,1593369000.0
2020-06-26,114.05,115.55,111.0,113.5,113.36986734049272,18996,617,2153574.0,13365.0,70.36,4.55,-0.55,1593109800.0
2020-06-25,115.45,115.95,111.6,113.7,113.8324395784456,53706,1350,6113485.0,33178.0,61.78,4.35,-1.75,1593023400.0
2020-06-24,121.0,121.0,114.0,115.45,118.10053246443614,37749,1596,4458177.0,16908.0,44.79,7.0,-5.55,1592937000.0
2020-06-23,116.5,121.55,116.05,118.2,118.65183427683428,144144,3508,17102950.0,52796.0,36.63,5.5,1.7,1592850600.0
2020-06-22,105.75,114.45,105.75,112.65,110.54298104229028,78174,3055,8641587.0,34045.0,43.55,8.7,6.9,1592764200.0
2020-06-19,105.0,107.55,105.0,105.75,106.23764974812681,23623,1049,2509652.0,11846.0,50.15,2.55,0.75,1592505000.0
2020-06-18,104.65,107.3,104.6,106.05,106.15088836949552,48347,2273,5132077.0,19153.0,39.62,2.7,1.4,1592418600.0
2020-06-17,102.0,104.05,101.0,102.9,103.15800196712097,14234,663,1468351.0,5539.0,38.91,3.05,0.9,1592332200.0
2020-06-16,105.85,106.1,103.0,103.15,104.57690242920413,14902,885,1558405.0,6376.0,42.79,3.1,-2.7,1592245800.0
2020-06-15,104.0,108.0,103.3,104.1,104.89592384359825,15652,936,1641831.0,4464.0,28.52,4.7,0.1,1592159400.0
2020-06-12,102.5,104.1,100.6,103.4,102.7210036747818,17416,561,1788989.0,7599.0,43.63,3.5,0.9,1591900200.0
2020-06-11,106.15,108.65,103.05,104.75,106.30088701063484,21533,667,2288977.0,9037.0,41.97,5.6,-1.4,1591813800.0
2020-06-10,106.9,107.5,105.6,106.25,106.2502509458729,12951,502,1376047.0,6947.0,53.64,1.9,-0.65,1591727400.0
2020-06-09,112.0,112.0,106.45,107.4,108.70893408856848,38840,1087,4222255.0,18223.0,46.92,5.55,-4.6,1591641000.0
2020-06-08,111.0,111.65,105.6,106.35,108.5189975990396,33320,1310,3615853.0,17845.0,53.56,6.05,-4.65,1591554600.0
2020-06-05,102.45,114.0,102.45,110.5,110.61134232905944,160743,6453,17779999.0,44250.0,27.53,11.55,8.05,1591295400.0
2020-06-04,102.8,103.9,100.55,102.0,102.57750238322213,10490,539,1076038.0,3945.0,37.61,3.35,-0.8,1591209000.0
2020-06-03,103.8,105.3,102.0,102.75,103.78258658393936,19663,1759,2040677.0,8171.0,41.56,3.3,-1.05,1591122600.0
2020-06-02,102.5,109.95,102.0,103.65,105.35555523812243,70006,2197,7375521.0,15506.0,22.15,7.95,1.15,1591036200.0
2020-06-01,102.0,102.95,101.4,102.15,102.39643011371815,20841,669,2134044.0,9786.0,46.96,1.55,0.15,1590949800.0
2020-05-29,104.5,104.5,99.15,101.2,101.58785209312654,27017,909,2744599.0,8353.0,30.92,5.35,-3.3,1590690600.0
2020-05-28,93.8,105.75,93.8,103.8,101.67308945040628,58334,2720,5930998.0,18725.0,32.1,11.95,10.0,1590604200.0
2020-05-27,96.85,96.85,94.6,95.2,95.17959960291196,12088,335,1150531.0,6306.0,52.17,2.25,-1.65,1590517800.0
2020-05-26,97.5,97.5,95.7,96.0,95.9965102753005,5158,349,495150.0,2613.0,50.66,1.8,-1.5,1590431400.0
2020-05-22,95.95,96.7,95.05,96.25,96.05446128710176,11017,589,1058232.0,6183.0,56.12,1.65,0.3,1590085800.0
2020-05-21,96.2,97.05,95.0,95.8,96.03728183118739,34950,1154,3356503.0,27247.0,77.96,2.05,-0.4,1589999400.0
2020-05-20,96.0,97.8,95.5,96.0,96.28461577376436,19767,774,1903258.0,10523.0,53.24,2.3,0.0,1589913000.0
2020-05-19,98.2,98.2,95.0,95.3,96.59961165048544,7725,411,746232.0,3218.0,41.66,3.2,-2.9,1589826600.0
2020-05-18,102.6,104.45,96.3,97.1,98.74529386121347,25233,1181,2491640.0,10324.0,40.91,8.15,-5.5,1589740200.0
2020-05-15,99.4,102.25,97.35,100.35,99.48704487722269,11810,453,1174942.0,3984.0,33.73,4.9,0.95,1589481000.0
2020-05-14,99.15,100.8,98.0,99.0,99.14560023099688,13853,692,1373464.0,6348.0,45.82,2.8,-0.15,1589394600.0
2020-05-13,94.9,103.4,94.15,101.6,100.013472775849,69993,2270,7000243.0,13392.0,19.13,9.25,6.7,1589308200.0
2020-05-12,95.8,95.8,91.75,92.7,92.43620484319175,12595,669,1164234.0,6150.0,48.83,4.05,-3.1,1589221800.0
2020-05-11,95.0,95.45,93.4,93.7,94.35746821028657,10538,429,994339.0,3371.0,31.99,2.05,-1.3,1589135400.0
2020-05-08,96.4,96.4,94.1,94.5,95.19769769769768,5994,299,570615.0,2921.0,48.73,2.3,-1.9,1588876200.0
2020-05-07,95.0,96.65,94.25,95.05,95.39566741000318,9417,472,898341.0,3892.0,41.33,2.4,0.05,1588789800.0
2020-05-06,96.7,96.75,95.1,96.2,96.08194453179043,15901,568,1527799.0,6045.0,38.02,1.65,-0.5,1588703400.0
2020-05-05,100.5,100.6,96.3,96.7,98.45782737118476,9141,328,900003.0,4537.0,49.63,4.3,-3.8,1588617000.0
2020-05-04,100.45,100.45,97.8,98.1,98.55777266538335,21299,1007,2099182.0,11698.0,54.92,2.65,-2.35,1588530600.0
2020-04-30,102.0,103.0,99.75,100.75,101.54373161132553,26171,791,2657501.0,12216.0,46.68,3.25,-1.25,1588185000.0
2020-04-29,101.75,102.0,99.7,100.55,100.83159303882196,11205,556,1129818.0,5399.0,48.18,2.3,-1.2,1588098600.0
2020-04-28,102.4,102.4,100.2,100.95,100.9257930725255,8921,255,900359.0,4031.0,45.19,2.2,-1.45,1588012200.0
2020-04-27,101.35,103.3,101.35,101.65,102.202093231426,14523,558,1484281.0,6009.0,41.38,1.95,0.3,1587925800.0
2020-04-24,104.6,104.8,100.75,101.4,103.187014365311,26383,889,2722383.0,9962.0,37.76,4.05,-3.2,1587666600.0
2020-04-23,102.0,105.35,100.05,101.9,102.91310037490273,28274,1463,2909765.0,9758.0,34.51,5.3,-0.1,1587580200.0
2020-04-22,102.4,102.4,98.7,99.55,99.79005039259346,17066,706,1703017.0,9552.0,55.97,3.7,-2.85,1587493800.0
2020-04-21,104.8,105.0,98.2,100.3,100.85147053257124,26419,921,2664395.0,10517.0,39.81,6.8,-4.5,1587407400.0
2020-04-20,112.9,112.9,104.25,104.8,106.0514740959832,20962,1672,2223051.0,10514.0,50.16,8.65,-8.1,1587321000.0
2020-04-17,100.05,114.9,100.05,108.95,109.93279950451247,135624,3218,14909526.0,38597.0,28.46,14.85,8.9,1587061800.0
2020-04-16,102.5,107.25,93.4,99.6,99.99350053155504,41388,1353,4138531.0,11270.0,27.23,13.85,-2.9,1586975400.0
2020-04-15,91.75,106.0,91.45,99.9,102.04631147958403,98183,3883,10019213.0,35684.0,36.34,14.55,8.15,1586889000.0
2020-04-13,89.9,94.95,87.8,91.15,92.02333228938302,57474,2005,5288949.0,17821.0,31.01,7.15,1.25,1586716200.0
2020-04-09,86.8,87.35,85.4,85.65,86.10553958973343,10091,896,868891.0,7223.0,71.58,1.95,-1.15,1586370600.0
2020-04-08,84.95,87.85,84.3,85.8,86.2307056608971,21781,1097,1878191.0,7351.0,33.75,3.55,0.85,1586284200.0
2020-04-07,83.15,86.65,83.0,85.6,85.71154512085324,14439,917,1237589.0,8646.0,59.88,3.65,2.45,1586197800.0
2020-04-03,86.9,86.9,83.3,85.35,85.46739844879716,15214,926,1300301.0,7072.0,46.48,3.6,-1.55,1585852200.0
2020-04-01,78.75,89.5,78.45,84.45,84.90192900624555,50596,2633,4295698.0,13304.0,26.29,11.05,5.7,1585679400.0
2020-03-31,78.35,80.1,77.75,79.45,79.1293043140303,25730,635,2035997.0,14211.0,55.23,2.35,1.1,1585593000.0
2020-03-30,77.0,78.9,74.6,74.95,75.74494570933999,120739,5088,9145369.0,110106.0,91.19,4.3,-2.05,1585506600.0
2020-03-27,77.5,80.45,76.0,76.7,77.88354103996562,18616,329,1449880.0,9492.0,50.99,4.45,-0.8,1585247400.0
2020-03-26,73.2,77.5,73.1,75.55,75.93879344006247,10244,523,777917.0,7190.0,70.19,4.4,2.35,1585161000.0
2020-03-25,71.0,74.0,69.85,72.35,71.61112764058316,10083,353,722055.0,5108.0,50.66,4.15,1.35,1585074600.0
2020-03-24,75.0,75.5,70.0,71.0,72.25994452712759,29564,623,2136293.0,16677.0,56.41,5.5,-4.0,1584988200.0
2020-03-23,76.45,78.45,72.0,73.15,75.25237881042177,28901,1144,2174869.0,18945.0,65.55,6.45,-3.3,1584901800.0
2020-03-20,79.9,84.85,78.0,79.65,80.01987904915873,50103,1187,4009236.0,30606.0,61.09,6.85,-0.25,1584642600.0
2020-03-19,76.55,79.9,75.1,78.75,77.10426622142897,17369,691,1339224.0,10450.0,60.16,4.8,2.2,1584556200.0
2020-03-18,81.85,81.85,78.2,79.75,79.33461338193177,15364,468,1218897.0,7405.0,48.2,3.65,-2.1,1584469800.0
2020-03-17,82.35,85.45,78.95,79.5,81.58517378530169,50033,1102,4081951.0,34293.0,68.54,6.5,-2.85,1584383400.0
2020-03-16,83.0,85.65,80.0,82.6,83.26687998516044,21564,962,1795567.0,10563.0,48.98,5.65,-0.4,1584297000.0
2020-03-13,81.0,89.55,71.9,85.65,83.34656704211739,26901,1144,2242106.0,16051.0,59.67,17.65,4.65,1584037800.0
2020-03-12,88.95,88.95,81.0,85.4,84.38764773160503,26230,834,2213488.0,13030.0,49.68,7.95,-3.55,1583951400.0
2020-03-11,94.0,94.0,89.15,90.35,91.21919003840335,17186,524,1567693.0,10963.0,63.79,4.85,-3.65,1583865000.0
2020-03-09,99.1,101.55,89.0,90.8,94.17617012404878,67151,1971,6324024.0,25642.0,38.19,12.55,-8.3,1583692200.0
2020-03-06,99.0,99.6,97.05,99.05,98.51683392683715,12356,388,1217274.0,9311.0,75.36,2.55,0.05,1583433000.0
2020-03-05,99.5,101.8,99.0,100.85,100.42457507082152,8472,231,850797.0,5036.0,59.44,2.8,1.35,1583346600.0
2020-03-04,101.55,102.3,99.2,100.2,100.5001744713518,14329,407,1440067.0,6565.0,45.82,3.1,-1.35,1583260200.0
2020-03-03,103.8,103.8,100.0,101.45,101.28639833119992,21093,330,2136434.0,14866.0,70.48,3.8,-2.35,1583173800.0
2020-03-02,103.0,105.25,101.05,101.95,103.59319686008928,12994,291,1346090.0,6191.0,47.64,4.2,-1.05,1583087400.0
2020-02-28,103.7,103.9,100.9,102.2,102.20962769741521,21085,400,2155090.0,14331.0,67.97,3.0,-1.5,1582828200.0
2020-02-27,107.0,107.0,102.65,104.0,104.25323674475956,12976,291,1352790.0,8281.0,63.82,4.35,-3.0,1582741800.0
2020-02-26,108.0,108.0,105.65,106.0,106.9850741051454,28608,666,3060629.0,16435.0,57.45,2.35,-2.0,1582655400.0
2020-02-25,108.35,113.0,108.0,108.7,108.73770309370131,8986,266,977117.0,4107.0,45.7,5.0,0.35,1582569000.0
2020-02-24,109.0,109.5,108.0,108.3,108.64433999216608,7659,276,832107.0,3686.0,48.13,1.5,-0.7,1582482600.0
2020-02-20,109.75,111.05,109.05,109.65,110.18749246897217,8299,369,914446.0,4890.0,58.92,2.0,-0.1,1582137000.0
2020-02-19,109.7,109.85,107.25,108.8,108.60395620669593,18907,816,2053375.0,9984.0,52.81,2.6,-0.9,1582050600.0
2020-02-18,109.75,111.9,108.6,109.7,109.66091788828209,10437,374,1144531.0,3994.0,38.27,3.3,-0.05,1581964200.0
2020-02-17,113.0,113.0,110.5,110.8,111.30244547257104,7565,279,842003.0,3949.0,52.2,2.5,-2.2,1581877800.0
2020-02-14,113.9,114.85,112.0,112.5,113.31305695466872,7743,240,877383.0,3785.0,48.88,2.85,-1.4,1581618600.0
2020-02-13,115.0,115.05,113.6,113.95,114.53189300411522,4860,241,556625.0,3199.0,65.82,1.45,-1.05,1581532200.0
2020-02-12,115.5,115.5,114.0,115.0,114.74466353111433,11056,816,1268617.0,6511.0,58.89,1.5,-0.5,1581445800.0
2020-02-11,115.6,116.3,114.1,114.3,115.45603469043604,12453,286,1437774.0,3959.0,31.79,2.2,-1.3,1581359400.0
2020-02-10,116.85,117.3,114.45,115.05,116.23461447771751,4241,281,492951.0,2231.0,52.61,2.85,-1.8,1581273000.0
2020-02-07,118.5,118.5,117.25,117.65,117.94846144105357,7897,546,931439.0,4658.0,58.98,1.25,-0.85,1581013800.0
2020-02-06,120.0,120.1,118.0,118.4,119.10789259560617,12290,568,1463836.0,5739.0,46.7,2.1,-1.6,1580927400.0
2020-02-05,121.8,123.15,118.7,119.15,120.25554595217515,10413,478,1252221.0,4006.0,38.47,4.45,-2.65,1580841000.0
2020-02-04,116.9,121.0,114.15,117.35,117.31774051191526,13596,564,1595052.0,4613.0,33.93,6.85,0.45,1580754600.0
2020-02-03,117.4,118.25,112.0,114.95,116.2638997650744,12770,419,1484690.0,5706.0,44.68,6.25,-2.45,1580668200.0
2020-02-01,119.8,120.5,117.0,117.55,118.48323615160348,10976,492,1300472.0,6813.0,62.07,3.5,-2.25,1580495400.0
2020-01-31,121.1,122.4,120.0,120.3,120.7666923076923,13000,540,1569967.0,6125.0,47.12,2.4,-0.8,1580409000.0
2020-01-30,121.35,122.25,120.5,121.1,121.51109435588108,9284,454,1128109.0,4322.0,46.55,1.75,-0.25,1580322600.0
2020-01-29,123.75,124.3,120.5,121.8,122.69057884597744,10901,697,1337450.0,5459.0,50.08,3.8,-1.95,1580236200.0
2020-01-28,124.75,124.95,123.0,123.35,123.84202193825624,8843,457,1095135.0,3796.0,42.93,1.95,-1.4,1580149800.0
2020-01-27,124.1,124.3,123.1,123.5,123.80480769230768,9360,757,1158813.0,4983.0,53.24,1.2,-0.6,1580063400.0
2020-01-24,129.75,129.75,123.3,123.75,124.44185205281244,5529,244,688039.0,2920.0,52.81,6.45,-6.0,1579804200.0
2020-01-23,123.7,124.85,123.55,123.9,124.07842166088822,6057,328,751543.0,2586.0,42.69,1.3,0.2,1579717800.0
2020-01-22,125.2,127.15,123.6,124.2,124.85742898761836,10984,588,1371434.0,8009.0,72.92,3.55,-1.0,1579631400.0
2020-01-21,124.9,125.55,124.1,124.5,124.7724943964137,6246,124,779329.0,4042.0,64.71,1.45,-0.4,1579545000.0
2020-01-20,125.7,127.35,125.0,125.45,126.07063890882986,6965,241,878082.0,2364.0,33.94,2.35,-0.25,1579458600.0
2020-01-17,125.9,127.35,125.0,125.85,126.4524145415084,9215,339,1165259.0,4723.0,51.25,2.35,-0.05,1579199400.0
2020-01-16,128.0,128.7,125.3,126.45,127.29618532983788,18691,735,2379293.0,8764.0,46.89,3.4,-1.55,1579113000.0
2020-01-15,126.5,127.0,124.1,125.85,125.66885226877103,17234,460,2165777.0,5212.0,30.24,2.9,-0.65,1579026600.0
2020-01-14,121.2,136.0,121.0,128.05,127.2291831709667,46705,2015,5942239.0,13774.0,29.49,15.0,6.85,1578940200.0
2020-01-13,121.75,122.25,121.25,121.75,121.62985973830368,10623,383,1292074.0,5644.0,53.13,1.0,0.0,1578853800.0
2020-01-10,123.0,124.45,122.2,123.0,123.0004703036818,14884,623,1830739.0,8066.0,54.19,2.25,0.0,1578594600.0
2020-01-09,126.8,126.8,122.4,122.8,122.91862886432804,12486,650,1534762.0,5625.0,45.05,4.4,-4.0,1578508200.0
2020-01-08,122.0,123.2,121.0,121.8,121.85703422053231,5260,227,640968.0,2010.0,38.21,2.2,-0.2,1578421800.0
2020-01-07,123.15,124.15,122.75,123.05,123.45871417505808,6455,206,796926.0,3215.0,49.81,1.4,-0.1,1578335400.0
2020-01-06,125.0,125.0,121.15,121.65,122.29956991134908,11393,872,1393359.0,5511.0,48.37,3.85,-3.35,1578249000.0
2020-01-03,125.95,126.95,124.05,124.6,125.50376012340917,10372,478,1301725.0,4888.0,47.13,2.9,-1.35,1577989800.0
2020-01-02,123.85,128.9,123.75,124.95,126.05145676691728,25536,595,3218850.0,6265.0,24.53,5.15,1.1,1577903400.0
2020-01-01,124.6,125.3,123.55,123.75,124.55618822518264,9308,161,1159369.0,5047.0,54.22,1.75,-0.85,1577817000.0
2019-12-31,124.8,125.6,124.55,124.75,125.02978638050347,9971,221,1246672.0,4881.0,48.95,1.05,-0.05,1577730600.0
2019-12-30,128.0,128.3,124.5,125.35,125.48764600179695,13356,306,1676013.0,6183.0,46.29,3.8,-2.65,1577644200.0
2019-12-27,128.25,128.45,127.5,128.0,127.96790595509275,24584,171,3145963.0,20501.0,83.39,0.95,-0.25,1577385000.0
2019-12-26,128.25,131.7,127.3,128.2,128.38106017732505,26505,583,3402740.0,10164.0,38.35,4.4,-0.05,1577298600.0
2019-12-24,195.95,195.95,189.7,192.85,192.6543647745289,61183,2726,11787172.0,36298.0,59.33,6.25,-3.1,1577125800.0
2019-12-23,194.8,194.8,189.5,190.9,190.47431727059532,26438,700,5035760.0,16377.0,61.94,5.3,-3.9,1577039400.0
2019-12-20,190.25,191.25,188.35,189.4,189.3184997377164,11438,538,2165425.0,7080.0,61.9,2.9,-0.85,1576780200.0
2019-12-19,193.0,194.55,188.05,188.95,190.6118377483444,12080,410,2302591.0,7675.0,63.53,6.5,-4.05,1576693800.0
2019-12-18,189.0,195.9,188.6,192.8,192.84138991389915,16260,582,3135601.0,5713.0,35.14,7.3,3.8,1576607400.0
2019-12-17,189.7,190.4,187.1,187.9,188.424902855212,5919,193,1115287.0,3060.0,51.7,3.3,-1.8,1576521000.0
2019-12-16,191.1,191.5,188.45,188.65,189.67356732850288,10627,345,2015661.0,7999.0,75.27,3.05,-2.45,1576434600.0
2019-12-13,190.35,191.45,190.0,190.45,190.41518125375524,4993,108,950743.0,3212.0,64.33,1.45,0.1,1576175400.0
2019-12-12,192.9,192.9,188.3,189.65,189.49821198684023,6991,189,1324782.0,3289.0,47.05,4.6,-3.25,1576089000.0
2019-12-11,192.0,192.0,186.25,188.45,188.4731852654388,11076,317,2087529.0,5785.0,52.23,5.75,-3.55,1576002600.0
2019-12-10,192.15,193.9,190.2,190.85,192.00705401893447,10774,390,2068684.0,6999.0,64.96,3.7,-1.3,1575916200.0
2019-12-09,190.25,194.5,189.75,192.8,191.85125896281477,29985,550,5752660.0,13777.0,45.95,4.75,2.55,1575829800.0
2019-12-06,199.75,199.75,189.7,190.1,190.55740788790865,15416,517,2937633.0,11780.0,76.41,10.05,-9.65,1575570600.0
2019-12-05,192.95,193.55,191.5,192.1,192.41738973246564,5532,307,1064453.0,4039.0,73.01,2.05,-0.85,1575484200.0
2019-12-04,192.8,193.8,190.65,191.7,192.19726749760304,8344,473,1603694.0,3256.0,39.02,3.15,-1.1,1575397800.0
2019-12-03,196.35,197.0,192.1,192.45,194.0377628087365,9798,369,1901182.0,4888.0,49.89,4.9,-3.9,1575311400.0
2019-12-02,194.35,195.6,193.8,194.3,194.47613620173811,7019,218,1365028.0,3614.0,51.49,1.8,-0.05,1575225000.0
2019-11-29,195.0,196.05,194.0,194.55,194.7175565356104,10657,258,2075105.0,7249.0,68.02,2.05,-0.45,1574965800.0
2019-11-28,195.5,196.2,194.3,194.95,195.4892199462032,24165,622,4723997.0,18986.0,78.57,1.9,-0.55,1574879400.0
2019-11-27,198.55,198.55,195.0,195.5,196.25708341589063,10094,372,1981019.0,4437.0,43.96,3.55,-3.05,1574793000.0
2019-11-26,196.75,198.6,196.25,197.0,197.0709241323648,9912,357,1953367.0,3896.0,39.31,2.35,0.25,1574706600.0
2019-11-25,196.4,196.6,194.0,195.85,195.3041006523765,10730,390,2095613.0,6924.0,64.53,2.6,-0.55,1574620200.0
2019-11-22,196.0,196.1,194.3,195.0,194.8914889601812,5299,262,1032730.0,2761.0,52.1,1.8,-1.0,1574361000.0
2019-11-21,198.0,198.0,194.0,194.3,195.10317393144308,11815,319,2305144.0,5815.0,49.22,4.0,-3.7,1574274600.0
2019-11-20,197.9,198.8,191.95,197.3,196.16325963974597,28813,749,5652052.0,9808.0,34.04,6.85,-0.6,1574188200.0
2019-11-19,190.2,191.7,189.2,190.85,190.3422486379396,14133,557,2690107.0,7683.0,54.36,2.5,0.65,1574101800.0
2019-11-18,191.95,191.95,188.25,188.7,189.39057295136573,12008,354,2274202.0,6296.0,52.43,3.7,-3.25,1574015400.0
2019-11-15,190.0,192.5,188.1,190.05,190.07609388583015,17255,545,3279763.0,9831.0,56.97,4.4,0.05,1573756200.0
2019-11-14,197.0,197.4,189.0,189.75,192.1288614513689,40982,793,7873825.0,22372.0,54.59,8.4,-7.25,1573669800.0
2019-11-13,207.7,208.0,195.0,196.15,201.6511964812455,57293,1354,11553202.0,23060.0,40.25,13.0,-11.55,1573583400.0
2019-11-11,206.8,208.35,200.1,201.5,203.56369861250548,38847,1270,7907839.0,14043.0,36.15,8.25,-5.3,1573410600.0
2019-11-08,198.15,203.0,197.6,198.6,199.17461421430124,23005,490,4582012.0,16558.0,71.98,5.4,0.45,1573151400.0
2019-11-07,199.0,200.0,197.1,198.55,198.27760778859528,7190,219,1425616.0,4361.0,60.65,2.9,-0.45,1573065000.0
2019-11-06,199.5,201.9,196.3,197.4,198.512521786992,10901,303,2163985.0,4856.0,44.55,5.6,-2.1,1572978600.0
2019-11-05,204.3,204.35,198.0,198.8,200.48086915446385,14819,486,2970926.0,6541.0,44.14,6.35,-5.5,1572892200.0
2019-11-04,199.0,210.2,198.3,202.7,204.84350107169132,31259,766,6403203.0,13341.0,42.68,11.9,3.7,1572805800.0
2019-11-01,198.0,200.25,195.7,197.35,197.38216391704765,15093,392,2979089.0,7134.0,47.27,4.55,-0.65,1572546600.0
2019-10-31,203.0,204.7,197.15,197.65,200.2767026727148,30643,966,6137079.0,14201.0,46.34,7.55,-5.35,1572460200.0
2019-10-30,194.6,212.0,194.6,199.95,204.23725571295623,135394,2974,27652499.0,35522.0,26.24,17.4,5.35,1572373800.0
2019-10-29,184.6,193.6,183.9,192.1,189.4060189113832,32996,1071,6249641.0,15327.0,46.45,9.7,7.5,1572287400.0
2019-10-27,183.5,184.75,182.75,184.4,184.21479093920675,11169,319,2057495.0,8423.0,75.41,2.0,0.9,1572114600.0
2019-10-25,184.75,184.9,180.35,181.5,183.1427831491713,11584,690,2121526.0,4545.0,39.24,4.55,-3.25,1571941800.0
2019-10-24,182.1,184.05,181.9,183.35,183.1491952562473,9444,333,1729661.0,3790.0,40.13,2.15,1.25,1571855400.0
2019-10-23,183.9,184.5,178.8,180.85,181.2913978494624,12090,504,2191813.0,5535.0,45.78,5.7,-3.05,1571769000.0
2019-10-22,181.0,186.7,179.2,182.45,182.94972163629447,57838,2069,10581446.0,16894.0,29.21,7.5,1.45,1571682600.0
2019-10-18,173.5,179.15,172.0,176.45,176.54553361889288,60933,1883,10757449.0,30282.0,49.7,7.15,2.95,1571337000.0
2019-10-17,172.0,173.85,170.1,171.4,171.59570041608876,15862,532,2721851.0,4849.0,30.57,3.75,-0.6,1571250600.0
2019-10-16,164.8,180.85,164.25,171.25,173.5701526270644,73447,2639,12748207.0,22373.0,30.46,16.6,6.45,1571164200.0
2019-10-15,165.4,167.65,160.0,164.8,164.21045276690887,10734,384,1762635.0,5506.0,51.29,7.65,-0.6,1571077800.0
2019-10-14,166.95,167.0,165.05,165.4,165.9364935064935,7700,250,1277711.0,4481.0,58.19,1.95,-1.55,1570991400.0
2019-10-11,166.0,171.95,165.05,165.35,166.13280584297016,8215,218,1364781.0,4757.0,57.91,6.9,-0.65,1570732200.0
2019-10-10,166.6,167.45,165.4,165.65,166.02148110999664,11964,197,1986281.0,8091.0,67.63,2.05,-0.95,1570645800.0
2019-10-09,165.05,169.1,164.8,166.55,166.42898671096344,7224,229,1202283.0,3161.0,43.76,4.3,1.5,1570559400.0
2019-10-07,167.3,168.0,165.25,166.2,166.65967481692937,8057,246,1342777.0,2911.0,36.13,2.75,-1.1,1570386600.0
2019-10-04,170.95,171.0,165.2,167.55,168.19874396135265,10350,333,1740857.0,3566.0,34.45,5.8,-3.4,1570127400.0
2019-10-03,165.0,172.2,164.0,169.95,168.24457535175452,23596,610,3969899.0,5779.0,24.49,8.2,4.95,1570041000.0
2019-10-01,168.95,170.5,164.0,165.05,166.56955826504097,20012,524,3333390.0,11304.0,56.49,6.5,-3.9,1569868200.0
2019-09-30,170.85,171.0,166.5,167.2,168.24745762711865,8850,228,1488990.0,4923.0,55.63,4.5,-3.65,1569781800.0
2019-09-27,172.0,173.55,169.75,170.25,171.68335706375572,12642,332,2170421.0,3609.0,28.55,3.8,-1.75,1569522600.0
2019-09-26,168.0,173.45,167.0,171.1,170.33890160183066,17480,495,2977524.0,6946.0,39.74,6.45,3.1,1569436200.0
2019-09-25,173.0,173.6,165.8,166.45,169.94255445153647,15197,370,2582617.0,9316.0,61.3,7.8,-6.55,1569349800.0
2019-09-24,174.3,175.9,173.05,173.7,173.95710836528903,14082,547,2449664.0,4157.0,29.52,2.85,-0.6,1569263400.0
2019-09-23,177.0,177.0,171.4,172.0,173.61429832303617,29458,766,5114330.0,15277.0,51.86,5.6,-5.0,1569177000.0
2019-09-20,169.7,172.45,165.75,171.4,170.20788517572575,27799,791,4731609.0,10601.0,38.13,6.7,1.7,1568917800.0
2019-09-19,168.75,171.55,166.8,167.4,168.66571194762685,14664,458,2473314.0,5010.0,34.17,4.75,-1.35,1568831400.0
2019-09-18,172.85,172.85,167.9,168.7,169.86022621367448,47212,1493,8019441.0,13717.0,29.05,4.95,-4.15,1568745000.0
2019-09-17,178.0,191.2,178.0,180.2,184.0980371874111,77338,2154,14237774.0,25014.0,32.34,13.2,2.2,1568658600.0
2019-09-16,171.5,177.55,171.5,176.45,174.14080077416233,24801,641,4318866.0,12796.0,51.59,6.05,4.95,1568572200.0
2019-09-13,172.0,173.05,169.0,172.05,171.40148215562635,15383,405,2636669.0,7712.0,50.13,4.05,0.05,1568313000.0
2019-09-12,170.0,172.3,169.0,170.95,170.66425088944524,15178,394,2590342.0,7075.0,46.61,3.3,0.95,1568226600.0
2019-09-11,168.0,170.0,168.0,169.25,169.25328719723183,21675,350,3668565.0,12405.0,57.23,2.0,1.25,1568140200.0
2019-09-09,169.5,169.5,165.3,166.9,167.02322095408405,38026,762,6351225.0,19300.0,50.75,4.2,-2.6,1567967400.0
2019-09-06,175.45,177.0,173.7,176.25,175.22011885552365,25409,900,4452168.0,16287.0,64.1,3.3,0.8,1567708200.0
2019-09-05,174.4,175.25,172.5,174.65,174.054245014245,17550,411,3054652.0,10808.0,61.58,2.75,0.25,1567621800.0
2019-09-04,176.15,176.25,171.55,172.15,173.2824100112486,14224,654,2464769.0,9262.0,65.12,4.7,-4.0,1567535400.0
2019-09-03,172.9,175.95,172.5,174.1,174.4078898399702,16122,508,2811804.0,8305.0,51.51,3.45,1.2,1567449000.0
2019-08-30,172.6,173.45,171.5,171.95,172.30068547324015,7586,189,1307073.0,4019.0,52.98,1.95,-0.65,1567103400.0
2019-08-29,174.0,174.35,170.7,172.3,172.29611844737897,7497,391,1291704.0,4467.0,59.58,3.65,-1.7,1567017000.0
2019-08-28,173.9,174.85,172.0,173.45,173.47540219165305,8578,329,1488072.0,2626.0,30.61,2.85,-0.45,1566930600.0
2019-08-27,170.65,175.3,170.65,173.3,173.35733128160035,9098,408,1577205.0,3951.0,43.43,4.65,2.65,1566844200.0
2019-08-26,168.0,172.0,166.3,171.1,168.6284761904762,10500,322,1770599.0,4413.0,42.03,5.7,3.1,1566757800.0
2019-08-23,164.0,167.65,163.0,165.75,165.62156601718505,16526,406,2737062.0,10037.0,60.73,4.65,1.75,1566498600.0
2019-08-22,171.2,171.2,162.5,164.2,166.29820540057025,17887,431,2974576.0,12046.0,67.34,8.7,-7.0,1566412200.0
2019-08-21,173.5,173.5,169.6,170.2,171.61603665521193,8730,210,1498208.0,5616.0,64.33,3.9,-3.3,1566325800.0
2019-08-20,173.55,173.65,171.95,173.1,172.76704318936876,7525,184,1300072.0,3746.0,49.78,1.7,-0.45,1566239400.0
2019-08-19,172.0,177.0,171.0,171.95,173.6032341418688,11997,247,2082718.0,7457.0,62.16,6.0,-0.05,1566153000.0
2019-08-16,170.1,172.0,169.0,171.2,170.51056627938888,10931,312,1863851.0,3098.0,28.34,3.0,1.1,1565893800.0
2019-08-14,172.55,172.6,169.05,170.95,170.36265468589897,12687,358,2161391.0,7717.0,60.83,3.55,-1.6,1565721000.0
2019-08-13,172.9,176.45,172.0,172.55,174.4884931190008,8647,228,1508802.0,3185.0,36.83,4.45,-0.35,1565634600.0
2019-08-09,170.8,173.5,170.8,171.5,172.28100412139378,8007,122,1379454.0,4664.0,58.25,2.7,0.7,1565289000.0
2019-08-08,170.45,171.6,168.75,169.9,169.69290399522956,8385,139,1422875.0,6889.0,82.16,2.85,-0.55,1565202600.0
2019-08-07,172.8,174.0,170.5,171.45,172.08044752264252,5631,127,968985.0,2649.0,47.04,3.5,-1.35,1565116200.0
2019-08-06,174.05,174.3,171.0,171.3,172.61696621135872,6955,124,1200551.0,3657.0,52.58,3.3,-2.75,1565029800.0
2019-08-05,173.85,173.85,168.15,171.4,170.55031525851197,7930,190,1352464.0,3712.0,46.81,5.7,-2.45,1564943400.0
2019-08-02,170.05,171.45,169.1,171.1,170.2236480293309,5455,143,928570.0,2743.0,50.28,2.35,1.05,1564684200.0
2019-08-01,173.0,173.0,170.0,170.55,170.90148794253463,3898,102,666174.0,2099.0,53.85,3.0,-2.45,1564597800.0
2019-07-31,170.0,172.25,168.1,171.2,170.00393811533053,7110,188,1208728.0,3655.0,51.41,4.15,1.2,1564511400.0
2019-07-30,172.25,173.8,170.0,170.3,171.086056292462,6182,191,1057654.0,3864.0,62.5,3.8,-1.95,1564425000.0
2019-07-29,174.55,174.55,171.95,172.25,173.5860223771688,6167,90,1070505.0,2910.0,47.19,2.6,-2.3,1564338600.0
2019-07-26,172.15,174.25,170.3,173.05,173.4385214434573,9117,138,1581239.0,5941.0,65.16,3.95,0.9,1564079400.0
2019-07-25,174.7,174.7,172.75,173.0,173.4022160068847,9296,195,1611947.0,7138.0,76.79,1.95,-1.7,1563993000.0
2019-07-24,175.7,175.7,173.1,173.65,174.279355220349,6762,141,1178477.0,3433.0,50.77,2.6,-2.05,1563906600.0
2019-07-23,175.7,176.95,174.5,175.2,175.97346528973034,6972,171,1226887.0,3752.0,53.82,2.45,-0.5,1563820200.0
2019-07-22,176.0,176.1,173.5,174.15,174.72437388805255,7307,279,1276711.0,3501.0,47.91,2.6,-1.85,1563733800.0
2019-07-19,176.8,178.6,175.15,175.8,176.94063079777365,8624,384,1525936.0,3943.0,45.72,3.45,-1.0,1563474600.0
2019-07-18,178.95,178.95,176.1,176.5,177.7984905660377,7950,119,1413498.0,6000.0,75.47,2.85,-2.45,1563388200.0
2019-07-17,179.4,180.95,176.2,177.6,177.58325226371323,13363,218,2373045.0,9475.0,70.9,4.75,-1.8,1563301800.0
2019-07-16,178.95,179.75,177.0,178.1,178.1925155925156,4810,96,857106.0,4079.0,84.8,2.75,-0.85,1563215400.0
2019-07-15,181.0,181.0,178.3,179.0,179.8242735042735,2925,95,525986.0,1859.0,63.56,2.7,-2.0,1563129000.0
2019-07-12,181.0,181.4,180.0,180.2,180.29503105590064,2254,91,406385.0,1759.0,78.04,1.4,-0.8,1562869800.0
2019-07-11,180.4,182.35,180.2,181.1,181.1448824343015,2892,154,523871.0,1757.0,60.75,2.15,0.7,1562783400.0
2019-07-10,180.25,182.75,179.0,180.2,180.27485549132948,3460,135,623751.0,2614.0,75.55,3.75,-0.05,1562697000.0
2019-07-09,175.0,183.0,174.1,180.1,179.68733547821,6838,176,1228702.0,4432.0,64.81,8.9,5.1,1562610600.0
2019-07-08,178.25,179.4,175.0,175.55,177.23985397018555,16435,407,2912937.0,13838.0,84.2,4.4,-2.7,1562524200.0
2019-07-05,182.7,183.2,178.5,180.05,180.68973124749297,4986,181,900919.0,4095.0,82.13,4.7,-2.65,1562265000.0
2019-07-04,181.05,183.0,180.0,181.05,181.29653996101365,4104,145,744041.0,2575.0,62.74,3.0,0.0,1562178600.0
2019-07-03,179.9,182.0,179.0,179.75,180.08934038408017,3593,116,647061.0,2257.0,62.82,3.0,-0.15,1562092200.0
2019-07-02,181.75,182.3,177.5,178.8,179.49630282884473,14741,271,2645955.0,9772.0,66.29,4.8,-2.95,1562005800.0
2019-07-01,185.45,185.45,180.55,181.45,181.40007499062617,5334,154,967588.0,3891.0,72.95,4.9,-4.0,1561919400.0
2019-06-28,183.8,186.0,182.15,182.5,183.52619641642093,8818,259,1618334.0,5674.0,64.35,3.85,-1.3,1561660200.0
2019-06-27,187.95,187.95,182.1,183.05,183.6675328645674,6542,184,1201553.0,1754.0,26.81,5.85,-4.9,1561573800.0
2019-06-26,178.0,184.0,178.0,181.7,182.1795435010983,10471,349,1907602.0,3766.0,35.97,6.0,3.7,1561487400.0
2019-06-25,181.95,182.0,180.0,181.0,180.908970225678,5273,101,953933.0,4334.0,82.19,2.0,-0.95,1561401000.0
2019-06-24,182.0,182.4,178.0,180.15,180.41077153237873,4679,125,844142.0,3323.0,71.02,4.4,-1.85,1561314600.0
2019-06-21,182.0,183.0,180.0,180.8,181.1136258660508,2165,49,392111.0,1743.0,80.51,3.0,-1.2,1561055400.0
2019-06-20,182.5,182.5,180.0,180.65,180.86847220422445,7717,188,1395762.0,7104.0,92.06,2.5,-1.85,1560969000.0
2019-06-19,187.0,187.5,181.0,181.7,183.66655433866887,5935,211,1090061.0,5105.0,86.02,6.5,-5.3,1560882600.0
2019-06-18,186.45,187.75,185.0,185.8,186.88176169590645,5472,82,1022617.0,4808.0,87.87,2.75,-0.65,1560796200.0
2019-06-17,187.05,190.7,184.3,185.85,187.69146396060287,13402,470,2515441.0,9205.0,68.68,6.4,-1.2,1560709800.0
2019-06-14,190.25,192.55,188.5,189.25,189.88997968855787,2954,156,560935.0,1162.0,39.34,4.05,-1.0,1560450600.0
2019-06-13,188.05,190.9,187.3,189.1,188.69199919791455,4987,154,941007.0,2345.0,47.02,3.6,1.05,1560364200.0
2019-06-12,190.5,190.5,188.0,189.25,189.33636363636364,1320,60,249924.0,783.0,59.32,2.5,-1.25,1560277800.0
2019-06-11,189.2,190.95,188.05,189.9,189.57338518769023,5914,241,1121137.0,2767.0,46.79,2.9,0.7,1560191400.0
2019-06-10,191.05,193.0,188.05,190.0,190.99406276505516,5895,200,1125910.0,2745.0,46.56,4.95,-1.05,1560105000.0
2019-06-07,193.0,195.0,190.0,192.45,192.73332047821057,5186,177,999515.0,2607.0,50.27,5.0,-0.55,1559845800.0
2019-06-06,194.5,196.8,192.0,192.25,193.26367414796343,6015,255,1162481.0,3150.0,52.37,4.8,-2.25,1559759400.0
2019-06-04,194.75,196.0,192.1,193.3,194.55060570535363,5118,168,995710.0,2801.0,54.73,3.9,-1.45,1559586600.0
2019-06-03,194.9,196.5,193.5,194.2,194.70918096585885,5653,209,1100691.0,2713.0,47.99,3.0,-0.7,1559500200.0
2019-05-31,199.9,200.0,194.6,195.45,196.81895056374677,9224,259,1815458.0,4664.0,50.56,5.4,-4.45,1559241000.0
2019-05-30,203.0,203.0,197.0,198.25,199.0652221976564,13569,336,2701116.0,5821.0,42.9,6.0,-4.75,1559154600.0
2019-05-29,197.0,203.4,192.7,201.3,199.02259396377045,65637,1377,13063246.0,23361.0,35.59,10.7,4.3,1559068200.0
2019-05-28,189.95,190.25,185.2,187.3,188.29858982219497,17941,466,3378265.0,7649.0,42.63,5.05,-2.65,1558981800.0
2019-05-27,185.7,191.7,183.85,186.75,186.68361223799863,23664,803,4417681.0,9144.0,38.64,7.85,1.05,1558895400.0
2019-05-24,169.9,183.0,169.9,181.55,178.42340042054673,19974,642,3563829.0,7884.0,39.47,13.1,11.65,1558636200.0
2019-05-23,170.05,172.9,168.0,169.0,170.44347071583513,11525,219,1964361.0,4955.0,42.99,4.9,-1.05,1558549800.0
2019-05-22,171.5,171.5,167.0,167.85,168.3689024390244,6232,151,1049275.0,4079.0,65.45,4.5,-3.65,1558463400.0
2019-05-21,171.8,173.25,169.1,169.85,171.83004552352048,2636,114,452944.0,1228.0,46.59,4.15,-1.95,1558377000.0
2019-05-20,167.0,171.8,167.0,170.05,169.84931036848968,14573,371,2475214.0,7277.0,49.93,4.8,3.05,1558290600.0
2019-05-17,164.85,166.55,164.55,166.05,165.76763046544428,2836,86,470117.0,1116.0,39.35,2.0,1.2,1558031400.0
2019-05-16,163.15,166.5,161.65,164.4,164.36718188353703,5564,201,914539.0,3196.0,57.44,4.85,1.25,1557945000.0
2019-05-15,165.85,167.5,163.8,164.35,165.05496308449548,4876,160,804808.0,3045.0,62.45,3.7,-1.5,1557858600.0
2019-05-14,165.95,166.3,164.4,166.2,165.43800217155265,4605,123,761842.0,2082.0,45.21,1.9,0.25,1557772200.0
2019-05-13,166.05,169.8,165.0,166.25,166.61817065684468,3258,100,542842.0,1458.0,44.75,4.8,0.2,1557685800.0
2019-05-10,168.0,171.0,167.05,167.6,168.5780978395828,4027,93,678864.0,1717.0,42.64,3.95,-0.4,1557426600.0
2019-05-09,167.6,168.5,165.0,168.2,167.1960255978444,2969,89,496405.0,1837.0,61.87,3.5,0.6,1557340200.0
2019-05-08,167.0,169.4,165.8,166.95,167.45228215767634,3856,123,645696.0,2818.0,73.08,3.6,-0.05,1557253800.0
2019-05-07,169.3,170.0,167.2,167.75,168.5601004664514,2787,118,469777.0,1697.0,60.89,2.8,-1.55,1557167400.0
2019-05-06,170.0,174.0,168.0,169.25,169.06126260739632,5354,247,905154.0,3098.0,57.86,6.0,-0.75,1557081000.0
2019-05-03,171.05,172.1,167.6,168.65,169.35802116099512,3497,155,592245.0,2244.0,64.17,4.5,-2.4,1556821800.0
2019-05-02,171.5,176.0,169.6,170.3,173.1194299932142,8842,300,1530722.0,1657.0,18.74,6.4,-1.2,1556735400.0
2019-04-30,176.95,176.95,169.0,170.2,171.27331716589106,15257,338,2613117.0,11523.0,75.53,7.95,-6.75,1556562600.0
2019-04-26,176.25,177.8,174.65,176.25,175.6389347160028,4243,171,745236.0,2440.0,57.51,3.15,0.0,1556217000.0
2019-04-25,177.0,177.15,175.5,176.15,176.34298674110258,2866,65,505399.0,2194.0,76.55,1.65,-0.85,1556130600.0
2019-04-24,177.05,178.25,176.2,176.7,177.25630538513974,1467,51,260035.0,809.0,55.15,2.05,-0.35,1556044200.0
2019-04-23,177.3,180.5,175.5,176.65,177.20526097763047,4828,129,855547.0,3022.0,62.59,5.0,-0.65,1555957800.0
2019-04-22,178.4,178.4,176.05,176.45,176.9772794334612,3389,140,599776.0,1789.0,52.79,2.35,-1.95,1555871400.0
2019-04-18,182.8,183.0,178.1,178.55,179.31809849688378,8183,280,1467360.0,4490.0,54.87,4.9,-4.25,1555525800.0
2019-04-16,181.75,185.0,181.0,181.65,182.23535194651984,5086,210,926849.0,2521.0,49.57,4.0,-0.1,1555353000.0
2019-04-15,181.0,183.95,179.9,180.15,181.15596919127088,6232,171,1128964.0,4532.0,72.72,4.05,-0.85,1555266600.0
2019-04-12,180.95,181.8,179.55,180.4,180.86617915904935,2735,122,494669.0,1160.0,42.41,2.25,-0.55,1555007400.0
2019-04-11,182.3,182.65,178.55,179.5,179.74072876239757,9276,345,1667275.0,5767.0,62.17,4.1,-2.8,1554921000.0
2019-04-10,182.1,184.1,181.75,181.9,182.3663627152989,4935,166,899978.0,2817.0,57.08,2.35,-0.2,1554834600.0
2019-04-09,183.25,184.35,181.3,182.0,182.50104471374843,4786,184,873450.0,2040.0,42.62,3.05,-1.25,1554748200.0
2019-04-08,186.25,187.45,183.45,184.0,185.83820998278827,3486,100,647832.0,1528.0,43.83,4.0,-2.25,1554661800.0
2019-04-05,187.4,188.15,184.0,185.1,185.7275848912629,5242,170,973584.0,2866.0,54.67,4.15,-2.3,1554402600.0
2019-04-04,185.7,186.85,184.3,184.95,185.18701142513527,3326,175,615932.0,1679.0,50.48,2.55,-0.75,1554316200.0
2019-04-03,189.4,189.95,185.5,186.9,187.3786599604814,5567,164,1043137.0,2305.0,41.4,4.45,-2.5,1554229800.0
2019-04-02,185.55,188.0,185.55,187.7,187.21615949632735,953,43,178417.0,537.0,56.35,2.45,2.15,1554143400.0
2019-04-01,186.2,188.7,186.2,186.45,187.3606671299513,4317,116,808836.0,1721.0,39.87,2.5,0.25,1554057000.0
2019-03-29,187.0,187.05,184.8,185.65,185.69127243066885,4904,111,910630.0,2623.0,53.49,2.25,-1.35,1553797800.0
2019-03-28,186.8,187.0,184.5,185.65,185.69742489270385,3262,100,605745.0,1431.0,43.87,2.5,-1.15,1553711400.0
2019-03-27,185.8,186.05,184.0,185.2,185.28763127187864,3428,75,635166.0,2147.0,62.63,2.05,-0.6,1553625000.0
2019-03-26,188.0,189.0,182.5,184.35,185.67689320388348,12875,418,2390590.0,4998.0,38.82,6.5,-3.65,1553538600.0
2019-03-25,187.45,188.85,185.5,185.95,186.71154548776033,5474,187,1022059.0,2099.0,38.34,3.35,-1.5,1553452200.0
2019-03-22,190.2,191.0,189.0,189.2,189.9214346712212,3513,89,667194.0,2161.0,61.51,2.0,-1.0,1553193000.0
2019-03-20,192.1,192.4,188.6,189.85,190.67208008898777,4495,165,857071.0,2136.0,47.52,3.8,-2.25,1553020200.0
2019-03-19,190.2,196.4,189.9,191.2,191.4978775015161,11543,285,2210460.0,3927.0,34.02,6.5,1.0,1552933800.0
2019-03-18,190.0,193.45,190.0,190.15,191.1607959128798,3719,102,710927.0,2018.0,54.26,3.45,0.15,1552847400.0
2019-03-15,188.35,194.75,188.05,192.2,191.7753051807721,17121,320,3283385.0,5645.0,32.97,6.7,3.85,1552588200.0
2019-03-14,184.9,188.9,184.9,187.1,187.5235681979184,18351,180,3441245.0,14882.0,81.1,4.0,2.2,1552501800.0
2019-03-13,189.75,190.0,186.1,186.85,187.94326608035868,5799,149,1089883.0,3517.0,60.65,3.9,-2.9,1552415400.0
2019-03-12,191.9,193.0,187.45,189.6,189.7414997671169,6441,283,1222125.0,2503.0,38.86,5.55,-2.3,1552329000.0
2019-03-11,183.25,192.0,183.25,190.65,189.28296170625305,8252,293,1561963.0,2920.0,35.39,8.75,7.4,1552242600.0
2019-03-08,187.0,194.0,185.0,188.35,189.874749498998,6986,300,1326465.0,2607.0,37.32,9.0,1.35,1551983400.0
2019-03-07,188.65,188.65,186.0,187.05,187.46589072098288,3093,132,579832.0,1744.0,56.39,2.65,-1.6,1551897000.0
2019-03-06,195.35,198.45,190.8,191.9,194.1083149715876,25869,710,5021388.0,7472.0,28.88,7.65,-3.45,1551810600.0
2019-03-05,181.5,188.35,181.5,186.55,185.06298538145273,17512,592,3240823.0,7872.0,44.95,6.85,5.05,1551724200.0
2019-03-01,176.55,181.05,176.55,180.25,179.3150856142982,8001,206,1434700.0,3120.0,39.0,4.5,3.7,1551378600.0
2019-02-28,176.2,176.85,173.25,175.75,175.5488355926312,2877,93,505054.0,1407.0,48.91,3.6,-0.45,1551292200.0
2019-02-27,180.0,180.3,174.5,176.2,177.47955974842768,3180,130,564385.0,1191.0,37.45,5.8,-3.8,1551205800.0
2019-02-26,172.3,181.75,171.0,177.2,175.0795635976583,3758,178,657949.0,1708.0,45.45,10.75,4.9,1551119400.0
2019-02-25,171.4,177.85,171.4,176.7,175.53674055829228,4872,158,855215.0,2258.0,46.35,6.45,5.3,1551033000.0
2019-02-22,170.45,172.95,169.6,172.5,171.31503889369057,2314,112,396423.0,870.0,37.6,3.35,2.05,1550773800.0
2019-02-21,170.2,171.65,167.6,169.0,169.506200317965,3145,105,533097.0,2070.0,65.82,4.05,-1.2,1550687400.0
2019-02-20,166.35,169.85,165.0,168.7,166.96768658850445,3497,110,583886.0,1639.0,46.87,4.85,2.35,1550601000.0
2019-02-19,162.6,167.3,161.0,165.5,163.78266208251472,4072,123,666923.0,2180.0,53.54,6.3,2.9,1550514600.0
2019-02-18,163.1,165.7,160.0,161.65,163.0424980047885,5012,157,817169.0,2247.0,44.83,5.7,-1.45,1550428200.0
2019-02-15,164.1,166.85,160.0,162.9,162.58036697247707,5450,180,886063.0,2090.0,38.35,6.85,-1.2,1550169000.0
2019-02-14,170.0,170.0,163.65,164.45,165.37596722803823,8788,231,1453324.0,4836.0,55.03,6.35,-5.55,1550082600.0
2019-02-13,173.0,173.0,168.5,169.1,170.28837420526793,6606,244,1124925.0,3279.0,49.64,4.5,-3.9,1549996200.0
2019-02-12,175.0,176.0,171.45,172.7,173.03618265128773,6329,165,1095146.0,2947.0,46.56,4.55,-2.3,1549909800.0
2019-02-11,177.45,177.45,173.6,174.2,174.57194523378973,3871,114,675768.0,1915.0,49.47,3.85,-3.25,1549823400.0
2019-02-08,180.5,181.8,174.9,177.5,177.08990878818588,13814,406,2446320.0,6104.0,44.19,6.9,-3.0,1549564200.0
2019-02-07,184.3,190.05,183.4,185.95,186.71720597671649,10909,230,2036898.0,6816.0,62.48,6.65,1.65,1549477800.0
2019-02-06,183.85,185.0,181.95,182.85,182.8790106951872,2992,118,547174.0,1254.0,41.91,3.05,-1.0,1549391400.0
2019-02-05,187.3,187.3,182.65,183.35,184.73318101040877,3939,135,727664.0,1576.0,40.01,4.65,-3.95,1549305000.0
2019-02-04,199.0,199.0,183.85,184.65,187.81483198146,4315,129,810421.0,1932.0,44.77,15.15,-14.35,1549218600.0
2019-02-01,189.0,189.0,185.05,187.0,187.79621668099745,2326,56,436814.0,1121.0,48.19,3.95,-2.0,1548959400.0
2019-01-31,190.0,190.0,187.05,188.6,188.9064775295004,7966,190,1504829.0,3212.0,40.32,2.95,-1.4,1548873000.0
2019-01-30,187.0,187.75,186.0,186.95,186.51403887688983,926,28,172712.0,596.0,64.36,1.75,-0.05,1548786600.0
2019-01-29,185.35,188.0,185.0,185.2,186.61351004702863,7017,125,1309467.0,3525.0,50.24,3.0,-0.15,1548700200.0
2019-01-28,188.0,188.0,184.85,185.85,186.27831834037084,10894,346,2029316.0,4707.0,43.21,3.15,-2.15,1548613800.0
2019-01-25,187.85,194.0,186.0,188.3,188.0,9318,316,1751784.0,3313.0,35.55,8.0,0.45,1548354600.0
2019-01-24,187.35,190.0,185.0,185.35,187.0106209150327,4896,180,915604.0,2287.0,46.71,5.0,-2.0,1548268200.0
2019-01-23,191.0,191.05,187.1,189.85,189.7154632880476,6551,317,1242826.0,2868.0,43.78,3.95,-1.15,1548181800.0
2019-01-22,191.7,191.9,190.15,190.5,190.77905593018644,5042,129,961908.0,2654.0,52.64,1.75,-1.2,1548095400.0
2019-01-21,196.2,196.45,190.3,192.3,193.39108031272207,5628,127,1088405.0,2993.0,53.18,6.15,-3.9,1548009000.0
2019-01-18,200.0,200.0,195.0,195.85,197.4465205690119,13005,267,2567792.0,7081.0,54.45,5.0,-4.15,1547749800.0
2019-01-17,199.0,200.2,197.1,198.5,198.2674457804248,8899,266,1764382.0,4394.0,49.38,3.1,-0.5,1547663400.0
2019-01-16,199.25,200.6,198.0,199.75,199.77273429056663,6477,169,1293928.0,1472.0,22.73,2.6,0.5,1547577000.0
2019-01-15,199.75,202.4,198.0,198.5,199.81715506715503,6552,132,1309202.0,3201.0,48.86,4.4,-1.25,1547490600.0
2019-01-14,196.0,202.9,193.55,198.7,198.65425856507716,11471,322,2278763.0,4802.0,41.86,9.35,2.7,1547404200.0
2019-01-11,197.65,197.9,195.1,196.65,196.65698433420363,3064,95,602557.0,1298.0,42.36,2.8,-1.0,1547145000.0
2019-01-10,196.0,198.85,194.55,197.15,197.10133630289528,3592,115,707988.0,1627.0,45.3,4.3,1.15,1547058600.0
2019-01-09,198.55,199.0,196.1,196.9,197.79369329168523,6723,170,1329767.0,3267.0,48.59,2.9,-1.65,1546972200.0
2019-01-08,200.05,200.05,197.0,197.45,198.01798774461355,5059,136,1001773.0,3201.0,63.27,3.05,-2.6,1546885800.0
2019-01-07,204.85,204.85,199.95,201.7,201.75700633523033,9313,217,1878963.0,3634.0,39.02,4.9,-3.15,1546799400.0
2019-01-04,198.85,202.95,197.0,200.6,199.1795539033457,2690,81,535793.0,1089.0,40.48,5.95,1.75,1546540200.0
2019-01-03,200.05,201.5,196.9,197.65,198.91284252228456,6058,121,1205014.0,2213.0,36.53,4.6,-2.4,1546453800.0
2019-01-02,203.25,203.25,198.9,199.25,200.69474008946477,6483,165,1301104.0,3138.0,48.4,4.35,-4.0,1546367400.0
2019-01-01,203.85,206.0,202.2,203.45,203.74579354251927,4398,100,896074.0,1539.0,34.99,3.8,-0.4,1546281000.0
2018-12-31,202.4,206.45,202.4,203.65,204.04628809915263,7907,193,1613394.0,2723.0,34.44,4.05,1.25,1546194600.0
2018-12-28,202.0,205.0,200.55,201.05,202.38849831271088,7112,189,1439387.0,2472.0,34.76,4.45,-0.95,1545935400.0
2018-12-27,210.5,211.0,201.15,202.25,205.6104449353108,12676,364,2606318.0,4801.0,37.87,9.85,-8.25,1545849000.0
2018-12-26,197.0,204.0,193.5,202.5,198.01818481033487,12153,353,2406515.0,3832.0,31.53,10.5,5.5,1545762600.0
2018-12-24,197.35,199.55,195.05,196.65,197.78634146341463,6150,169,1216386.0,3126.0,50.83,4.5,-0.7,1545589800.0
2018-12-21,203.05,209.0,199.0,200.3,202.10150307859473,11044,293,2232009.0,5581.0,50.53,10.0,-2.75,1545330600.0
2018-12-20,200.8,206.05,200.8,203.5,203.61256408028495,11509,345,2343377.0,4516.0,39.24,5.25,2.7,1545244200.0
2018-12-19,204.35,205.0,198.1,199.45,200.1677362893816,6856,209,1372350.0,2042.0,29.78,6.9,-4.9,1545157800.0
2018-12-18,206.85,206.85,200.6,201.85,203.64755020775624,23104,648,4705073.0,7626.0,33.01,6.25,-5.0,1545071400.0
2018-12-17,185.05,213.0,182.85,208.85,206.84099143276296,123377,2396,25519421.0,23957.0,19.42,30.15,23.8,1544985000.0
2018-12-14,181.55,185.0,181.0,184.8,183.22222222222223,4302,104,788222.0,1922.0,44.68,4.0,3.25,1544725800.0
2018-12-13,184.55,184.55,181.65,182.65,183.01060899724573,9803,268,1794053.0,5125.0,52.28,2.9,-1.9,1544639400.0
2018-12-12,182.5,183.0,181.25,181.65,181.98654801324503,4832,173,879359.0,2968.0,61.42,1.75,-0.85,1544553000.0
2018-12-11,178.0,182.0,178.0,181.05,179.9236020806242,6152,269,1106890.0,3544.0,57.61,4.0,3.05,1544466600.0
2018-12-10,177.45,180.0,177.45,179.3,179.1575246132208,3555,176,636905.0,2131.0,59.94,2.55,1.85,1544380200.0
2018-12-07,179.85,183.0,179.85,182.1,181.7464539007092,5640,196,1025050.0,3506.0,62.16,3.15,2.25,1544121000.0
2018-12-06,183.0,183.0,179.4,181.75,180.56005614597956,9974,221,1800906.0,5503.0,55.17,3.6,-1.25,1544034600.0
2018-12-05,186.9,187.6,181.25,182.15,183.49224834952895,13481,252,2473659.0,8922.0,66.18,6.35,-4.75,1543948200.0
2018-12-04,191.0,191.0,186.0,186.25,187.01651073197576,7268,153,1359236.0,3733.0,51.36,5.0,-4.75,1543861800.0
2018-12-03,186.3,189.0,186.05,187.15,187.39254526091585,4695,162,879808.0,2505.0,53.35,2.95,0.85,1543775400.0
2018-11-30,195.0,195.0,187.2,188.5,188.79478422850048,3221,109,608108.0,1410.0,43.78,7.8,-6.5,1543516200.0
2018-11-29,188.45,189.5,187.7,189.25,188.62580128205127,1248,59,235405.0,753.0,60.34,1.8,0.8,1543429800.0
2018-11-28,192.05,192.05,186.05,187.55,188.1103482711272,8011,202,1506952.0,3976.0,49.63,6.0,-4.5,1543343400.0
2018-11-27,189.9,190.7,188.55,189.4,189.45255147717097,2234,72,423237.0,1243.0,55.64,2.15,-0.5,1543257000.0
2018-11-26,191.0,191.1,187.0,189.25,189.1485507246377,4416,186,835280.0,1529.0,34.62,4.1,-1.75,1543170600.0
2018-11-22,193.95,194.0,190.65,191.4,192.2954258276472,3957,132,760913.0,1888.0,47.71,3.35,-2.55,1542825000.0
2018-11-21,192.15,195.85,192.15,193.65,193.78571428571428,4004,117,775918.0,1122.0,28.02,3.7,1.5,1542738600.0
2018-11-20,194.2,195.85,192.0,193.95,193.81597828194688,5157,124,999509.0,2122.0,41.15,3.85,-0.25,1542652200.0
2018-11-19,195.7,197.1,193.75,195.1,195.19055810397555,5232,182,1021237.0,1870.0,35.74,3.35,-0.6,1542565800.0
2018-11-16,199.0,199.05,195.75,196.4,196.96779082985975,2639,98,519798.0,1449.0,54.91,3.3,-2.6,1542306600.0
2018-11-15,197.7,201.0,196.35,198.15,198.75388349514563,4120,152,818866.0,1958.0,47.52,4.65,0.45,1542220200.0
2018-11-14,198.3,201.75,197.35,199.25,199.38951671074776,4159,135,829261.0,1683.0,40.47,4.4,0.95,1542133800.0
2018-11-13,202.5,202.5,196.4,199.5,198.13147196440897,13037,338,2583040.0,4916.0,37.71,6.1,-3.0,1542047400.0
2018-11-12,205.3,205.95,202.15,203.0,203.75721436984688,6792,200,1383919.0,3752.0,55.24,3.8,-2.3,1541961000.0
2018-11-09,205.9,206.0,201.7,202.45,204.25160721038696,7933,255,1620328.0,2334.0,29.42,4.3,-3.45,1541701800.0
2018-11-07,205.0,205.0,203.0,204.25,204.08563829787235,3760,113,767362.0,2556.0,67.98,2.0,-0.75,1541529000.0
2018-11-06,194.0,208.65,192.1,203.25,202.29574189797995,48167,1164,9743979.0,8918.0,18.51,16.55,9.25,1541442600.0
2018-11-05,196.4,197.25,192.0,193.25,194.61030559892927,4483,129,872438.0,2053.0,45.8,5.25,-3.15,1541356200.0
2018-11-02,197.25,197.25,194.25,194.75,195.93779223419395,4919,167,963818.0,2845.0,57.84,3.0,-2.5,1541097000.0
2018-11-01,191.1,197.3,191.1,195.25,195.6603381014304,3845,113,752314.0,930.0,24.19,6.2,4.15,1541010600.0
2018-10-31,197.35,199.25,193.1,194.95,195.3162985652104,6203,167,1211547.0,1840.0,29.66,6.15,-2.4,1540924200.0
2018-10-30,190.15,196.9,190.15,194.5,193.57472674548293,8966,195,1735591.0,3745.0,41.77,6.75,4.35,1540837800.0
2018-10-29,190.0,190.95,186.1,190.3,188.0616641901932,9422,250,1771917.0,2636.0,27.98,4.85,0.3,1540751400.0
2018-10-26,189.0,192.2,181.9,186.4,185.06214338873727,8062,233,1491971.0,2486.0,30.84,10.3,-2.6,1540492200.0
2018-10-25,185.75,188.35,177.65,187.25,185.72,3300,86,612876.0,1134.0,34.36,10.7,1.5,1540405800.0
2018-10-24,189.75,189.75,185.65,188.5,187.67520846044332,4917,135,922799.0,2390.0,48.61,4.1,-1.25,1540319400.0
2018-10-23,189.9,189.9,186.15,187.65,187.7500969367972,5158,122,968415.0,1992.0,38.62,3.75,-2.25,1540233000.0
2018-10-22,185.8,191.2,185.0,190.2,187.90363306085376,11010,347,2068819.0,4289.0,38.96,6.2,4.4,1540146600.0
2018-10-19,191.6,192.7,183.0,185.25,188.07113608992367,12455,319,2342426.0,6244.0,50.13,9.7,-6.35,1539887400.0
2018-10-17,193.0,195.55,190.55,193.45,192.93329523187455,12248,413,2363047.0,5539.0,45.22,5.0,0.45,1539714600.0
2018-10-16,193.1,193.75,191.7,192.45,192.630590003758,2661,96,512590.0,1179.0,44.31,2.05,-0.65,1539628200.0
2018-10-15,195.0,195.0,190.55,191.5,191.32352941176472,2312,81,442340.0,1303.0,56.36,4.45,-3.5,1539541800.0
2018-10-12,190.0,191.55,188.0,190.55,190.02772162864568,13852,292,2632264.0,5480.0,39.56,3.55,0.55,1539282600.0
2018-10-11,181.65,188.5,181.5,187.3,185.9956788262486,9951,235,1850843.0,4291.0,43.12,7.0,5.65,1539196200.0
2018-10-10,183.0,193.5,181.55,189.7,187.65588671778383,16172,404,3034771.0,3539.0,21.88,11.95,6.7,1539109800.0
2018-10-09,181.55,183.0,177.75,181.35,179.43387698958537,5089,162,913139.0,2030.0,39.89,5.25,-0.2,1539023400.0
2018-10-08,183.0,187.6,175.0,180.65,179.43492822966508,12540,322,2250114.0,6873.0,54.81,12.6,-2.35,1538937000.0
2018-10-05,185.05,186.0,180.0,181.7,183.00249247958743,23270,495,4258468.0,10852.0,46.64,6.0,-3.35,1538677800.0
2018-10-04,187.0,187.0,183.0,184.35,185.03134002618944,11455,296,2119534.0,5767.0,50.34,4.0,-2.65,1538591400.0
2018-10-03,186.0,189.95,185.0,187.65,187.00439393939396,6600,267,1234229.0,2421.0,36.68,4.95,1.65,1538505000.0
2018-10-01,186.15,190.4,182.0,188.35,185.066524532542,34709,675,6423474.0,18237.0,52.54,8.4,2.2,1538332200.0
2018-09-28,192.0,192.0,185.4,187.15,188.19044186949048,18037,352,3394391.0,5919.0,32.82,6.6,-4.85,1538073000.0
2018-09-27,191.9,192.85,190.1,190.65,191.0122152525586,6058,197,1157152.0,2937.0,48.48,2.75,-1.25,1537986600.0
2018-09-26,200.9,200.9,189.65,192.4,194.14576303865803,10373,306,2013874.0,4082.0,39.35,11.25,-8.5,1537900200.0
2018-09-25,190.05,200.0,186.8,198.3,193.31217666219584,20876,436,4035585.0,7286.0,34.9,13.2,8.25,1537813800.0
2018-09-24,192.15,193.7,178.0,189.4,189.0581555518226,29765,538,5627316.0,14392.0,48.35,15.7,-2.75,1537727400.0
2018-09-21,200.0,203.25,189.75,194.9,196.14870122306348,42925,745,8419683.0,17737.0,41.32,13.5,-5.1,1537468200.0
2018-09-19,204.5,204.5,199.7,200.35,201.81523875592555,8649,257,1745500.0,5363.0,62.01,4.8,-4.15,1537295400.0
2018-09-18,207.1,209.0,204.0,204.5,205.8946324532044,16134,319,3321904.0,7536.0,46.71,5.0,-2.6,1537209000.0
2018-09-17,206.0,206.0,203.25,204.55,204.4229149959904,9976,196,2039323.0,4493.0,45.04,2.75,-1.45,1537122600.0
2018-09-14,204.25,207.6,203.4,205.75,205.93705969595848,10788,304,2221649.0,5497.0,50.95,4.2,1.5,1536863400.0
2018-09-12,205.0,205.45,200.95,203.55,203.07404597526744,13181,325,2676719.0,5200.0,39.45,4.5,-1.45,1536690600.0
2018-09-11,208.3,209.0,204.55,206.0,205.81098293679403,8322,226,1712759.0,3906.0,46.94,4.45,-2.3,1536604200.0
2018-09-10,211.6,212.05,205.15,207.15,208.92577464788727,7100,166,1483373.0,4336.0,61.07,6.9,-4.45,1536517800.0
2018-09-07,208.0,212.85,207.3,210.2,210.5186492182522,20403,338,4295212.0,9103.0,44.62,5.55,2.2,1536258600.0
2018-09-06,215.0,215.0,207.7,208.2,208.58744710860367,11344,238,2366216.0,4273.0,37.67,7.3,-6.8,1536172200.0
2018-09-05,214.1,214.5,205.0,208.5,209.35316084289144,22494,367,4709190.0,8163.0,36.29,9.5,-5.6,1536085800.0
2018-09-04,215.0,220.3,212.9,213.5,215.60033772990732,21911,453,4724019.0,9916.0,45.26,7.4,-1.5,1535999400.0
2018-09-03,231.0,231.0,229.5,229.95,229.93757010791785,25853,362,5944576.0,18212.0,70.44,1.5,-1.05,1535913000.0
2018-08-31,229.9,230.8,228.5,230.3,229.69797086368368,15376,233,3531836.0,10022.0,65.18,2.3,0.4,1535653800.0
2018-08-30,229.15,230.75,228.7,229.8,229.43819076808768,10767,169,2470361.0,4944.0,45.92,2.05,0.65,1535567400.0
2018-08-29,230.0,231.0,227.7,229.6,229.91793698292557,28405,532,6530819.0,14020.0,49.36,3.3,-0.4,1535481000.0
2018-08-28,227.5,229.6,227.5,228.95,228.72922756775503,20183,291,4616442.0,10466.0,51.86,2.1,1.45,1535394600.0
2018-08-27,222.6,226.5,222.6,225.35,225.44193776520507,14140,326,3187749.0,5491.0,38.83,3.9,2.75,1535308200.0
2018-08-24,219.35,222.3,219.35,221.5,221.14908820671124,17493,384,3868561.0,9598.0,54.87,2.95,2.15,1535049000.0
2018-08-23,219.85,221.9,219.85,220.4,220.5646185630117,13069,333,2882559.0,6815.0,52.15,2.05,0.55,1534962600.0
2018-08-21,220.8,221.4,219.2,219.8,220.0849893883851,10366,240,2281401.0,5879.0,56.71,2.2,-1.0,1534789800.0
2018-08-20,222.65,223.15,220.0,220.4,221.4124269931743,14211,341,3146492.0,9817.0,69.08,3.15,-2.25,1534703400.0
2018-08-17,221.0,222.15,219.4,220.1,220.47734463991895,15802,350,3483983.0,7838.0,49.6,2.75,-0.9,1534444200.0
2018-08-16,220.0,222.95,218.65,219.0,220.11234539624368,8732,254,1922021.0,3625.0,41.51,4.3,-1.0,1534357800.0
2018-08-14,220.95,221.3,219.8,220.55,220.46642846508857,6717,192,1480873.0,3813.0,56.77,1.5,-0.4,1534185000.0
2018-08-13,223.0,223.0,219.5,219.6,221.0150799009678,8886,308,1963940.0,3878.0,43.64,3.5,-3.4,1534098600.0
2018-08-10,219.75,223.0,219.75,220.55,221.19025371954288,13913,360,3077420.0,6029.0,43.33,3.25,0.8,1533839400.0
2018-08-09,224.6,226.55,220.15,221.8,223.29422088504447,15954,495,3562436.0,8685.0,54.44,6.4,-2.8,1533753000.0
2018-08-08,228.0,228.25,222.6,223.75,224.9035265003093,24245,414,5452786.0,9351.0,38.57,5.65,-4.25,1533666600.0
2018-08-07,228.0,228.7,225.3,226.75,226.9265805574439,13239,226,3004281.0,7311.0,55.22,3.4,-1.25,1533580200.0
2018-08-06,224.0,228.75,224.0,226.65,226.78832675658165,16979,269,3850639.0,3507.0,20.65,4.75,2.65,1533493800.0
2018-08-03,221.75,226.5,221.35,224.35,223.52284911922388,19585,265,4377695.0,9962.0,50.87,5.15,2.6,1533234600.0
2018-08-02,218.0,222.35,217.1,220.5,219.88359004739337,10128,175,2226981.0,4476.0,44.19,5.25,2.5,1533148200.0
2018-08-01,219.15,223.8,218.5,219.05,219.66423182852355,8351,143,1834416.0,5058.0,60.57,5.3,-0.1,1533061800.0
2018-07-31,222.95,223.85,220.0,220.85,221.34138759361312,7077,163,1566433.0,2905.0,41.05,3.85,-2.1,1532975400.0
2018-07-30,222.55,224.25,220.5,221.95,221.90082039261648,13652,489,3029390.0,6908.0,50.6,3.75,-0.6,1532889000.0
2018-07-27,217.0,221.7,217.0,220.5,220.0234733002899,10693,188,2352711.0,5315.0,49.71,4.7,3.5,1532629800.0
2018-07-26,217.0,219.5,216.2,218.25,218.0363622084348,12733,285,2776257.0,6212.0,48.79,3.3,1.25,1532543400.0
2018-07-25,214.0,218.2,214.0,215.75,216.43081228367328,13579,258,2938914.0,5386.0,39.66,4.2,1.75,1532457000.0
2018-07-24,209.15,212.15,208.2,211.35,210.53216929208577,15807,272,3327882.0,6325.0,40.01,3.95,2.2,1532370600.0
2018-07-23,209.3,209.6,207.75,208.05,208.4799578059072,2844,73,592917.0,1369.0,48.14,1.85,-1.25,1532284200.0
2018-07-20,207.45,208.65,206.5,207.65,207.3566046099291,4512,102,935593.0,2676.0,59.31,2.15,0.2,1532025000.0
2018-07-19,209.2,209.2,206.25,207.65,207.68196544276455,5556,142,1153881.0,3047.0,54.84,2.95,-1.55,1531938600.0
2018-07-18,207.5,211.0,207.5,208.25,208.96692131398012,13090,301,2735377.0,7927.0,60.56,3.5,0.75,1531852200.0
2018-07-17,209.35,209.8,206.5,208.9,208.64013597468056,8531,279,1779909.0,6256.0,73.33,3.3,-0.45,1531765800.0
2018-07-16,209.15,212.65,208.1,208.35,209.6033937302272,6954,221,1457582.0,4411.0,63.43,4.55,-0.8,1531679400.0
2018-07-13,211.75,212.75,210.0,210.9,211.2640622173992,5529,104,1168079.0,3247.0,58.73,2.75,-0.85,1531420200.0
2018-07-12,212.75,214.85,211.0,211.95,212.88196541312104,7286,152,1551058.0,3798.0,52.13,3.85,-0.8,1531333800.0
2018-07-11,211.65,211.9,210.0,210.75,210.6041840467176,15583,169,3281845.0,11236.0,72.1,1.9,-0.9,1531247400.0
2018-07-10,210.25,212.1,209.75,210.55,210.29085112692763,13488,181,2836403.0,11408.0,84.58,2.35,0.3,1531161000.0
2018-07-09,212.0,213.7,209.3,210.2,211.8964333864444,8159,190,1728863.0,5113.0,62.67,4.4,-1.8,1531074600.0
2018-07-06,206.05,212.0,206.05,210.7,209.88663431848255,4534,128,951626.0,2011.0,44.35,5.95,4.65,1530815400.0
2018-07-05,210.0,210.65,207.6,207.95,208.37029225670383,6638,137,1383162.0,3426.0,51.61,3.05,-2.05,1530729000.0
2018-07-04,210.5,211.85,208.0,209.3,209.6267605633803,6390,202,1339515.0,3888.0,60.85,3.85,-1.2,1530642600.0
2018-07-03,209.45,212.65,208.75,211.65,211.10308567488363,5801,128,1224609.0,3200.0,55.16,3.9,2.2,1530556200.0
2018-07-02,210.0,211.75,209.0,210.15,210.43436788154895,7024,153,1478091.0,3620.0,51.54,2.75,0.15,1530469800.0
2018-06-29,209.0,211.9,208.55,210.85,210.27146959018532,3831,105,805550.0,1753.0,45.76,3.35,1.85,1530210600.0
2018-06-28,207.5,209.1,204.85,207.05,205.97159146761035,10173,186,2095349.0,5547.0,54.53,4.25,-0.45,1530124200.0
2018-06-27,209.2,210.55,204.0,206.95,207.56252044042296,9173,236,1903971.0,4498.0,49.04,6.55,-2.25,1530037800.0
2018-06-26,210.7,214.5,207.1,209.7,211.51617629105115,8191,164,1732529.0,4779.0,58.34,7.4,-1.0,1529951400.0
2018-06-25,218.45,218.45,211.9,212.3,214.42121082009447,6987,208,1498161.0,3296.0,47.17,6.55,-6.15,1529865000.0
2018-06-22,219.0,219.0,215.0,216.4,216.2702107147776,7261,148,1570338.0,3210.0,44.21,4.0,-2.6,1529605800.0
2018-06-21,218.5,221.1,216.4,217.95,218.79464557347123,3287,70,719178.0,1721.0,52.36,4.7,-0.55,1529519400.0
2018-06-20,220.55,222.45,217.85,218.45,219.50946817083,4964,154,1089645.0,2359.0,47.52,4.6,-2.1,1529433000.0
2018-06-19,221.05,223.6,218.05,219.3,221.18132356408347,55139,1441,12195717.0,4586.0,8.32,5.55,-1.75,1529346600.0
2018-06-18,217.55,223.0,217.55,220.35,221.4216299666856,12307,239,2725036.0,5108.0,41.5,5.45,2.8,1529260200.0
2018-06-15,227.95,228.0,220.3,221.35,223.1466092442072,16486,403,3678795.0,8446.0,51.23,7.7,-6.6,1529001000.0
2018-06-14,224.0,229.5,219.25,226.6,224.15193540433924,16224,299,3636641.0,5949.0,36.67,10.25,2.6,1528914600.0
2018-06-13,224.3,226.3,221.15,221.5,223.733617655023,14772,174,3304993.0,8803.0,59.59,5.15,-2.8,1528828200.0
2018-06-12,221.1,225.0,221.0,223.3,222.86165817011,18635,270,4153027.0,9844.0,52.83,4.0,2.2,1528741800.0
2018-06-11,217.55,222.55,217.55,220.95,220.66228674366852,9437,162,2082390.0,5393.0,57.15,5.0,3.4,1528655400.0
2018-06-08,219.0,221.85,218.0,219.4,219.7722129688128,17411,279,3826454.0,9432.0,54.17,3.85,0.4,1528396200.0
2018-06-07,216.55,221.0,216.55,219.4,219.5262631193556,40970,855,8993991.0,4697.0,11.46,4.45,2.85,1528309800.0
2018-06-06,215.95,219.0,215.0,216.25,216.93038397814144,34403,711,7463056.0,2975.0,8.65,4.0,0.3,1528223400.0
2018-06-05,219.0,219.0,212.65,214.45,214.76784569352424,37432,804,8039190.0,3304.0,8.83,6.35,-4.55,1528137000.0
2018-06-04,225.2,225.7,217.1,217.85,220.3541525742202,13305,276,2931812.0,6816.0,51.23,8.6,-7.35,1528050600.0
2018-06-01,229.6,229.6,221.65,223.95,226.50416150777275,29076,553,6585835.0,4745.0,16.32,7.95,-5.65,1527791400.0
2018-05-31,232.85,232.95,226.45,228.65,229.5313689054066,22602,520,5187868.0,8046.0,35.6,6.5,-4.2,1527705000.0
2018-05-30,227.0,232.4,226.5,230.0,229.70430888106895,40637,608,9334494.0,14422.0,35.49,5.9,3.0,1527618600.0
2018-05-29,217.0,226.95,217.0,223.35,224.16149572649567,23400,411,5245379.0,10710.0,45.77,9.95,6.35,1527532200.0
2018-05-28,212.75,219.5,212.75,218.0,216.0829577223712,17527,309,3787286.0,8888.0,50.71,6.75,5.25,1527445800.0
2018-05-25,206.0,212.25,204.95,210.4,209.3456570155902,13470,269,2819886.0,7377.0,54.77,7.3,4.4,1527186600.0
2018-05-24,209.95,212.0,205.45,207.9,209.294164305949,8825,207,1847021.0,4555.0,51.61,6.55,-2.05,1527100200.0
2018-05-23,213.35,213.6,202.85,208.15,209.66324758044505,12089,241,2534619.0,5891.0,48.73,10.75,-5.2,1527013800.0
2018-05-22,211.15,212.55,208.9,212.0,211.70117879812048,12131,170,2568147.0,2573.0,21.21,3.65,0.85,1526927400.0
2018-05-21,211.95,216.65,206.2,208.3,210.89449344457688,20975,374,4423512.0,10439.0,49.77,10.45,-3.65,1526841000.0
2018-05-18,210.4,212.0,209.8,211.1,210.83399663248125,13066,239,2754757.0,5473.0,41.89,2.2,0.7,1526581800.0
2018-05-17,211.0,212.4,208.0,211.7,210.64349614395888,19450,343,4097016.0,7361.0,37.85,4.4,0.7,1526495400.0
2018-05-16,210.5,212.95,209.4,209.95,210.39593947815345,12954,294,2725469.0,8017.0,61.89,3.55,-0.55,1526409000.0
2018-05-15,212.4,216.9,210.0,211.0,213.8431703204047,10081,309,2155753.0,4193.0,41.59,6.9,-1.4,1526322600.0
2018-05-14,219.0,219.0,212.0,214.55,215.483679987536,12837,304,2766164.0,6758.0,52.64,7.0,-4.45,1526236200.0
2018-05-11,216.65,220.85,216.65,217.95,218.11658311215965,10173,240,2218900.0,4057.0,39.88,4.2,1.3,1525977000.0
2018-05-10,222.45,223.35,219.5,220.4,221.0350763933721,9294,174,2054300.0,4017.0,43.22,3.85,-2.05,1525890600.0
2018-05-09,219.0,223.4,217.7,221.25,221.1287338221544,20321,315,4493557.0,8523.0,41.94,5.7,2.25,1525804200.0
2018-05-08,216.6,220.4,216.6,219.05,218.55144319344933,24425,536,5338119.0,4742.0,19.41,3.8,2.45,1525717800.0
2018-05-07,218.8,219.05,215.55,217.2,217.02538692795903,17962,589,3898210.0,2700.0,15.03,3.5,-1.6,1525631400.0
2018-05-04,219.6,219.95,216.0,216.8,217.9226011367436,11964,228,2607226.0,6997.0,58.48,3.95,-2.8,1525372200.0
2018-05-03,221.5,221.5,217.1,219.35,219.47775,4000,99,877911.0,2037.0,50.92,4.4,-2.15,1525285800.0
2018-05-02,221.85,222.0,219.9,221.0,221.0736502141403,14243,283,3148752.0,7987.0,56.08,2.1,-0.85,1525199400.0
2018-04-30,220.75,222.55,219.15,219.95,220.58272148800785,8172,147,1802602.0,3784.0,46.3,3.4,-0.8,1525026600.0
2018-04-27,219.0,221.7,217.85,219.5,219.09332234130252,6065,141,1328801.0,3125.0,51.53,3.85,0.5,1524767400.0
2018-04-26,220.0,220.1,215.2,216.5,217.30134793597304,11870,268,2579367.0,6012.0,50.65,4.9,-3.5,1524681000.0
2018-04-25,219.75,224.1,217.55,218.65,220.58430961389436,21937,379,4838958.0,9989.0,45.53,6.55,-1.1,1524594600.0
2018-04-24,221.45,221.9,218.15,218.9,220.05261081152176,7603,159,1673060.0,4414.0,58.06,3.75,-2.55,1524508200.0
2018-04-23,221.0,223.2,219.0,219.65,221.00155725922377,8348,169,1844921.0,5633.0,67.48,4.2,-1.35,1524421800.0
2018-04-20,220.5,222.85,219.8,220.55,220.67980820458175,5631,138,1242648.0,3682.0,65.39,3.05,0.05,1524162600.0
2018-04-19,224.55,225.0,220.6,221.7,222.6299850714438,4689,127,1043912.0,2507.0,53.47,4.4,-2.85,1524076200.0
2018-04-18,222.05,224.65,222.05,222.25,222.9901725517084,8751,133,1951387.0,5338.0,61.0,2.6,0.2,1523989800.0
2018-04-17,224.65,225.45,222.2,223.45,223.24785312407465,3377,87,753908.0,1790.0,53.01,3.25,-1.2,1523903400.0
2018-04-16,222.95,224.45,221.7,223.0,222.93591101694915,3776,122,841806.0,2090.0,55.35,2.75,0.05,1523817000.0
2018-04-13,225.45,225.45,222.25,223.05,223.35774058577405,3346,92,747355.0,2172.0,64.91,3.2,-2.4,1523557800.0
2018-04-12,226.35,226.7,224.05,225.05,225.47773605150212,3728,102,840581.0,2085.0,55.93,2.65,-1.3,1523471400.0
2018-04-11,223.9,229.0,221.9,225.9,225.20556567831704,6037,160,1359566.0,3899.0,64.59,7.1,2.0,1523385000.0
2018-04-10,225.0,227.65,224.3,225.9,225.92190711056307,7299,222,1649004.0,4032.0,55.24,3.35,0.9,1523298600.0
2018-04-09,223.8,226.0,222.35,224.25,224.2087037037037,5400,138,1210727.0,2000.0,37.04,3.65,0.45,1523212200.0
2018-04-06,221.05,224.1,214.35,222.85,220.84597243717295,13569,228,2996659.0,7459.0,54.97,9.75,1.8,1522953000.0
2018-04-05,222.0,224.9,222.0,224.25,223.34119933370349,7204,148,1608950.0,4015.0,55.73,2.9,2.25,1522866600.0
2018-04-04,224.75,224.75,218.6,219.35,221.55368665264987,13793,259,3055890.0,7825.0,56.73,6.15,-5.4,1522780200.0
2018-04-03,220.0,223.45,219.1,220.5,221.1179185135709,16469,289,3641591.0,7540.0,45.78,4.35,0.5,1522693800.0
2018-04-02,217.2,221.5,217.2,220.5,220.2622150632108,20487,204,4512512.0,14357.0,70.08,4.3,3.3,1522607400.0
2018-03-28,216.3,219.5,214.1,217.2,216.92476661175175,9105,190,1975100.0,5817.0,63.89,5.4,0.9,1522175400.0
2018-03-27,215.45,219.0,215.1,216.7,216.888295811631,23231,407,5038532.0,13144.0,56.58,3.9,1.25,1522089000.0
2018-03-26,214.8,221.5,211.4,212.4,213.87272498268152,31758,408,6792170.0,21231.0,66.85,10.1,-2.4,1522002600.0
2018-03-23,213.9,218.75,213.0,214.8,215.65939933259176,26970,364,5816334.0,19884.0,73.73,5.75,0.9,1521743400.0
2018-03-22,220.0,220.0,216.3,216.85,217.1967645121148,27322,186,5934250.0,14134.0,51.73,3.7,-3.15,1521657000.0
2018-03-21,218.1,224.4,218.1,219.0,220.9859926539252,16063,250,3549698.0,9034.0,56.24,6.3,0.9,1521570600.0
2018-03-20,220.3,223.45,218.55,219.75,220.032532668221,18443,187,4058060.0,15298.0,82.95,4.9,-0.55,1521484200.0
2018-03-19,228.0,228.0,221.0,222.3,222.88773281952473,7785,189,1735181.0,3964.0,50.92,7.0,-5.7,1521397800.0
2018-03-16,229.9,234.8,226.15,227.5,230.9232562309485,11154,233,2575718.0,4410.0,39.54,8.65,-2.4,1521138600.0
2018-03-15,224.95,235.0,224.95,230.2,230.25880622713248,27878,599,6419155.0,7340.0,26.33,10.05,5.25,1521052200.0
2018-03-14,225.7,226.75,223.0,223.95,224.53741430916287,10357,193,2325534.0,6426.0,62.04,3.75,-1.75,1520965800.0
2018-03-13,227.85,228.0,224.3,225.05,225.97791093878513,8511,189,1923298.0,4127.0,48.49,3.7,-2.8,1520879400.0
2018-03-12,223.5,229.0,223.5,225.2,225.7694178876506,17677,261,3990926.0,10237.0,57.91,5.5,1.7,1520793000.0
2018-03-09,222.65,231.5,222.65,224.5,227.20699593128393,17696,360,4020655.0,5119.0,28.93,8.85,1.85,1520533800.0
2018-03-08,225.8,225.8,219.45,223.95,222.5083645443196,8010,181,1782292.0,4445.0,55.49,6.35,-1.85,1520447400.0
2018-03-07,226.0,227.7,221.0,222.5,222.5739390994493,12348,308,2748343.0,7110.0,57.58,6.7,-3.5,1520361000.0
2018-03-06,230.85,231.4,227.0,227.7,228.80871292748688,7047,156,1612415.0,3811.0,54.08,4.4,-3.15,1520274600.0
2018-03-05,230.0,231.0,227.5,228.4,228.87749428553775,16187,255,3704840.0,7763.0,47.96,3.5,-1.6,1520188200.0
2018-03-01,232.0,234.0,230.8,231.55,232.16031472830093,12201,229,2832588.0,4236.0,34.72,3.2,-0.45,1519842600.0
2018-02-28,228.0,234.35,228.0,231.35,231.93355688027816,8052,143,1867529.0,2791.0,34.66,6.35,3.35,1519756200.0
2018-02-27,233.0,234.35,229.95,230.7,231.63214679477085,12698,203,2941265.0,8739.0,68.82,4.4,-2.3,1519669800.0
2018-02-26,234.25,237.15,231.0,232.05,232.87324809441847,8134,206,1894191.0,3322.0,40.84,6.15,-2.2,1519583400.0
2018-02-23,228.4,231.5,211.5,230.35,227.01260044695923,21031,305,4774302.0,9869.0,46.93,20.0,1.95,1519324200.0
2018-02-22,230.4,230.45,227.0,228.85,229.1491338430272,10333,257,2367798.0,4699.0,45.48,3.45,-1.55,1519237800.0
2018-02-21,231.0,232.2,228.5,229.7,230.12958611964575,11066,238,2546614.0,4450.0,40.21,3.7,-1.3,1519151400.0
2018-02-20,233.2,233.2,228.55,229.1,230.7105583015963,12341,260,2847199.0,6484.0,52.54,4.65,-4.1,1519065000.0
2018-02-19,233.8,242.15,231.5,233.3,234.35345648447915,21004,355,4922360.0,9036.0,43.02,10.65,-0.5,1518978600.0
2018-02-16,236.1,238.0,232.55,233.0,234.5933197556008,12275,213,2879633.0,4974.0,40.52,5.45,-3.1,1518719400.0
2018-02-15,240.5,240.5,231.0,235.7,236.75563632532655,18984,357,4494569.0,10144.0,53.43,9.5,-4.8,1518633000.0
2018-02-14,248.1,248.1,236.0,237.15,240.90425834790744,24587,399,5923113.0,12935.0,52.61,12.1,-10.95,1518546600.0
2018-02-12,246.95,248.75,245.3,246.15,246.9003328236035,11117,240,2744791.0,6403.0,57.6,3.45,-0.8,1518373800.0
2018-02-09,237.0,247.65,236.95,243.7,243.41866139902396,60242,1034,14664027.0,24100.0,40.01,10.7,6.7,1518114600.0
2018-02-08,237.9,237.9,231.35,235.6,235.6562519987208,31270,500,7368971.0,17605.0,56.3,6.55,-2.3,1518028200.0
2018-02-07,233.45,233.5,228.35,231.15,230.86491573274017,11689,264,2698580.0,5897.0,50.45,5.15,-2.3,1517941800.0
2018-02-06,224.95,229.0,221.2,227.25,224.83007381237775,31702,651,7127563.0,12259.0,38.67,7.8,2.3,1517855400.0
2018-02-05,228.0,232.0,220.55,230.35,229.29562725800423,24081,462,5521668.0,15603.0,64.79,11.45,2.35,1517769000.0
2018-02-02,236.15,238.4,228.7,232.05,232.49347350889977,48035,780,11167824.0,26649.0,55.48,9.7,-4.1,1517509800.0
2018-02-01,239.5,243.5,237.2,239.05,240.60084362497824,22996,480,5532857.0,9349.0,40.65,6.3,-0.45,1517423400.0
2018-01-31,245.0,246.0,239.3,240.05,241.62744244534727,20676,439,4995889.0,11478.0,55.51,6.7,-4.95,1517337000.0
2018-01-30,248.25,249.25,243.95,246.75,246.68043851144756,13409,276,3307738.0,8260.0,61.6,5.3,-1.5,1517250600.0
2018-01-29,249.05,254.15,248.0,248.95,250.67661273807084,48830,809,12240539.0,24617.0,50.41,6.15,-0.1,1517164200.0
2018-01-25,246.8,248.05,242.65,247.0,246.77386012796995,22349,457,5515149.0,9012.0,40.32,5.4,0.2,1516818600.0
2018-01-24,250.0,250.0,243.8,244.6,245.96949549050387,32487,858,7990811.0,10236.0,31.51,6.2,-5.4,1516732200.0
2018-01-23,250.0,253.8,247.55,248.75,249.95594802268977,24857,441,6213155.0,13709.0,55.15,6.25,-1.25,1516645800.0
2018-01-22,252.8,253.4,249.0,249.7,250.25007456009544,26824,349,6712708.0,16689.0,62.22,4.4,-3.1,1516559400.0
2018-01-19,253.2,253.6,247.45,250.9,250.09533921985025,17894,410,4475206.0,7662.0,42.82,6.15,-2.3,1516300200.0
2018-01-18,255.0,258.45,248.1,249.6,252.11130485324037,20646,435,5205090.0,9077.0,43.96,10.35,-5.4,1516213800.0
2018-01-17,256.75,258.15,247.5,253.35,252.1472220632832,52431,1237,13220331.0,20390.0,38.89,10.65,-3.4,1516127400.0
2018-01-16,267.0,267.65,249.95,253.75,258.06818019688967,56072,1143,14470399.0,23478.0,41.87,17.7,-13.25,1516041000.0
2018-01-15,266.05,270.6,265.45,266.1,267.5161454713922,21585,408,5774336.0,8350.0,38.68,5.15,0.05,1515954600.0
2018-01-12,269.05,273.8,262.0,265.05,266.71165162808944,53529,988,14276808.0,24355.0,45.5,11.8,-4.0,1515695400.0
2018-01-11,270.0,271.45,265.4,266.4,267.7666762589928,34750,669,9304892.0,14058.0,40.45,6.05,-3.6,1515609000.0
2018-01-10,275.0,276.55,268.9,269.5,271.7360382235451,51068,842,13877016.0,29038.0,56.86,7.65,-5.5,1515522600.0
2018-01-09,279.0,280.0,273.6,275.15,276.3571609457375,43437,842,12004126.0,14048.0,32.34,6.4,-3.85,1515436200.0
2018-01-08,284.9,284.9,275.5,276.4,279.85596637942007,47114,827,13185134.0,22911.0,48.63,9.4,-8.5,1515349800.0
2018-01-05,273.65,283.0,273.5,279.6,279.1910937813776,59756,1177,16683343.0,28136.0,47.08,9.5,5.95,1515090600.0
2018-01-04,273.0,276.0,270.5,273.2,273.37200109799613,18215,446,4979471.0,6739.0,37.0,5.5,0.2,1515004200.0
2018-01-03,269.0,274.3,267.6,269.2,269.7882814938105,38452,831,10373899.0,19677.0,51.17,6.7,0.2,1514917800.0
2018-01-02,273.0,274.9,266.45,267.65,269.05320366132725,13984,404,3762440.0,5814.0,41.58,8.45,-5.35,1514831400.0
2018-01-01,273.25,277.0,271.0,271.8,274.12254762581745,14068,325,3856356.0,5589.0,39.73,6.0,-1.45,1514745000.0
2017-12-29,278.85,279.15,272.6,274.55,276.10313855048526,19372,504,5348670.0,10024.0,51.74,6.55,-4.3,1514485800.0
2017-12-28,276.75,282.45,267.2,276.15,277.71728371255944,62232,1458,17282902.0,14848.0,23.86,15.25,-0.6,1514399400.0
2017-12-27,276.4,283.0,272.0,275.45,277.3117219773212,72138,1357,20004713.0,31430.0,43.57,11.0,-0.95,1514313000.0
2017-12-26,269.0,271.55,267.65,268.1,269.2169986902874,14507,373,3905531.0,7130.0,49.15,3.9,-0.9,1514226600.0
2017-12-22,269.6,275.0,268.1,270.1,272.25242138498953,23437,703,6380780.0,9621.0,41.05,6.9,0.5,1513881000.0
2017-12-21,271.4,274.5,269.1,270.85,271.89177156049027,18193,526,4946527.0,6292.0,34.58,5.4,-0.55,1513794600.0
2017-12-20,271.05,276.4,266.0,267.95,272.9047079050371,54674,1359,14920792.0,20404.0,37.32,10.4,-3.1,1513708200.0
2017-12-19,254.75,272.0,253.8,269.9,263.5066170264078,66344,1367,17482083.0,33432.0,50.39,18.2,15.15,1513621800.0
2017-12-18,246.2,253.95,238.8,252.95,249.61967061720796,25988,868,6487116.0,9300.0,35.79,15.15,6.75,1513535400.0
2017-12-15,252.8,253.15,246.65,247.55,249.11237853823403,11835,505,2948245.0,4466.0,37.74,6.5,-5.25,1513276200.0
2017-12-14,253.25,254.5,244.7,247.65,248.3536487108656,17376,875,4315393.0,7961.0,45.82,9.8,-5.6,1513189800.0
2017-12-13,257.0,257.2,251.55,252.4,254.18173273621937,18087,554,4597385.0,8851.0,48.94,5.65,-4.6,1513103400.0
2017-12-12,259.6,263.8,256.0,257.0,258.01467860311317,24798,1592,6398248.0,10230.0,41.25,7.8,-2.6,1513017000.0
2017-12-11,267.7,269.4,258.0,258.65,260.8227328682807,34118,761,8898750.0,22878.0,67.06,11.4,-9.05,1512930600.0
2017-12-08,264.65,269.0,263.25,264.6,266.468413438354,12442,293,3315400.0,5442.0,43.74,5.75,-0.05,1512671400.0
2017-12-07,263.0,265.8,262.35,264.7,264.53615008331985,18603,518,4921166.0,6367.0,34.23,3.45,1.7,1512585000.0
2017-12-06,261.0,266.4,258.35,260.5,261.95996178809247,35591,671,9323417.0,21304.0,59.86,8.05,-0.5,1512498600.0
2017-12-05,268.95,269.1,262.6,263.05,265.0214137972989,24657,653,6534633.0,12013.0,48.72,6.5,-5.9,1512412200.0
2017-12-04,270.45,290.05,263.05,277.35,273.51312333200246,47587,1264,13015669.0,8972.0,18.85,27.0,6.9,1512325800.0
2017-12-01,280.95,282.0,269.0,271.75,274.8790734586578,20161,550,5541837.0,7139.0,35.41,13.0,-9.2,1512066600.0
2017-11-30,281.45,283.0,278.35,279.35,280.5110730376293,15759,467,4420574.0,5653.0,35.87,4.65,-2.1,1511980200.0
2017-11-29,284.0,293.0,281.0,283.7,287.15371977932824,49304,1203,14157827.0,15497.0,31.43,12.0,-0.3,1511893800.0
2017-11-28,281.95,287.4,279.45,283.15,283.3964333638008,51421,1304,14572528.0,13447.0,26.15,7.95,1.2,1511807400.0
2017-11-27,277.9,284.0,276.15,280.65,281.177935832531,32197,799,9053086.0,10466.0,32.51,7.85,2.75,1511721000.0
2017-11-24,283.0,288.45,277.0,279.3,283.7629424386992,48001,1301,13620905.0,16259.0,33.87,11.45,-3.7,1511461800.0
2017-11-23,264.15,287.0,263.1,280.85,279.42124367878336,136643,2983,38180957.0,32695.0,23.93,23.9,16.7,1511375400.0
2017-11-22,267.8,267.8,262.0,262.45,264.57028685600113,14014,314,3707688.0,4278.0,30.53,5.8,-5.35,1511289000.0
2017-11-21,266.55,267.05,263.55,264.95,265.15109836386154,15341,431,4067683.0,5249.0,34.22,3.5,-1.6,1511202600.0
2017-11-20,262.5,265.9,262.5,264.95,264.31906260930396,14295,370,3778441.0,5358.0,37.48,3.4,2.45,1511116200.0
2017-11-17,262.0,267.75,261.5,262.95,263.913718063723,30099,763,7943539.0,6373.0,21.17,6.25,0.95,1510857000.0
2017-11-16,264.1,265.45,258.15,262.55,262.6084464057409,24247,620,6367467.0,8835.0,36.44,7.3,-1.55,1510770600.0
2017-11-15,258.0,271.9,256.15,262.3,265.50794488903557,60605,1670,16091109.0,17945.0,29.61,15.75,4.3,1510684200.0
2017-11-14,263.0,263.0,254.45,256.8,257.5828107376494,22165,637,5709323.0,8343.0,37.64,8.55,-6.2,1510597800.0
2017-11-13,270.0,270.0,257.5,258.9,261.30108487949207,64892,1653,16956350.0,20035.0,30.87,12.5,-11.1,1510511400.0
2017-11-10,283.6,285.0,272.0,274.1,278.12797099503155,52129,1191,14498533.0,17656.0,33.87,13.0,-9.5,1510252200.0
2017-11-09,296.95,300.0,279.0,281.7,287.31699700785185,99594,2195,28615049.0,32156.0,32.29,21.0,-15.25,1510165800.0
2017-11-08,282.0,302.0,282.0,290.6,293.20284190401316,223864,4988,65637561.0,63264.0,28.26,20.0,8.6,1510079400.0
2017-11-07,258.8,293.0,258.0,278.8,277.0790229677643,484897,9910,134354787.0,102460.0,21.13,35.0,20.0,1509993000.0
2017-11-06,245.9,258.0,243.0,253.15,252.00828304991768,72920,1529,18376444.0,28480.0,39.06,15.0,7.25,1509906600.0
2017-11-03,245.95,247.95,242.25,244.15,244.94807181963805,41827,643,10245443.0,17451.0,41.72,5.7,-1.8,1509647400.0
2017-11-02,242.5,249.0,241.1,243.15,244.56773765438703,46717,1002,11425471.0,17163.0,36.74,7.9,0.65,1509561000.0
2017-11-01,237.45,244.6,236.35,240.2,240.70675194743785,40181,757,9671838.0,14753.0,36.72,8.25,2.75,1509474600.0
2017-10-31,238.75,238.75,233.4,235.5,235.31231159765193,12606,289,2966347.0,6703.0,53.17,5.35,-3.25,1509388200.0
2017-10-30,237.45,241.95,236.1,237.65,238.45850160144823,28724,505,6849482.0,14565.0,50.71,5.85,0.2,1509301800.0
2017-10-27,232.8,237.0,230.7,235.8,234.08291442933847,35012,670,8195711.0,12002.0,34.28,6.3,3.0,1509042600.0
2017-10-26,226.55,229.0,225.0,228.2,227.9947637748423,8403,187,1915840.0,4422.0,52.62,4.0,1.65,1508956200.0
2017-10-25,230.15,231.0,223.0,226.5,227.74608479755537,10472,269,2384957.0,6947.0,66.34,8.0,-3.65,1508869800.0
2017-10-24,224.15,229.3,224.15,227.6,226.17096889524487,13985,324,3163001.0,8442.0,60.36,5.15,3.45,1508783400.0
2017-10-23,224.25,226.05,224.0,224.3,224.57814021421615,8216,206,1845134.0,4384.0,53.36,2.05,0.05,1508697000.0
2017-10-19,224.2,226.5,222.0,223.75,224.3003742981909,9618,231,2157321.0,5688.0,59.14,4.5,-0.45,1508351400.0
2017-10-18,223.15,225.0,222.25,222.55,223.64767913474537,11095,240,2481371.0,5965.0,53.76,2.75,-0.6,1508265000.0
2017-10-17,225.6,226.0,221.55,224.35,223.80072727272727,6875,190,1538630.0,3976.0,57.83,4.45,-1.25,1508178600.0
2017-10-16,225.9,226.95,221.65,223.0,224.1460783446812,11309,288,2534868.0,6589.0,58.26,5.3,-2.9,1508092200.0
2017-10-13,226.5,228.0,222.05,224.3,225.4561059907834,8680,240,1956959.0,4234.0,48.78,5.95,-2.2,1507833000.0
2017-10-12,220.6,225.6,216.1,223.75,222.34870588235293,6375,192,1417473.0,2529.0,39.67,9.5,3.15,1507746600.0
2017-10-11,225.05,226.65,220.0,220.25,223.0289637755505,12671,327,2826000.0,6912.0,54.55,6.65,-4.8,1507660200.0
2017-10-10,226.9,228.7,222.3,224.45,226.03167736533632,7166,227,1619743.0,3991.0,55.69,6.4,-2.45,1507573800.0
2017-10-09,226.15,228.75,225.05,227.25,226.37234159779612,9075,314,2054329.0,4031.0,44.42,3.7,1.1,1507487400.0
2017-10-06,218.05,236.2,218.0,228.15,226.8932532673967,28310,750,6423348.0,8669.0,30.62,18.2,10.1,1507228200.0
2017-10-05,229.0,229.0,216.5,218.15,217.81131386861315,8220,221,1790409.0,4983.0,60.62,12.5,-10.85,1507141800.0
2017-10-04,220.85,223.5,218.25,219.45,220.54801689313257,10892,309,2402209.0,4055.0,37.23,5.25,-1.4,1507055400.0
2017-10-03,228.5,228.5,217.25,217.9,220.48593065557947,13469,283,2969725.0,8184.0,60.76,11.25,-10.6,1506969000.0
2017-09-29,219.05,220.45,217.55,217.8,218.68313140726931,4292,148,938588.0,2009.0,46.81,2.9,-1.25,1506623400.0
2017-09-28,216.15,219.3,216.15,218.3,218.2017082785808,3044,100,664206.0,1864.0,61.24,3.15,2.15,1506537000.0
2017-09-27,221.8,221.8,216.0,218.05,219.19673224408135,8997,303,1972113.0,4429.0,49.23,5.8,-3.75,1506450600.0
2017-09-26,220.85,224.2,218.5,220.05,221.18388228415515,10262,354,2269789.0,3702.0,36.07,5.7,-0.8,1506364200.0
2017-09-25,225.3,226.5,218.5,221.65,221.29079265503495,15303,446,3386413.0,6849.0,44.76,8.0,-3.65,1506277800.0
2017-09-22,229.05,230.2,226.4,227.3,228.72808312178995,16939,253,3874425.0,12968.0,76.56,3.8,-1.75,1506018600.0
2017-09-21,234.15,235.5,227.15,230.95,232.09035166816952,22180,475,5147764.0,8084.0,36.45,8.35,-3.2,1505932200.0
2017-09-20,233.35,236.95,231.0,235.8,234.77897046896615,20961,407,4921202.0,11074.0,52.83,5.95,2.45,1505845800.0
2017-09-19,231.55,233.75,229.6,232.4,231.7290219505418,14396,299,3335971.0,9156.0,63.6,4.15,0.85,1505759400.0
2017-09-18,232.1,232.1,228.0,230.4,229.09427347097775,17969,335,4116595.0,9195.0,51.17,4.1,-1.7,1505673000.0
2017-09-15,230.55,231.0,228.8,230.15,229.95281336143992,12334,361,2836238.0,6361.0,51.57,2.2,-0.4,1505413800.0
2017-09-14,232.0,233.9,231.0,231.45,232.01170329207713,11877,192,2755603.0,8292.0,69.82,2.9,-0.55,1505327400.0
2017-09-13,234.4,235.15,230.0,230.7,233.37726985274188,11069,276,2583253.0,4621.0,41.75,5.15,-3.7,1505241000.0
2017-09-12,232.05,235.0,231.15,231.45,233.2247998693024,12242,310,2855138.0,5201.0,42.48,3.85,-0.6,1505154600.0
2017-09-11,233.9,233.9,230.1,231.4,231.66877170824125,12668,309,2934780.0,6801.0,53.69,3.8,-2.5,1505068200.0
2017-09-08,237.0,237.7,231.95,232.45,233.9041628545288,8744,236,2045258.0,4225.0,48.32,5.75,-4.55,1504809000.0
2017-09-07,237.25,237.6,235.05,236.3,236.50828879427485,11039,285,2610815.0,4495.0,40.72,2.55,-0.95,1504722600.0
2017-09-06,236.3,239.7,236.25,238.4,237.96206425153795,11704,303,2785108.0,4948.0,42.28,3.45,2.1,1504636200.0
2017-09-05,243.15,248.0,243.15,245.3,245.5529266111837,14539,319,3570094.0,9196.0,63.25,4.85,2.15,1504549800.0
2017-09-04,245.0,247.55,240.1,245.5,244.42297622787729,9549,280,2333995.0,3843.0,40.25,7.45,0.5,1504463400.0
2017-09-01,239.1,247.0,239.1,245.05,244.70284455387804,15433,357,3776499.0,6944.0,44.99,7.9,5.95,1504204200.0
2017-08-31,238.8,241.2,238.8,240.3,240.3850104622408,5257,149,1263704.0,,,2.4,1.5,1504117800.0
2017-08-30,237.0,241.0,237.0,240.2,239.90067312428167,6091,155,1461235.0,3636.0,59.69,4.0,3.2,1504031400.0
2017-08-29,239.5,239.5,235.7,237.9,237.88168670500087,5739,192,1365203.0,2711.0,47.24,3.8,-1.6,1503945000.0
2017-08-28,243.55,243.55,238.5,239.1,240.0373878867278,9923,248,2381891.0,5664.0,57.08,5.05,-4.45,1503858600.0
2017-08-24,239.1,240.25,237.1,239.45,239.05802636442036,8117,189,1940434.0,3251.0,40.05,3.15,0.35,1503513000.0
2017-08-23,240.0,240.25,235.3,239.75,238.5142189861245,7279,251,1736145.0,3183.0,43.73,4.95,-0.25,1503426600.0
2017-08-22,236.0,242.95,236.0,237.35,239.4635682788549,14287,438,3421216.0,6589.0,46.12,6.95,1.35,1503340200.0
2017-08-21,240.0,242.3,237.3,238.6,239.55953126397708,11179,283,2678036.0,5208.0,46.59,5.0,-1.4,1503253800.0
2017-08-18,241.4,242.5,235.6,239.3,240.43682621819747,25509,441,6133303.0,12571.0,49.28,6.9,-2.1,1502994600.0
2017-08-17,238.7,247.0,236.3,245.05,244.22326227429193,16559,462,4044093.0,4842.0,29.24,10.7,6.35,1502908200.0
2017-08-16,229.5,241.0,229.5,239.6,234.47193603777637,18636,562,4369619.0,9013.0,48.36,11.5,10.1,1502821800.0
2017-08-14,227.9,231.9,227.7,229.95,229.7098745106648,27333,643,6278660.0,16571.0,60.63,4.2,2.05,1502649000.0
2017-08-11,226.65,229.6,220.0,226.95,224.19150392736185,27754,749,6222211.0,12110.0,43.63,9.6,0.3,1502389800.0
2017-08-10,237.0,237.0,227.05,228.7,230.5344822164219,31799,766,7330766.0,14176.0,44.58,9.95,-8.3,1502303400.0
2017-08-09,245.5,247.0,241.6,242.65,244.39609422891672,11419,349,2790759.0,5757.0,50.42,5.4,-2.85,1502217000.0
2017-08-08,251.0,252.15,246.0,247.45,248.62852591134848,10671,286,2653115.0,5854.0,54.86,6.15,-3.55,1502130600.0
2017-08-07,246.9,252.0,246.9,251.65,250.59599769835688,15641,374,3919572.0,8553.0,54.68,5.1,4.75,1502044200.0
2017-08-04,249.5,249.5,245.0,246.95,246.42037376748448,17444,433,4298557.0,8830.0,50.62,4.5,-2.55,1501785000.0
2017-08-03,254.0,254.1,248.7,249.45,252.4547657034805,16923,477,4272292.0,8063.0,47.65,5.4,-4.55,1501698600.0
2017-08-02,249.1,254.8,247.85,253.9,252.36061306268095,34189,791,8627957.0,15597.0,45.62,6.95,4.8,1501612200.0
2017-08-01,250.6,252.15,247.0,249.1,249.39757547679716,12951,487,3229948.0,5700.0,44.01,5.15,-1.5,1501525800.0
2017-07-31,249.05,254.9,248.55,250.85,251.065784596082,35069,648,8804626.0,21650.0,61.74,6.35,1.8,1501439400.0
2017-07-28,246.1,252.8,244.6,249.3,249.94452544844188,29491,654,7371114.0,17051.0,57.82,8.2,3.2,1501180200.0
2017-07-27,249.25,253.0,247.1,248.9,250.02201144973264,52927,1254,13232915.0,24990.0,47.22,5.9,-0.35,1501093800.0
2017-07-26,242.2,251.95,242.2,248.0,247.93376803501633,55517,1261,13764539.0,29482.0,53.1,9.75,5.8,1501007400.0
2017-07-25,243.8,243.8,240.3,241.6,241.52820653666572,18205,478,4397021.0,8765.0,48.15,3.5,-2.2,1500921000.0
2017-07-24,245.35,246.45,240.0,242.25,242.53838895084496,34971,714,8481810.0,21110.0,60.36,6.45,-3.1,1500834600.0
2017-07-21,246.95,248.4,243.15,245.1,246.497564263611,32639,837,8045434.0,12668.0,38.81,5.25,-1.85,1500575400.0
2017-07-20,244.5,246.5,240.6,244.7,243.34650340343003,26297,693,6399283.0,13186.0,50.14,5.9,0.2,1500489000.0
2017-07-19,242.0,244.0,239.55,242.6,241.6942053192856,15566,493,3762212.0,9577.0,61.53,4.45,0.6,1500402600.0
2017-07-18,239.1,244.0,237.6,240.0,241.01145780788357,27754,752,6689032.0,13807.0,49.75,6.4,0.9,1500316200.0
2017-07-17,242.0,246.8,236.1,242.05,243.50836588541665,30720,913,7480577.0,8714.0,28.37,10.7,0.05,1500229800.0
2017-07-14,243.5,243.85,239.0,240.5,241.3674076522601,24202,521,5841574.0,11793.0,48.73,4.85,-3.0,1499970600.0
2017-07-13,245.0,248.0,244.1,244.75,245.68389312508944,48917,940,12018119.0,26529.0,54.23,3.9,-0.25,1499884200.0
2017-07-12,240.2,243.9,236.1,240.05,240.82339099630232,38673,780,9313363.0,17715.0,45.81,7.8,-0.15,1499797800.0
2017-07-11,244.4,244.8,236.2,238.1,240.01599055327316,40649,854,9756410.0,23306.0,57.33,8.6,-6.3,1499711400.0
2017-07-10,243.4,245.5,240.0,242.65,242.35706773208244,297599,3000,72125221.0,165809.0,55.72,5.5,-0.75,1499625000.0
2017-07-07,225.4,237.6,222.0,233.35,230.97041725135315,34919,599,8065256.0,16632.0,47.63,15.6,7.95,1499365800.0
2017-07-06,229.65,229.7,224.45,224.95,226.18684568049227,12513,366,2830276.0,6886.0,55.03,5.25,-4.7,1499279400.0
2017-07-05,222.3,227.5,222.3,227.2,225.4690707503156,18219,420,4107821.0,8588.0,47.14,5.2,4.9,1499193000.0
2017-07-04,219.9,220.9,218.1,219.55,219.3739909256968,16971,281,3722996.0,11398.0,67.16,2.8,-0.35,1499106600.0
2017-07-03,221.3,223.8,217.75,218.15,220.72828487016017,32155,701,7097518.0,13481.0,41.93,6.05,-3.15,1499020200.0
2017-06-30,216.5,221.5,214.9,217.75,218.61380064386807,16463,306,3599039.0,9053.0,54.99,6.6,1.25,1498761000.0
2017-06-29,218.1,219.15,216.55,217.15,217.80400479837596,10837,534,2360342.0,5792.0,53.45,2.6,-0.95,1498674600.0
2017-06-28,214.6,216.95,213.0,216.5,215.354948391014,8235,252,1773448.0,3655.0,44.38,3.95,1.9,1498588200.0
2017-06-27,221.0,221.6,212.95,214.6,215.12900040396784,22279,548,4792859.0,12708.0,57.04,8.65,-6.4,1498501800.0
2017-06-23,224.8,224.8,217.8,218.85,219.09861286254727,11895,342,2606178.0,6930.0,58.26,7.0,-5.95,1498156200.0
2017-06-22,225.3,225.7,216.05,217.8,221.26216908625105,22249,556,4922862.0,13527.0,60.8,9.65,-7.5,1498069800.0
2017-06-21,227.0,229.0,221.5,222.8,223.9228573937478,22776,469,5100067.0,11363.0,49.89,7.5,-4.2,1497983400.0
2017-06-20,227.0,228.05,225.55,227.0,226.89724469160768,7912,249,1795211.0,3604.0,45.55,2.5,0.0,1497897000.0
2017-06-19,228.55,232.0,227.05,227.45,228.2898459603898,12724,447,2904760.0,7617.0,59.86,4.95,-1.1,1497810600.0
2017-06-16,230.75,231.6,228.05,228.55,229.22563976377953,8128,180,1863146.0,3910.0,48.11,3.55,-2.2,1497551400.0
2017-06-15,229.0,231.0,228.0,230.35,229.48075477999495,11977,261,2748491.0,4671.0,39.0,3.0,1.35,1497465000.0
2017-06-14,228.7,230.85,228.0,229.05,229.2095724907063,12912,284,2959554.0,8299.0,64.27,2.85,0.35,1497378600.0
2017-06-13,235.0,235.0,228.0,229.05,229.5505192147351,13193,195,3028460.0,9359.0,70.94,7.0,-5.95,1497292200.0
2017-06-12,233.85,233.85,225.3,228.25,228.92895820622329,26224,718,6003433.0,12280.0,46.83,8.55,-5.6,1497205800.0
2017-06-09,236.85,237.45,233.3,234.0,235.76095543760027,16202,410,3819799.0,5872.0,36.24,4.15,-2.85,1496946600.0
2017-06-08,229.0,239.2,227.0,236.05,233.27468914784197,30722,640,7166665.0,15342.0,49.94,12.2,7.05,1496860200.0
2017-06-07,230.6,233.75,229.0,230.0,231.62555002524704,13863,304,3211025.0,7410.0,53.45,4.75,-0.6,1496773800.0
2017-06-06,233.75,234.9,230.2,231.5,232.8148609381486,9636,231,2243404.0,5366.0,55.69,4.7,-2.25,1496687400.0
2017-06-05,235.35,237.1,232.7,233.45,233.95011709601877,12810,304,2996901.0,6324.0,49.37,4.4,-1.9,1496601000.0
2017-06-02,236.5,237.25,235.0,235.7,235.96926530259864,11583,230,2733232.0,5067.0,43.75,2.25,-0.8,1496341800.0
2017-06-01,236.0,239.9,233.25,233.85,236.04906176700547,20464,330,4830508.0,13124.0,64.13,6.65,-2.15,1496255400.0
2017-05-31,237.75,238.0,232.95,235.85,235.35398279835852,17789,491,4186712.0,6261.0,35.2,5.05,-1.9,1496169000.0
2017-05-30,231.0,241.0,226.55,235.4,236.21033797216697,35210,1039,8316966.0,14793.0,42.01,14.45,4.4,1496082600.0
2017-05-29,232.0,236.6,228.0,231.55,232.05427974947807,20118,671,4668468.0,6112.0,30.38,8.6,-0.45,1495996200.0
2017-05-26,226.8,233.75,221.15,229.85,228.05241801000557,17990,492,4102663.0,7625.0,42.38,12.6,3.05,1495737000.0
2017-05-25,220.5,222.3,218.0,220.5,220.38462581344905,7376,294,1625557.0,4142.0,56.16,4.3,0.0,1495650600.0
2017-05-24,224.0,224.7,215.9,217.55,219.2201503610644,20218,548,4432193.0,11159.0,55.19,8.8,-6.45,1495564200.0
2017-05-23,233.05,233.05,218.0,221.55,222.07596132877808,27514,749,6110198.0,14999.0,54.51,15.05,-11.5,1495477800.0
2017-05-22,235.0,235.0,230.15,230.75,231.75475923852184,8037,247,1862613.0,4197.0,52.22,4.85,-4.25,1495391400.0
2017-05-19,234.8,238.95,231.0,231.95,233.4315761798344,15214,313,3551428.0,7910.0,51.99,7.95,-2.85,1495132200.0
2017-05-18,239.6,240.55,233.95,235.25,236.4229508196721,11590,300,2740142.0,5756.0,49.66,6.6,-4.35,1495045800.0
2017-05-17,240.8,242.0,240.0,241.75,241.24036740094965,12847,210,3099215.0,7992.0,62.21,2.0,0.95,1494959400.0
2017-05-16,242.0,244.0,239.95,241.25,242.00192285281437,17162,385,4153237.0,9488.0,55.28,4.05,-0.75,1494873000.0
2017-05-15,234.05,242.0,232.5,240.4,237.68780225685117,33498,529,7962066.0,16416.0,49.01,9.5,6.35,1494786600.0
2017-05-12,231.8,234.4,230.85,231.4,232.1992191219884,10501,213,2438324.0,6150.0,58.57,3.55,-0.4,1494527400.0
2017-05-11,230.2,233.5,230.2,231.7,232.0805179517363,33980,335,7886096.0,13404.0,39.45,3.3,1.5,1494441000.0
2017-05-10,234.75,238.0,231.35,232.9,234.46009347066564,22039,378,5167266.0,7869.0,35.7,6.65,-1.85,1494354600.0
2017-05-09,232.15,233.9,229.95,231.3,231.32725839818735,10151,280,2348203.0,5308.0,52.29,3.95,-0.85,1494268200.0
2017-05-08,233.5,233.5,232.1,232.55,232.67190961453255,9028,205,2100562.0,4328.0,47.94,1.4,-0.95,1494181800.0
2017-05-05,233.05,234.15,231.0,231.8,231.96386430678464,10848,329,2516344.0,6217.0,57.31,3.15,-1.25,1493922600.0
2017-05-04,234.0,234.75,232.5,234.05,233.59686018957345,10128,309,2365869.0,5600.0,55.29,2.25,0.05,1493836200.0
2017-05-03,235.5,238.35,233.0,233.55,235.218392945852,16104,483,3787957.0,7890.0,48.99,5.35,-1.95,1493749800.0
2017-05-02,236.3,238.2,235.05,236.5,236.62706292768007,14906,488,3527163.0,7245.0,48.6,3.15,0.2,1493663400.0
2017-04-28,236.0,236.95,234.3,235.85,235.908360548661,15310,298,3611757.0,6880.0,44.94,2.65,-0.15,1493317800.0
2017-04-27,244.0,244.0,235.0,235.9,238.06534847847425,28524,665,6790576.0,12541.0,43.97,9.0,-8.1,1493231400.0
2017-04-26,237.0,239.0,229.95,232.0,235.40224172570584,37828,798,8904796.0,13749.0,36.35,9.05,-5.0,1493145000.0
2017-04-25,236.0,237.45,234.65,235.65,236.28297005988023,20875,328,4932407.0,9305.0,44.57,2.8,-0.35,1493058600.0
2017-04-24,239.05,240.5,233.0,233.55,237.05104825504864,31147,737,7383429.0,15665.0,50.29,7.5,-5.5,1492972200.0
2017-04-21,232.35,239.4,230.85,238.35,236.00151004762455,43045,786,10158685.0,16731.0,38.87,8.55,6.0,1492713000.0
2017-04-20,231.2,236.0,231.0,231.5,232.8803530046665,31501,633,7335964.0,12543.0,39.82,5.0,0.3,1492626600.0
2017-04-19,233.85,235.75,229.6,231.9,231.7881658260549,24387,382,5652618.0,12397.0,50.83,6.15,-1.95,1492540200.0
2017-04-18,235.0,239.6,234.0,235.1,237.2023860955103,30091,497,7137657.0,11044.0,36.7,5.6,0.1,1492453800.0
2017-04-17,240.9,240.9,232.5,234.5,234.0321149751597,39452,655,9233035.0,18099.0,45.88,8.4,-6.4,1492367400.0
2017-04-13,236.0,241.9,232.0,234.0,237.70514734774065,50900,810,12099192.0,23321.0,45.82,9.9,-2.0,1492021800.0
2017-04-12,246.1,246.8,236.9,237.8,240.7430745277753,34041,696,8195135.0,19344.0,56.83,9.9,-8.3,1491935400.0
2017-04-11,244.3,252.0,241.15,244.3,247.4872405504164,134371,1965,33255108.0,64810.0,48.23,10.85,0.0,1491849000.0
2017-04-10,244.5,246.0,241.0,242.75,243.4912794958229,20469,469,4984023.0,8780.0,42.89,5.0,-1.75,1491762600.0
2017-04-07,244.6,248.85,243.0,243.75,245.52947524203,32434,626,7963503.0,12149.0,37.46,5.85,-0.85,1491503400.0
2017-04-06,247.7,250.0,243.55,244.3,246.23805277136927,51581,1091,12701205.0,24097.0,46.72,6.45,-3.4,1491417000.0
2017-04-05,239.2,246.4,237.5,244.1,242.30041035225287,49226,1046,11927480.0,19765.0,40.15,8.9,4.9,1491330600.0
2017-04-03,236.65,243.0,235.5,238.0,238.86302554310623,27757,704,6630121.0,9142.0,32.94,7.5,1.35,1491157800.0
2017-03-31,241.4,241.4,234.6,235.55,236.49671187833948,24330,580,5753965.0,12450.0,51.17,6.8,-5.85,1490898600.0
2017-03-30,236.0,239.0,233.1,235.0,235.88246498448612,148577,383,35046709.0,139680.0,94.01,5.9,-1.0,1490812200.0
2017-03-29,237.0,237.35,233.0,235.2,234.52621902171833,26107,434,6122776.0,10259.0,39.3,4.35,-1.8,1490725800.0
2017-03-28,237.6,240.0,234.7,236.1,237.090487630126,23727,428,5625446.0,12565.0,52.96,5.3,-1.5,1490639400.0
2017-03-27,237.95,238.0,233.75,234.4,235.3899204244032,15834,489,3727164.0,6295.0,39.76,4.25,-3.55,1490553000.0
2017-03-24,239.8,242.45,233.5,235.75,239.50498853174776,474789,1571,113714334.0,17362.0,3.66,8.95,-4.05,1490293800.0
2017-03-23,232.65,242.95,232.25,237.3,238.97848152883088,1088832,2610,260207418.0,21680.0,1.99,10.7,4.65,1490207400.0
2017-03-22,233.5,235.0,230.8,231.55,232.57720475204331,689556,2587,160375007.0,25944.0,3.76,4.2,-1.95,1490121000.0
2017-03-21,244.3,244.95,233.75,236.4,238.2949964312963,40631,1761,9682164.0,18551.0,45.66,11.2,-7.9,1490034600.0
2017-03-20,230.0,246.5,223.8,243.7,232.08042282348336,1032866,3387,239707978.0,53120.0,5.14,22.7,13.7,1489948200.0
2017-03-17,232.9,236.45,226.65,228.55,232.5831436409269,51399,1721,11954541.0,22624.0,44.02,9.8,-4.35,1489689000.0
2017-03-16,213.0,231.0,213.0,228.5,225.21060948661287,77836,2276,17529493.0,28473.0,36.58,18.0,15.5,1489602600.0
2017-03-15,213.0,217.9,211.8,213.2,213.2658302293668,15303,567,3263607.0,8460.0,55.28,6.1,0.2,1489516200.0
2017-03-14,220.5,221.1,212.1,213.0,214.5979084024522,19411,845,4165560.0,9838.0,50.68,9.0,-7.5,1489429800.0
2017-03-10,219.9,221.4,215.65,216.1,217.9685725104127,13205,347,2878275.0,5736.0,43.44,5.75,-3.8,1489084200.0
2017-03-09,219.0,219.35,216.95,218.5,218.3873306813032,19859,620,4336954.0,10875.0,54.76,2.4,-0.5,1488997800.0
2017-03-08,221.05,221.45,218.0,218.55,219.3743612047407,18394,584,4035172.0,9461.0,51.44,3.45,-2.5,1488911400.0
2017-03-07,218.9,222.5,217.1,218.4,219.49361702127655,19270,739,4229642.0,7169.0,37.2,5.4,-0.5,1488825000.0
2017-03-06,222.9,224.6,217.0,218.5,221.425695797228,44661,1101,9889093.0,23037.0,51.58,7.6,-4.4,1488738600.0
2017-03-03,210.5,221.5,209.75,219.7,216.71018359030373,47606,1341,10316705.0,21433.0,45.02,11.75,9.2,1488479400.0
2017-03-02,212.9,213.65,209.75,210.55,211.68004438690585,10814,601,2289108.0,5478.0,50.66,3.9,-2.35,1488393000.0
2017-03-01,210.55,213.0,208.05,211.4,210.39667652156183,19618,718,4127562.0,9241.0,47.1,4.95,0.85,1488306600.0
2017-02-28,210.0,213.8,207.5,211.45,210.53123826889043,18647,1187,3925776.0,8818.0,47.29,6.3,1.45,1488220200.0
2017-02-27,210.95,212.0,207.9,209.95,209.8134626004786,16297,737,3419330.0,8120.0,49.83,4.1,-1.0,1488133800.0
2017-02-23,213.5,213.9,210.05,210.85,211.0442027714436,11402,317,2406326.0,5085.0,44.6,3.85,-2.65,1487788200.0
2017-02-22,216.2,216.85,210.6,212.7,213.67901741220612,17057,455,3644723.0,7783.0,45.63,6.25,-3.5,1487701800.0
2017-02-21,212.9,216.45,212.5,213.45,214.399771624322,17515,450,3755212.0,6840.0,39.05,3.95,0.55,1487615400.0
2017-02-20,208.5,217.0,207.7,211.95,213.5506115563053,33194,803,7088599.0,20405.0,61.47,9.3,3.45,1487529000.0
2017-02-17,208.35,212.0,201.0,207.9,206.98739292064005,18561,615,3841893.0,9263.0,49.91,11.0,-0.45,1487269800.0
2017-02-16,212.5,212.5,207.05,208.35,209.2408409200862,22737,405,4757509.0,17033.0,74.91,5.45,-4.15,1487183400.0
2017-02-15,215.95,218.0,209.7,211.05,212.54264434722876,27659,733,5878717.0,15423.0,55.76,8.3,-4.9,1487097000.0
2017-02-14,218.05,218.7,215.0,215.55,216.5057342208677,24938,581,5399220.0,13058.0,52.36,3.7,-2.5,1487010600.0
2017-02-13,221.05,221.05,217.1,219.45,219.7580551053485,15425,429,3389768.0,9087.0,58.91,3.95,-1.6,1486924200.0
2017-02-10,220.85,221.4,219.0,220.8,220.4196812841689,17194,287,3789896.0,10866.0,63.2,2.4,-0.05,1486665000.0
2017-02-09,223.0,223.3,218.0,218.85,220.02001702327487,34071,761,7496302.0,22919.0,67.27,5.3,-4.15,1486578600.0
2017-02-08,221.0,223.85,221.0,223.1,222.89496635933216,8026,228,1788955.0,4606.0,57.39,2.85,2.1,1486492200.0
2017-02-07,219.0,223.95,218.5,222.8,221.6302517778205,26015,660,5765711.0,17450.0,67.08,5.45,3.8,1486405800.0
2017-02-06,222.0,225.95,218.45,219.05,221.40573038512815,39753,1508,8801542.0,22952.0,57.74,7.5,-2.95,1486319400.0
2017-02-03,220.0,224.0,220.0,221.4,222.06818612286128,15839,847,3517338.0,10016.0,63.24,4.0,1.4,1486060200.0
2017-02-02,224.0,224.45,220.9,221.55,222.1172365666434,12897,901,2864646.0,6840.0,53.04,3.55,-2.45,1485973800.0
2017-02-01,224.9,225.0,218.7,223.35,221.90006755995944,17762,870,3941389.0,8299.0,46.72,6.3,-1.55,1485887400.0
2017-01-31,225.25,229.0,224.7,225.1,226.39296165678695,13327,558,3017139.0,6350.0,47.65,4.3,-0.15,1485801000.0
2017-01-30,225.9,227.3,225.0,226.35,226.12515139281388,12385,509,2800560.0,7898.0,63.77,2.3,0.45,1485714600.0
2017-01-27,227.8,228.8,225.0,225.9,226.635423317584,15662,652,3549564.0,8844.0,56.47,3.8,-1.9,1485455400.0
2017-01-25,225.4,226.75,223.4,225.3,225.27190673185407,15954,652,3593988.0,7432.0,46.58,3.35,-0.1,1485282600.0
2017-01-24,226.0,226.95,224.0,224.4,224.9377567969228,11439,474,2573063.0,8218.0,71.84,2.95,-1.6,1485196200.0
2017-01-23,226.45,228.0,224.6,225.7,226.165149983148,17802,578,4026192.0,12527.0,70.37,3.4,-0.75,1485109800.0
2017-01-20,228.0,229.75,225.25,226.45,227.2002514573094,17498,506,3975550.0,9794.0,55.97,4.5,-1.55,1484850600.0
2017-01-19,225.55,231.0,225.55,229.85,228.50042321075892,10633,415,2429645.0,4185.0,39.36,5.45,4.3,1484764200.0
2017-01-18,227.3,230.45,225.05,225.6,228.12818546484192,16952,490,3867229.0,9057.0,53.43,5.4,-1.7,1484677800.0
2017-01-17,231.0,231.0,226.15,227.2,228.45139893873613,16584,507,3788638.0,9344.0,56.34,4.85,-3.8,1484591400.0
2017-01-16,231.1,232.35,228.0,228.45,229.60618206109189,16467,509,3780925.0,8503.0,51.64,4.35,-2.65,1484505000.0
2017-01-13,231.0,237.0,230.0,230.4,232.74221708035336,28524,991,6638739.0,13755.0,48.22,7.0,-0.6,1484245800.0
2017-01-12,237.85,237.85,231.6,232.05,233.73295592397895,12365,435,2890108.0,6524.0,52.76,6.25,-5.8,1484159400.0
2017-01-11,238.9,240.95,233.05,235.25,237.1788881472299,20974,835,4974590.0,10313.0,49.17,7.9,-3.65,1484073000.0
2017-01-10,243.5,244.7,235.5,236.95,239.26780106623823,27386,970,6552588.0,12163.0,44.41,9.2,-6.55,1483986600.0
2017-01-09,231.0,246.7,230.6,241.3,241.16422434921697,77522,2423,18695533.0,24223.0,31.25,16.1,10.3,1483900200.0
2017-01-06,229.0,233.8,224.6,228.75,228.83408759397088,26737,1048,6118337.0,10437.0,39.04,9.2,-0.25,1483641000.0
2017-01-05,230.55,234.1,226.5,227.15,229.96372767857144,17920,632,4120950.0,8507.0,47.47,7.6,-3.4,1483554600.0
2017-01-04,239.0,239.4,228.7,229.65,232.2257346554719,55264,946,12833723.0,38521.0,69.7,10.7,-9.35,1483468200.0
2017-01-03,233.9,239.3,233.0,235.2,236.01289102784463,17454,749,4119369.0,9727.0,55.73,6.3,1.3,1483381800.0
2017-01-02,236.75,240.35,233.0,234.5,236.4386533391916,18208,608,4305075.0,7811.0,42.9,7.35,-2.25,1483295400.0
2016-12-30,229.1,237.0,228.0,234.9,232.2891474829244,27671,1136,6427673.0,12228.0,44.19,9.0,5.8,1483036200.0
2016-12-29,231.0,232.6,228.0,229.0,229.8358905510804,15642,524,3595093.0,6348.0,40.58,4.6,-2.0,1482949800.0
2016-12-28,234.0,238.65,228.6,230.9,235.37916280028867,19398,795,4565885.0,7740.0,39.9,10.05,-3.1,1482863400.0
2016-12-27,238.1,239.7,232.0,234.4,234.58929762910904,22481,743,5273802.0,10088.0,44.87,7.7,-3.7,1482777000.0
2016-12-26,243.5,249.95,232.5,237.6,242.13814825798215,111279,4208,26944891.0,34729.0,31.21,17.45,-5.9,1482690600.0
2016-12-23,1090.0,1090.05,1040.05,1051.2,1066.4993871476097,62821,2622,66998558.0,45001.0,71.63,50.0,-38.8,1482431400.0
2016-12-22,1109.5,1117.7,1075.0,1089.7,1090.154196019424,29242,2038,31878289.0,13617.0,46.57,42.7,-19.8,1482345000.0
2016-12-21,1097.5,1115.7,1096.0,1102.1,1107.0659936436716,21396,1139,23686784.0,11933.0,55.77,19.7,4.6,1482258600.0
2016-12-20,1084.9,1119.85,1083.55,1094.75,1101.1177306831644,37985,2217,41825957.0,16322.0,42.97,36.3,9.85,1482172200.0
2016-12-19,1075.0,1089.85,1070.75,1076.65,1079.8087143515436,19531,1484,21089744.0,10214.0,52.3,19.1,1.65,1482085800.0
2016-12-16,1076.0,1085.1,1059.45,1061.45,1067.5570756424177,13815,889,14748301.0,7591.0,54.95,25.65,-14.55,1481826600.0
2016-12-15,1085.8,1098.4,1072.0,1075.4,1081.0591938022033,16522,1573,17861260.0,8584.0,51.95,26.4,-10.4,1481740200.0
2016-12-14,1092.4,1107.9,1051.0,1087.8,1079.534921189012,37241,3088,40202960.0,12875.0,34.57,56.9,-4.6,1481653800.0
2016-12-13,1136.0,1146.9,1079.6,1086.45,1106.8515417438207,37263,2579,41244609.0,15187.0,40.76,67.3,-49.55,1481567400.0
2016-12-12,1114.0,1135.95,1101.65,1127.5,1121.9145786501451,18239,1479,20462600.0,6586.0,36.11,34.3,13.5,1481481000.0
2016-12-09,1089.8,1104.0,1080.0,1097.15,1093.5392543194907,23093,2054,25253102.0,10095.0,43.71,24.0,7.35,1481221800.0
2016-12-08,1054.0,1084.4,1051.4,1077.05,1073.120483421134,16135,1378,17314799.0,6848.0,42.44,33.0,23.05,1481135400.0
2016-12-07,1054.75,1062.0,1036.95,1042.7,1046.9940866573486,18602,1091,19476184.0,9035.0,48.57,25.05,-12.05,1481049000.0
2016-12-06,1020.0,1050.0,1020.0,1043.25,1037.6757923989785,26628,1619,27631231.0,11793.0,44.29,30.0,23.25,1480962600.0
2016-12-05,980.0,1017.9,969.0,1009.4,1002.0139840384207,14159,988,14187516.0,6249.0,44.13,48.9,29.4,1480876200.0
2016-12-02,997.65,1000.0,949.95,974.85,978.0423858930815,21493,1930,21021065.0,8489.0,39.5,50.05,-22.8,1480617000.0
2016-12-01,1000.0,1014.4,982.3,998.65,1000.4364363661882,28499,2006,28511438.0,12779.0,44.84,32.1,-1.35,1480530600.0
2016-11-30,973.8,993.95,965.5,982.3,980.2469911292256,20855,1369,20443051.0,9519.0,45.64,28.45,8.5,1480444200.0
2016-11-29,947.5,973.9,938.0,966.25,953.882745471878,34617,2230,33020559.0,17994.0,51.98,35.9,18.75,1480357800.0
2016-11-28,891.0,959.6,875.65,936.2,929.7042713241968,46262,3236,43009979.0,19046.0,41.17,83.95,45.2,1480271400.0
2016-11-25,858.7,875.0,850.4,870.35,868.0319171602675,23467,1113,20370105.0,12350.0,52.63,24.6,11.65,1480012200.0
2016-11-24,846.5,858.0,838.0,849.15,851.4205368990507,9797,647,8341367.0,5212.0,53.2,20.0,2.65,1479925800.0
2016-11-23,835.0,850.0,830.05,844.1,838.2751519905862,10198,576,8548730.0,5702.0,55.91,19.95,9.1,1479839400.0
2016-11-22,820.0,834.0,818.0,828.55,826.1399641388039,9481,523,7832633.0,4494.0,47.4,16.0,8.55,1479753000.0
2016-11-21,853.0,857.0,805.0,809.55,828.3292068065184,22214,1184,18400505.0,13796.0,62.1,52.0,-43.45,1479666600.0
2016-11-18,817.0,845.5,813.5,838.25,830.685862279098,13128,958,10905244.0,5745.0,43.76,32.0,21.25,1479407400.0
2016-11-17,824.0,824.0,809.5,813.65,815.118834851349,11638,723,9486353.0,6023.0,51.75,14.5,-10.35,1479321000.0
2016-11-16,824.8,831.45,810.5,816.55,821.174898938858,15832,970,13000841.0,8081.0,51.04,20.95,-8.25,1479234600.0
2016-11-15,844.0,846.6,810.0,815.7,824.7370211905804,29683,1516,24480669.0,19131.0,64.45,36.6,-28.3,1479148200.0
2016-11-11,859.0,887.95,818.0,829.05,833.8973748848633,65140,2793,54320075.0,35926.0,55.15,69.95,-29.95,1478802600.0
2016-11-10,785.0,796.05,774.2,787.9,786.6449242076251,10885,730,8562630.0,5052.0,46.41,21.85,2.9,1478716200.0
2016-11-09,691.0,773.0,685.0,769.35,742.0765160334428,9449,757,7011881.0,4366.0,46.21,88.0,78.35,1478629800.0
2016-11-08,775.0,785.0,768.1,771.7,774.7531071548538,2977,283,2306440.0,1422.0,47.77,16.9,-3.3,1478543400.0
2016-11-07,775.0,780.0,767.0,769.65,772.5573955589009,2657,204,2052685.0,1424.0,53.59,13.0,-5.35,1478457000.0
2016-11-04,775.55,779.75,750.0,762.1,763.8140694568121,5615,379,4288816.0,2905.0,51.74,29.75,-13.45,1478197800.0
2016-11-03,790.0,798.4,761.6,767.85,779.1726851851853,6480,482,5049039.0,4185.0,64.58,36.8,-22.15,1478111400.0
2016-11-02,786.9,796.4,780.1,786.85,788.3042147862993,10131,720,7986310.0,5158.0,50.91,16.3,-0.05,1478025000.0
2016-11-01,776.25,804.0,776.25,788.6,795.2023542600896,8920,605,7093205.0,3060.0,34.3,27.75,12.35,1477938600.0
2016-10-30,777.95,790.0,775.0,787.4,783.8594712780758,5031,348,3943597.0,3110.0,61.82,15.0,9.45,1477765800.0
2016-10-28,782.5,784.8,771.25,772.95,775.9240888245233,8286,740,6429307.0,3341.0,40.32,13.55,-9.55,1477593000.0
2016-10-27,765.0,793.0,747.1,774.05,773.3956668715427,65080,4355,50332590.0,13403.0,20.59,45.9,9.05,1477506600.0
2016-10-26,708.0,731.1,708.0,721.65,724.2475474166122,12232,540,8858996.0,7244.0,59.22,23.1,13.65,1477420200.0
2016-10-25,714.0,719.0,702.0,713.6,710.5563712637651,1907,114,1355031.0,1341.0,70.32,17.0,-0.4,1477333800.0
2016-10-24,696.0,712.5,696.0,707.9,705.4226633581472,3627,243,2558568.0,1572.0,43.34,16.5,11.9,1477247400.0
2016-10-21,692.7,699.0,688.95,695.7,695.6473829201102,1815,155,1262600.0,1079.0,59.45,10.05,3.0,1476988200.0
2016-10-20,704.3,705.65,691.3,692.9,700.7085201793722,2899,169,2031354.0,2037.0,70.27,14.35,-11.4,1476901800.0
2016-10-19,697.0,703.75,687.5,699.3,694.338282937365,3704,272,2571829.0,2043.0,55.16,16.25,2.3,1476815400.0
2016-10-18,693.0,698.7,686.0,689.3,689.793,2000,160,1379586.0,1151.0,57.55,12.7,-3.7,1476729000.0
2016-10-17,685.0,692.55,682.7,687.4,688.2712283594393,3639,302,2504619.0,2052.0,56.39,9.85,2.4,1476642600.0
2016-10-14,679.05,690.0,667.05,676.8,677.4276685393257,1424,139,964657.0,880.0,61.8,22.95,-2.25,1476383400.0
2016-10-13,696.0,698.4,676.0,680.6,684.673801369863,2336,231,1599398.0,1599.0,68.45,22.4,-15.4,1476297000.0
2016-10-10,707.7,715.0,690.05,694.5,696.7398864442868,2818,215,1963413.0,1003.0,35.59,24.95,-13.2,1476037800.0
2016-10-07,693.0,699.95,686.2,695.25,692.2342600163532,2446,192,1693205.0,1557.0,63.65,13.75,2.25,1475778600.0
2016-10-06,707.25,710.0,690.0,697.7,700.6866319444445,1152,116,807191.0,660.0,57.29,20.0,-9.55,1475692200.0
2016-10-05,698.0,715.0,686.0,702.3,704.6605930689532,5598,477,3944690.0,2299.0,41.07,29.0,4.3,1475605800.0
2016-10-04,690.3,703.6,686.8,693.95,693.9637070641608,1543,112,1070786.0,697.0,45.17,16.8,3.65,1475519400.0
2016-10-03,680.0,699.95,673.0,694.4,692.0979284369114,6372,247,4410048.0,4929.0,77.35,26.95,14.4,1475433000.0
2016-09-30,664.0,678.0,652.0,672.65,666.0182778229082,4924,472,3279474.0,2066.0,41.96,26.0,8.65,1475173800.0
2016-09-29,705.0,705.0,652.0,664.3,670.401472392638,8150,475,5463772.0,5041.0,61.85,53.0,-40.7,1475087400.0
2016-09-28,688.0,703.85,686.0,694.15,692.7344262295081,2440,270,1690272.0,1186.0,48.61,17.85,6.15,1475001000.0
2016-09-27,690.0,692.3,680.0,682.85,686.6149732620321,2618,208,1797558.0,1434.0,54.77,12.3,-7.15,1474914600.0
2016-09-26,691.8,691.8,675.0,685.0,684.366253101737,2015,143,1378998.0,1442.0,71.56,16.8,-6.8,1474828200.0
2016-09-23,700.75,703.9,691.7,693.4,695.369918699187,1722,120,1197427.0,1015.0,58.94,12.2,-7.35,1474569000.0
2016-09-22,712.5,720.0,699.0,703.35,709.5798843930636,8650,518,6137866.0,4637.0,53.61,21.0,-9.15,1474482600.0
2016-09-21,681.0,709.0,680.3,702.25,695.6739654852477,5389,541,3748987.0,2456.0,45.57,28.7,21.25,1474396200.0
2016-09-20,688.6,695.0,676.0,679.0,683.8505494505495,3185,272,2178064.0,1430.0,44.9,19.0,-9.6,1474309800.0
2016-09-19,691.1,694.0,685.0,688.9,689.5692417230331,2809,158,1937000.0,1780.0,63.37,9.0,-2.2,1474223400.0
2016-09-16,705.0,708.0,686.05,691.75,702.178431372549,4080,213,2864888.0,2241.0,54.93,21.95,-13.25,1473964200.0
2016-09-15,706.0,713.0,700.0,704.85,705.6783318751823,3429,237,2419771.0,1807.0,52.7,13.0,-1.15,1473877800.0
2016-09-14,704.7,709.0,689.2,706.5,699.472210828548,9752,613,6821253.0,4806.0,49.28,19.8,1.8,1473791400.0
2016-09-12,720.0,730.0,705.35,719.65,718.18383802186,11162,680,8016368.0,5447.0,48.8,24.65,-0.35,1473618600.0
2016-09-09,721.95,748.0,720.0,729.45,734.6127484857108,24599,1219,18070739.0,10149.0,41.26,28.0,7.5,1473359400.0
2016-09-08,718.8,727.0,712.0,721.95,720.7415128052413,10074,787,7260750.0,5181.0,51.43,15.0,3.15,1473273000.0
2016-09-07,702.0,722.55,696.55,711.45,711.2599846061746,11693,647,8316763.0,6459.0,55.24,26.0,9.45,1473186600.0
2016-09-06,700.45,706.05,695.15,698.9,700.7254110181713,3467,263,2429415.0,1301.0,37.53,10.9,-1.55,1473100200.0
2016-09-02,690.95,702.0,688.0,698.45,696.052100840336,2975,205,2070755.0,1582.0,53.18,14.0,7.5,1472754600.0
2016-09-01,699.85,700.45,686.2,688.7,695.3340308160548,5257,275,3655371.0,2581.0,49.1,14.25,-11.15,1472668200.0
2016-08-31,687.0,715.0,686.3,696.05,704.1268421052632,9500,608,6689205.0,4502.0,47.39,28.7,9.05,1472581800.0
2016-08-30,692.0,695.0,686.3,689.3,690.3350705088903,3262,205,2251873.0,2001.0,61.34,8.7,-2.7,1472495400.0
2016-08-29,691.6,697.0,687.1,690.05,691.1531365313652,3252,266,2247630.0,1593.0,48.99,9.9,-1.55,1472409000.0
2016-08-26,704.5,712.7,688.35,694.8,698.3850964043772,3838,297,2680402.0,2183.0,56.88,24.35,-9.7,1472149800.0
2016-08-25,698.9,715.0,698.9,705.15,710.0190148911798,13095,461,9297699.0,9586.0,73.2,16.1,6.25,1472063400.0
2016-08-24,695.0,717.0,695.0,701.4,705.9967507777394,14465,918,10212243.0,4781.0,33.05,22.0,6.4,1471977000.0
2016-08-23,690.0,697.15,687.7,692.25,692.2673359360476,5379,366,3723706.0,2460.0,45.73,9.45,2.25,1471890600.0
2016-08-22,695.0,703.35,684.0,687.05,692.1793409378961,6312,484,4369036.0,3004.0,47.59,19.35,-7.95,1471804200.0
2016-08-19,669.9,699.0,667.0,693.5,690.9371468926554,26904,1538,18588973.0,8320.0,30.92,32.0,23.6,1471545000.0
2016-08-18,672.05,674.0,664.1,668.0,668.6312292358804,1806,182,1207548.0,871.0,48.23,9.9,-4.05,1471458600.0
2016-08-17,660.0,676.5,659.55,664.9,667.9927731504165,8164,469,5453493.0,3815.0,46.73,16.95,4.9,1471372200.0
2016-08-16,656.45,665.0,656.15,658.15,660.2846408839779,4525,235,2987788.0,2473.0,54.65,8.85,1.7,1471285800.0
2016-08-12,662.15,666.3,648.0,651.85,655.4195816487959,5689,344,3728682.0,3913.0,68.78,18.3,-10.3,1470940200.0
2016-08-11,646.55,672.0,634.3,658.15,652.3647128919341,13427,1131,8759301.0,4188.0,31.19,37.7,11.6,1470853800.0
2016-08-10,656.5,670.5,645.5,653.05,659.5316928379931,10444,627,6888149.0,5126.0,49.08,25.0,-3.45,1470767400.0
2016-08-09,673.2,673.2,654.0,664.15,664.7852598091198,13202,848,8776495.0,5737.0,43.46,19.2,-9.05,1470681000.0
2016-08-08,621.25,680.0,621.25,673.2,662.0760362338732,36430,1620,24119430.0,16187.0,44.43,58.75,51.95,1470594600.0
2016-08-05,624.75,631.0,621.0,626.5,625.8519749706688,5114,520,3200607.0,2983.0,58.33,10.0,1.75,1470335400.0
2016-08-04,617.4,634.0,614.2,618.55,621.9614003590664,3342,332,2078595.0,1119.0,33.48,19.8,1.15,1470249000.0
2016-08-03,613.05,624.8,613.05,616.9,618.2874603893164,2209,242,1365797.0,921.0,41.69,11.75,3.85,1470162600.0
2016-08-02,630.4,633.0,613.55,617.15,621.7074047447879,5564,373,3459180.0,2209.0,39.7,19.45,-13.25,1470076200.0
2016-08-01,624.0,634.0,621.1,623.6,626.5293551491819,4156,265,2603856.0,2305.0,55.46,12.9,-0.4,1469989800.0
2016-07-29,631.45,633.95,620.15,624.05,626.0634357153882,6479,321,4056265.0,3606.0,55.66,13.8,-7.4,1469730600.0
2016-07-28,617.0,631.5,617.0,629.05,626.0924577551862,7279,389,4557327.0,3841.0,52.77,14.5,12.05,1469644200.0
2016-07-27,612.0,620.0,610.05,615.5,614.9042357274402,3258,247,2003358.0,1542.0,47.33,9.95,3.5,1469557800.0
2016-07-26,617.0,624.0,609.0,610.4,616.8350132625994,3770,215,2325468.0,1990.0,52.79,15.0,-6.6,1469471400.0
2016-07-25,606.0,629.0,606.0,616.1,618.3134183232497,9256,488,5723109.0,4169.0,45.04,23.0,10.1,1469385000.0
2016-07-22,606.1,610.0,601.0,604.55,604.9440514469453,3110,244,1881376.0,1799.0,57.85,9.0,-1.55,1469125800.0
2016-07-21,598.0,608.35,598.0,600.6,602.084378563284,3508,265,2112112.0,2254.0,64.25,10.35,2.6,1469039400.0
2016-07-20,603.0,611.25,598.05,603.05,603.3613897724492,4087,344,2465938.0,1692.0,41.4,13.2,0.05,1468953000.0
2016-07-19,603.5,608.5,597.0,599.4,599.1977272727273,880,105,527294.0,612.0,69.55,11.5,-4.1,1468866600.0
2016-07-18,590.05,603.45,590.05,598.15,600.0924716397387,2909,188,1745669.0,1820.0,62.56,13.4,8.1,1468780200.0
2016-07-15,597.15,602.9,592.1,594.1,595.242671009772,614,67,365479.0,411.0,66.94,10.8,-3.05,1468521000.0
2016-07-14,598.65,602.0,590.0,599.1,595.9070975187536,1733,127,1032707.0,1038.0,59.9,12.0,0.45,1468434600.0
2016-07-13,597.0,601.5,591.75,592.45,594.9054102472232,5582,218,3320762.0,3831.0,68.63,9.75,-4.55,1468348200.0
2016-07-12,602.25,602.95,596.0,596.5,598.1229050279329,2685,200,1605960.0,1579.0,58.81,6.95,-5.75,1468261800.0
2016-07-11,605.0,608.0,595.05,597.95,601.2093983991738,3873,244,2328484.0,2098.0,54.17,12.95,-7.05,1468175400.0
2016-07-08,606.65,607.0,598.55,600.6,603.1844145246838,2451,168,1478405.0,1388.0,56.63,8.45,-6.05,1467916200.0
2016-07-07,603.0,608.0,600.05,606.55,603.2744948532215,2623,111,1582389.0,1628.0,62.07,7.95,3.55,1467829800.0
2016-07-05,600.0,616.4,600.0,604.05,608.3034106757956,7887,434,4797689.0,2472.0,31.34,16.4,4.05,1467657000.0
2016-07-04,599.5,606.0,599.5,602.95,602.9192143783584,5397,307,3253955.0,3485.0,64.57,6.5,3.45,1467570600.0
2016-07-01,605.0,607.7,594.05,594.85,600.4954188481676,3056,221,1835114.0,1454.0,47.58,13.65,-10.15,1467311400.0
2016-06-30,605.0,606.0,592.1,601.7,600.1763157894737,2660,143,1596469.0,1509.0,56.73,13.9,-3.3,1467225000.0
2016-06-29,591.05,609.0,591.05,600.5,602.4852391261562,10162,467,6122455.0,3322.0,32.69,17.95,9.45,1467138600.0
2016-06-28,584.0,593.5,584.0,591.05,591.2699834162521,3015,219,1782679.0,1844.0,61.16,9.5,7.05,1467052200.0
2016-06-27,591.55,594.25,583.4,585.5,589.5511415525114,2190,156,1291117.0,1322.0,60.37,10.85,-6.05,1466965800.0
2016-06-24,584.0,595.9,575.0,592.95,581.2943782885627,3611,316,2099054.0,1471.0,40.74,20.9,8.95,1466706600.0
2016-06-23,598.4,598.4,583.5,593.9,593.8762148337596,1955,136,1161028.0,1127.0,57.65,14.9,-4.5,1466620200.0
2016-06-22,606.0,608.0,598.2,600.65,603.4078498293516,1172,75,707194.0,787.0,67.15,9.8,-5.35,1466533800.0
2016-06-21,602.1,609.9,598.9,604.45,601.9520708988967,5529,259,3328193.0,3552.0,64.24,11.0,2.35,1466447400.0
2016-06-20,595.0,617.0,595.0,602.45,608.8474067723961,4666,285,2840882.0,1912.0,40.98,22.0,7.45,1466361000.0
2016-06-17,601.0,604.9,597.55,603.05,601.8323191345504,1479,75,890110.0,806.0,54.5,7.35,2.05,1466101800.0
2016-06-16,608.9,609.95,595.55,600.7,601.118458075408,3554,207,2136375.0,1720.0,48.4,14.4,-8.2,1466015400.0
2016-06-15,587.5,618.0,582.55,607.1,607.8580185880957,10114,743,6147876.0,4228.0,41.8,35.45,19.6,1465929000.0
2016-06-14,587.95,593.3,586.0,586.7,589.8555570239197,7567,247,4463437.0,5102.0,67.42,7.3,-1.25,1465842600.0
2016-06-13,584.5,590.0,580.6,586.25,585.1874288964733,3516,195,2057519.0,2556.0,72.7,9.4,1.75,1465756200.0
2016-06-10,580.75,600.0,580.75,587.8,591.649167270094,2762,284,1634135.0,1335.0,48.33,19.25,7.05,1465497000.0
2016-06-09,589.0,594.95,585.25,588.6,590.0185647982863,2801,244,1652642.0,994.0,35.49,9.7,-0.4,1465410600.0
2016-06-08,573.0,604.5,573.0,588.3,592.5961635537607,3962,357,2347866.0,1528.0,38.57,31.5,15.3,1465324200.0
2016-06-07,575.1,580.9,574.75,576.8,577.0210048254329,3523,148,2032845.0,2356.0,66.87,6.15,1.7,1465237800.0
2016-06-06,581.0,583.0,574.0,579.65,578.5748735900428,2571,164,1487516.0,2000.0,77.79,9.0,-1.35,1465151400.0
2016-06-03,580.0,585.9,580.0,582.0,582.880829015544,1544,165,899968.0,1182.0,76.55,5.9,2.0,1464892200.0
2016-06-02,588.5,588.5,576.0,579.3,578.5620559966569,2393,246,1384499.0,1551.0,64.81,12.5,-9.2,1464805800.0
2016-06-01,585.0,585.0,578.0,580.0,580.4356181934656,1561,113,906060.0,1484.0,95.07,7.0,-5.0,1464719400.0
2016-05-31,587.7,587.7,578.0,579.75,580.3050938337801,1865,100,1082269.0,1568.0,84.08,9.7,-7.95,1464633000.0
2016-05-30,585.0,585.0,576.0,577.9,580.6448774355752,3182,192,1847612.0,2843.0,89.35,9.0,-7.1,1464546600.0
2016-05-27,580.1,585.0,577.05,583.6,581.923289183223,1812,129,1054445.0,904.0,49.89,7.95,3.5,1464287400.0
2016-05-26,579.5,589.8,578.15,581.8,583.274313126908,2293,306,1337448.0,1488.0,64.89,11.65,2.3,1464201000.0
2016-05-25,565.0,577.0,565.0,573.0,569.5480161012076,3478,153,1980888.0,2411.0,69.32,12.0,8.0,1464114600.0
2016-05-24,573.5,574.05,563.0,564.4,566.2148465381871,1401,198,793267.0,1030.0,73.52,11.05,-9.1,1464028200.0
2016-05-23,579.1,580.0,562.7,573.1,575.2360203340595,2754,186,1584200.0,1790.0,65.0,17.3,-6.0,1463941800.0
2016-05-20,580.0,581.95,572.1,574.5,577.5006830601093,1464,104,845461.0,1007.0,68.78,9.85,-5.5,1463682600.0
2016-05-19,580.1,587.3,577.35,579.3,581.9850505050505,2475,182,1440413.0,1628.0,65.78,9.95,-0.8,1463596200.0
2016-05-18,582.5,589.0,575.55,584.85,582.3425324675325,2464,128,1434892.0,1694.0,68.75,13.45,2.35,1463509800.0
2016-05-17,585.0,585.0,580.05,582.0,581.8496669838249,1051,52,611524.0,781.0,74.31,4.95,-3.0,1463423400.0
2016-05-16,592.0,592.0,581.0,581.6,585.4143098353736,4738,253,2773693.0,1856.0,39.17,11.0,-10.4,1463337000.0
2016-05-13,585.0,593.35,579.0,579.7,585.5665932856357,3634,199,2127949.0,1751.0,48.18,14.35,-5.3,1463077800.0
2016-05-12,575.0,586.45,571.0,582.95,578.9885568976479,1573,153,910749.0,1043.0,66.31,15.45,7.95,1462991400.0
2016-05-11,574.8,579.9,569.0,570.75,572.6392733564013,1156,94,661971.0,564.0,48.79,10.9,-4.05,1462905000.0
2016-05-10,576.2,577.9,568.55,572.0,572.0763923114835,4058,410,2321486.0,2601.0,64.1,9.35,-4.2,1462818600.0
2016-05-09,575.0,581.0,570.8,571.65,574.1889801836636,4138,302,2375994.0,2784.0,67.28,10.2,-3.35,1462732200.0
2016-05-06,567.0,574.1,567.0,570.0,569.664201183432,676,44,385093.0,486.0,71.89,7.1,3.0,1462473000.0
2016-05-05,566.2,571.3,565.0,565.05,567.171277997365,759,52,430483.0,551.0,72.6,6.3,-1.15,1462386600.0
2016-05-04,571.0,575.0,563.0,565.85,568.3369411764705,2125,150,1207716.0,981.0,46.16,12.0,-5.15,1462300200.0
2016-05-03,574.75,583.4,573.55,575.55,576.030950305144,2294,118,1321415.0,1760.0,76.72,9.85,0.8,1462213800.0
2016-05-02,576.0,576.0,570.25,573.8,574.1601423487544,562,27,322678.0,525.0,93.42,5.75,-2.2,1462127400.0
2016-04-29,576.05,579.8,573.35,574.0,575.2256198347108,1210,53,696023.0,808.0,66.78,6.45,-2.05,1461868200.0
2016-04-28,583.5,595.0,573.1,575.25,578.0511751326762,2638,95,1524899.0,2288.0,86.73,21.9,-8.25,1461781800.0
2016-04-27,575.0,585.0,574.65,580.95,582.3968736430743,2303,77,1341260.0,1659.0,72.04,10.35,5.95,1461695400.0
2016-04-26,572.0,578.0,570.0,574.45,573.1899852724595,679,43,389196.0,478.0,70.4,8.0,2.45,1461609000.0
2016-04-25,578.5,579.0,568.5,569.35,572.1171319102353,3654,195,2090516.0,2233.0,61.11,10.5,-9.15,1461522600.0
2016-04-22,579.75,579.75,568.3,575.3,574.5412026726058,898,60,515938.0,442.0,49.22,11.45,-4.45,1461263400.0
2016-04-21,580.0,580.2,571.55,572.8,574.590909090909,374,49,214897.0,164.0,43.85,8.65,-7.2,1461177000.0
2016-04-20,588.95,588.95,575.15,576.0,577.6353762606672,1289,79,744572.0,1036.0,80.37,13.8,-12.95,1461090600.0
2016-04-18,591.95,591.95,580.0,581.4,582.4111349036402,467,40,271986.0,382.0,81.8,11.95,-10.55,1460917800.0
2016-04-13,590.0,594.0,581.3,582.7,586.69375534645,4676,267,2743380.0,2271.0,48.57,12.7,-7.3,1460485800.0
2016-04-12,569.0,605.05,569.0,588.7,590.6619893981914,3207,407,1894253.0,1776.0,55.38,36.05,19.7,1460399400.0
2016-04-11,567.2,576.4,565.0,574.6,569.6631657914479,6665,162,3796805.0,5860.0,87.92,11.4,7.4,1460313000.0
2016-04-08,568.0,572.9,567.2,567.7,568.6921119592876,393,36,223496.0,275.0,69.97,5.7,-0.3,1460053800.0
2016-04-07,566.0,577.5,566.0,571.1,571.2344013490725,593,122,338742.0,308.0,51.94,11.5,5.1,1459967400.0
2016-04-06,565.0,574.95,561.0,572.2,568.5909878682842,1154,142,656154.0,784.0,67.94,13.95,7.2,1459881000.0
2016-04-05,575.0,575.0,565.0,566.4,567.125,408,62,231387.0,302.0,74.02,10.0,-8.6,1459794600.0
2016-04-04,575.0,575.0,570.0,571.25,571.0458257713249,2204,141,1258585.0,1651.0,74.91,5.0,-3.75,1459708200.0
2016-04-01,570.65,576.0,565.8,569.15,570.6953846153847,1625,103,927380.0,477.0,29.35,10.2,-1.5,1459449000.0
2016-03-31,557.1,581.0,557.1,573.25,569.9782962561042,1843,141,1050470.0,653.0,35.43,23.9,16.15,1459362600.0
2016-03-30,555.0,562.65,530.0,555.9,554.8253831829251,6981,221,3873236.0,3189.0,45.68,32.65,0.9,1459276200.0
2016-03-29,561.05,564.0,552.7,558.3,558.1886016451234,1702,134,950037.0,1248.0,73.33,11.3,-2.75,1459189800.0
2016-03-28,559.95,561.0,548.4,556.45,554.7529055078321,1979,110,1097856.0,1373.0,69.38,12.6,-3.5,1459103400.0
2016-03-23,564.0,564.0,547.3,550.35,556.0876850041888,3581,275,1991350.0,1351.0,37.73,16.7,-13.65,1458671400.0
2016-03-22,563.0,568.65,555.0,565.3,561.1208791208791,2184,130,1225488.0,1544.0,70.7,13.65,2.3,1458585000.0
2016-03-21,565.85,568.85,557.0,567.7,564.0092807424594,3879,194,2187792.0,1237.0,31.89,11.85,1.85,1458498600.0
2016-03-18,555.0,565.0,545.25,558.5,556.7114797864226,10488,409,5838790.0,3718.0,35.45,19.75,3.5,1458239400.0
2016-03-17,546.0,552.0,540.0,550.0,545.9461058166283,3043,107,1661314.0,2457.0,80.74,12.0,4.0,1458153000.0
2016-03-16,540.0,545.75,536.8,544.2,541.1035067873303,1768,80,956671.0,1136.0,64.25,8.95,4.2,1458066600.0
2016-03-15,535.9,539.7,534.0,537.35,537.427135678392,199,32,106948.0,145.0,72.86,5.7,1.45,1457980200.0
2016-03-14,543.0,548.0,535.0,537.35,541.8429184549356,1165,95,631247.0,730.0,62.66,13.0,-5.65,1457893800.0
2016-03-11,540.0,543.2,533.8,540.0,539.5920440118492,2363,135,1275056.0,1526.0,64.58,9.4,0.0,1457634600.0
2016-03-10,531.45,545.0,525.5,538.7,533.9563390147093,4283,221,2286935.0,2646.0,61.78,19.5,7.25,1457548200.0
2016-03-09,516.0,532.5,510.55,528.6,520.7993355951371,14148,439,7368269.0,8994.0,63.57,21.95,12.6,1457461800.0
2016-03-08,510.0,524.0,510.0,513.35,516.504669664476,2891,158,1493215.0,1644.0,56.87,14.0,3.35,1457375400.0
2016-03-04,516.3,516.3,507.6,509.35,509.6827487982909,5617,299,2862888.0,4077.0,72.58,8.7,-6.95,1457029800.0
2016-03-03,514.1,520.0,512.0,516.2,515.7178956089479,2414,116,1244943.0,1677.0,69.47,8.0,2.1,1456943400.0
2016-03-02,510.0,523.45,507.1,510.35,514.7217441193345,3486,210,1794320.0,2590.0,74.3,16.35,0.35,1456857000.0
2016-03-01,500.0,509.0,496.9,500.5,501.48969072164954,6596,372,3307826.0,3901.0,59.14,12.1,0.5,1456770600.0
2016-02-29,500.0,509.25,491.0,498.25,496.02002232973575,13435,254,6664029.0,11648.0,86.7,18.25,-1.75,1456684200.0
2016-02-26,515.0,518.45,496.2,507.6,503.4688654353562,3790,200,1908147.0,1534.0,40.47,22.25,-7.4,1456425000.0
2016-02-25,515.0,520.0,506.45,511.55,514.2198170731707,3280,59,1686641.0,3055.0,93.14,13.55,-3.45,1456338600.0
2016-02-24,520.0,524.0,515.0,517.7,518.135542913678,4043,116,2094822.0,3648.0,90.23,9.0,-2.3,1456252200.0
2016-02-23,529.0,529.3,520.5,524.0,524.860353130016,623,74,326988.0,311.0,49.92,8.8,-5.0,1456165800.0
2016-02-22,530.0,531.75,525.05,526.9,527.4245614035088,1140,56,601264.0,1042.0,91.4,6.7,-3.1,1456079400.0
2016-02-19,520.0,530.0,520.0,529.25,524.6208695652174,1150,65,603314.0,778.0,67.65,10.0,9.25,1455820200.0
2016-02-18,530.0,533.0,519.6,523.0,527.6249733645856,4693,185,2476144.0,3653.0,77.84,13.4,-7.0,1455733800.0
2016-02-17,531.95,531.95,515.0,528.15,521.6300617707618,1457,114,760015.0,846.0,58.06,16.95,-3.8,1455647400.0
2016-02-16,530.1,536.5,525.1,528.2,530.5081050866405,1789,113,949079.0,720.0,40.25,11.4,-1.9,1455561000.0
2016-02-15,530.0,553.35,523.95,526.75,529.4323155216284,3930,201,2080669.0,2424.0,61.68,29.4,-3.25,1455474600.0
2016-02-12,540.0,542.0,499.0,525.6,516.2398483365948,8176,447,4220777.0,3949.0,48.3,43.0,-14.4,1455215400.0
2016-02-11,560.0,567.75,531.0,534.55,543.0514683847769,13348,741,7248651.0,8167.0,61.19,36.75,-25.45,1455129000.0
2016-02-10,571.35,571.35,560.05,563.15,564.2586520947177,549,47,309778.0,415.0,75.59,11.3,-8.2,1455042600.0
2016-02-09,575.0,575.5,566.05,569.15,569.3352713178296,3096,164,1762662.0,2607.0,84.21,9.45,-5.85,1454956200.0
2016-02-08,570.0,594.9,567.0,579.7,582.1925425908069,3111,298,1811201.0,1682.0,54.07,27.9,9.7,1454869800.0
2016-02-05,568.4,572.75,564.9,569.55,568.6818181818181,1122,55,638061.0,884.0,78.79,7.85,1.15,1454610600.0
2016-02-04,562.0,569.75,561.85,566.85,565.2401247401248,962,75,543761.0,470.0,48.86,7.9,4.85,1454524200.0
2016-02-03,570.0,571.5,552.0,558.7,558.9469365426696,7312,428,4087020.0,3994.0,54.62,19.5,-11.3,1454437800.0
2016-02-02,580.0,584.95,573.55,574.95,578.5815470643057,1073,86,620818.0,749.0,69.8,11.4,-5.05,1454351400.0
2016-02-01,587.0,592.0,577.85,580.95,582.5315597287428,1917,198,1116713.0,974.0,50.81,14.15,-6.05,1454265000.0
2016-01-29,575.0,588.95,572.1,574.85,577.3653846153846,208,36,120092.0,135.0,64.9,16.85,-0.15,1454005800.0
2016-01-28,590.0,591.5,568.15,570.7,573.7095940959409,2710,176,1554753.0,1304.0,48.12,23.35,-19.3,1453919400.0
2016-01-27,595.5,603.8,580.0,584.6,588.9447415329768,2244,144,1321592.0,1399.0,62.34,23.8,-10.9,1453833000.0
2016-01-25,572.8,609.85,572.8,603.45,590.872593358315,7739,465,4572763.0,3850.0,49.75,37.05,30.65,1453660200.0
2016-01-22,565.0,579.95,561.55,572.35,568.6534867002157,1391,128,790997.0,685.0,49.25,18.4,7.35,1453401000.0
2016-01-21,565.1,568.85,553.0,557.2,553.4163077806489,20898,162,11565294.0,20413.0,97.68,15.85,-7.9,1453314600.0
2016-01-20,565.0,565.0,550.0,560.0,555.2776504297993,3490,254,1937919.0,1349.0,38.65,15.0,-5.0,1453228200.0
2016-01-19,560.7,573.5,551.5,568.3,560.4691614066727,11090,303,6215603.0,8605.0,77.59,22.0,7.6,1453141800.0
2016-01-18,565.8,576.0,555.1,557.5,564.9207432688661,2637,200,1489696.0,1644.0,62.34,20.9,-8.3,1453055400.0
2016-01-15,587.3,599.4,566.6,571.6,580.1284153005464,2562,166,1486289.0,1554.0,60.66,32.8,-15.7,1452796200.0
2016-01-14,580.1,600.0,578.0,587.3,584.7780401416765,1694,158,990614.0,833.0,49.17,22.0,7.2,1452709800.0
2016-01-13,615.0,623.5,583.25,587.25,600.0444362835108,8169,412,4901763.0,4906.0,60.06,40.25,-27.75,1452623400.0
2016-01-12,620.0,621.85,609.75,612.75,614.7146032451656,4499,134,2765601.0,2126.0,47.25,12.1,-7.25,1452537000.0
2016-01-11,627.0,674.0,610.0,621.0,624.1833575229801,4134,233,2580374.0,2577.0,62.34,64.0,-6.0,1452450600.0
2016-01-08,620.0,632.0,615.0,626.8,622.9360863605209,11672,482,7270910.0,9960.0,85.33,17.0,6.8,1452191400.0
2016-01-07,627.0,627.0,608.5,610.55,614.7808050624011,5689,306,3497488.0,3499.0,61.5,18.5,-16.45,1452105000.0
2016-01-06,623.0,636.25,621.95,631.65,631.4589412255106,7197,279,4544610.0,4048.0,56.25,14.3,8.65,1452018600.0
2016-01-05,626.75,626.75,618.0,619.95,620.9705218263924,23916,582,14851131.0,16100.0,67.32,8.75,-6.8,1451932200.0
2016-01-04,626.1,640.0,615.6,621.35,629.5665519614591,7265,362,4573801.0,3848.0,52.97,24.4,-4.75,1451845800.0
2016-01-01,614.0,632.0,614.0,627.1,625.2710280373832,3531,253,2207832.0,1899.0,53.78,18.0,13.1,1451586600.0
2015-12-31,619.0,630.0,612.25,614.0,622.4195304525349,5878,257,3658582.0,3191.0,54.29,17.75,-5.0,1451500200.0
2015-12-30,613.0,622.1,613.0,616.35,616.7769911504424,9605,354,5924143.0,6012.0,62.59,9.1,3.35,1451413800.0
2015-12-29,621.0,626.9,608.75,610.6,613.8744915746659,5163,241,3169434.0,2484.0,48.11,18.15,-10.4,1451327400.0
2015-12-28,621.8,634.8,619.6,624.6,626.2292472140095,4397,358,2753530.0,2220.0,50.49,15.2,2.8,1451241000.0
2015-12-24,623.6,628.0,617.7,618.9,622.4949635290031,2879,146,1792163.0,1906.0,66.2,10.3,-4.7,1450895400.0
2015-12-23,618.05,628.0,614.5,619.6,620.6761418077292,3131,193,1943337.0,1642.0,52.44,13.5,1.55,1450809000.0
2015-12-22,614.0,623.7,610.0,618.45,619.7325581395348,3096,159,1918692.0,1981.0,63.99,13.7,4.45,1450722600.0
2015-12-21,607.0,617.0,600.0,610.2,608.9988689915174,5305,288,3230739.0,2022.0,38.11,17.0,3.2,1450636200.0
2015-12-18,598.0,607.6,594.35,604.3,602.2596098680436,3486,146,2099477.0,2175.0,62.39,13.25,6.3,1450377000.0
2015-12-17,600.0,605.9,592.15,596.85,599.2071480671043,4113,209,2464539.0,2320.0,56.41,13.75,-3.15,1450290600.0
2015-12-16,605.0,613.95,591.6,593.65,602.5573147561748,3158,189,1902876.0,1367.0,43.29,22.35,-11.35,1450204200.0
2015-12-15,595.0,604.9,593.5,602.5,600.5124959428757,3081,172,1850179.0,1695.0,55.01,11.4,7.5,1450117800.0
2015-12-14,570.1,605.75,570.0,599.7,598.3737526260504,15232,365,9114429.0,9355.0,61.42,35.75,29.6,1450031400.0
2015-12-11,584.85,585.0,571.0,579.45,577.7873376623377,2464,144,1423668.0,1430.0,58.04,14.0,-5.4,1449772200.0
2015-12-10,583.35,584.0,573.1,583.2,580.2025024695423,3037,182,1762075.0,1743.0,57.39,10.9,-0.15,1449685800.0
2015-12-09,585.25,589.0,575.3,580.15,581.7740624422686,5413,288,3149143.0,3047.0,56.29,13.7,-5.1,1449599400.0
2015-12-08,604.0,609.8,587.25,593.05,602.5056388647912,8069,266,4861618.0,6244.0,77.38,22.55,-10.95,1449513000.0
2015-12-07,620.0,625.0,602.8,604.2,608.3357142857143,4060,196,2469843.0,2864.0,70.54,22.2,-15.8,1449426600.0
2015-12-04,617.0,631.5,617.0,619.55,625.3149405772496,8246,404,5156347.0,4363.0,52.91,14.5,2.55,1449167400.0
2015-12-03,639.95,639.95,616.0,622.55,623.5017505186721,15424,593,9616891.0,7166.0,46.46,23.95,-17.4,1449081000.0
2015-12-02,616.0,640.0,597.0,636.05,626.4665350309798,29374,1081,18401828.0,13471.0,45.86,43.0,20.05,1448994600.0
2015-12-01,612.2,624.15,605.25,611.0,615.5540648600621,11255,511,6928061.0,5302.0,47.11,18.9,-1.2,1448908200.0
2015-11-30,574.85,612.4,568.0,606.35,596.4432591160837,26903,1097,16046113.0,10240.0,38.06,44.4,31.5,1448821800.0
2015-11-27,564.9,583.0,563.0,570.8,571.3672223139132,6059,426,3461914.0,2827.0,46.66,20.0,5.9,1448562600.0
2015-11-26,562.0,569.55,560.0,561.2,563.400325203252,3075,177,1732456.0,1666.0,54.18,9.55,-0.8,1448476200.0
2015-11-24,564.8,566.0,556.1,560.2,558.9006922257721,3756,134,2099231.0,2381.0,63.39,9.9,-4.6,1448303400.0
2015-11-23,561.25,568.2,558.0,562.9,564.6415227352837,2837,244,1601888.0,1891.0,66.65,10.2,1.65,1448217000.0
2015-11-20,565.05,571.5,560.15,562.95,565.3380332610268,2766,169,1563725.0,1584.0,57.27,11.35,-2.1,1447957800.0
2015-11-19,559.3,571.5,559.3,568.85,566.9744058500913,2735,198,1550675.0,1610.0,58.87,12.2,9.55,1447871400.0
2015-11-18,559.8,571.45,556.0,556.8,562.0058979052268,4917,172,2763383.0,3480.0,70.77,15.45,-3.0,1447785000.0
2015-11-17,568.8,568.8,553.0,555.65,557.4232111692845,6876,214,3832842.0,4791.0,69.68,15.8,-13.15,1447698600.0
2015-11-16,568.0,572.0,562.2,563.7,565.7962264150943,1060,184,599744.0,488.0,46.04,9.8,-4.3,1447612200.0
2015-11-13,565.3,573.7,561.6,564.2,565.5918289423444,2619,210,1481285.0,1595.0,60.9,12.1,-1.1,1447353000.0
2015-11-11,575.0,579.5,572.35,578.1,576.6114081996434,1122,121,646958.0,667.0,59.45,7.15,3.1,1447180200.0
2015-11-10,568.65,574.0,565.0,567.75,568.262044209333,10586,241,6015622.0,8643.0,81.65,9.0,-0.9,1447093800.0
2015-11-09,557.95,571.9,550.0,569.7,562.9245458779693,4294,215,2417198.0,2828.0,65.86,21.9,11.75,1447007400.0
2015-11-06,572.6,572.6,558.0,561.4,562.7434274586172,4108,244,2311750.0,2114.0,51.46,14.6,-11.2,1446748200.0
2015-11-05,576.0,576.0,570.0,571.4,572.2869080779944,359,79,205451.0,262.0,72.98,6.0,-4.6,1446661800.0
2015-11-04,577.0,582.0,566.05,570.5,574.1991266375545,1145,169,657458.0,818.0,71.44,15.95,-6.5,1446575400.0
2015-11-03,574.0,586.65,566.0,573.45,574.8239962651727,2142,168,1231273.0,1113.0,51.96,20.65,-0.55,1446489000.0
2015-11-02,581.0,584.0,572.5,575.0,575.0234604105572,5797,404,3333411.0,2878.0,49.65,11.5,-6.0,1446402600.0
2015-10-30,585.0,593.0,580.1,583.85,586.4386381631036,2526,145,1481344.0,1250.0,49.49,12.9,-1.15,1446143400.0
2015-10-29,590.0,593.5,579.5,586.6,586.4761404561825,6664,290,3908277.0,2820.0,42.32,14.0,-3.4,1446057000.0
2015-10-28,576.85,588.75,574.45,584.95,582.7155997056659,5436,277,3167642.0,3159.0,58.11,14.3,8.1,1445970600.0
2015-10-27,569.9,578.25,567.5,573.9,573.7597161203108,2959,202,1697755.0,1650.0,55.76,10.75,4.0,1445884200.0
2015-10-26,557.3,572.0,553.4,562.1,560.8633290405666,6212,285,3484083.0,3053.0,49.15,18.6,4.8,1445797800.0
2015-10-23,560.8,561.0,551.1,553.75,556.1641323792487,2236,153,1243583.0,1360.0,60.82,9.9,-7.05,1445538600.0
2015-10-21,560.4,564.0,558.1,561.5,561.1815189278157,4253,270,2386705.0,2080.0,48.91,5.9,1.1,1445365800.0
2015-10-20,561.0,562.6,559.0,559.3,561.0327825858903,3813,89,2139218.0,3118.0,81.77,3.6,-1.7,1445279400.0
2015-10-19,564.05,564.05,558.0,561.15,560.9993718592965,1592,155,893111.0,841.0,52.83,6.05,-2.9,1445193000.0
2015-10-16,569.95,569.95,556.15,557.25,559.3259118900994,4222,164,2361474.0,2757.0,65.3,13.8,-12.7,1444933800.0
2015-10-15,566.35,571.6,565.0,569.95,568.7463377023901,1297,108,737664.0,612.0,47.19,6.6,3.6,1444847400.0
2015-10-14,562.0,569.8,557.6,564.0,560.7978789769184,3206,215,1797918.0,656.0,20.46,12.2,2.0,1444761000.0
2015-10-13,564.0,566.85,560.2,563.15,563.9885605338418,1049,97,591624.0,422.0,40.23,6.65,-0.85,1444674600.0
2015-10-12,564.05,565.0,558.0,561.25,562.1570585565138,2203,116,1238432.0,626.0,28.42,7.0,-2.8,1444588200.0
2015-10-09,570.0,575.0,561.9,563.5,566.4625870069606,3448,194,1953163.0,1140.0,33.06,13.1,-6.5,1444329000.0
2015-10-08,573.35,575.0,565.0,568.4,569.9296296296296,3780,174,2154334.0,1023.0,27.06,10.0,-4.95,1444242600.0
2015-10-07,573.8,582.0,570.5,574.7,576.3575651412306,4567,253,2632225.0,2006.0,43.92,11.5,0.9,1444156200.0
2015-10-06,563.0,580.0,560.0,576.15,570.6852483883201,7911,515,4514691.0,1754.0,22.17,20.0,13.15,1444069800.0
2015-10-05,557.0,566.55,555.95,560.0,561.3468196457327,4968,228,2788771.0,1415.0,28.48,10.6,3.0,1443983400.0
2015-10-01,560.0,562.4,547.0,548.3,552.6011336032388,6175,199,3412312.0,2864.0,46.38,15.4,-11.7,1443637800.0
2015-09-30,551.75,562.5,549.55,557.45,557.2087132725432,5922,213,3299790.0,2330.0,39.34,12.95,5.7,1443551400.0
2015-09-29,551.7,557.0,546.45,551.55,550.8272544193331,4469,264,2461647.0,2109.0,47.19,10.55,-0.15,1443465000.0
2015-09-28,568.1,571.8,553.25,559.55,565.1301403798514,6055,275,3421863.0,1758.0,29.03,18.55,-8.55,1443378600.0
2015-09-24,567.0,586.0,565.0,569.8,574.67001790387,7261,464,4172679.0,2958.0,40.74,21.0,2.8,1443033000.0
2015-09-23,546.0,567.0,539.9,563.8,559.3855204706447,8329,454,4659122.0,4293.0,51.54,27.1,17.8,1442946600.0
2015-09-22,552.4,556.0,542.7,544.3,549.6949938195303,3236,202,1778813.0,1563.0,48.3,13.3,-8.1,1442860200.0
2015-09-21,556.05,565.0,545.1,550.1,553.7749625705401,8683,331,4808428.0,4486.0,51.66,19.9,-5.95,1442773800.0
2015-09-18,550.0,557.7,548.1,551.3,552.9380503144654,3180,209,1758343.0,1634.0,51.38,9.6,1.3,1442514600.0
2015-09-16,548.3,550.0,544.0,548.1,546.2593062605753,2364,126,1291357.0,1069.0,45.22,6.0,-0.2,1442341800.0
2015-09-15,548.9,556.3,537.0,544.5,542.3154386992824,13654,745,7404775.0,3204.0,23.47,19.3,-4.4,1442255400.0
2015-09-14,558.0,560.05,543.45,547.35,549.4376590330788,5109,242,2807077.0,2756.0,53.94,16.6,-10.65,1442169000.0
2015-09-11,548.0,558.3,542.2,544.85,547.708789870952,8214,408,4498880.0,3314.0,40.35,16.1,-3.15,1441909800.0
2015-09-10,542.9,547.5,536.0,540.8,542.4280860702152,5298,216,2873784.0,2472.0,46.66,11.5,-2.1,1441823400.0
2015-09-09,545.0,556.0,538.95,546.5,547.9158451550853,4159,223,2278782.0,2347.0,56.43,17.05,1.5,1441737000.0
2015-09-08,560.0,560.0,533.55,540.2,543.4182569974554,6288,312,3417014.0,3775.0,60.03,26.45,-19.8,1441650600.0
2015-09-07,562.2,565.7,555.05,557.8,559.7788502788503,4662,260,2609689.0,1216.0,26.08,10.65,-4.4,1441564200.0
2015-09-04,568.75,574.0,557.05,559.7,563.3681090693539,10122,393,5702412.0,3255.0,32.16,16.95,-9.05,1441305000.0
2015-09-03,578.6,587.0,572.0,584.4,581.295037183184,6589,177,3830153.0,4000.0,60.71,15.0,5.8,1441218600.0
2015-09-02,596.4,598.5,589.5,591.55,592.5963386727689,4370,175,2589646.0,2216.0,50.71,9.0,-4.85,1441132200.0
2015-09-01,598.0,600.0,580.6,591.55,591.6102699671553,12483,639,7385071.0,2818.0,22.57,19.4,-6.45,1441045800.0
2015-08-31,600.0,604.0,598.5,601.0,601.4677511415525,7008,263,4215086.0,5139.0,73.33,5.5,1.0,1440959400.0
2015-08-28,595.0,610.0,595.0,599.35,604.1887417218543,8456,250,5109020.0,5216.0,61.68,15.0,4.35,1440700200.0
2015-08-27,585.0,598.75,584.0,591.45,591.6993006993007,2002,138,1184582.0,667.0,33.32,14.75,6.45,1440613800.0
2015-08-26,599.0,599.0,555.5,579.95,579.3291550603528,8616,326,4991500.0,4613.0,53.54,43.5,-19.05,1440527400.0
2015-08-25,563.0,579.0,551.0,575.15,567.56525596664,22542,868,12794056.0,8004.0,35.51,28.0,12.15,1440441000.0
2015-08-24,601.8,602.25,558.0,568.35,582.60375352225,18809,648,10958194.0,10045.0,53.41,44.25,-33.45,1440354600.0
2015-08-21,618.0,618.0,603.0,613.35,610.6930560622644,8223,307,5021729.0,3848.0,46.8,15.0,-4.65,1440095400.0
2015-08-20,629.1,634.0,617.0,622.0,628.6095106905432,16697,665,10495893.0,6445.0,38.6,17.0,-7.1,1440009000.0
2015-08-19,627.8,635.0,627.8,630.2,632.8215369059656,11868,357,7510326.0,5404.0,45.53,7.2,2.4,1439922600.0
2015-08-18,634.8,639.85,624.0,630.15,634.3069567044977,19032,729,12072130.0,7862.0,41.31,15.85,-4.65,1439836200.0
2015-08-17,645.0,649.9,628.25,634.0,636.630467770667,15157,491,9649408.0,4424.0,29.19,21.65,-11.0,1439749800.0
2015-08-14,635.75,637.0,621.8,632.2,629.6976667491136,12129,429,7637603.0,6968.0,57.45,15.2,-3.55,1439490600.0
2015-08-13,659.35,663.0,628.5,633.45,645.8290926172394,12773,590,8249175.0,4236.0,33.16,34.5,-25.9,1439404200.0
2015-08-12,649.0,653.9,635.0,639.05,643.1717847172629,15403,615,9906775.0,6936.0,45.03,18.9,-9.95,1439317800.0
2015-08-11,649.05,655.0,637.95,643.8,646.6615594566093,16121,530,10424831.0,6363.0,39.47,17.05,-5.25,1439231400.0
2015-08-10,657.4,666.75,645.15,649.9,656.8272167893639,18202,834,11955569.0,6716.0,36.9,21.6,-7.5,1439145000.0
2015-08-07,645.0,669.9,641.4,651.95,652.3623014603986,37524,1207,24479243.0,12965.0,34.55,28.5,6.95,1438885800.0
2015-08-06,657.0,662.7,644.4,646.65,652.4243150819543,25441,979,16598327.0,8726.0,34.3,18.3,-10.35,1438799400.0
2015-08-05,668.0,677.0,652.0,654.65,667.051490726974,25558,1124,17048502.0,11291.0,44.18,25.0,-13.35,1438713000.0
2015-08-04,682.0,682.0,651.1,663.35,667.2185092237925,22713,1097,15154534.0,8918.0,39.26,30.9,-18.65,1438626600.0
2015-08-03,636.75,680.0,636.5,672.45,661.4618312449215,46766,2018,30933924.0,14577.0,31.17,43.5,35.7,1438540200.0
2015-07-31,645.0,647.0,632.25,634.0,640.2190999366153,9466,684,6060314.0,4214.0,44.52,14.75,-11.0,1438281000.0
2015-07-30,645.1,653.3,632.0,638.85,642.9175015334288,19564,1149,12578038.0,6830.0,34.91,21.3,-6.25,1438194600.0
2015-07-29,609.55,654.05,603.95,640.75,638.4888770502389,61944,2681,39550555.0,19583.0,31.61,50.1,31.2,1438108200.0
2015-07-28,606.0,609.0,597.7,606.25,603.2301299309376,8543,366,5153395.0,4464.0,52.25,11.3,0.25,1438021800.0
2015-07-27,608.9,608.9,599.25,601.95,602.1484227724017,7957,427,4791295.0,3074.0,38.63,9.65,-6.95,1437935400.0
2015-07-24,605.0,616.15,601.95,607.4,611.0936879714172,7557,334,4618035.0,2423.0,32.06,14.2,2.4,1437676200.0
2015-07-23,607.0,619.9,604.1,607.2,609.3549411297791,7559,332,4606114.0,2066.0,27.33,15.8,0.2,1437589800.0
2015-07-22,603.7,613.2,597.0,606.35,606.2922465208748,6036,343,3659580.0,2883.0,47.76,16.2,2.65,1437503400.0
2015-07-21,618.9,621.55,595.35,600.25,610.5925122867881,6918,418,4224079.0,3607.0,52.14,26.2,-18.65,1437417000.0
2015-07-20,621.0,629.5,613.0,615.45,619.0195203569436,21516,1092,13318824.0,8429.0,39.18,16.5,-5.55,1437330600.0
2015-07-17,590.45,627.0,586.0,611.6,615.7036055317748,60740,2615,37397837.0,20804.0,34.25,41.0,21.15,1437071400.0
2015-07-16,583.0,594.0,580.75,589.15,586.955078125,9216,407,5409378.0,3295.0,35.75,13.25,6.15,1436985000.0
2015-07-15,585.0,585.0,576.0,577.25,580.1131544379808,5329,368,3091423.0,2217.0,41.6,9.0,-7.75,1436898600.0
2015-07-14,572.55,583.15,570.0,579.95,578.6073485056211,3647,204,2110181.0,1085.0,29.75,13.15,7.4,1436812200.0
2015-07-13,571.0,580.0,571.0,575.95,577.298909925416,1743,97,1006232.0,903.0,51.81,9.0,4.95,1436725800.0
2015-07-10,581.0,585.0,570.0,574.35,577.6098746960913,5347,256,3088480.0,2359.0,44.12,15.0,-6.65,1436466600.0
2015-07-09,586.0,586.0,573.05,575.8,579.2538776965591,5609,224,3249035.0,3356.0,59.83,12.95,-10.2,1436380200.0
2015-07-08,590.0,593.3,578.45,585.05,586.2157301087288,9841,447,5768949.0,5010.0,50.91,14.85,-4.95,1436293800.0
2015-07-07,585.0,596.8,585.0,591.45,590.3579501337244,11591,541,6842839.0,5339.0,46.06,11.8,6.45,1436207400.0
2015-07-06,570.65,584.0,569.0,580.9,578.749817194192,9573,417,5540372.0,4378.0,45.73,15.0,10.25,1436121000.0
2015-07-03,568.8,587.7,568.8,576.85,577.8184990275712,17482,821,10101423.0,6604.0,37.78,18.9,8.05,1435861800.0
2015-07-02,559.45,573.35,558.45,568.6,566.7562845226017,8871,583,5027695.0,3418.0,38.53,14.9,9.15,1435775400.0
2015-07-01,562.0,570.95,553.1,554.8,559.4543255385324,8681,423,4856623.0,5814.0,66.97,17.85,-7.2,1435689000.0
2015-06-30,560.1,563.0,557.65,561.8,560.5336500395882,3789,261,2123862.0,1898.0,50.09,5.35,1.7,1435602600.0
2015-06-29,550.75,567.8,544.3,558.15,554.0785001847063,5414,300,2999781.0,2142.0,39.56,23.5,7.4,1435516200.0
2015-06-26,559.0,561.0,553.0,555.45,556.1925429653364,3433,177,1909409.0,2084.0,60.7,8.0,-3.55,1435257000.0
2015-06-25,559.9,574.0,556.0,557.7,562.2873232058669,7636,449,4293626.0,3347.0,43.83,18.0,-2.2,1435170600.0
2015-06-24,580.0,580.0,556.0,560.4,563.0271559633028,5450,373,3068498.0,2715.0,49.82,24.0,-19.6,1435084200.0
2015-06-23,568.75,576.0,558.0,563.35,561.4453447050462,28140,615,15799072.0,19266.0,68.46,18.0,-5.4,1434997800.0
2015-06-22,572.4,579.9,568.05,571.8,573.069563752737,5937,369,3402314.0,2410.0,40.59,11.85,-0.6,1434911400.0
2015-06-19,565.0,566.95,561.5,562.75,563.4429733609826,6269,243,3532224.0,3495.0,55.75,5.45,-2.25,1434652200.0
2015-06-18,564.7,565.7,561.55,562.0,563.2793503480278,2155,145,1213867.0,1090.0,50.58,4.15,-2.7,1434565800.0
2015-06-17,555.0,567.55,553.0,565.05,560.5684647302904,3856,273,2161552.0,2153.0,55.84,14.55,10.05,1434479400.0
2015-06-16,553.4,555.85,548.0,554.55,551.9769868057687,3259,149,1798893.0,1794.0,55.05,7.85,1.15,1434393000.0
2015-06-15,550.0,559.5,547.25,552.95,553.1300208962155,4307,223,2382331.0,2212.0,51.36,12.25,2.95,1434306600.0
2015-06-12,552.8,556.0,549.0,552.6,552.02053915276,5453,254,3010168.0,2244.0,41.15,7.0,-0.2,1434047400.0
2015-06-11,567.0,568.0,549.0,551.2,553.7880330999363,4713,216,2610003.0,2886.0,61.23,19.0,-15.8,1433961000.0
2015-06-10,549.0,567.9,549.0,564.5,559.6743362831858,4520,324,2529728.0,2223.0,49.18,18.9,15.5,1433874600.0
2015-06-09,550.0,553.45,545.0,550.4,548.9026625927543,2291,112,1257536.0,1898.0,82.85,8.45,0.4,1433788200.0
2015-06-08,564.5,564.5,548.0,549.6,555.727425451491,2381,108,1323187.0,1474.0,61.91,16.5,-14.9,1433701800.0
2015-06-05,561.0,564.0,552.5,562.15,561.025,2120,198,1189373.0,915.0,43.16,11.5,1.15,1433442600.0
2015-06-04,572.5,572.5,552.5,560.3,558.8417582417583,4095,361,2288457.0,1278.0,31.21,20.0,-12.2,1433356200.0
2015-06-03,573.0,573.9,550.0,551.35,559.7988432620012,8645,542,4839461.0,2974.0,34.4,23.9,-21.65,1433269800.0
2015-06-02,577.0,580.0,564.35,574.9,572.0482333146383,3566,254,2039924.0,1391.0,39.01,15.65,-2.1,1433183400.0
2015-06-01,570.0,577.85,567.1,574.3,573.2207647222997,3583,246,2053850.0,1866.0,52.08,10.75,4.3,1433097000.0
2015-05-29,579.1,580.0,568.6,571.5,572.6838675589997,5678,429,3251699.0,2988.0,52.62,11.4,-7.6,1432837800.0
2015-05-28,577.0,590.0,574.1,576.5,580.1882841150357,10362,307,6011911.0,7671.0,74.03,15.9,-0.5,1432751400.0
2015-05-27,580.2,583.1,571.0,573.8,577.091948966124,4546,269,2623460.0,1863.0,40.98,12.1,-6.4,1432665000.0
2015-05-26,574.25,590.0,571.25,581.0,581.769023971324,13391,716,7790469.0,5613.0,41.92,18.75,6.75,1432578600.0
2015-05-25,575.1,580.0,567.0,569.2,574.1840659340659,1820,163,1045015.0,719.0,39.51,13.0,-5.9,1432492200.0
2015-05-22,576.0,586.0,576.0,579.55,581.591573516767,3489,177,2029173.0,1955.0,56.03,10.0,3.55,1432233000.0
2015-05-21,579.0,582.95,571.4,579.25,577.6882119205297,3775,222,2180773.0,1085.0,28.74,11.55,0.25,1432146600.0
2015-05-20,580.0,585.05,577.1,579.95,580.4757250945776,3172,204,1841269.0,1571.0,49.53,7.95,-0.05,1432060200.0
2015-05-19,569.8,581.0,560.45,579.1,575.692151586006,22667,900,13049214.0,6329.0,27.92,20.55,9.3,1431973800.0
2015-05-18,550.45,570.0,550.45,567.3,559.3870794559771,11176,425,6251710.0,6909.0,61.82,19.55,16.85,1431887400.0
2015-05-15,547.7,554.4,545.5,546.65,548.7141343096637,10379,317,5695104.0,6694.0,64.5,8.9,-1.05,1431628200.0
2015-05-14,545.0,548.0,542.4,545.5,545.9205856255545,4508,252,2461010.0,1338.0,29.68,5.6,0.5,1431541800.0
2015-05-13,554.9,555.0,545.2,548.8,549.0634232498394,6228,392,3419567.0,2109.0,33.86,9.8,-6.1,1431455400.0
2015-05-12,558.0,558.0,547.1,549.1,550.8796044000404,9909,440,5458666.0,2353.0,23.75,10.9,-8.9,1431369000.0
2015-05-11,559.0,563.0,555.35,557.1,559.1516112873602,5989,348,3348759.0,1951.0,32.58,7.65,-1.9,1431282600.0
2015-05-08,561.95,566.7,551.0,557.7,557.9027043829656,6434,827,3589546.0,1678.0,26.08,15.7,-4.25,1431023400.0
2015-05-07,570.0,571.65,545.6,551.5,560.3388340807176,5575,686,3123889.0,2631.0,47.19,26.05,-18.5,1430937000.0
2015-05-06,579.7,580.65,566.0,574.1,572.8128078817733,5887,806,3372149.0,1870.0,31.76,14.65,-5.6,1430850600.0
2015-05-05,582.0,588.0,575.5,579.7,580.1927056118717,9569,844,5551864.0,696.0,7.27,12.5,-2.3,1430764200.0
2015-05-04,571.0,582.05,571.0,576.2,577.8678966789668,8130,665,4698066.0,1458.0,17.93,11.05,5.2,1430677800.0
2015-04-30,567.0,570.95,558.0,567.05,565.6477697841727,3475,487,1965626.0,1881.0,54.13,12.95,0.05,1430332200.0
2015-04-29,562.0,570.0,559.95,566.35,565.7060988433228,3804,485,2151946.0,464.0,12.2,10.05,4.35,1430245800.0
2015-04-28,549.75,565.95,548.0,560.15,560.989603960396,12120,1188,6799194.0,2954.0,24.37,17.95,10.4,1430159400.0
2015-04-27,570.0,577.75,548.5,557.95,560.0842105263158,9120,1084,5107968.0,1316.0,14.43,29.25,-12.05,1430073000.0
2015-04-24,577.0,577.1,560.05,566.4,568.2599451872768,12041,1409,6842418.0,3450.0,28.65,17.05,-10.6,1429813800.0
2015-04-23,584.9,586.3,572.0,576.6,580.2029813664597,8050,955,4670634.0,1162.0,14.43,14.3,-8.3,1429727400.0
2015-04-22,585.0,589.1,576.0,578.25,579.6120973877759,7886,791,4570821.0,2340.0,29.67,13.1,-6.75,1429641000.0
2015-04-21,588.0,591.0,580.0,583.1,585.008327781479,3002,307,1756195.0,1151.0,38.34,11.0,-4.9,1429554600.0
2015-04-20,590.0,592.7,575.5,580.8,581.7183736735424,8387,914,4878872.0,2973.0,35.45,17.2,-9.2,1429468200.0
2015-04-17,590.05,592.0,581.0,585.55,587.4663808224518,10262,1069,6028580.0,2762.0,26.91,11.0,-4.5,1429209000.0
2015-04-16,592.0,600.6,580.65,589.8,587.9146415817438,11481,1232,6749848.0,4439.0,38.66,19.95,-2.2,1429122600.0
2015-04-15,588.9,603.7,585.25,590.3,594.9877110148115,15461,1361,9199105.0,4168.0,26.96,18.45,1.4,1429036200.0
2015-04-13,595.4,600.55,584.15,587.65,590.0053275829264,15767,1622,9302614.0,6466.0,41.01,16.4,-7.75,1428863400.0
2015-04-10,614.8,614.8,597.5,600.45,601.3666287386216,12304,949,7399215.0,2559.0,20.8,17.3,-14.35,1428604200.0
2015-04-09,605.0,611.95,593.45,599.05,598.4337530688208,12627,1323,7556423.0,3114.0,24.66,18.5,-5.95,1428517800.0
2015-04-08,592.9,612.55,590.4,602.75,602.4700018632383,10734,1101,6466913.0,4222.0,39.33,22.15,9.85,1428431400.0
2015-04-07,590.0,593.95,587.6,590.05,590.2308526011561,2768,482,1633759.0,1066.0,38.51,6.35,0.05,1428345000.0
2015-04-06,585.0,596.2,585.0,589.1,590.8534180177169,5983,979,3535076.0,1550.0,25.91,11.2,4.1,1428258600.0
2015-04-01,566.3,584.0,564.1,574.9,572.0925394548063,4182,675,2392491.0,2009.0,48.04,19.9,8.6,1427826600.0
2015-03-31,563.85,574.45,560.25,565.15,568.8126591487813,8247,1168,4690998.0,2341.0,28.39,14.2,1.3,1427740200.0
2015-03-30,558.0,569.8,555.05,564.55,560.255747368421,11875,991,6653037.0,5922.0,49.87,14.75,6.55,1427653800.0
2015-03-27,558.95,564.9,535.35,543.75,546.2810321633851,24531,1893,13400820.0,9086.0,37.04,29.55,-15.2,1427394600.0
2015-03-26,569.75,569.75,550.1,555.1,559.5285299806576,10340,976,5785525.0,5638.0,54.53,19.65,-14.65,1427308200.0
2015-03-25,578.35,578.35,560.25,564.0,568.1502139589788,6777,566,3850354.0,4478.0,66.08,18.1,-14.35,1427221800.0
2015-03-24,573.0,576.0,569.6,570.95,573.539231294064,8794,553,5043704.0,6485.0,73.74,6.4,-2.05,1427135400.0
2015-03-23,590.6,592.85,571.7,572.35,577.2505882352941,6800,798,3925304.0,4092.0,60.18,21.15,-18.25,1427049000.0
2015-03-20,596.75,599.95,585.05,586.2,589.2392610727799,4493,521,2647452.0,2666.0,59.34,14.9,-10.55,1426789800.0
2015-03-19,610.0,610.0,591.2,597.1,601.8495332918482,8035,1024,4835861.0,3186.0,39.65,18.8,-12.9,1426703400.0
2015-03-18,606.0,617.0,601.0,603.95,606.391469850333,11559,1306,7009279.0,1915.0,16.57,16.0,-2.05,1426617000.0
2015-03-17,600.0,611.95,596.4,606.4,604.7641071695854,6681,781,4040429.0,2185.0,32.7,15.55,6.4,1426530600.0
2015-03-16,603.0,607.0,593.25,596.25,598.9433304272013,8029,865,4808916.0,3884.0,48.37,13.75,-6.75,1426444200.0
2015-03-13,626.8,626.8,600.0,602.3,609.8199971973095,14272,1319,8703351.0,7616.0,53.36,26.8,-24.5,1426185000.0
2015-03-12,604.0,637.9,602.05,621.45,624.9102046498676,28732,2855,17954920.0,6232.0,21.69,35.85,17.45,1426098600.0
2015-03-11,605.0,615.0,596.55,599.75,605.4288721804511,9975,1174,6039153.0,4472.0,44.83,18.45,-5.25,1426012200.0
2015-03-10,625.0,627.9,597.1,602.35,612.7341790716433,13637,1436,8355856.0,5409.0,39.66,30.8,-22.65,1425925800.0
2015-03-09,620.0,635.0,603.9,617.3,622.080052608505,22810,2892,14189646.0,8655.0,37.94,31.1,-2.7,1425839400.0
2015-03-05,599.0,633.95,592.75,621.05,616.5839897807111,37576,3452,23168760.0,15983.0,42.54,41.2,22.05,1425493800.0
2015-03-04,607.85,615.15,596.0,599.1,603.3713901472254,14128,1433,8524431.0,6083.0,43.06,19.15,-8.75,1425407400.0
2015-03-03,590.0,623.9,587.0,607.85,613.043458313558,63210,4958,38750477.0,12504.0,19.78,36.9,17.85,1425321000.0
2015-03-02,598.95,598.95,584.2,594.45,590.3980022509847,14216,1249,8393098.0,8294.0,58.34,14.75,-4.5,1425234600.0
2015-02-28,580.0,599.35,573.0,582.55,581.9007121563432,12076,1411,7027033.0,4978.0,41.22,26.35,2.55,1425061800.0
2015-02-27,571.0,580.0,571.0,576.9,577.045193687231,4182,448,2413203.0,1715.0,41.01,9.0,5.9,1424975400.0
2015-02-26,577.7,579.5,570.0,573.1,574.5979233403292,9053,1149,5201835.0,3934.0,43.46,9.5,-4.6,1424889000.0
2015-02-25,583.6,590.0,574.15,577.0,580.403129657228,8052,854,4673406.0,3446.0,42.8,15.85,-6.6,1424802600.0
2015-02-24,588.8,592.0,582.0,583.95,585.6782986371124,6677,872,3910574.0,2886.0,43.22,10.0,-4.85,1424716200.0
2015-02-23,606.95,613.8,583.8,586.95,601.0110817941953,13265,1506,7972412.0,5326.0,40.15,30.0,-20.0,1424629800.0
2015-02-20,576.0,620.0,573.35,605.5,606.144757931716,45545,3806,27606863.0,13883.0,30.48,46.65,29.5,1424370600.0
2015-02-19,576.0,587.2,572.5,576.9,578.5750057964293,8626,1003,4990788.0,2514.0,29.14,14.7,0.9,1424284200.0
2015-02-18,583.0,588.0,567.05,572.1,576.7918479288821,10574,862,6098997.0,7069.0,66.85,20.95,-10.9,1424197800.0
2015-02-16,592.0,594.35,579.6,585.1,585.7549329123915,7602,805,4452909.0,3809.0,50.11,14.75,-6.9,1424025000.0
2015-02-13,585.0,596.0,585.0,589.0,591.1562791662345,9643,876,5700520.0,5079.0,52.67,11.0,4.0,1423765800.0
2015-02-12,589.55,594.3,576.0,581.05,582.2177343603231,10646,925,6198290.0,3786.0,35.56,18.3,-8.5,1423679400.0
2015-02-11,590.0,591.8,578.5,583.3,583.808968058968,11396,1164,6653087.0,5487.0,48.15,13.3,-6.7,1423593000.0
2015-02-10,605.0,610.0,585.0,587.8,595.2808836023789,11770,1276,7006456.0,4159.0,35.34,25.0,-17.2,1423506600.0
2015-02-09,602.4,606.95,585.95,602.15,594.5171921960165,19631,1809,11670967.0,10445.0,53.21,21.0,-0.25,1423420200.0
2015-02-06,580.55,590.0,576.5,581.3,581.7082726831635,8244,1238,4795603.0,1258.0,15.26,13.5,0.75,1423161000.0
2015-02-05,584.45,587.55,579.05,583.15,584.0339106654512,5485,636,3203426.0,1714.0,31.25,8.5,-1.3,1423074600.0
2015-02-04,587.75,587.75,575.1,578.9,581.3056277056277,2310,323,1342816.0,1137.0,49.22,12.65,-8.85,1422988200.0
2015-02-03,586.0,595.0,575.0,589.7,582.5370603015075,15920,1421,9273990.0,3553.0,22.32,20.0,3.7,1422901800.0
2015-02-02,589.0,590.5,580.15,584.05,585.3432529502309,3898,279,2281668.0,2173.0,55.75,10.35,-4.95,1422815400.0
2015-01-30,592.0,592.0,583.0,584.05,585.5568685376661,3385,283,1982110.0,2415.0,71.34,9.0,-7.95,1422556200.0
2015-01-29,589.2,597.95,588.0,590.9,592.5807348850827,6831,924,4047919.0,826.0,12.09,9.95,1.7,1422469800.0
2015-01-28,595.7,596.35,589.0,591.6,592.22317107885,3513,504,2080480.0,997.0,28.38,7.35,-4.1,1422383400.0
2015-01-27,593.35,603.5,588.1,592.8,593.9515713549716,7764,691,4611440.0,2804.0,36.12,15.4,-0.55,1422297000.0
2015-01-23,615.0,615.0,591.1,594.4,600.3476028887148,11493,1050,6899795.0,4652.0,40.48,23.9,-20.6,1421951400.0
2015-01-22,595.5,620.8,595.15,604.6,611.0050985182431,18829,1660,11504615.0,6037.0,32.06,25.65,9.1,1421865000.0
2015-01-21,603.25,603.25,591.0,595.9,596.4141716566866,5010,392,2988035.0,2995.0,59.78,12.25,-7.35,1421778600.0
2015-01-20,595.0,607.0,595.0,598.35,602.4811641506868,7353,754,4430044.0,2576.0,35.03,12.0,3.35,1421692200.0
2015-01-19,598.5,606.0,586.0,588.3,590.5976104996762,16991,1607,10034844.0,7873.0,46.34,20.0,-10.2,1421605800.0
2015-01-16,603.35,606.0,592.0,594.15,600.6488250652742,4596,575,2760582.0,1960.0,42.65,14.0,-9.2,1421346600.0
2015-01-15,593.55,618.0,586.3,605.55,602.144437973209,18887,1678,11372702.0,3781.0,20.02,31.7,12.0,1421260200.0
2015-01-14,604.95,604.95,582.0,584.1,589.1620701395982,5874,787,3460738.0,2800.0,47.67,22.95,-20.85,1421173800.0
2015-01-13,598.3,602.2,584.0,586.5,591.0006665185514,9002,863,5320188.0,4476.0,49.72,18.2,-11.8,1421087400.0
2015-01-12,601.0,611.05,594.1,595.4,600.3280615516136,4679,412,2808935.0,2180.0,46.59,16.95,-5.6,1421001000.0
2015-01-09,603.65,615.0,600.0,605.85,606.9309855826045,8462,975,5135850.0,3977.0,47.0,15.0,2.2,1420741800.0
2015-01-08,596.95,612.0,592.6,597.4,600.6932601098353,10015,1166,6015943.0,2626.0,26.22,19.4,0.45,1420655400.0
2015-01-07,601.45,607.95,582.1,583.5,589.9298150531807,14761,1568,8707954.0,6818.0,46.19,25.85,-17.95,1420569000.0
2015-01-06,630.1,630.1,594.0,596.85,610.2334911079454,21761,1785,13279291.0,10025.0,46.07,36.1,-33.25,1420482600.0
2015-01-05,626.7,638.0,620.05,634.7,629.8480474701307,12471,1228,7854835.0,4749.0,38.08,17.95,8.0,1420396200.0
2015-01-02,609.95,643.0,603.7,624.25,627.913491673904,26483,2254,16629033.0,8742.0,33.01,39.3,14.3,1420137000.0
2015-01-01,612.7,612.7,604.55,606.0,608.1916471506635,5124,474,3116374.0,2702.0,52.73,8.15,-6.7,1420050600.0
2014-12-31,605.5,621.0,601.75,609.8,612.7630593840395,11754,1241,7202417.0,3436.0,29.23,19.25,4.3,1419964200.0
2014-12-30,610.0,614.8,602.35,605.25,606.9150436534586,5956,899,3614786.0,2024.0,33.98,12.45,-4.75,1419877800.0
2014-12-29,615.0,622.0,604.0,606.1,611.9349730458221,17808,1829,10897338.0,5156.0,28.95,18.0,-8.9,1419791400.0
2014-12-26,590.05,624.6,583.9,609.4,611.0212806123325,58269,5562,35603599.0,9665.0,16.59,40.7,19.35,1419532200.0
2014-12-24,568.35,577.5,568.35,572.95,573.0320634920635,9450,759,5415153.0,6035.0,63.86,9.15,4.6,1419359400.0
2014-12-23,573.0,580.0,567.25,573.7,572.1934429477021,20192,299,11553730.0,19166.0,94.92,12.75,0.7,1419273000.0
2014-12-22,580.0,580.0,571.05,573.2,575.0855884781213,10901,1207,6269008.0,4318.0,39.61,8.95,-6.8,1419186600.0
2014-12-19,558.25,583.85,558.25,578.3,577.7864050056883,7032,714,4062994.0,2527.0,35.94,25.6,20.05,1418927400.0
2014-12-18,573.2,580.0,565.7,568.15,571.9957446808511,5405,697,3091637.0,2429.0,44.94,14.3,-5.05,1418841000.0
2014-12-17,562.2,566.6,522.55,560.0,545.42124487141,19986,1633,10900789.0,11415.0,57.11,44.05,-2.2,1418754600.0
2014-12-16,580.0,581.85,559.15,561.45,567.0107296137339,7922,830,4491859.0,3520.0,44.43,22.7,-18.55,1418668200.0
2014-12-15,570.1,589.3,570.1,582.9,581.8764002987303,8034,848,4674795.0,3541.0,44.08,19.2,12.8,1418581800.0
2014-12-12,604.95,610.2,580.0,582.7,596.9953909327076,11933,1171,7123946.0,4041.0,33.86,30.2,-22.25,1418322600.0
2014-12-11,599.1,615.5,593.15,600.95,603.3289508988463,11181,1000,6745821.0,3232.0,28.91,22.35,1.85,1418236200.0
2014-12-10,596.5,608.0,595.0,597.7,599.7563676633443,4515,522,2707900.0,1438.0,31.85,13.0,1.2,1418149800.0
2014-12-09,615.0,615.0,592.0,596.55,600.3805762081784,10760,944,6460095.0,4022.0,37.38,23.0,-18.45,1418063400.0
2014-12-08,598.2,615.0,598.2,604.45,606.6287998667444,12007,994,7283792.0,3694.0,30.77,16.8,6.25,1417977000.0
2014-12-05,613.8,619.0,593.9,599.95,605.8511752527097,16422,1252,9949288.0,9057.0,55.15,25.1,-13.85,1417717800.0
2014-12-04,628.5,628.5,602.0,610.25,612.1018034500784,15304,868,9367606.0,10133.0,66.21,26.5,-18.25,1417631400.0
2014-12-03,610.0,628.5,609.9,624.2,619.8108319943567,25517,2099,15815713.0,14258.0,55.88,18.6,14.2,1417545000.0
2014-12-02,600.8,615.0,591.0,609.4,604.8296736625015,8243,1072,4985611.0,3210.0,38.94,24.0,8.6,1417458600.0
2014-12-01,612.0,660.0,575.2,596.85,604.4681086519114,9940,973,6008413.0,4384.0,44.1,84.8,-15.15,1417372200.0
2014-11-28,613.25,636.8,609.0,611.45,621.7352687684281,22045,1946,13706154.0,8337.0,37.82,27.8,-1.8,1417113000.0
2014-11-27,613.5,625.85,609.0,610.7,615.002378592666,10090,1147,6205374.0,3713.0,36.8,16.85,-2.8,1417026600.0
2014-11-26,614.1,618.25,607.45,609.9,613.484356973193,14735,1434,9039692.0,5013.0,34.02,10.8,-4.2,1416940200.0
2014-11-25,635.0,652.0,601.0,614.3,622.559867114186,29198,2784,18177503.0,10141.0,34.73,51.0,-20.7,1416853800.0
2014-11-24,630.45,658.0,616.0,640.35,643.3175947114162,39330,2967,25301681.0,10599.0,26.95,42.0,9.9,1416767400.0
2014-11-21,645.0,648.4,623.25,628.55,638.6842563851224,18363,1686,11728159.0,6621.0,36.06,25.15,-16.45,1416508200.0
2014-11-20,652.5,673.0,636.55,644.25,652.0035360431327,57126,4699,37246354.0,11226.0,19.65,36.45,-8.25,1416421800.0
2014-11-19,651.0,681.55,627.8,646.95,661.5912812949575,110521,8305,73119730.0,25177.0,22.78,53.75,-4.05,1416335400.0
2014-11-18,573.0,652.4,573.0,644.8,627.4849489221062,106504,6735,66829657.0,31550.0,29.62,79.4,71.8,1416249000.0
2014-11-17,561.0,587.0,561.0,578.8,569.708362399721,22936,995,13066831.0,14813.0,64.58,26.0,17.8,1416162600.0
2014-11-14,573.0,573.0,561.3,563.7,566.2324588163514,4917,632,2784165.0,2290.0,46.57,11.7,-9.3,1415903400.0
2014-11-13,579.95,579.95,567.0,571.2,570.9396240057845,11064,946,6316876.0,4944.0,44.69,12.95,-8.75,1415817000.0
2014-11-12,573.0,579.9,558.0,565.0,569.3379985364069,10932,1183,6224003.0,5226.0,47.8,21.9,-8.0,1415730600.0
2014-11-11,555.05,578.8,551.0,572.45,567.5940789825255,18713,2223,10621388.0,6070.0,32.44,27.8,17.4,1415644200.0
2014-11-10,570.0,575.0,555.0,556.75,560.8562643193054,16586,1511,9302362.0,9177.0,55.33,20.0,-13.25,1415557800.0
2014-11-07,585.0,585.0,566.0,574.45,575.9594017094017,36972,2326,21294371.0,21602.0,58.43,19.0,-10.55,1415298600.0
2014-11-05,645.0,651.15,588.0,600.75,620.5924025564857,22218,2148,13788322.0,11314.0,50.92,63.15,-44.25,1415125800.0
2014-11-03,624.0,644.0,619.0,640.4,634.0806849860613,12555,1214,7960883.0,6694.0,53.32,25.0,16.4,1414953000.0
2014-10-31,634.0,635.2,618.15,622.35,626.2135241301908,7128,856,4463650.0,3658.0,51.32,17.05,-11.65,1414693800.0
2014-10-30,619.85,640.0,619.85,629.85,631.9466655178356,11606,1071,7334373.0,6428.0,55.39,20.15,10.0,1414607400.0
2014-10-29,597.0,634.9,597.0,619.45,620.0033212026993,28303,2370,17547954.0,9482.0,33.5,37.9,22.45,1414521000.0
2014-10-28,609.0,609.0,579.0,588.35,584.8573809964809,5399,549,3157645.0,2980.0,55.2,30.0,-20.65,1414434600.0
2014-10-27,583.5,587.0,577.05,580.75,581.2905558065974,2213,424,1286396.0,904.0,40.85,9.95,-2.75,1414348200.0
2014-10-23,585.0,586.0,580.0,582.55,582.983038869258,2830,191,1649842.0,1841.0,65.05,6.0,-2.45,1414002600.0
2014-10-22,590.0,590.0,577.7,579.1,583.8737178025985,4387,633,2561454.0,1129.0,25.74,12.3,-10.9,1413916200.0
2014-10-21,571.2,590.45,570.9,581.15,580.5750147666864,3386,428,1965827.0,1621.0,47.87,19.55,9.95,1413829800.0
2014-10-20,579.85,584.65,567.0,573.9,575.4263721552878,2988,508,1719374.0,438.0,14.66,17.65,-5.95,1413743400.0
2014-10-17,574.0,575.0,551.35,569.45,564.4164519326066,5045,792,2847481.0,1140.0,22.6,23.65,-4.55,1413484200.0
2014-10-16,580.0,591.5,562.5,566.8,578.7378933484077,5307,740,3071362.0,2572.0,48.46,29.0,-13.2,1413397800.0
2014-10-14,585.0,599.15,581.9,589.5,588.7866961605308,6329,942,3726431.0,1522.0,24.05,17.25,4.5,1413225000.0
2014-10-13,589.0,595.5,583.0,585.25,587.0072224515064,4846,653,2844637.0,1685.0,34.77,12.5,-3.75,1413138600.0
2014-10-10,592.0,601.45,587.0,591.1,592.366414277988,3698,632,2190571.0,1827.0,49.41,14.45,-0.9,1412879400.0
2014-10-09,590.0,606.0,590.0,597.2,600.9149171270718,4525,551,2719140.0,2013.0,44.49,16.0,7.2,1412793000.0
2014-10-08,590.05,597.1,589.0,591.45,593.3703754641728,7271,718,4314396.0,2756.0,37.9,8.1,1.4,1412706600.0
2014-10-07,601.9,605.0,595.0,601.1,600.5443054641211,7595,792,4561134.0,4094.0,53.9,10.0,-0.8,1412620200.0
2014-10-01,614.0,614.0,595.65,596.95,603.1717194742041,13161,779,7938343.0,4619.0,35.1,18.35,-17.05,1412101800.0
2014-09-30,617.0,617.0,602.5,609.5,610.5777777777778,12825,921,7830660.0,7020.0,54.74,14.5,-7.5,1412015400.0
2014-09-29,603.0,615.0,594.15,611.55,607.1658672615728,8965,736,5443242.0,4352.0,48.54,20.85,8.55,1411929000.0
2014-09-26,603.1,603.1,576.65,596.7,589.263698630137,7008,890,4129560.0,2665.0,38.03,26.45,-6.4,1411669800.0
2014-09-25,610.0,612.85,580.1,585.35,597.0444828469023,15624,1059,9328223.0,9527.0,60.98,32.75,-24.65,1411583400.0
2014-09-24,618.5,624.65,600.0,607.15,611.0132311977716,10052,1246,6141905.0,3243.0,32.26,24.65,-11.35,1411497000.0
2014-09-23,632.0,639.0,610.35,617.4,626.3106826553804,12759,1621,7991098.0,5039.0,39.49,28.65,-14.6,1411410600.0
2014-09-22,605.95,648.0,603.0,636.45,630.0006751647402,37028,3569,23327665.0,11379.0,30.73,45.0,30.5,1411324200.0
2014-09-19,608.8,619.0,603.05,610.15,608.4250373950064,17382,1618,10575644.0,8214.0,47.26,15.95,1.35,1411065000.0
2014-09-18,593.9,620.0,593.9,601.9,606.84629033318,15217,1796,9234380.0,4199.0,27.59,26.1,8.0,1410978600.0
2014-09-17,608.0,608.8,587.0,592.85,594.9976755769551,12046,1328,7167342.0,6185.0,51.34,21.8,-15.15,1410892200.0
2014-09-16,634.5,644.4,588.1,597.5,619.7638173360676,19993,2563,12390938.0,8389.0,41.96,56.3,-37.0,1410805800.0
2014-09-15,626.0,635.5,618.8,625.65,628.9484299457928,20477,1955,12878977.0,9553.0,46.65,16.7,-0.35,1410719400.0
2014-09-12,617.8,620.0,604.0,613.9,613.4606243705941,4965,793,3045832.0,2507.0,50.49,16.0,-3.9,1410460200.0
2014-09-11,617.0,629.15,609.0,611.6,620.8011153762584,13807,1370,8571401.0,7864.0,56.96,20.15,-5.4,1410373800.0
2014-09-10,595.0,634.0,581.0,617.15,614.5931512743288,39511,3605,24283190.0,12188.0,30.85,53.0,22.15,1410287400.0
2014-09-09,598.5,603.0,585.5,589.4,592.0955130382279,26499,2043,15689939.0,12134.0,45.79,17.5,-9.1,1410201000.0
2014-09-08,602.0,621.0,602.0,615.85,613.7535447280227,42669,2902,26188250.0,19291.0,45.21,19.0,13.85,1410114600.0
2014-09-05,588.0,603.6,588.0,596.7,598.2544091710758,15876,1385,9497887.0,7389.0,46.54,15.6,8.7,1409855400.0
2014-09-04,596.0,599.0,582.0,590.8,589.1463163317877,9705,1097,5717665.0,4346.0,44.78,17.0,-5.2,1409769000.0
2014-09-03,591.5,611.95,585.0,594.85,599.659706373267,29357,3239,17604210.0,7814.0,26.62,26.95,3.35,1409682600.0
2014-09-02,590.0,596.85,582.0,587.25,590.0054584289218,12641,1786,7458259.0,5095.0,40.31,14.85,-2.75,1409596200.0
2014-09-01,581.0,592.95,578.15,586.7,586.9663751693558,16238,1893,9531160.0,5650.0,34.79,14.8,5.7,1409509800.0
2014-08-28,573.0,589.0,568.0,575.3,580.5898212143713,17507,3078,10164386.0,5366.0,30.65,21.0,2.3,1409164200.0
2014-08-27,575.0,579.75,566.0,567.85,571.9262031423976,16166,1698,9245759.0,6620.0,40.95,13.75,-7.15,1409077800.0
2014-08-26,560.45,565.5,552.0,560.6,558.9601990049752,8643,1455,4831093.0,3432.0,39.71,13.5,0.15,1408991400.0
2014-08-25,553.0,573.0,547.3,560.25,560.7261228704182,11622,1341,6516759.0,5573.0,47.95,25.7,7.25,1408905000.0
2014-08-22,552.1,554.2,541.0,547.4,546.4687158683101,6409,978,3502318.0,3379.0,52.72,13.2,-4.7,1408645800.0
2014-08-21,556.0,567.0,544.2,548.75,557.53910293272,10434,1256,5817363.0,4095.0,39.25,22.8,-7.25,1408559400.0
2014-08-20,548.0,560.0,543.0,557.6,555.0608776626702,8591,1276,4768528.0,2629.0,30.6,17.0,9.6,1408473000.0
2014-08-19,550.0,555.0,545.0,547.4,549.1674231843576,5728,871,3145631.0,2005.0,35.0,10.0,-2.6,1408386600.0
2014-08-18,542.0,561.5,541.95,549.75,553.9817080274962,8583,1424,4754825.0,2756.0,32.11,19.55,7.75,1408300200.0
2014-08-14,529.45,545.6,525.8,542.55,538.009734001542,10376,1263,5582389.0,3961.0,38.17,19.8,13.1,1407954600.0
2014-08-13,538.9,543.2,524.85,525.65,534.9297259311313,7115,920,3806025.0,3610.0,50.74,18.35,-13.25,1407868200.0
2014-08-12,521.0,549.9,520.0,538.9,540.4298515568429,22096,2143,11941338.0,8022.0,36.31,29.9,17.9,1407781800.0
2014-08-11,532.7,532.7,507.0,521.7,519.470838769089,26062,2486,13538449.0,12721.0,48.81,25.7,-11.0,1407695400.0
2014-08-08,567.0,570.0,545.0,547.95,555.8875340118916,9923,1219,5516072.0,5287.0,53.28,25.0,-19.05,1407436200.0
2014-08-07,589.95,590.0,566.0,571.3,575.9635584137192,24258,2800,13971724.0,5872.0,24.21,24.0,-18.65,1407349800.0
2014-08-06,570.0,595.0,569.0,585.95,587.1391285683624,46590,3631,27354812.0,18421.0,39.54,26.0,15.95,1407263400.0
2014-08-05,555.0,572.7,551.0,569.55,565.995594164346,24059,1695,13617288.0,12966.0,53.89,21.7,14.55,1407177000.0
2014-08-04,555.0,557.9,544.0,553.65,550.291838922064,111027,667,61097252.0,107462.0,96.79,13.9,-1.35,1407090600.0
2014-08-01,550.0,555.0,543.0,551.55,550.076,5750,622,3162937.0,2843.0,49.44,12.0,1.55,1406831400.0
2014-07-31,547.0,556.0,547.0,549.8,551.1315909090908,4400,370,2424979.0,3327.0,75.61,9.0,2.8,1406745000.0
2014-07-30,558.0,560.2,547.0,548.3,552.4917339484814,2601,328,1437031.0,1615.0,62.09,13.2,-9.7,1406658600.0
2014-07-28,556.65,564.9,542.3,547.9,554.5254113345521,5470,635,3033254.0,2410.0,44.06,22.6,-8.75,1406485800.0
2014-07-25,570.0,573.3,550.0,557.45,560.5969201674997,7403,638,4150099.0,4878.0,65.89,23.3,-12.55,1406226600.0
2014-07-24,567.95,573.05,565.4,567.25,570.4855662472243,5404,374,3082904.0,3494.0,64.66,7.65,-0.7,1406140200.0
2014-07-23,575.0,582.7,563.05,570.9,574.0179526051224,12533,1354,7194167.0,5037.0,40.19,19.65,-4.1,1406053800.0
2014-07-22,575.0,581.7,563.2,572.95,574.7182685753238,14670,1393,8431117.0,7279.0,49.62,18.5,-2.05,1405967400.0
2014-07-21,578.25,584.0,568.5,570.4,576.7606201338615,14642,1072,8444929.0,6413.0,43.8,15.5,-7.85,1405881000.0
2014-07-18,560.0,584.0,538.5,578.3,573.6469151088362,90457,3222,51890379.0,66718.0,73.76,45.5,18.3,1405621800.0
2014-07-17,522.85,568.0,521.05,561.9,543.7546527508816,49057,2479,26674972.0,28559.0,58.22,46.95,39.05,1405535400.0
2014-07-16,525.0,529.4,519.0,522.85,523.429799830843,7094,693,3713211.0,3982.0,56.13,10.4,-2.15,1405449000.0
2014-07-15,509.0,524.4,504.5,518.75,513.1975546356022,10387,1028,5330583.0,3064.0,29.5,19.9,9.75,1405362600.0
2014-07-14,510.0,514.8,495.8,498.35,501.48416580844486,7768,614,3895529.0,4090.0,52.65,19.0,-11.65,1405276200.0
2014-07-11,538.2,538.2,508.05,513.6,517.3318801089919,11010,883,5695824.0,5933.0,53.89,30.15,-24.6,1405017000.0
2014-07-10,518.25,545.0,508.0,531.05,527.6083470020047,21948,2029,11579948.0,7675.0,34.97,37.0,12.8,1404930600.0
2014-07-09,515.5,534.0,511.1,514.8,520.8119582129361,17996,1665,9372532.0,7071.0,39.29,22.9,-0.7,1404844200.0
2014-07-08,568.7,574.65,501.0,517.75,537.7510582543841,24805,1662,13338915.0,15454.0,62.3,73.65,-50.95,1404757800.0
2014-07-07,594.0,594.0,560.3,563.3,571.125888036374,14076,1732,8039168.0,6311.0,44.84,33.7,-30.7,1404671400.0
2014-07-04,590.85,592.7,579.0,585.3,585.9604283662009,7657,784,4486699.0,2663.0,34.78,13.7,-5.55,1404412200.0
2014-07-03,579.8,599.0,579.8,590.85,592.3404322448336,6339,507,3754846.0,3799.0,59.93,19.2,11.05,1404325800.0
2014-07-02,575.5,586.8,572.25,580.0,579.745312755376,42829,2289,24829912.0,25839.0,60.33,14.55,4.5,1404239400.0
2014-07-01,559.95,572.0,559.95,570.0,566.2260359602664,43993,1673,24909982.0,34747.0,78.98,12.05,10.05,1404153000.0
2014-06-30,533.0,558.95,531.0,550.75,547.4088108441158,19476,1775,10661334.0,10736.0,55.12,27.95,17.75,1404066600.0
2014-06-27,518.75,534.05,516.0,527.8,525.550005417705,9229,1130,4850301.0,4186.0,45.36,18.05,9.05,1403807400.0
2014-06-26,524.65,535.8,511.0,514.15,521.1125124460671,12052,1209,6280448.0,4533.0,37.61,24.8,-10.5,1403721000.0
2014-06-25,529.0,529.0,516.65,517.95,521.6537582943544,9193,801,4795563.0,6113.0,66.5,12.35,-11.05,1403634600.0
2014-06-24,535.0,539.9,522.2,524.6,528.1908931698774,6281,677,3317567.0,3638.0,57.92,17.7,-10.4,1403548200.0
2014-06-23,540.0,544.0,526.8,530.15,531.2300302161617,12907,1456,6856586.0,6530.0,50.59,17.2,-9.85,1403461800.0
2014-06-20,546.45,549.6,533.7,538.35,542.7921892189219,9090,671,4933981.0,6516.0,71.68,15.9,-8.1,1403202600.0
2014-06-19,552.0,557.1,543.6,546.45,548.0713882390901,12397,1053,6794441.0,7147.0,57.65,13.5,-5.55,1403116200.0
2014-06-18,560.0,564.8,538.75,543.1,550.6745844198175,24544,3752,13515757.0,9441.0,38.47,26.05,-16.9,1403029800.0
2014-06-17,546.5,566.0,541.0,555.35,554.5309329880856,61019,4561,33836923.0,20863.0,34.19,25.0,8.85,1402943400.0
2014-06-16,508.85,548.0,494.1,541.8,526.5268115283208,54995,3739,28956342.0,24825.0,45.14,53.9,32.95,1402857000.0
2014-06-13,533.0,534.25,491.5,499.85,518.4180603661554,60630,4807,31431687.0,29526.0,48.7,42.75,-33.15,1402597800.0
2014-06-12,499.85,529.95,492.65,520.55,519.4449223207233,113930,5621,59180360.0,48700.0,42.75,37.3,20.7,1402511400.0
2014-06-11,500.0,503.85,480.0,493.1,493.0918944281525,42625,2348,21018042.0,28141.0,66.02,23.85,-6.9,1402425000.0
2014-06-10,480.35,499.75,470.0,494.7,488.76943374480607,32971,1877,16115217.0,19208.0,58.26,29.75,14.35,1402338600.0
2014-06-09,480.25,489.9,474.0,480.35,480.89449466568936,24558,2000,11809807.0,12462.0,50.75,15.9,0.1,1402252200.0
2014-06-06,468.85,484.7,463.0,475.65,475.71042482072966,35003,2221,16651292.0,15659.0,44.74,21.7,6.8,1401993000.0
2014-06-05,461.2,471.0,457.3,464.45,464.8403395311237,17318,963,8050105.0,11906.0,68.75,13.7,3.25,1401906600.0
2014-06-04,463.0,471.0,455.5,459.95,462.63260202341706,26391,3853,12209337.0,14987.0,56.79,15.5,-3.05,1401820200.0
2014-06-03,471.75,477.0,455.25,463.45,464.6907099083464,18439,1307,8568432.0,9660.0,52.39,21.75,-8.3,1401733800.0
2014-06-02,452.0,474.3,452.0,470.75,466.81910051962006,27905,2016,13026587.0,14466.0,51.84,22.3,18.75,1401647400.0
2014-05-30,443.8,471.0,440.05,446.8,454.5249081811235,40569,2742,18439621.0,18940.0,46.69,30.95,3.0,1401388200.0
2014-05-29,436.35,445.0,423.15,427.95,431.40865098272786,13432,1097,5794681.0,3772.0,28.08,21.85,-8.4,1401301800.0
2014-05-28,434.0,457.4,429.0,436.35,442.4636935391652,24486,1743,10834166.0,9030.0,36.88,28.4,2.35,1401215400.0
2014-05-27,438.5,438.5,421.25,432.3,430.31346129401294,15734,1268,6770552.0,5960.0,37.88,17.25,-6.2,1401129000.0
2014-05-26,463.7,483.95,430.0,438.95,460.87139214467845,46669,3178,21508407.0,25435.0,54.5,53.95,-24.75,1401042600.0
2014-05-23,433.0,465.0,433.0,457.55,454.362450316713,87303,4426,39667205.0,48809.0,55.91,32.0,24.55,1400783400.0
2014-05-22,429.8,436.55,421.0,426.95,429.9367575927084,30391,1485,13066208.0,15379.0,50.6,15.55,-2.85,1400697000.0
2014-05-21,424.95,439.35,412.0,423.2,424.8258534829304,33334,2318,14161145.0,11157.0,33.47,27.35,-1.75,1400610600.0
2014-05-20,395.0,440.0,382.0,424.8,413.54309364428127,69465,4958,28726771.0,28071.0,40.41,58.0,29.8,1400524200.0
2014-05-19,359.3,390.0,341.0,383.8,373.2796050480612,30586,2304,11417130.0,15807.0,51.68,49.0,24.5,1400437800.0
2014-05-16,353.75,362.0,346.9,351.65,353.0940170940171,7254,710,2561344.0,5215.0,71.89,15.1,-2.1,1400178600.0
2014-05-15,359.0,361.3,350.25,353.35,357.3164400494437,8090,735,2890690.0,4626.0,57.18,11.05,-5.65,1400092200.0
2014-05-14,350.0,360.0,340.8,355.85,353.5728411338168,10619,710,3754590.0,4473.0,42.12,19.2,5.85,1400005800.0
2014-05-13,344.75,359.8,340.0,350.25,350.68684929913337,17193,1520,6029359.0,7184.0,41.78,19.8,5.5,1399919400.0
2014-05-12,348.55,348.55,339.0,342.4,342.5481118373275,5508,505,1886755.0,2911.0,52.85,9.55,-6.15,1399833000.0
2014-05-09,340.0,350.0,338.0,346.75,344.39020122484686,2286,244,787276.0,1788.0,78.22,12.0,6.75,1399573800.0
2014-05-08,339.0,343.0,337.2,341.85,340.16167664670655,1670,176,568070.0,875.0,52.4,5.8,2.85,1399487400.0
2014-05-07,337.0,339.3,335.2,337.9,337.4262032085561,1870,169,630987.0,1371.0,73.32,4.1,0.9,1399401000.0
2014-05-06,340.3,343.3,336.45,338.45,340.3724168912848,2226,338,757669.0,1331.0,59.79,6.85,-1.85,1399314600.0
2014-05-05,340.0,344.95,340.0,340.3,341.7073643410853,1032,114,352642.0,532.0,51.55,4.95,0.3,1399228200.0
2014-05-02,343.9,344.0,338.25,340.35,341.4614912549862,3259,379,1112823.0,2039.0,62.57,5.75,-3.55,1398969000.0
2014-04-30,350.0,353.5,337.0,341.25,344.0860832137733,2788,426,959312.0,1691.0,60.65,16.5,-8.75,1398796200.0
2014-04-29,358.0,358.0,348.0,348.35,351.3813523729525,2381,408,836639.0,1350.0,56.7,10.0,-9.65,1398709800.0
2014-04-28,350.0,357.25,348.0,356.0,353.382927802154,5014,364,1771862.0,3654.0,72.88,9.25,6.0,1398623400.0
2014-04-25,355.0,358.0,346.0,348.0,349.72788429196095,2973,407,1039741.0,1599.0,53.78,12.0,-7.0,1398364200.0
2014-04-23,354.0,362.0,342.65,355.85,353.85318501416725,9529,882,3371867.0,5113.0,53.66,19.35,1.85,1398191400.0
2014-04-22,340.0,373.0,337.6,350.45,354.463409800327,20183,978,7154135.0,9391.0,46.53,35.4,10.45,1398105000.0
2014-04-21,338.0,343.0,334.1,337.3,338.79342893447085,5509,346,1866413.0,4448.0,80.74,8.9,-0.7,1398018600.0
2014-04-17,338.9,345.9,333.2,336.45,337.3358644859813,1712,175,577519.0,1158.0,67.64,12.7,-2.45,1397673000.0
2014-04-16,340.0,342.0,330.1,334.25,336.91818534315627,5158,255,1737824.0,3208.0,62.19,11.9,-5.75,1397586600.0
2014-04-15,345.0,348.0,338.0,341.45,341.65840176879345,6332,510,2163381.0,4114.0,64.97,10.0,-3.55,1397500200.0
2014-04-11,330.0,348.75,329.0,339.4,340.5913543908975,22763,1421,7752881.0,9645.0,42.37,19.75,9.4,1397154600.0
2014-04-10,326.2,335.9,326.2,328.65,330.89276672694393,5530,461,1829837.0,3897.0,70.47,9.7,2.45,1397068200.0
2014-04-09,320.0,332.0,317.05,326.2,326.54519403962667,12214,682,3988423.0,7678.0,31.43,14.95,6.2,1396981800.0
2014-04-07,318.0,323.0,315.0,320.7,318.8616600790514,1265,155,403360.0,817.0,32.29,8.0,2.7,1396809000.0
2014-04-04,319.9,324.0,316.0,319.8,320.4075342465753,2920,308,935590.0,1433.0,49.08,8.0,-0.1,1396549800.0
2014-04-03,320.0,321.0,311.85,317.85,317.22527472527474,2912,366,923760.0,2019.0,69.33,9.15,-2.15,1396463400.0
2014-04-02,308.9,322.0,305.0,317.75,313.80555555555554,9972,880,3129269.0,4785.0,47.98,17.0,8.85,1396377000.0
2014-04-01,308.0,308.4,303.1,306.65,306.0334291876348,2782,286,851385.0,1831.0,65.82,5.3,-1.35,1396290600.0
2014-03-31,310.0,320.0,300.0,304.6,310.6068952234206,15576,1147,4838013.0,11806.0,75.8,20.0,-5.4,1396204200.0
2014-03-28,309.4,311.0,307.0,308.1,307.87819905213274,2110,87,649623.0,1988.0,94.22,4.0,-1.3,1395945000.0
2014-03-27,310.0,311.0,306.0,308.6,308.38608058608054,1365,187,420947.0,963.0,70.55,5.0,-1.4,1395858600.0
2014-03-26,308.0,310.0,302.6,307.35,307.3131313131313,1485,159,456360.0,1086.0,73.13,7.4,-0.65,1395772200.0
2014-03-25,314.5,314.5,306.85,308.85,308.2410782080486,2634,265,811907.0,2103.0,79.84,7.65,-5.65,1395685800.0
2014-03-24,304.5,311.0,304.5,306.9,307.8536151279199,4495,369,1383802.0,3589.0,79.84,6.5,2.4,1395599400.0
2014-03-22,306.0,307.0,304.15,305.45,305.8495867768595,1210,198,370078.0,835.0,69.01,2.85,-0.55,1395426600.0
2014-03-21,305.0,305.6,301.95,303.5,303.15257128930045,4103,227,1243835.0,1625.0,39.61,3.65,-1.5,1395340200.0
2014-03-20,304.9,306.65,302.25,306.2,304.7049676898223,4952,433,1508899.0,4345.0,87.74,4.4,1.3,1395253800.0
2014-03-19,305.0,305.0,301.1,302.55,303.1794019933555,602,106,182514.0,473.0,78.57,3.9,-2.45,1395167400.0
2014-03-18,305.9,306.0,301.0,302.5,302.8483033932136,1002,153,303454.0,574.0,57.29,5.0,-3.4,1395081000.0
2014-03-14,302.55,305.0,299.9,300.7,301.77964743589746,1248,176,376621.0,803.0,64.34,5.1,-1.85,1394735400.0
2014-03-13,307.75,308.0,302.0,303.95,305.5056289769946,2043,198,624148.0,1152.0,56.39,6.0,-3.8,1394649000.0
2014-03-12,305.0,309.0,305.0,305.9,306.295971563981,4220,110,1292569.0,3980.0,94.31,4.0,0.9,1394562600.0
2014-03-11,308.0,309.0,305.0,307.5,306.5996967399545,1319,161,404405.0,1027.0,77.86,4.0,-0.5,1394476200.0
2014-03-10,305.0,310.0,303.55,306.05,305.65982905982906,1170,143,357622.0,812.0,69.4,6.45,1.05,1394389800.0
2014-03-07,304.9,315.9,304.0,308.9,308.34298599572753,4213,415,1299049.0,2916.0,69.21,11.9,4.0,1394130600.0
2014-03-06,304.9,308.0,301.2,306.8,305.99122807017545,3078,648,941841.0,2065.0,67.09,6.8,1.9,1394044200.0
2014-03-05,290.15,304.0,290.15,301.45,300.27595818815325,4305,546,1292688.0,2359.0,54.8,13.85,11.3,1393957800.0
2014-03-04,290.0,292.0,286.6,290.05,289.17277812305775,1609,122,465279.0,1250.0,77.69,5.4,0.05,1393871400.0
2014-03-03,292.9,294.8,287.0,287.65,288.77160336477186,3923,285,1132851.0,2915.0,74.31,7.8,-5.25,1393785000.0
2014-02-28,294.8,297.05,287.0,289.6,289.95217136150234,3408,574,988157.0,2221.0,65.17,10.05,-5.2,1393525800.0
2014-02-26,295.0,296.0,287.95,289.0,289.82688689107255,4783,378,1386242.0,2880.0,60.21,8.05,-6.0,1393353000.0
2014-02-25,293.4,296.0,290.65,291.35,293.0790144435004,1177,99,344954.0,952.0,80.88,5.35,-2.05,1393266600.0
2014-02-24,290.0,294.95,290.0,294.65,292.7863849765258,3834,261,1122543.0,3000.0,78.25,4.95,4.65,1393180200.0
2014-02-21,290.0,291.0,288.0,288.9,289.64100609756093,1312,157,380009.0,868.0,66.16,3.0,-1.1,1392921000.0
2014-02-20,290.0,291.9,287.5,288.7,289.1411921411921,3003,206,868291.0,2134.0,71.06,4.4,-1.3,1392834600.0
2014-02-19,293.5,293.5,289.05,290.65,290.6134529147982,2230,220,648068.0,1495.0,67.04,4.45,-2.85,1392748200.0
2014-02-18,295.0,298.75,290.55,292.45,293.7870868562644,2602,413,764434.0,1869.0,71.83,8.2,-2.55,1392661800.0
2014-02-17,297.05,299.3,294.5,295.05,295.634277518824,2789,189,824524.0,1768.0,63.39,4.8,-2.0,1392575400.0
2014-02-14,298.1,298.85,295.05,297.05,297.03919035314385,2322,214,689725.0,1707.0,73.51,3.8,-1.05,1392316200.0
2014-02-13,301.2,301.2,296.5,298.1,298.6190476190476,1596,171,476596.0,1344.0,84.21,4.7,-3.1,1392229800.0
2014-02-12,300.0,302.45,298.0,299.55,299.0058097312999,1377,248,411731.0,956.0,69.43,4.45,-0.45,1392143400.0
2014-02-11,300.2,303.0,300.0,302.0,301.4001549987084,3871,483,1166720.0,2746.0,70.94,3.0,1.8,1392057000.0
2014-02-10,302.1,308.95,298.1,300.1,300.3100192678228,5190,288,1558609.0,4092.0,78.84,10.85,-2.0,1391970600.0
2014-02-07,305.0,308.3,302.0,305.3,305.871989860583,1578,188,482666.0,1083.0,68.63,6.3,0.3,1391711400.0
2014-02-06,300.0,305.5,300.0,303.8,302.0362694300518,579,116,174879.0,480.0,82.9,5.5,3.8,1391625000.0
2014-02-05,307.9,307.9,299.0,299.6,300.2663614328037,3713,241,1114889.0,2710.0,72.99,8.9,-8.3,1391538600.0
2014-02-04,300.0,304.0,300.0,302.5,301.69242424242424,660,70,199117.0,598.0,90.61,4.0,2.5,1391452200.0
2014-02-03,316.15,316.15,299.0,301.4,301.7751235584844,1214,140,366355.0,948.0,78.09,17.15,-14.75,1391365800.0
2014-01-31,303.05,306.8,299.2,300.75,302.4223433242507,5872,444,1775824.0,4088.0,69.62,7.6,-2.3,1391106600.0
2014-01-30,306.0,306.0,302.0,303.15,303.2438502673797,935,84,283533.0,773.0,82.67,4.0,-2.85,1391020200.0
2014-01-29,309.75,309.75,304.1,305.25,305.8279742765273,1244,188,380450.0,747.0,60.05,5.65,-4.5,1390933800.0
2014-01-28,305.5,307.9,304.5,305.5,305.64137155705447,1779,179,543736.0,1469.0,82.57,3.4,0.0,1390847400.0
2014-01-27,307.0,307.8,304.1,306.1,306.12791430371766,1587,209,485825.0,1182.0,74.48,3.7,-0.9,1390761000.0
2014-01-24,310.0,312.5,307.55,309.3,309.6470037453184,1068,156,330703.0,694.0,64.98,4.95,-0.7,1390501800.0
2014-01-23,310.05,310.05,307.5,309.05,309.2915742793792,902,148,278981.0,695.0,77.05,2.55,-1.0,1390415400.0
2014-01-22,310.0,315.4,308.9,312.1,311.1748743718593,995,125,309619.0,789.0,79.3,6.5,2.1,1390329000.0
2014-01-21,313.0,315.0,309.0,311.2,311.14912280701753,798,92,248297.0,711.0,89.1,6.0,-1.8,1390242600.0
2014-01-20,315.0,317.0,310.05,312.2,313.1158798283262,699,146,218868.0,507.0,72.53,6.95,-2.8,1390156200.0
2014-01-17,311.9,315.45,310.0,312.4,312.24731182795693,3906,273,1219638.0,2295.0,58.76,5.45,0.5,1389897000.0
2014-01-16,314.45,314.45,308.5,312.4,311.6563407550823,3099,158,965823.0,1752.0,56.53,5.95,-2.05,1389810600.0
2014-01-15,317.0,318.7,311.25,311.8,314.2409693644261,4374,279,1374490.0,2612.0,59.72,7.45,-5.2,1389724200.0
2014-01-14,312.45,316.5,312.0,312.55,313.6622406639004,1205,140,377963.0,921.0,76.43,4.5,0.1,1389637800.0
2014-01-13,315.0,325.0,310.0,312.45,314.108650723354,3387,404,1063886.0,2040.0,60.23,15.0,-2.55,1389551400.0
2014-01-10,317.2,319.0,312.75,315.35,315.9224422442244,1818,206,574347.0,1296.0,71.29,6.25,-1.85,1389292200.0
2014-01-09,320.0,320.0,315.0,315.4,316.8162037037037,2160,179,684323.0,1560.0,72.22,5.0,-4.6,1389205800.0
2014-01-08,318.0,318.75,313.1,316.2,317.00174367916304,1147,147,363601.0,807.0,70.36,5.65,-1.8,1389119400.0
2014-01-07,318.95,318.95,314.05,315.75,315.9275998244844,2279,181,719999.0,1558.0,68.36,4.9,-3.2,1389033000.0
2014-01-06,320.0,323.95,315.0,315.5,317.732546201232,1948,225,618943.0,1159.0,59.5,8.95,-4.5,1388946600.0
2014-01-03,325.0,325.0,315.65,319.25,318.7383470426949,2553,249,813739.0,1576.0,61.73,9.35,-5.75,1388687400.0
2014-01-02,317.05,335.4,317.05,320.45,325.697551245013,14538,824,4734991.0,8041.0,55.31,18.35,3.4,1388601000.0
2014-01-01,324.75,327.0,318.05,320.5,323.4535958904109,5840,477,1888969.0,2852.0,48.84,8.95,-4.25,1388514600.0
2013-12-31,310.0,325.4,310.0,319.75,321.70851452426507,22996,1017,7398009.0,9253.0,40.24,15.4,9.75,1388428200.0
2013-12-30,311.0,314.0,310.0,311.2,311.9338337503475,3597,262,1122026.0,2748.0,76.4,4.0,0.2,1388341800.0
2013-12-27,311.5,314.0,308.0,310.75,310.10519031141865,4335,273,1344306.0,2637.0,60.83,6.0,-0.75,1388082600.0
2013-12-26,319.2,319.2,308.4,309.05,311.1786813750641,7796,282,2425949.0,6922.0,88.79,10.8,-10.15,1387996200.0
2013-12-24,305.0,317.65,302.0,308.3,309.9451757782252,6457,664,2001316.0,2367.0,36.66,15.65,3.3,1387823400.0
2013-12-23,305.8,306.8,301.45,302.9,303.2483537158984,5315,281,1611765.0,4363.0,82.09,5.35,-2.9,1387737000.0
2013-12-20,309.0,309.0,301.3,303.2,304.1240095087163,2524,124,767609.0,2140.0,84.79,7.7,-5.8,1387477800.0
2013-12-19,307.0,307.0,301.5,302.15,303.28657921291625,3964,214,1202228.0,3171.0,79.99,5.5,-4.85,1387391400.0
2013-12-18,308.35,308.35,302.3,302.8,304.82842763458893,19671,168,5996280.0,19148.0,97.34,6.05,-5.55,1387305000.0
2013-12-17,304.7,306.0,303.0,303.6,303.67131950335465,12967,263,3937706.0,12084.0,93.19,3.0,-1.1,1387218600.0
2013-12-16,305.0,305.0,303.0,304.25,303.9640831758034,1058,98,321594.0,913.0,86.29,2.0,-0.75,1387132200.0
2013-12-13,304.9,304.95,300.65,303.3,302.566037735849,583,77,176396.0,530.0,90.91,4.3,-1.6,1386873000.0
2013-12-12,304.95,304.95,300.0,300.3,301.70454545454544,2420,189,730125.0,1996.0,82.48,4.95,-4.65,1386786600.0
2013-12-11,302.2,304.9,300.25,301.1,301.559963099631,2168,226,653782.0,1918.0,88.47,4.65,-1.1,1386700200.0
2013-12-10,307.5,311.85,300.25,302.0,304.7494976557267,4479,374,1364973.0,3501.0,78.16,11.6,-5.5,1386613800.0
2013-12-09,315.0,315.0,306.0,307.35,309.36408977556107,3609,230,1116495.0,2765.0,76.61,9.0,-7.65,1386527400.0
2013-12-06,308.0,311.95,307.5,309.25,309.60521968946153,3027,188,937175.0,2195.0,72.51,4.45,1.25,1386268200.0
2013-12-05,307.0,310.0,305.0,306.95,306.6263243683781,2454,96,752461.0,2167.0,88.3,5.0,-0.05,1386181800.0
2013-12-04,307.75,310.0,306.35,307.75,308.2354120713856,4987,463,1537170.0,2479.0,49.71,3.65,0.0,1386095400.0
2013-12-03,303.6,305.9,301.0,303.9,304.1042452830189,2120,211,644701.0,1147.0,54.1,4.9,0.3,1386009000.0
2013-12-02,310.0,313.0,303.0,304.1,303.9172118204376,4433,425,1347265.0,2959.0,66.75,10.0,-5.9,1385922600.0
2013-11-29,308.0,308.0,304.0,305.9,305.6461538461538,1300,119,397340.0,1017.0,78.23,4.0,-2.1,1385663400.0
2013-11-28,310.0,312.0,303.15,305.2,305.3122200895713,3126,329,954406.0,2157.0,69.0,8.85,-4.8,1385577000.0
2013-11-27,305.0,309.75,305.0,308.0,307.6614123581337,1586,136,487951.0,1342.0,84.62,4.75,3.0,1385490600.0
2013-11-26,306.5,309.0,303.7,307.95,307.0575575575576,1998,408,613501.0,1385.0,69.32,5.3,1.45,1385404200.0
2013-11-25,316.8,316.8,306.15,308.15,308.91288993525603,1699,182,524843.0,1286.0,75.69,10.65,-8.65,1385317800.0
2013-11-22,313.0,315.0,306.0,307.05,309.00848515098573,4007,420,1238197.0,2596.0,64.79,9.0,-5.95,1385058600.0
2013-11-21,303.65,312.0,303.65,310.1,309.55628177196803,1377,186,426259.0,981.0,71.24,8.35,6.45,1384972200.0
2013-11-20,305.0,310.1,296.6,308.35,303.6997890789782,4267,424,1295887.0,2789.0,65.36,13.5,3.35,1384885800.0
2013-11-19,306.0,307.95,303.5,304.1,304.0712214962572,23111,219,7027390.0,22392.0,96.89,4.45,-1.9,1384799400.0
2013-11-18,309.9,311.0,300.0,305.4,305.21931341071866,4049,364,1235833.0,2079.0,51.35,11.0,-4.5,1384713000.0
2013-11-14,314.85,314.85,302.0,308.3,307.83909465020577,2430,200,748049.0,1114.0,45.84,12.85,-6.55,1384367400.0
2013-11-13,305.5,308.2,301.5,303.15,304.6132828919714,2379,230,724675.0,1732.0,72.8,6.7,-2.35,1384281000.0
2013-11-12,309.35,309.5,305.1,308.85,307.8862876254181,1794,171,552348.0,950.0,52.95,4.4,-0.5,1384194600.0
2013-11-11,315.0,315.0,308.1,310.4,310.86187322611164,2114,300,657162.0,1603.0,75.83,6.9,-4.6,1384108200.0
2013-11-08,323.9,323.9,315.1,317.7,318.5094051855618,1967,334,626508.0,1405.0,71.43,8.8,-6.2,1383849000.0
2013-11-07,324.0,326.85,317.0,318.2,321.70457406630294,2383,282,766622.0,1452.0,60.93,9.85,-5.8,1383762600.0
2013-11-06,328.9,330.0,319.0,322.1,324.56555072834146,3913,510,1270025.0,2882.0,73.65,11.0,-6.8,1383676200.0
2013-11-05,314.0,325.5,310.0,323.85,320.1347562251517,4779,446,1529924.0,2576.0,53.9,15.5,9.85,1383589800.0
2013-11-03,310.0,314.0,310.0,313.05,312.67235901509133,2518,191,787309.0,2044.0,81.18,4.0,3.05,1383417000.0
2013-11-01,308.0,309.55,305.1,308.4,307.4896324222432,2122,149,652493.0,1251.0,58.95,4.45,0.4,1383244200.0
2013-10-31,311.95,311.95,305.4,308.75,307.17728055077447,2324,193,713880.0,1734.0,74.61,6.55,-3.2,1383157800.0
2013-10-30,308.1,310.5,307.25,309.75,309.6782744282744,1924,159,595821.0,1094.0,56.86,3.25,1.65,1383071400.0
2013-10-29,304.1,313.0,303.1,310.0,307.64678362573096,3420,300,1052152.0,1737.0,50.79,9.9,5.9,1382985000.0
2013-10-28,308.9,308.9,302.3,303.7,303.5696416497633,2958,170,897959.0,2202.0,74.44,6.6,-5.2,1382898600.0
2013-10-25,303.45,306.5,303.0,303.25,303.4193548387097,527,88,159902.0,410.0,77.8,3.5,-0.2,1382639400.0
2013-10-24,308.95,309.0,302.2,304.35,304.66130268199237,5220,287,1590332.0,4012.0,76.86,6.8,-4.6,1382553000.0
2013-10-23,304.5,309.5,304.5,308.15,307.8231353282716,2239,183,689216.0,1235.0,55.16,5.0,3.65,1382466600.0
2013-10-22,305.9,308.75,303.0,306.9,305.8315818584071,3616,274,1105887.0,2522.0,69.75,5.75,1.0,1382380200.0
2013-10-21,305.1,309.0,301.0,303.05,301.8328267477204,8883,352,2681181.0,7629.0,85.88,8.0,-2.05,1382293800.0
2013-10-18,303.55,304.75,300.55,301.55,302.27570339205886,7606,413,2299109.0,6428.0,84.51,4.2,-2.0,1382034600.0
2013-10-17,303.0,304.75,300.0,300.45,301.80556193978396,4351,371,1313156.0,3482.0,80.03,4.75,-2.55,1381948200.0
2013-10-15,308.95,308.95,301.0,302.2,302.7151311895837,5069,335,1534463.0,3663.0,72.26,7.95,-6.75,1381775400.0
2013-10-14,312.0,314.0,304.2,305.6,306.12886802059165,17677,397,5411440.0,16418.0,92.88,9.8,-6.4,1381689000.0
2013-10-11,310.0,311.85,305.0,307.35,307.5616132955006,4934,408,1517509.0,3678.0,74.54,6.85,-2.65,1381429800.0
2013-10-10,309.75,309.8,306.5,308.45,308.0011402508552,1754,240,540234.0,1191.0,67.9,3.3,-1.3,1381343400.0
2013-10-09,308.0,312.9,303.1,305.2,307.2193906878712,5219,437,1603378.0,4771.0,91.42,9.8,-2.8,1381257000.0
2013-10-08,311.5,314.55,309.35,310.15,310.84856700232376,2582,215,802611.0,1476.0,57.16,5.2,-1.35,1381170600.0
2013-10-07,310.0,314.0,310.0,310.8,311.2320302648172,3172,201,987228.0,3022.0,95.27,4.0,0.8,1381084200.0
2013-10-04,314.9,314.9,305.05,306.95,310.0503144654088,2067,163,640874.0,1526.0,73.83,9.85,-7.95,1380825000.0
2013-10-03,303.0,312.65,303.0,312.0,308.5262927256792,2282,323,704057.0,1382.0,60.56,9.65,9.0,1380738600.0
2013-10-01,307.05,309.45,304.0,305.5,306.566757493188,1101,235,337530.0,746.0,67.76,5.45,-1.55,1380565800.0
2013-09-30,312.0,312.0,305.0,305.25,307.6391966759003,2888,229,888462.0,2272.0,78.67,7.0,-6.75,1380479400.0
2013-09-27,310.95,312.5,308.95,310.75,309.649168207024,2705,166,837601.0,2080.0,76.89,3.55,-0.2,1380220200.0
2013-09-26,308.3,311.0,306.1,307.55,308.6303074670571,2732,435,843178.0,2431.0,88.98,4.9,-0.75,1380133800.0
2013-09-25,310.0,312.0,308.1,309.25,309.66534566270366,2271,282,703250.0,1591.0,70.06,3.9,-0.75,1380047400.0
2013-09-24,315.7,316.95,309.0,310.35,310.97140979296745,3043,263,946286.0,1782.0,58.56,7.95,-5.35,1379961000.0
2013-09-23,317.95,321.0,313.5,313.8,314.5945499587118,3633,184,1142922.0,2990.0,82.3,7.5,-4.15,1379874600.0
2013-09-20,318.0,318.0,315.05,316.35,316.1160108548168,1474,292,465955.0,1041.0,70.62,2.95,-1.65,1379615400.0
2013-09-19,316.9,318.0,313.0,315.35,315.4064070351759,1592,167,502127.0,1169.0,73.43,5.0,-1.55,1379529000.0
2013-09-18,317.5,317.5,311.0,311.65,312.9755586592179,1432,190,448181.0,846.0,59.08,6.5,-5.85,1379442600.0
2013-09-17,315.9,315.9,311.0,312.0,312.9817247287264,1751,197,548031.0,1543.0,88.12,4.9,-3.9,1379356200.0
2013-09-16,319.0,324.0,312.0,313.75,314.6499003984064,2008,362,631817.0,1252.0,62.35,12.0,-5.25,1379269800.0
2013-09-13,319.0,320.0,314.15,315.35,315.84199134199133,462,84,145919.0,260.0,56.28,5.85,-3.65,1379010600.0
2013-09-12,316.6,319.85,312.0,313.85,315.7937649880096,3753,279,1185174.0,2631.0,70.1,7.85,-2.75,1378924200.0
2013-09-11,317.0,321.75,315.5,319.1,318.00230680507497,1734,183,551416.0,1258.0,72.55,6.25,2.1,1378837800.0
2013-09-10,327.0,329.0,317.0,320.55,320.65314885496184,2096,365,672089.0,1441.0,68.75,12.0,-6.45,1378751400.0
2013-09-06,329.95,329.95,315.0,321.15,319.70132093933466,4088,573,1306939.0,1809.0,44.25,14.95,-8.8,1378405800.0
2013-09-05,331.25,342.85,331.25,336.9,337.3528662420382,3140,282,1059288.0,2392.0,76.18,11.6,5.65,1378319400.0
2013-09-04,338.5,342.95,333.0,334.35,337.52770005595966,1787,237,603162.0,1263.0,70.68,9.95,-4.15,1378233000.0
2013-09-03,337.0,340.0,331.0,331.85,333.74434611602754,1017,145,339418.0,762.0,74.93,9.0,-5.15,1378146600.0
2013-09-02,328.0,336.0,326.3,335.55,331.8281177020084,2141,301,710444.0,1347.0,62.91,9.7,7.55,1378060200.0
2013-08-30,330.0,330.0,324.0,327.45,327.32572050027187,1839,253,601952.0,978.0,53.18,6.0,-2.55,1377801000.0
2013-08-29,323.0,327.0,323.0,325.35,325.9345930232558,1376,105,448486.0,1142.0,82.99,4.0,2.35,1377714600.0
2013-08-28,318.0,322.45,312.0,319.95,318.3371115173674,2735,557,870652.0,1746.0,63.84,10.45,1.95,1377628200.0
2013-08-27,329.0,329.0,318.05,321.55,323.4668734141528,3547,432,1147337.0,2369.0,66.79,10.95,-7.45,1377541800.0
2013-08-26,333.0,345.2,327.85,330.0,332.83993766696346,4492,336,1495117.0,2953.0,65.74,17.35,-3.0,1377455400.0
2013-08-23,327.1,335.0,323.6,333.15,326.2406453827669,2913,217,950339.0,2571.0,88.26,11.4,6.05,1377196200.0
2013-08-22,320.0,327.45,315.55,322.2,320.2305276381909,1592,364,509807.0,1004.0,63.07,11.9,2.2,1377109800.0
2013-08-21,320.0,326.9,315.8,317.55,321.9091292208818,18983,278,6110801.0,18673.0,98.37,11.1,-2.45,1377023400.0
2013-08-20,318.95,321.5,310.25,314.35,314.69070373588187,1151,230,362209.0,615.0,53.43,11.25,-4.6,1376937000.0
2013-08-19,326.0,326.0,312.3,314.25,317.1001310615989,3815,370,1209737.0,3064.0,80.31,13.7,-11.75,1376850600.0
2013-08-16,325.0,328.0,320.25,322.25,323.22099087353325,1534,153,495821.0,1028.0,67.01,7.75,-2.75,1376591400.0
2013-08-14,328.0,328.0,321.0,323.7,324.2460336831828,4097,282,1328436.0,2796.0,68.25,7.0,-4.3,1376418600.0
2013-08-13,326.0,329.5,323.5,325.85,325.62467085274454,4937,467,1607609.0,2926.0,59.27,6.0,-0.15,1376332200.0
2013-08-12,328.0,342.9,326.0,331.4,332.9847790507365,6110,689,2034537.0,2292.0,37.51,16.9,3.4,1376245800.0
2013-08-08,325.1,333.0,325.0,329.7,329.0329545454545,880,157,289549.0,493.0,56.02,8.0,4.6,1375900200.0
2013-08-07,324.0,330.75,313.0,327.2,325.62109375,2560,348,833590.0,1845.0,72.07,17.75,3.2,1375813800.0
2013-08-06,316.0,325.0,313.6,320.75,320.8218061674009,4540,460,1456531.0,3547.0,78.13,11.4,4.75,1375727400.0
2013-08-05,315.0,330.0,311.0,319.9,319.907484741407,3113,612,995872.0,2033.0,65.31,19.0,4.9,1375641000.0
2013-08-02,315.0,320.0,308.0,311.45,312.986560992419,2902,418,908287.0,1920.0,66.16,12.0,-3.55,1375381800.0
2013-08-01,331.05,338.0,308.05,318.1,322.7218295878663,12593,816,4064036.0,4373.0,34.73,29.95,-12.95,1375295400.0
2013-07-31,327.1,335.0,327.1,328.8,330.6456074766355,2675,379,884477.0,2210.0,82.62,7.9,1.7,1375209000.0
2013-07-30,339.9,341.25,327.0,328.95,334.7076093469143,3338,404,1117254.0,2460.0,73.7,14.25,-10.95,1375122600.0
2013-07-29,342.0,345.0,336.3,338.75,340.1949044585987,785,177,267053.0,618.0,78.73,8.7,-3.25,1375036200.0
2013-07-26,353.35,353.4,335.0,337.25,338.75387673956266,2515,342,851966.0,1396.0,55.51,18.4,-16.1,1374777000.0
2013-07-25,340.2,349.8,338.3,346.0,344.8404785643071,3009,282,1037625.0,2605.0,86.57,11.5,5.8,1374690600.0
2013-07-24,350.85,350.85,338.5,341.1,343.79127725856694,1284,216,441428.0,940.0,73.21,12.35,-9.75,1374604200.0
2013-07-23,353.65,353.65,345.55,348.1,349.9379932356257,887,198,310395.0,494.0,55.69,8.1,-5.55,1374517800.0
2013-07-22,349.85,360.0,345.45,350.9,351.56582733812945,2780,337,977353.0,2218.0,79.78,14.55,1.05,1374431400.0
2013-07-19,347.95,350.0,344.05,348.2,347.23882896764246,1298,195,450716.0,929.0,71.57,5.95,0.25,1374172200.0
2013-07-18,348.4,349.0,340.35,346.6,343.78928571428565,1120,270,385044.0,724.0,64.64,8.65,-1.8,1374085800.0
2013-07-17,347.8,349.0,345.05,346.4,346.6595149253732,1072,193,371619.0,811.0,75.65,3.95,-1.4,1373999400.0
2013-07-16,350.0,352.25,345.1,348.6,349.46234446627375,1527,303,533629.0,931.0,60.97,7.15,-1.4,1373913000.0
2013-07-15,345.0,355.0,343.1,353.6,352.5670103092784,3298,540,1162766.0,1808.0,54.82,11.9,8.6,1373826600.0
2013-07-12,347.95,347.95,340.1,345.25,342.93598233995584,906,139,310700.0,495.0,54.64,7.85,-2.7,1373567400.0
2013-07-11,347.9,347.9,341.0,344.2,344.749572162008,1753,307,604346.0,1056.0,60.24,6.9,-3.7,1373481000.0
2013-07-10,334.0,347.95,334.0,343.1,341.3265306122449,2695,303,919875.0,1810.0,67.16,13.95,9.1,1373394600.0
2013-07-09,335.0,337.0,333.95,334.25,334.93595877806405,2717,327,910021.0,2183.0,80.35,3.05,-0.75,1373308200.0
2013-07-08,352.2,352.2,330.0,332.15,338.3755405639163,11562,1089,3912298.0,8105.0,70.1,22.2,-20.05,1373221800.0
2013-07-05,361.8,361.8,350.0,352.2,352.67621776504296,3839,451,1353924.0,3039.0,79.16,11.8,-9.6,1372962600.0
2013-07-04,362.1,368.0,357.0,358.1,360.7227926078029,1948,221,702688.0,1307.0,67.09,11.0,-4.0,1372876200.0
2013-07-03,370.4,370.4,360.65,363.0,363.1293333333333,1500,204,544694.0,1068.0,71.2,9.75,-7.4,1372789800.0
2013-07-02,375.0,379.0,368.0,370.95,375.0152941176471,1700,263,637526.0,1333.0,78.41,11.0,-4.05,1372703400.0
2013-07-01,383.0,387.8,377.0,378.6,380.25729646697386,1302,113,495095.0,1053.0,80.88,10.8,-4.4,1372617000.0
2013-06-28,377.95,381.1,371.05,377.9,375.9988857938719,1795,222,674918.0,1073.0,59.78,10.05,-0.05,1372357800.0
2013-06-27,368.0,379.3,367.0,374.85,371.09330406147086,1822,200,676132.0,1559.0,85.57,12.3,6.85,1372271400.0
2013-06-26,358.05,369.0,358.05,366.25,366.1217228464419,1068,163,391018.0,841.0,78.75,10.95,8.2,1372185000.0
2013-06-25,363.0,369.55,356.0,359.8,361.2411067193676,1265,168,456970.0,857.0,67.75,13.55,-3.2,1372098600.0
2013-06-24,371.3,371.4,362.6,364.15,365.48089887640447,1335,219,487917.0,861.0,64.49,8.8,-7.15,1372012200.0
2013-06-21,366.0,375.0,362.1,371.3,369.1995098039216,2040,217,753167.0,1340.0,65.69,12.9,5.3,1371753000.0
2013-06-20,372.25,372.25,364.05,366.7,367.5013276686139,1883,273,692005.0,1501.0,79.71,8.2,-5.55,1371666600.0
2013-06-19,372.6,374.75,370.55,373.95,373.7370242214533,578,150,216020.0,419.0,72.49,4.2,1.35,1371580200.0
2013-06-18,374.85,378.0,367.45,368.95,372.230695900858,2098,209,780940.0,1421.0,67.73,10.55,-5.9,1371493800.0
2013-06-17,368.55,375.0,367.1,374.4,370.216230097586,1947,311,720811.0,1316.0,67.59,7.9,5.85,1371407400.0
2013-06-14,375.0,375.0,363.85,368.55,369.5086274509804,2550,250,942247.0,1628.0,63.84,11.15,-6.45,1371148200.0
2013-06-13,371.0,373.5,367.85,368.8,369.6754385964912,1368,83,505716.0,957.0,69.96,5.65,-2.2,1371061800.0
2013-06-12,370.15,375.0,369.0,370.1,371.0412603150788,1333,166,494598.0,852.0,63.92,6.0,-0.05,1370975400.0
2013-06-11,371.0,373.0,369.0,372.65,371.38180341186023,1231,110,457171.0,843.0,68.48,4.0,1.65,1370889000.0
2013-06-10,382.0,382.0,370.1,372.25,375.7465802735781,1389,181,521912.0,433.0,31.17,11.9,-9.75,1370802600.0
2013-06-07,378.95,378.95,373.4,375.5,376.58522855212794,8882,436,3344830.0,7548.0,84.98,5.55,-3.45,1370543400.0
2013-06-06,375.0,380.4,373.1,375.85,376.823966696402,3363,247,1267259.0,2300.0,68.39,7.3,0.85,1370457000.0
2013-06-05,380.05,380.05,370.0,374.35,377.0296596940368,3203,241,1207626.0,1975.0,61.66,10.05,-5.7,1370370600.0
2013-06-04,384.55,392.65,380.6,385.05,386.18469785575047,2052,233,792451.0,666.0,32.46,12.05,0.5,1370284200.0
2013-06-03,377.0,390.0,375.0,387.15,383.1254930082466,2789,223,1068537.0,1182.0,42.38,15.0,10.15,1370197800.0
2013-05-31,405.0,410.0,366.0,376.1,386.54660434423977,7274,390,2811740.0,5531.0,76.04,44.0,-28.9,1369938600.0
2013-05-30,405.0,407.95,395.3,399.4,400.23869050668577,19519,420,7812259.0,13857.0,70.99,12.65,-5.6,1369852200.0
2013-05-29,388.05,392.0,385.35,390.15,389.3804531619885,2957,145,1151398.0,1863.0,63.0,6.65,2.1,1369765800.0
2013-05-28,389.35,389.9,383.0,389.05,387.1482391482392,2442,127,945416.0,1436.0,58.8,6.9,-0.3,1369679400.0
2013-05-27,389.6,389.9,381.55,389.45,387.4973041686758,22813,188,8839976.0,22293.0,97.72,8.35,-0.15,1369593000.0
2013-05-24,395.0,395.0,381.85,389.15,389.480677480916,4192,204,1632703.0,2650.0,63.22,13.15,-5.85,1369333800.0
2013-05-23,398.0,398.0,386.0,388.75,389.0632508471096,9739,384,3789087.0,6611.0,67.88,12.0,-9.25,1369247400.0
2013-05-22,690.0,690.0,675.05,684.05,684.26924375422,5924,347,4053611.0,4344.0,73.33,14.95,-5.95,1369161000.0
2013-05-21,695.0,695.0,685.0,686.5,690.633704548504,7453,278,5147293.0,6160.0,82.65,10.0,-8.5,1369074600.0
2013-05-20,700.0,710.0,687.05,689.75,701.9755077658303,10044,543,7050642.0,6888.0,68.58,22.95,-10.25,1368988200.0
2013-05-17,690.55,703.0,690.55,694.9,697.7521604254376,9026,434,6297911.0,6541.0,72.47,12.45,4.35,1368729000.0
2013-05-16,688.0,697.0,688.0,692.95,692.6823446823447,5698,381,3946904.0,4223.0,74.11,9.0,4.95,1368642600.0
2013-05-15,685.0,687.0,682.15,686.25,684.8927452398168,4149,290,2841620.0,3151.0,75.95,4.85,1.25,1368556200.0
2013-05-14,670.8,685.0,670.5,676.15,675.7873677248676,3024,112,2043581.0,1704.0,56.35,14.5,5.35,1368469800.0
2013-05-13,680.15,690.0,672.1,675.3,681.4847575422524,6331,312,4314480.0,4590.0,72.5,17.9,-4.85,1368383400.0
2013-05-11,684.0,689.9,682.0,686.3,687.3127610208817,2155,72,1481159.0,1747.0,81.07,7.9,2.3,1368210600.0
2013-05-10,675.25,685.0,675.25,680.85,682.8399446494465,4336,154,2960794.0,2789.0,64.32,9.75,5.6,1368124200.0
2013-05-09,669.0,678.3,669.0,675.9,674.2386002120891,2829,143,1907421.0,1814.0,64.12,9.3,6.9,1368037800.0
2013-05-08,675.15,682.0,670.0,672.4,674.3805374001453,1377,131,928622.0,1044.0,75.82,12.0,-2.75,1367951400.0
2013-05-07,670.0,679.95,667.05,675.9,673.3467396477868,4202,270,2829403.0,2827.0,67.28,12.9,5.9,1367865000.0
2013-05-06,674.0,675.0,665.0,666.45,670.8514339445228,2127,156,1426901.0,1286.0,60.46,10.0,-7.55,1367778600.0
2013-05-03,680.7,683.7,668.95,670.4,674.8345279541265,4883,287,3295217.0,2703.0,55.36,14.75,-10.3,1367519400.0
2013-05-02,681.95,682.9,672.3,679.7,679.3684290489213,13164,598,8943206.0,10930.0,83.03,10.6,-2.25,1367433000.0
2013-04-30,673.4,684.0,672.0,675.75,679.1528698350021,7091,613,4815873.0,4498.0,63.43,12.0,2.35,1367260200.0
2013-04-29,670.0,673.35,663.05,670.65,670.6598902871895,3099,146,2078375.0,2598.0,83.83,10.3,0.65,1367173800.0
2013-04-26,670.0,673.2,662.05,664.65,668.3721890775585,2179,217,1456383.0,1023.0,46.95,11.15,-5.35,1366914600.0
2013-04-25,659.5,669.8,656.1,666.9,662.9760678582248,3301,246,2188484.0,2357.0,71.4,13.7,7.4,1366828200.0
2013-04-23,654.9,669.9,653.0,655.75,658.6743450767841,2214,324,1458305.0,1305.0,58.94,16.9,0.85,1366655400.0
2013-04-22,654.0,655.7,651.05,652.95,653.0959719789842,2855,298,1864589.0,1649.0,57.76,4.65,-1.05,1366569000.0
2013-04-18,655.0,657.9,648.15,651.45,652.4052770448549,1895,171,1236308.0,1172.0,61.85,9.75,-3.55,1366223400.0
2013-04-17,649.8,661.25,649.0,651.2,654.7185146715138,3851,357,2521321.0,2299.0,59.7,12.25,1.4,1366137000.0
2013-04-16,636.4,649.75,635.0,647.75,642.6293447293447,3510,305,2255629.0,2028.0,57.78,14.75,11.35,1366050600.0
2013-04-15,634.0,639.9,630.95,637.4,634.8490298824529,7061,571,4482669.0,5189.0,73.49,8.95,3.4,1365964200.0
2013-04-12,625.6,627.75,620.5,624.15,624.2474837181765,1689,168,1054354.0,1226.0,72.59,7.25,-1.45,1365705000.0
2013-04-11,623.0,628.0,620.35,623.4,623.603870967742,775,120,483293.0,480.0,61.94,7.65,0.4,1365618600.0
2013-04-10,628.0,628.0,616.0,618.5,620.9699201964395,1629,226,1011560.0,1083.0,66.48,12.0,-9.5,1365532200.0
2013-04-09,626.0,629.8,622.6,624.45,626.0291153415453,2679,183,1677132.0,1510.0,56.36,7.2,-1.55,1365445800.0
2013-04-08,626.0,629.8,620.35,626.25,624.2843948826709,14617,154,9125165.0,7561.0,51.73,9.45,0.25,1365359400.0
2013-04-05,628.0,628.0,618.5,621.3,621.1881338742394,1972,176,1224983.0,1279.0,64.86,9.5,-6.7,1365100200.0
2013-04-04,630.1,630.1,620.05,623.15,624.14548404543,3698,196,2308090.0,2947.0,79.69,10.05,-6.95,1365013800.0
2013-04-03,629.1,639.95,623.0,628.55,627.4965110869903,6449,415,4046725.0,3629.0,56.27,16.95,-0.55,1364927400.0
2013-04-02,619.0,628.0,613.5,624.6,623.4255521253858,4211,254,2625245.0,2598.0,61.7,14.5,5.6,1364841000.0
2013-04-01,605.0,621.5,605.0,620.45,617.5108881298036,4684,339,2892421.0,2356.0,50.3,16.5,15.45,1364754600.0
2013-03-28,620.0,625.0,603.0,605.8,613.4172759138708,19970,1489,12249943.0,7445.0,37.28,22.0,-14.2,1364409000.0
2013-03-26,615.0,621.65,607.0,609.85,613.2260751317356,5883,320,3607609.0,3543.0,60.22,14.65,-5.15,1364236200.0
2013-03-25,619.1,619.8,592.0,599.0,606.3474194665744,5774,567,3501050.0,3972.0,68.79,27.8,-20.1,1364149800.0
2013-03-22,618.9,630.0,605.1,606.55,611.1207637231504,10475,687,6401490.0,5695.0,54.37,24.9,-12.35,1363890600.0
2013-03-21,605.0,639.9,600.0,612.15,623.1230499840815,43974,2703,27401213.0,14253.0,32.41,39.9,7.15,1363804200.0
2013-03-20,589.25,592.0,575.95,578.85,585.4363009269239,4639,255,2715839.0,2648.0,57.08,16.05,-10.4,1363717800.0
2013-03-19,585.0,592.0,583.0,589.8,587.4785744590581,2357,310,1384687.0,1426.0,60.5,9.0,4.8,1363631400.0
2013-03-18,598.0,598.0,584.2,584.95,591.573673870334,509,47,301111.0,423.0,83.1,13.8,-13.05,1363545000.0
2013-03-15,606.0,606.0,591.0,595.9,599.6389452332656,493,45,295622.0,371.0,75.25,15.0,-10.1,1363285800.0
2013-03-14,592.2,605.0,591.0,599.15,594.5361803084223,1686,136,1002388.0,1264.0,74.97,14.0,6.95,1363199400.0
2013-03-13,603.0,603.1,590.0,595.35,595.2490170380079,763,117,454175.0,521.0,68.28,13.1,-7.65,1363113000.0
2013-03-12,608.0,608.0,593.3,594.9,597.7066436583261,2318,256,1385484.0,1467.0,63.29,14.7,-13.1,1363026600.0
2013-03-11,610.0,613.4,603.45,609.1,609.3269493844049,731,105,445418.0,621.0,84.95,9.95,-0.9,1362940200.0
2013-03-08,597.95,609.8,592.45,606.3,600.1678189817725,1591,210,954867.0,864.0,54.31,17.35,8.35,1362681000.0
2013-03-07,598.5,601.5,593.4,597.9,597.9983022071307,589,82,352221.0,278.0,47.2,8.1,-0.6,1362594600.0
2013-03-06,591.0,606.0,591.0,598.25,598.3915375446961,1678,212,1004101.0,1024.0,61.03,15.0,7.25,1362508200.0
2013-03-05,581.0,593.95,581.0,591.2,587.7024567788899,2198,155,1291770.0,1648.0,74.98,12.95,10.2,1362421800.0
2013-03-04,600.0,600.0,574.2,578.55,581.671803652968,5256,348,3057267.0,3559.0,67.71,25.8,-21.45,1362335400.0
2013-03-01,610.1,610.2,599.0,601.1,602.6859277708593,4015,282,2419784.0,3330.0,82.94,11.2,-9.0,1362076200.0
2013-02-28,625.0,628.5,612.0,614.3,618.1501042390548,1439,228,889518.0,1025.0,71.23,16.5,-10.7,1361989800.0
2013-02-27,625.0,627.9,617.05,624.95,623.0165354330709,1270,62,791231.0,1158.0,91.18,10.85,-0.05,1361903400.0
2013-02-26,611.0,627.0,607.0,624.65,621.5,1532,68,952138.0,1212.0,79.11,20.0,13.65,1361817000.0
2013-02-25,634.0,636.0,615.25,627.65,621.8171046962516,4642,232,2886475.0,2788.0,60.06,20.75,-6.35,1361730600.0
2013-02-22,638.25,710.0,628.0,630.5,636.7843137254902,3417,163,2175892.0,2002.0,58.59,82.0,-7.75,1361471400.0
2013-02-21,632.05,638.0,620.0,626.55,629.0528602461984,1381,143,868722.0,1013.0,73.35,18.0,-5.5,1361385000.0
2013-02-20,635.0,643.8,631.4,640.7,638.0838815789474,608,142,387955.0,316.0,51.97,12.4,5.7,1361298600.0
2013-02-19,635.0,641.95,629.05,638.3,634.0293819655521,987,200,625787.0,603.0,61.09,12.9,3.3,1361212200.0
2013-02-18,638.0,638.0,625.0,631.2,630.8765323992994,1142,101,720461.0,869.0,76.09,13.0,-6.8,1361125800.0
2013-02-15,629.95,630.0,619.0,622.15,622.4897245299519,2287,168,1423634.0,1438.0,62.88,11.0,-7.8,1360866600.0
2013-02-14,637.95,638.0,625.05,629.25,629.9578660200061,3299,187,2078231.0,2498.0,75.72,12.95,-8.7,1360780200.0
2013-02-13,629.9,633.0,628.0,632.3,629.3976420150053,933,56,587228.0,759.0,81.35,5.0,2.4,1360693800.0
2013-02-12,630.0,632.4,617.3,630.55,625.7205387205387,594,106,371678.0,431.0,72.56,15.1,0.55,1360607400.0
2013-02-11,620.0,633.3,615.15,620.55,625.354991394148,2324,148,1453325.0,2105.0,90.58,18.15,0.55,1360521000.0
2013-02-08,625.05,635.0,618.0,619.1,625.7974720752499,3402,175,2128963.0,3166.0,93.06,17.0,-5.95,1360261800.0
2013-02-07,631.5,640.9,621.6,626.55,630.7835088993825,2753,213,1736547.0,1920.0,69.74,19.3,-4.95,1360175400.0
2013-02-06,653.0,658.95,629.05,634.0,641.0931465354033,5282,460,3386254.0,3992.0,75.58,29.9,-19.0,1360089000.0
2013-02-05,650.0,660.0,646.0,648.15,651.7234468937876,1996,169,1300840.0,1385.0,69.39,14.0,-1.85,1360002600.0
2013-02-04,660.0,666.0,659.0,664.05,663.3064853556485,956,81,634121.0,715.0,74.79,7.0,4.05,1359916200.0
2013-02-01,660.0,665.0,657.75,659.9,659.8532853285329,1111,92,733097.0,1007.0,90.64,7.25,-0.1,1359657000.0
2013-01-31,655.0,665.4,653.0,660.25,658.9956331877729,687,45,452730.0,418.0,60.84,12.4,5.25,1359570600.0
2013-01-30,660.05,664.95,648.25,656.0,655.6075268817204,2790,284,1829145.0,1557.0,55.81,16.7,-4.05,1359484200.0
2013-01-29,659.0,668.0,656.05,659.1,658.7647058823529,1360,80,895920.0,991.0,72.87,11.95,0.1,1359397800.0
2013-01-28,664.0,664.0,651.0,656.6,659.8407572383073,1796,117,1185074.0,1437.0,80.01,13.0,-7.4,1359311400.0
2013-01-25,664.0,664.0,645.0,659.95,657.0536585365853,1435,78,942872.0,1247.0,86.9,19.0,-4.05,1359052200.0
2013-01-24,661.55,661.55,652.0,654.8,657.5007342143906,681,87,447758.0,544.0,79.88,9.55,-6.75,1358965800.0
2013-01-23,671.95,673.0,659.1,662.45,666.2543246227457,2717,234,1810213.0,1386.0,51.01,13.9,-9.5,1358879400.0
2013-01-22,675.0,676.4,666.7,667.55,670.7739032620922,2667,118,1788954.0,2241.0,84.03,9.7,-7.45,1358793000.0
2013-01-21,679.5,682.9,667.1,676.95,676.6912552052349,1681,96,1137518.0,1276.0,75.91,15.8,-2.55,1358706600.0
2013-01-18,675.0,682.85,669.0,679.5,675.4223582474226,3104,224,2096511.0,1703.0,54.86,13.85,4.5,1358447400.0
2013-01-17,665.0,676.0,660.0,673.55,667.3510577472841,1749,132,1167197.0,1194.0,68.27,16.0,8.55,1358361000.0
2013-01-16,670.0,674.95,659.3,662.9,666.7285714285714,1260,132,840078.0,1014.0,80.48,15.65,-7.1,1358274600.0
2013-01-15,683.0,683.0,665.7,667.4,673.1537818637693,2393,201,1610857.0,1168.0,48.81,17.3,-15.6,1358188200.0
2013-01-14,674.95,679.0,667.55,678.1,674.8493038493039,1221,100,823991.0,733.0,60.03,11.45,3.15,1358101800.0
2013-01-11,680.0,680.0,670.0,674.65,675.6299019607843,1224,80,826971.0,1059.0,86.52,10.0,-5.35,1357842600.0
2013-01-10,684.0,684.0,663.5,671.55,674.3765455226677,2669,191,1799911.0,1865.0,69.88,20.5,-12.45,1357756200.0
2013-01-09,680.0,685.0,679.05,683.7,683.1337013186139,3261,177,2227699.0,1798.0,55.14,5.95,3.7,1357669800.0
2013-01-08,680.0,683.0,669.9,678.8,675.5614189387277,6822,318,4608680.0,3501.0,51.32,13.1,-1.2,1357583400.0
2013-01-07,676.0,684.75,666.2,670.7,674.65078183172,4029,293,2718168.0,2513.0,62.37,18.55,-5.3,1357497000.0
2013-01-04,679.0,679.95,672.9,674.95,675.2211445198836,3093,111,2088459.0,2445.0,79.05,7.05,-4.05,1357237800.0
2013-01-03,695.0,695.0,681.1,681.95,687.0816085156712,1691,136,1161855.0,1474.0,87.17,13.9,-13.05,1357151400.0
2013-01-02,690.1,700.0,682.0,685.7,691.7794669299112,5065,303,3503863.0,3597.0,71.02,18.0,-4.4,1357065000.0
2013-01-01,670.0,691.0,665.05,686.25,681.6596111247846,4063,234,2769583.0,3235.0,79.62,25.95,16.25,1356978600.0
2012-12-31,635.05,674.7,635.05,667.05,662.2124434990693,3761,193,2490581.0,3099.0,82.4,39.65,32.0,1356892200.0
2012-12-28,639.9,651.85,638.0,650.5,644.1006622516556,3775,258,2431480.0,2753.0,72.93,13.85,10.6,1356633000.0
2012-12-27,644.0,645.0,637.0,639.9,641.884780278671,1866,149,1197757.0,1477.0,79.15,8.0,-4.1,1356546600.0
2012-12-26,647.0,648.0,642.15,643.15,643.816414686825,463,80,298087.0,317.0,68.47,5.85,-3.85,1356460200.0
2012-12-24,649.5,655.0,640.0,645.3,646.3533834586466,2261,222,1461405.0,1450.0,64.13,15.0,-4.2,1356287400.0
2012-12-21,660.0,660.0,638.3,640.0,647.029497098646,4136,115,2676114.0,3983.0,96.3,21.7,-20.0,1356028200.0
2012-12-20,655.0,655.0,646.15,650.1,650.1180691454664,1533,42,996631.0,1247.0,81.34,8.85,-4.9,1355941800.0
2012-12-19,647.0,652.0,633.2,650.35,648.2511300853841,1991,112,1290668.0,1327.0,66.65,18.8,3.35,1355855400.0
2012-12-18,660.0,660.0,640.0,644.7,643.8420625253756,2463,207,1585783.0,1064.0,43.2,20.0,-15.3,1355769000.0
2012-12-17,645.0,659.95,645.0,649.45,650.648288973384,1052,100,684482.0,746.0,70.91,14.95,4.45,1355682600.0
2012-12-14,640.0,648.0,635.55,643.3,641.2866586538462,1664,142,1067101.0,827.0,49.7,12.45,3.3,1355423400.0
2012-12-13,650.0,655.0,638.4,640.15,643.5693341478313,1637,216,1053523.0,1162.0,70.98,16.6,-9.85,1355337000.0
2012-12-12,655.0,655.0,643.05,647.75,647.6256899147015,1993,157,1290718.0,1332.0,66.83,11.95,-7.25,1355250600.0
2012-12-11,670.0,670.0,640.5,646.35,656.052456286428,3603,254,2363757.0,2577.0,71.52,29.5,-23.65,1355164200.0
2012-12-10,665.0,672.0,658.05,660.0,668.6767917133259,7144,151,4777027.0,6392.0,89.47,13.95,-5.0,1355077800.0
2012-12-07,670.0,671.9,655.5,659.6,665.4756962025317,3950,172,2628629.0,1840.0,46.58,16.4,-10.4,1354818600.0
2012-12-06,674.0,676.0,658.0,659.9,662.3714244438024,6922,395,4584935.0,5369.0,77.56,18.0,-14.1,1354732200.0
2012-12-05,678.0,678.0,660.0,672.05,668.0275301520713,3814,188,2547857.0,2417.0,63.37,18.0,-5.95,1354645800.0
2012-12-04,682.0,682.0,662.0,663.3,667.791564792176,1636,91,1092507.0,781.0,47.74,20.0,-18.7,1354559400.0
2012-12-03,670.0,681.8,664.0,665.2,673.4810426540284,1688,167,1136836.0,1018.0,60.31,17.8,-4.8,1354473000.0
2012-11-30,677.0,680.0,661.2,662.95,671.4873194221509,3115,362,2091683.0,2064.0,66.26,18.8,-14.05,1354213800.0
2012-11-29,683.0,688.95,665.0,672.45,675.1264516129032,3100,276,2092892.0,2046.0,66.0,23.95,-10.55,1354127400.0
2012-11-27,687.0,687.0,670.0,675.75,678.7457709038183,2069,124,1404325.0,1049.0,50.7,17.0,-11.25,1353954600.0
2012-11-26,680.0,690.5,678.0,680.0,682.3362218370884,3462,130,2362248.0,2792.0,80.65,12.5,0.0,1353868200.0
2012-11-23,688.0,688.0,673.1,679.05,681.5337468077344,2741,148,1868084.0,1957.0,71.4,14.9,-8.95,1353609000.0
2012-11-22,684.0,695.0,671.05,680.95,682.7736943907157,2068,82,1411976.0,1308.0,63.25,23.95,-3.05,1353522600.0
2012-11-21,682.0,687.5,670.55,683.55,678.9277266754272,1522,162,1033328.0,803.0,52.76,16.95,1.55,1353436200.0
2012-11-20,699.9,706.9,677.05,681.45,691.8722662440571,3155,277,2182857.0,1935.0,61.33,29.85,-18.45,1353349800.0
2012-11-19,689.0,709.0,681.0,690.0,698.0903699710224,14839,964,10358963.0,6865.0,46.26,28.0,1.0,1353263400.0
2012-11-16,667.0,692.4,665.15,679.45,684.701581540057,7714,596,5281788.0,4236.0,54.91,27.25,12.45,1353004200.0
2012-11-15,660.0,670.0,649.0,667.9,662.0213447171825,5622,421,3721884.0,3355.0,59.68,21.0,7.9,1352917800.0
2012-11-13,643.0,658.8,643.0,649.9,649.079865771812,1490,138,967129.0,1226.0,82.28,15.8,6.9,1352745000.0
2012-11-12,643.0,643.0,632.5,641.45,640.839566395664,1845,145,1182349.0,1353.0,73.33,10.5,-1.55,1352658600.0
2012-11-09,639.0,639.0,620.15,624.45,628.7444444444445,2340,216,1471262.0,1500.0,64.1,18.85,-14.55,1352399400.0
2012-11-08,645.0,645.0,621.65,626.0,630.563457100902,4767,244,3005896.0,3080.0,64.61,23.35,-19.0,1352313000.0
2012-11-07,650.0,650.0,632.0,636.45,642.3344283837057,3044,178,1955266.0,1448.0,47.57,18.0,-13.55,1352226600.0
2012-11-06,647.65,650.0,635.1,644.05,643.5721470019342,2585,170,1663634.0,2141.0,82.82,14.9,-3.6,1352140200.0
2012-11-05,646.0,655.0,636.15,640.15,643.9914320685434,1634,217,1052282.0,1060.0,64.87,18.85,-5.85,1352053800.0
2012-11-02,655.0,655.0,630.0,642.95,643.8339905362776,2536,329,1632763.0,1128.0,44.48,25.0,-12.05,1351794600.0
2012-11-01,647.0,651.0,632.7,642.1,643.2867796610169,4425,224,2846544.0,2554.0,57.72,18.3,-4.9,1351708200.0
2012-10-31,650.0,650.0,627.25,636.75,639.6651634723788,887,78,567383.0,210.0,23.68,22.75,-13.25,1351621800.0
2012-10-30,645.0,647.85,627.0,632.55,635.8783783783784,370,110,235275.0,202.0,54.59,20.85,-12.45,1351535400.0
2012-10-29,649.0,656.85,635.0,641.85,648.5256518082423,1189,174,771097.0,881.0,74.1,21.85,-7.15,1351449000.0
2012-10-26,655.0,655.0,642.15,643.35,647.1962145110409,1585,85,1025806.0,893.0,56.34,12.85,-11.65,1351189800.0
2012-10-25,663.0,663.0,643.05,650.45,650.3709198813056,2696,122,1753400.0,1785.0,66.21,19.95,-12.55,1351103400.0
2012-10-23,661.95,663.8,648.05,650.8,653.452868852459,1464,100,956655.0,744.0,50.82,15.75,-11.15,1350930600.0
2012-10-22,650.0,664.0,627.0,659.85,651.9519202579888,3411,221,2223808.0,2643.0,77.48,37.0,9.85,1350844200.0
2012-10-19,640.05,659.75,633.0,646.45,649.9909879272233,11762,645,7645194.0,6474.0,55.04,26.75,6.4,1350585000.0
2012-10-18,620.0,646.0,617.5,640.4,632.573074316693,4427,510,2800401.0,3411.0,77.05,28.5,20.4,1350498600.0
2012-10-17,627.95,627.95,615.0,618.1,619.4785447761194,1072,92,664081.0,871.0,81.25,12.95,-9.85,1350412200.0
2012-10-16,629.0,633.5,617.5,619.45,623.8511415525113,1095,98,683117.0,766.0,69.95,16.0,-9.55,1350325800.0
2012-10-15,634.95,640.95,625.0,627.95,633.5604705882353,2125,270,1346316.0,1195.0,56.24,15.95,-7.0,1350239400.0
2012-10-12,615.0,650.5,611.0,633.3,637.4514403879064,14024,612,8939619.0,7793.0,55.57,39.5,18.3,1349980200.0
2012-10-11,613.0,619.5,600.1,617.45,612.7293617021277,1175,101,719957.0,926.0,78.81,19.4,4.45,1349893800.0
2012-10-10,615.0,615.0,601.3,605.9,606.9,1170,102,710073.0,625.0,53.42,13.7,-9.1,1349807400.0
2012-10-09,610.0,614.75,604.05,610.0,609.4039225422046,4028,243,2454679.0,2838.0,70.46,10.7,0.0,1349721000.0
2012-10-08,616.1,617.0,604.0,612.35,612.4682432432433,1480,123,906453.0,970.0,65.54,13.0,-3.75,1349634600.0
2012-10-05,624.0,624.0,612.1,617.35,617.6415976970133,2779,124,1716426.0,1821.0,65.53,11.9,-6.65,1349375400.0
2012-10-04,630.0,630.0,620.1,620.1,621.3273242338398,3883,78,2412614.0,2905.0,74.81,9.9,-9.9,1349289000.0
2012-10-03,623.0,631.0,620.0,623.75,621.636071285006,7463,231,4639270.0,5917.0,79.28,11.0,0.75,1349202600.0
2012-10-01,596.15,623.75,596.0,621.7,618.2030642579465,8746,240,5406804.0,7500.0,85.75,27.75,25.55,1349029800.0
2012-09-28,598.95,607.7,589.5,605.5,604.067131327953,2726,158,1646687.0,2286.0,83.86,18.2,6.55,1348770600.0
2012-09-27,590.0,597.65,590.0,594.3,593.9429109159348,1594,87,946745.0,1443.0,90.53,7.65,4.3,1348684200.0
2012-09-26,599.0,599.0,582.0,588.8,590.7085292142377,1489,111,879565.0,1053.0,70.72,17.0,-10.2,1348597800.0
2012-09-25,590.0,595.5,586.0,590.85,591.7110726643599,1156,92,684018.0,718.0,62.11,9.5,0.85,1348511400.0
2012-09-24,578.05,595.0,575.2,587.75,588.3786780383796,2345,220,1379748.0,1519.0,64.78,19.8,9.7,1348425000.0
2012-09-21,577.0,580.85,566.0,574.85,573.6880021424746,3734,210,2142151.0,2604.0,69.74,14.85,-2.15,1348165800.0
2012-09-20,566.0,575.0,566.0,573.45,570.8125,976,52,557113.0,734.0,75.2,9.0,7.45,1348079400.0
2012-09-18,573.85,575.0,567.0,568.75,569.78130783467,3242,160,1847231.0,2732.0,84.27,8.0,-5.1,1347906600.0
2012-09-17,579.9,579.95,560.0,568.5,572.1048581048581,2079,242,1189406.0,1139.0,54.79,19.95,-11.4,1347820200.0
2012-09-14,580.0,584.95,570.5,574.55,574.6787365177196,1298,137,745933.0,872.0,67.18,14.45,-5.45,1347561000.0
2012-09-13,578.05,582.9,575.0,577.85,578.6887994634474,1491,151,862825.0,1192.0,79.95,7.9,-0.2,1347474600.0
2012-09-12,584.8,585.0,580.0,582.65,582.6230188679244,2650,129,1543951.0,1653.0,62.38,5.0,-2.15,1347388200.0
2012-09-11,585.0,585.0,578.0,583.5,582.8222717149221,2245,186,1308436.0,1363.0,60.71,7.0,-1.5,1347301800.0
2012-09-10,590.5,590.5,575.6,586.15,584.4906276454226,8269,498,4833153.0,5139.0,62.15,14.9,-4.35,1347215400.0
2012-09-08,621.4,624.0,617.55,620.8,620.3583042973287,1722,56,1068257.0,1704.0,98.95,6.45,-0.6,1347042600.0
2012-09-07,620.0,622.9,616.0,621.4,619.949390384173,4347,232,2694920.0,3168.0,72.88,6.9,1.4,1346956200.0
2012-09-06,620.0,622.0,615.0,616.05,618.0071258907363,2105,169,1300905.0,1447.0,68.74,7.0,-3.95,1346869800.0
2012-09-05,625.5,625.5,616.0,618.45,619.7154255319149,1504,107,932052.0,1262.0,83.91,9.5,-7.05,1346783400.0
2012-09-04,620.0,622.95,619.25,621.35,620.7637260950031,1621,92,1006258.0,1405.0,86.67,3.7,1.35,1346697000.0
2012-09-03,619.3,624.0,617.25,622.4,620.8243512974052,5010,229,3110330.0,3697.0,73.79,6.75,3.1,1346610600.0
2012-08-31,625.0,625.0,615.1,619.25,619.2334494773519,1435,110,888600.0,951.0,66.27,9.9,-5.75,1346351400.0
2012-08-30,615.0,628.0,610.15,621.45,620.7678916827853,1551,219,962811.0,1060.0,68.34,17.85,6.45,1346265000.0
2012-08-29,622.0,622.9,615.0,617.35,617.7003989844033,5514,183,3406000.0,4270.0,77.44,7.9,-4.65,1346178600.0
2012-08-28,630.8,632.0,615.0,615.7,622.8710651142734,2319,250,1444438.0,1594.0,68.74,17.0,-15.1,1346092200.0
2012-08-27,620.0,634.0,616.0,629.9,628.6074596315669,4397,452,2763987.0,2096.0,47.67,18.0,9.9,1346005800.0
2012-08-24,623.0,629.4,613.0,622.0,623.5597085840988,3157,114,1968578.0,2319.0,73.46,16.4,-1.0,1345746600.0
2012-08-23,618.15,626.3,617.95,622.45,622.1763502454992,2444,263,1520599.0,1729.0,70.74,8.35,4.3,1345660200.0
2012-08-22,605.0,626.5,605.0,619.05,618.6985669576676,6071,388,3756119.0,4262.0,70.2,21.5,14.05,1345573800.0
2012-08-21,612.0,612.0,599.9,607.75,603.161877394636,2088,119,1259402.0,1456.0,69.73,12.1,-4.25,1345487400.0
2012-08-17,605.0,612.0,600.0,601.4,606.5347054075868,2478,363,1502993.0,1445.0,58.31,12.0,-3.6,1345141800.0
2012-08-16,604.0,613.0,599.15,602.7,607.0479949077021,7855,557,4768362.0,4663.0,59.36,13.85,-1.3,1345055400.0
2012-08-14,599.95,608.0,595.6,599.65,604.4610221992772,1937,150,1170841.0,1478.0,76.3,12.4,-0.3,1344882600.0
2012-08-13,592.85,606.5,587.2,599.75,600.2618744698897,4716,509,2830835.0,2288.0,48.52,19.3,6.9,1344796200.0
2012-08-10,591.0,594.35,586.2,592.4,591.2754210854648,3206,72,1895629.0,2571.0,80.19,8.15,1.4,1344537000.0
2012-08-09,594.9,594.9,586.0,588.4,589.9065255731922,1134,126,668954.0,939.0,82.8,8.9,-6.5,1344450600.0
2012-08-08,588.1,595.0,588.1,591.25,592.4761006289308,1590,81,942037.0,1181.0,74.28,6.9,3.15,1344364200.0
2012-08-07,593.0,593.85,588.0,591.05,590.3757763975156,966,37,570303.0,548.0,56.73,5.85,-1.95,1344277800.0
2012-08-06,590.95,598.0,583.1,588.25,589.7069118298625,4514,358,2661937.0,2696.0,59.73,14.9,-2.7,1344191400.0
2012-08-03,585.05,588.0,582.0,585.3,584.9720785935884,967,77,565668.0,586.0,60.6,6.0,0.25,1343932200.0
2012-08-02,580.0,589.0,577.0,586.25,582.8571428571429,1085,119,632400.0,833.0,76.77,12.0,6.25,1343845800.0
2012-08-01,570.0,581.0,569.0,578.3,575.7941712204007,1098,120,632222.0,790.0,71.95,12.0,8.3,1343759400.0
2012-07-31,565.55,570.0,565.5,568.6,567.970401691332,473,42,268650.0,459.0,97.04,4.5,3.05,1343673000.0
2012-07-30,561.95,570.0,552.25,565.45,562.5587449933244,1498,236,842713.0,788.0,52.6,17.75,3.5,1343586600.0
2012-07-27,569.0,570.0,554.05,558.4,564.4927277366676,3919,168,2212247.0,3022.0,77.11,15.95,-10.6,1343327400.0
2012-07-26,585.0,585.0,565.0,569.45,570.8578637510512,2378,81,1357500.0,1931.0,81.2,20.0,-15.55,1343241000.0
2012-07-25,586.0,587.75,563.05,572.95,574.2166456494325,3965,373,2276769.0,2327.0,58.69,24.7,-13.05,1343154600.0
2012-07-24,589.0,589.0,578.0,586.45,583.2963227418779,2801,114,1633813.0,2237.0,79.86,11.0,-2.55,1343068200.0
2012-07-23,585.0,590.0,573.15,580.15,582.2971719981456,2157,256,1256015.0,1750.0,81.13,16.85,-4.85,1342981800.0
2012-07-20,590.0,590.0,585.55,588.0,587.5106847984457,8236,28,4838738.0,7805.0,94.77,4.45,-2.0,1342722600.0
2012-07-19,593.8,593.8,583.15,586.15,588.98414434117,1829,113,1077252.0,1078.0,58.94,10.65,-7.65,1342636200.0
2012-07-18,598.0,604.0,590.0,591.65,596.0742677824268,956,31,569847.0,263.0,27.51,14.0,-6.35,1342549800.0
2012-07-17,599.95,599.95,594.0,594.5,595.0973630831643,986,69,586766.0,892.0,90.47,5.95,-5.45,1342463400.0
2012-07-16,595.0,600.0,595.0,598.9,596.2593250444049,563,54,335694.0,506.0,89.88,5.0,3.9,1342377000.0
2012-07-13,599.0,599.9,592.0,597.5,595.882147533828,2291,158,1365166.0,1513.0,66.04,7.9,-1.5,1342117800.0
2012-07-12,596.0,600.0,591.4,592.2,594.6433251433251,2442,174,1452119.0,1527.0,62.53,8.6,-3.8,1342031400.0
2012-07-11,596.2,602.55,595.1,599.65,600.8679808841099,1674,82,1005853.0,1219.0,72.82,7.45,3.45,1341945000.0
2012-07-10,595.0,600.95,595.0,600.0,597.1509846827133,914,62,545796.0,647.0,70.79,5.95,5.0,1341858600.0
2012-07-09,595.05,607.9,594.0,597.85,598.1580398162328,3265,383,1952986.0,1902.0,58.25,13.9,2.8,1341772200.0
2012-07-06,591.3,609.65,591.3,604.2,603.13914619412,4966,200,2995189.0,3484.0,70.16,18.35,12.9,1341513000.0
2012-07-05,586.0,600.0,586.0,598.45,595.001633986928,3060,148,1820705.0,2347.0,76.7,14.0,12.45,1341426600.0
2012-07-04,587.85,595.0,585.15,590.75,589.5722742969906,2027,179,1195063.0,1426.0,70.35,9.85,2.9,1341340200.0
2012-07-03,578.3,587.7,578.3,585.55,584.0308261405672,811,87,473649.0,642.0,79.16,9.4,7.25,1341253800.0
2012-07-02,575.4,584.0,575.35,579.8,578.0864461045891,1874,122,1083334.0,1281.0,68.36,8.65,4.4,1341167400.0
2012-06-29,581.0,583.95,576.0,578.0,579.0654619843164,2933,331,1698399.0,1072.0,36.55,7.95,-3.0,1340908200.0
2012-06-28,580.0,584.0,575.5,583.85,583.0810385523209,1271,51,741096.0,954.0,75.06,8.5,3.85,1340821800.0
2012-06-27,582.0,587.0,578.0,579.3,581.5478237015361,10936,535,6359807.0,5238.0,47.9,9.0,-2.7,1340735400.0
2012-06-26,590.0,590.0,579.9,580.85,583.9294871794872,468,38,273279.0,314.0,67.09,10.1,-9.15,1340649000.0
2012-06-25,585.0,590.0,577.45,584.9,583.9155405405405,888,199,518517.0,580.0,65.32,12.55,-0.1,1340562600.0
2012-06-22,585.0,591.8,574.35,584.15,585.0822037603848,4574,186,2676166.0,3254.0,71.14,17.45,-0.85,1340303400.0
2012-06-21,577.05,584.75,577.05,581.4,580.6147144240077,1033,60,599775.0,525.0,50.82,7.7,4.35,1340217000.0
2012-06-20,572.4,579.0,572.25,576.4,576.0761478163494,893,221,514436.0,557.0,62.37,6.75,4.0,1340130600.0
2012-06-19,578.0,578.0,569.0,574.25,573.6985391766268,1506,100,863990.0,1041.0,69.12,9.0,-3.75,1340044200.0
2012-06-18,565.15,575.0,565.05,571.6,569.6266325951163,3522,116,2006225.0,3206.0,91.03,9.95,6.45,1339957800.0
2012-06-15,572.0,572.05,563.05,569.0,568.2855072463768,1380,139,784234.0,681.0,49.35,9.0,-3.0,1339698600.0
2012-06-14,569.0,579.95,556.0,561.8,565.5532150776053,6314,589,3570903.0,2742.0,43.43,23.95,-7.2,1339612200.0
2012-06-13,580.0,584.0,577.0,580.2,580.5031928480204,1566,265,909068.0,981.0,62.64,7.0,0.2,1339525800.0
2012-06-12,567.1,581.0,565.45,578.45,577.1362646930779,2297,146,1325682.0,1459.0,63.52,15.55,11.35,1339439400.0
2012-06-11,566.55,587.0,566.55,578.55,579.7408388520971,2265,169,1313113.0,1327.0,58.59,20.45,12.0,1339353000.0
2012-06-08,569.95,582.0,569.95,577.6,576.2690909090909,2200,141,1267792.0,2009.0,91.32,12.05,7.65,1339093800.0
2012-06-07,565.75,581.0,565.7,578.65,573.6037212984957,2526,129,1448923.0,1733.0,68.61,15.3,12.9,1339007400.0
2012-06-06,559.45,575.0,559.45,571.35,571.408,3375,269,1928502.0,2092.0,61.99,15.55,11.9,1338921000.0
2012-06-05,565.0,570.0,555.15,564.35,566.2394190871369,2410,273,1364637.0,1296.0,53.78,14.85,-0.65,1338834600.0
2012-06-04,561.0,569.15,555.0,563.1,562.0348598769651,1463,113,822257.0,912.0,62.34,14.15,2.1,1338748200.0
2012-06-01,574.0,583.85,564.35,565.6,571.1473590767865,2253,338,1286795.0,1315.0,58.37,19.5,-8.4,1338489000.0
2012-05-31,564.0,582.0,562.5,579.6,573.078025477707,2512,420,1439572.0,1598.0,63.61,19.5,15.6,1338402600.0
2012-05-30,562.7,578.95,562.7,576.1,575.0572956455309,1309,182,752750.0,860.0,65.7,16.25,13.4,1338316200.0
2012-05-29,580.0,589.0,573.0,578.65,581.1471805483704,3866,300,2246715.0,1606.0,41.54,16.0,-1.35,1338229800.0
2012-05-28,574.8,581.0,562.0,576.25,575.0061305732484,12560,593,7222077.0,6810.0,54.22,19.0,1.45,1338143400.0
2012-05-25,540.0,566.95,540.0,561.25,558.5441621999533,4291,509,2396713.0,2505.0,58.38,26.95,21.25,1337884200.0
2012-05-24,542.75,544.95,535.5,542.05,541.3759342301943,1338,129,724361.0,907.0,67.79,9.45,-0.7,1337797800.0
2012-05-23,533.3,542.75,533.3,540.45,539.6045994065281,1348,68,727387.0,754.0,55.93,9.45,7.15,1337711400.0
2012-05-22,545.9,548.4,529.0,540.65,542.0011520737327,868,114,470457.0,477.0,54.95,19.4,-5.25,1337625000.0
2012-05-21,527.5,549.0,527.4,544.25,541.64696485623,626,77,339071.0,257.0,41.05,21.6,16.75,1337538600.0
2012-05-18,536.85,539.95,528.2,532.75,533.6723163841808,1416,78,755680.0,1054.0,74.44,11.75,-4.1,1337279400.0
2012-05-17,537.15,547.0,537.15,542.8,540.4557235421166,926,52,500462.0,488.0,52.7,9.85,5.65,1337193000.0
2012-05-16,535.75,543.5,535.7,542.0,539.2176,625,52,337011.0,437.0,69.92,7.8,6.25,1337106600.0
2012-05-15,526.35,550.05,526.35,549.2,547.2019765287214,1619,93,885920.0,948.0,58.55,23.7,22.85,1337020200.0
2012-05-14,531.1,555.0,531.1,539.3,542.6245644599303,1148,58,622933.0,426.0,37.11,23.9,8.2,1336933800.0
2012-05-11,549.0,549.0,525.05,537.75,538.9083239595051,1778,59,958179.0,1100.0,61.87,23.95,-11.25,1336674600.0
2012-05-10,550.0,550.0,536.0,537.6,540.8423286840509,1649,72,891849.0,1099.0,66.65,14.0,-12.4,1336588200.0
2012-05-09,560.0,560.0,538.0,539.85,545.2776735459662,1599,58,871899.0,855.0,53.47,22.0,-20.15,1336501800.0
2012-05-08,532.05,554.0,530.0,540.9,544.5070346320346,1848,115,1006249.0,801.0,43.34,24.0,8.85,1336415400.0
2012-05-07,548.0,548.0,536.0,541.85,538.3328804347825,3680,112,1981065.0,3287.0,89.32,12.0,-6.15,1336329000.0
2012-05-04,551.1,554.0,539.25,542.9,547.7077747989276,4103,95,2247245.0,3914.0,95.39,14.75,-8.2,1336069800.0
2012-05-03,556.0,562.0,553.0,557.55,558.588806211582,3091,107,1726598.0,2271.0,73.47,9.0,1.55,1335983400.0
2012-05-02,551.0,568.9,547.0,566.0,562.8570283270977,3742,151,2106211.0,2475.0,66.14,21.9,15.0,1335897000.0
2012-04-30,557.85,557.85,549.0,551.15,554.0088028169015,568,43,314677.0,429.0,75.53,8.85,-6.7,1335724200.0
2012-04-28,549.0,564.9,549.0,555.55,554.4067796610169,1121,71,621490.0,854.0,76.18,15.9,6.55,1335551400.0
2012-04-27,557.9,557.9,547.0,548.2,550.9944806823884,1993,80,1098132.0,1745.0,87.56,10.9,-9.7,1335465000.0
2012-04-26,533.0,559.95,533.0,551.1,551.1748251748252,1287,43,709362.0,1208.0,93.86,26.95,18.1,1335378600.0
2012-04-25,567.0,567.0,551.0,554.8,559.4726735598227,677,27,378763.0,549.0,81.09,16.0,-12.2,1335292200.0
2012-04-24,558.0,558.0,550.0,550.7,553.4673684210526,950,77,525794.0,456.0,48.0,8.0,-7.3,1335205800.0
2012-04-23,572.95,572.95,550.0,552.5,556.1976923076924,1300,88,723057.0,780.0,60.0,22.95,-20.45,1335119400.0
2012-04-20,554.0,569.85,548.25,561.45,560.1450554994955,3964,693,2220415.0,1820.0,45.91,21.6,7.45,1334860200.0
2012-04-19,570.0,570.0,555.0,555.25,557.2742331288345,1630,243,908357.0,898.0,55.09,15.0,-14.75,1334773800.0
2012-04-18,545.0,560.0,535.35,557.4,553.3190503763752,3454,483,1911164.0,1748.0,50.61,24.65,12.4,1334687400.0
2012-04-17,545.0,548.95,541.75,544.35,544.3821349889846,4993,154,2718100.0,2920.0,58.48,7.2,-0.65,1334601000.0
2012-04-16,551.55,553.0,542.65,549.7,549.8461939520333,1918,110,1054605.0,1503.0,78.36,10.35,-1.85,1334514600.0
2012-04-13,541.05,558.95,541.05,551.8,551.670128939828,2792,265,1540263.0,1896.0,67.91,17.9,10.75,1334255400.0
2012-04-12,552.0,559.0,552.0,554.45,555.2531986531986,1485,101,824551.0,1181.0,79.53,7.0,2.45,1334169000.0
2012-04-11,554.0,560.0,553.35,555.3,556.5478051713769,1663,268,925539.0,1150.0,69.15,6.65,1.3,1334082600.0
2012-04-10,564.8,564.8,552.55,554.75,557.4112956810632,1505,90,838904.0,1332.0,88.5,12.25,-10.05,1333996200.0
2012-04-09,543.1,563.95,543.1,558.15,555.051724137931,696,89,386316.0,607.0,87.21,20.85,15.05,1333909800.0
2012-04-04,559.95,563.0,555.0,560.35,557.804958677686,3630,161,2024832.0,3065.0,84.44,8.0,0.4,1333477800.0
2012-04-03,565.0,565.0,552.5,558.4,558.5488372093023,2365,181,1320968.0,1704.0,72.05,12.5,-6.6,1333391400.0
2012-04-02,534.05,568.0,534.0,557.7,549.042246264812,3882,341,2131382.0,2805.0,72.26,34.0,23.65,1333305000.0
2012-03-30,531.0,539.9,516.0,533.4,531.5211754537597,3471,496,1844910.0,2706.0,77.96,23.9,2.4,1333045800.0
2012-03-29,522.2,534.0,511.55,530.0,527.7878092323386,3921,234,2069456.0,2917.0,74.39,22.45,7.8,1332959400.0
2012-03-28,528.0,534.2,523.25,524.95,526.1279675738274,3454,174,1817246.0,3160.0,91.49,10.95,-3.05,1332873000.0
2012-03-27,532.25,543.85,528.0,529.75,531.3198887343533,1438,160,764038.0,1043.0,72.53,15.85,-2.5,1332786600.0
2012-03-26,560.0,560.0,531.0,533.9,537.5359336609337,3256,209,1750217.0,2510.0,77.09,29.0,-26.1,1332700200.0
2012-03-23,548.0,548.0,534.0,540.25,537.0894736842105,4180,160,2245034.0,3042.0,72.78,14.0,-7.75,1332441000.0
2012-03-22,545.5,547.0,536.85,540.9,542.0173874275524,4486,126,2431490.0,3530.0,78.69,10.15,-4.6,1332354600.0
2012-03-21,569.5,569.5,534.0,539.35,539.2458530805687,1688,63,910247.0,1358.0,80.45,35.5,-30.15,1332268200.0
2012-03-20,548.0,548.0,534.0,537.25,536.4788533834586,4256,197,2283254.0,2403.0,56.46,14.0,-10.75,1332181800.0
2012-03-19,541.0,553.4,536.0,541.7,544.5364095169431,4161,194,2265816.0,3195.0,76.78,17.4,0.7,1332095400.0
2012-03-16,534.0,544.8,533.05,541.75,541.2904214559386,1305,75,706384.0,1202.0,92.11,11.75,7.75,1331836200.0
2012-03-15,538.0,545.65,532.0,539.45,539.5592536010475,9164,189,4944521.0,8131.0,88.73,13.65,1.45,1331749800.0
2012-03-14,546.0,546.0,535.15,538.85,540.0520969855831,3052,92,1648239.0,2733.0,89.55,10.85,-7.15,1331663400.0
2012-03-13,546.0,546.85,539.3,542.45,542.5663407821229,2864,110,1553910.0,2331.0,81.39,7.55,-3.55,1331577000.0
2012-03-12,540.0,551.85,540.0,543.75,543.0506117908787,1798,50,976405.0,1715.0,95.38,11.85,3.75,1331490600.0
2012-03-09,532.0,550.0,530.5,539.6,540.1202736766295,2777,101,1499914.0,2331.0,83.94,19.5,7.6,1331231400.0
2012-03-07,535.0,538.95,530.25,531.7,534.59179331307,3290,155,1758807.0,2352.0,71.49,8.7,-3.3,1331058600.0
2012-03-06,535.0,545.0,533.0,539.9,538.8302926643862,5262,202,2835325.0,2771.0,52.66,12.0,4.9,1330972200.0
2012-03-05,549.95,549.95,539.0,540.7,544.1061657819519,2449,119,1332516.0,1887.0,77.05,10.95,-9.25,1330885800.0
2012-03-03,545.0,554.5,544.0,548.7,547.4407158836689,447,28,244706.0,308.0,68.9,10.5,3.7,1330713000.0
2012-03-02,531.0,544.0,503.5,539.65,507.6708946334868,93189,324,47309343.0,87589.0,93.99,40.5,8.65,1330626600.0
2012-03-01,556.95,557.45,544.6,547.4,549.0022587931592,3099,185,1701358.0,1782.0,57.5,12.85,-9.55,1330540200.0
2012-02-29,561.0,567.25,546.0,553.1,556.5310006138736,1629,153,906589.0,637.0,39.1,21.25,-7.9,1330453800.0
2012-02-28,555.0,558.0,536.0,551.55,545.6518218623481,2717,270,1482536.0,1322.0,48.66,22.0,-3.45,1330367400.0
2012-02-27,567.7,567.7,516.8,545.35,542.9740218596546,6313,261,3427795.0,3804.0,60.26,50.9,-22.35,1330281000.0
2012-02-24,554.1,560.0,553.5,558.7,556.1017619561309,2781,128,1546519.0,2268.0,81.55,6.5,4.6,1330021800.0
2012-02-23,561.0,562.0,551.0,555.0,554.75,4120,146,2285570.0,2794.0,67.82,11.0,-6.0,1329935400.0
2012-02-22,550.0,569.95,550.0,561.25,562.3782647853498,3331,143,1873282.0,2599.0,78.02,19.95,11.25,1329849000.0
2012-02-21,585.0,585.0,560.0,561.75,565.1031455742501,4101,205,2317488.0,2540.0,61.94,25.0,-23.25,1329762600.0
2012-02-17,579.0,582.0,566.05,567.15,573.2746411483254,3135,165,1797216.0,2465.0,78.63,15.95,-11.85,1329417000.0
2012-02-16,586.95,587.0,565.05,570.4,575.7634628493524,1467,109,844645.0,875.0,59.65,21.95,-16.55,1329330600.0
2012-02-15,582.8,582.8,572.0,573.75,576.3571007660578,1697,157,978078.0,1229.0,72.42,10.8,-9.05,1329244200.0
2012-02-14,574.55,585.25,570.0,574.5,577.392166344294,4136,224,2388094.0,2628.0,63.54,15.25,-0.05,1329157800.0
2012-02-13,553.0,575.0,553.0,570.2,565.7966760961809,2828,182,1600073.0,2207.0,78.04,22.0,17.2,1329071400.0
2012-02-10,558.15,571.0,551.05,556.1,563.5346378767431,4446,222,2505475.0,2645.0,59.49,19.95,-2.05,1328812200.0
2012-02-09,562.2,584.0,560.0,567.95,572.1157427937916,6765,501,3870363.0,2313.0,34.19,24.0,5.75,1328725800.0
2012-02-08,540.7,573.0,540.0,566.7,549.9278247171703,13966,293,7680292.0,11954.0,85.59,33.0,26.0,1328639400.0
2012-02-07,550.0,554.0,541.0,541.65,545.3696162881754,2554,105,1392874.0,2155.0,84.38,13.0,-8.35,1328553000.0
2012-02-06,545.15,565.95,545.15,551.8,560.1001870157628,3743,189,2096455.0,2475.0,66.12,20.8,6.65,1328466600.0
2012-02-03,551.0,570.85,538.25,556.5,558.9395507711416,9661,631,5399915.0,3514.0,36.37,32.6,5.5,1328207400.0
2012-02-02,538.9,547.3,535.15,538.35,539.1948481795941,6949,276,3746865.0,4238.0,60.99,12.15,-0.55,1328121000.0
2012-02-01,525.1,542.0,525.0,538.9,535.5750577367205,6062,333,3246656.0,4446.0,73.34,17.0,13.8,1328034600.0
2012-01-31,519.35,529.0,519.35,526.35,525.3316173316173,2331,117,1224548.0,1741.0,74.69,9.65,7.0,1327948200.0
2012-01-30,522.0,532.0,514.0,525.3,525.9468466568235,4741,162,2493514.0,3467.0,73.13,18.0,3.3,1327861800.0
2012-01-27,519.0,534.95,505.15,529.2,525.5733160060645,4617,333,2426572.0,2694.0,58.35,29.8,10.2,1327602600.0
2012-01-25,519.5,521.0,507.05,516.85,513.0156564526952,4471,275,2293693.0,2311.0,51.69,13.95,-2.65,1327429800.0
2012-01-24,514.9,514.9,500.05,512.25,509.03655352480416,1915,146,974805.0,1410.0,73.63,14.85,-2.65,1327343400.0
2012-01-23,525.0,525.0,503.1,507.05,511.26804123711344,2425,239,1239825.0,1217.0,50.19,21.9,-17.95,1327257000.0
2012-01-20,514.0,527.9,509.25,512.35,519.1547511312217,6630,486,3441996.0,2905.0,43.82,18.65,-1.65,1326997800.0
2012-01-19,515.0,515.0,506.0,511.05,509.2711518858308,1962,160,999190.0,1198.0,61.06,9.0,-3.95,1326911400.0
2012-01-18,502.55,513.5,502.55,508.5,508.9700355510411,1969,188,1002162.0,1180.0,59.93,10.95,5.95,1326825000.0
2012-01-17,528.0,528.0,503.5,505.95,509.507273208146,3781,296,1926447.0,2527.0,66.83,24.5,-22.05,1326738600.0
2012-01-16,516.9,516.9,501.0,505.4,505.11722951172294,4649,240,2348290.0,3348.0,72.02,15.9,-11.5,1326652200.0
2012-01-13,505.45,518.85,493.15,506.15,507.96288113124166,20367,996,10345680.0,9101.0,44.69,25.7,0.7,1326393000.0
2012-01-12,486.9,504.0,485.1,494.8,496.65270379338176,12390,709,6153527.0,5917.0,47.76,18.9,7.9,1326306600.0
2012-01-11,486.0,488.7,480.0,482.15,482.8940954238011,16411,550,7924775.0,11328.0,69.03,8.7,-3.85,1326220200.0
2012-01-10,484.95,489.9,478.4,480.5,482.54800609601216,7874,390,3799583.0,5672.0,72.03,11.5,-4.45,1326133800.0
2012-01-09,499.0,501.0,476.5,477.8,484.6058147060288,20087,649,9734277.0,10062.0,50.09,24.5,-21.2,1326047400.0
2012-01-07,470.0,498.0,470.0,494.75,492.3359130577968,6073,287,2989956.0,2749.0,45.27,28.0,24.75,1325874600.0
2012-01-06,473.9,496.0,464.0,479.45,484.1966732979664,36192,2336,17524046.0,8667.0,23.95,32.0,5.55,1325788200.0
2012-01-05,477.0,486.0,463.0,467.2,471.75211671225736,15354,822,7243282.0,6805.0,44.32,23.0,-9.8,1325701800.0
2012-01-04,484.9,524.75,475.05,479.2,492.9907856827679,38527,1773,18993456.0,12721.0,33.02,49.7,-5.7,1325615400.0
2012-01-03,490.0,495.0,478.0,479.65,482.31647120602133,22852,605,11021896.0,11145.0,48.77,17.0,-10.35,1325529000.0
2012-01-02,500.0,500.0,477.25,479.85,484.48341896310137,2141,122,1037279.0,1579.0,73.75,22.75,-20.15,1325442600.0
2011-12-30,482.0,492.0,470.6,473.05,477.67652886012417,7571,226,3616489.0,4051.0,53.51,21.4,-8.95,1325183400.0
2011-12-29,484.0,487.95,477.05,481.4,482.62331838565024,1561,108,753375.0,1111.0,71.17,10.9,-2.6,1325097000.0
2011-12-28,498.0,498.0,475.1,481.15,486.0582959641256,2007,117,975519.0,1455.0,72.5,22.9,-16.85,1325010600.0
2011-12-27,498.95,498.95,490.0,494.1,491.98379629629625,432,32,212537.0,354.0,81.94,8.95,-4.85,1324924200.0
2011-12-26,498.0,498.0,487.85,492.65,492.9732262382865,747,78,368251.0,389.0,52.07,10.15,-5.35,1324837800.0
2011-12-23,500.0,500.0,480.6,487.75,484.48669747689235,16012,95,7757601.0,15795.0,98.64,19.4,-12.25,1324578600.0
2011-12-22,513.1,513.1,477.0,491.5,486.8025,2400,178,1168326.0,1165.0,48.54,36.1,-21.6,1324492200.0
2011-12-21,488.0,501.0,474.05,479.35,484.55830270631475,2993,262,1450283.0,1883.0,62.91,26.95,-8.65,1324405800.0
2011-12-20,506.0,506.0,475.0,481.8,481.7849840463632,15357,361,7398772.0,12842.0,83.62,31.0,-24.2,1324319400.0
2011-12-19,507.0,507.0,494.0,497.4,498.7630590645272,2929,186,1460877.0,2400.0,81.94,13.0,-9.6,1324233000.0
2011-12-16,518.0,520.95,500.0,502.3,509.5463292943692,2806,218,1429787.0,1773.0,63.19,20.95,-15.7,1323973800.0
2011-12-15,520.0,522.0,501.0,514.4,510.57921419518374,1578,188,805694.0,970.0,61.47,21.0,-5.6,1323887400.0
2011-12-14,520.0,526.75,519.0,521.5,521.1948275862069,580,57,302293.0,345.0,59.48,7.75,1.5,1323801000.0
2011-12-13,522.0,530.95,517.05,520.45,519.6496402877698,1390,111,722313.0,1085.0,78.06,13.9,-1.55,1323714600.0
2011-12-12,534.0,538.6,520.1,522.1,525.2310536044362,1082,118,568300.0,853.0,78.84,18.5,-11.9,1323628200.0
2011-12-09,528.05,533.0,526.25,530.2,529.3767361111111,576,73,304921.0,356.0,61.81,6.75,2.15,1323369000.0
2011-12-08,530.0,544.0,530.0,533.25,535.0371370695476,1481,109,792390.0,881.0,59.49,14.0,3.25,1323282600.0
2011-12-07,540.0,542.0,535.0,536.15,535.1786402422241,18165,85,9721520.0,17846.0,98.24,7.0,-3.85,1323196200.0
2011-12-05,538.0,548.0,537.1,538.2,542.7949458483754,1385,103,751771.0,845.0,61.01,10.9,0.2,1323023400.0
2011-12-02,540.0,543.0,531.6,540.95,540.7525492862,5884,141,3181788.0,5455.0,92.71,11.4,0.95,1322764200.0
2011-12-01,540.0,547.0,534.25,535.7,538.4367088607595,1106,112,595511.0,783.0,71.0,12.75,-4.3,1322677800.0
2011-11-30,544.0,544.9,535.0,539.95,540.7547372184483,2797,161,1512491.0,1786.0,63.85,9.9,-4.05,1322591400.0
2011-11-29,545.0,549.0,531.95,533.35,538.0216836734694,3920,166,2109045.0,3409.0,86.96,17.05,-11.65,1322505000.0
2011-11-28,549.0,558.0,540.0,540.55,541.3526416295352,3142,122,1700930.0,2424.0,77.15,18.0,-8.45,1322418600.0
2011-11-25,540.0,549.8,531.15,541.55,540.7548236859615,3006,189,1625509.0,1362.0,45.31,18.65,1.55,1322159400.0
2011-11-24,522.0,555.0,522.0,538.95,537.9737827715356,1068,112,574556.0,690.0,64.61,33.0,16.95,1322073000.0
2011-11-23,545.0,550.0,530.0,538.9,539.6542750929368,2421,271,1306503.0,1509.0,62.33,20.0,-6.1,1321986600.0
2011-11-22,552.0,559.0,542.05,548.85,550.6136539953452,2578,175,1419482.0,1465.0,56.83,16.95,-3.15,1321900200.0
2011-11-21,559.0,567.95,546.05,549.7,554.2062391681109,1731,99,959331.0,1344.0,77.64,21.9,-9.3,1321813800.0
2011-11-18,563.85,563.85,550.0,557.5,553.8569254185693,1314,111,727768.0,969.0,73.74,13.85,-6.35,1321554600.0
2011-11-17,558.0,562.0,555.0,556.4,558.1227402473834,1051,78,586587.0,917.0,87.25,7.0,-1.6,1321468200.0
2011-11-16,560.6,564.0,548.0,557.7,553.6397361912612,3639,192,2014695.0,2496.0,68.59,16.0,-2.9,1321381800.0
2011-11-15,562.0,569.0,555.0,557.4,559.7412897016361,5195,168,2907856.0,3699.0,71.2,14.0,-4.6,1321295400.0
2011-11-14,571.1,578.7,561.6,564.7,568.4459059519895,3041,162,1728644.0,2345.0,77.11,17.1,-6.4,1321209000.0
2011-11-11,592.0,592.0,567.0,570.8,572.3734211971444,5463,344,3126876.0,3384.0,61.94,25.0,-21.2,1320949800.0
2011-11-09,603.3,603.3,588.0,590.45,594.2054296109712,3573,168,2123096.0,2379.0,66.58,15.3,-12.85,1320777000.0
2011-11-08,604.4,604.4,590.0,594.7,594.7360456462416,4031,184,2397381.0,3183.0,78.96,14.4,-9.7,1320690600.0
2011-11-04,598.8,599.5,590.15,594.35,596.2313402061856,2425,120,1445861.0,2108.0,86.93,9.35,-4.45,1320345000.0
2011-11-03,594.4,594.95,585.0,591.7,591.3840206185567,1164,56,688371.0,1017.0,87.37,9.95,-2.7,1320258600.0
2011-11-02,590.9,590.9,583.0,587.3,586.7163187855787,3162,96,1855197.0,2989.0,94.53,7.9,-3.6,1320172200.0
2011-11-01,600.5,600.5,582.5,584.25,589.0882461311717,5428,153,3197571.0,4215.0,77.65,18.0,-16.25,1320085800.0
2011-10-31,609.0,609.0,584.1,590.0,588.6944190301921,2186,147,1286886.0,1324.0,60.57,24.9,-19.0,1319999400.0
2011-10-28,607.95,607.95,583.6,585.9,588.2065707537041,4657,139,2739278.0,3861.0,82.91,24.35,-22.05,1319740200.0
2011-10-26,591.9,591.9,580.0,590.2,585.926453143535,843,73,493936.0,558.0,66.19,11.9,-1.7,1319567400.0
2011-10-25,590.0,590.0,574.0,575.2,576.4689165186501,1126,77,649104.0,996.0,88.45,16.0,-14.8,1319481000.0
2011-10-24,589.5,591.0,576.15,576.85,579.9813780260708,3222,130,1868700.0,2703.0,83.89,14.85,-12.65,1319394600.0
2011-10-21,580.0,594.75,578.0,579.45,582.6119402985074,2010,127,1171050.0,1577.0,78.46,16.75,-0.55,1319135400.0
2011-10-20,589.35,589.35,580.0,583.2,581.8582183186951,1594,68,927482.0,1400.0,87.83,9.35,-6.15,1319049000.0
2011-10-19,603.0,603.0,578.9,580.0,581.6481084939329,7005,163,4074445.0,6614.0,94.42,24.1,-23.0,1318962600.0
2011-10-18,597.7,597.7,582.6,589.9,588.997375328084,762,72,448816.0,457.0,59.97,15.1,-7.8,1318876200.0
2011-10-17,568.0,607.0,568.0,590.1,593.3526645768025,638,64,378559.0,551.0,86.36,39.0,22.1,1318789800.0
2011-10-14,600.0,600.0,585.2,596.35,594.892651540806,2953,164,1756718.0,1944.0,65.83,14.8,-3.65,1318530600.0
2011-10-13,609.0,609.0,582.2,585.5,589.5011049723756,1810,133,1066997.0,1288.0,71.16,26.8,-23.5,1318444200.0
2011-10-12,614.0,614.0,590.0,591.9,595.3190661478599,1799,86,1070979.0,1289.0,71.65,24.0,-22.1,1318357800.0
2011-10-11,600.0,611.95,586.65,590.5,596.9207813347801,1843,123,1100125.0,1337.0,72.54,25.3,-9.5,1318271400.0
2011-10-10,614.0,614.0,595.0,598.8,601.224147568474,1789,85,1075590.0,1260.0,70.43,19.0,-15.2,1318185000.0
2011-10-07,598.5,606.95,590.0,599.75,598.5302695536898,2263,135,1354474.0,1251.0,55.28,16.95,1.25,1317925800.0
2011-10-05,600.0,601.8,577.9,582.1,586.2994696042432,2451,165,1437020.0,1672.0,68.22,23.9,-17.9,1317753000.0
2011-10-04,633.0,633.0,587.15,591.25,596.0304017372421,1842,169,1097888.0,1130.0,61.35,45.85,-41.75,1317666600.0
2011-10-03,607.95,607.95,595.0,596.6,599.4594728990552,2011,111,1205513.0,1334.0,66.34,12.95,-11.35,1317580200.0
2011-09-30,609.0,617.2,590.0,597.05,600.3253852864204,3439,209,2064519.0,2402.0,69.85,27.2,-11.95,1317321000.0
2011-09-29,609.0,609.0,600.0,603.85,603.0254658385093,1610,99,970871.0,977.0,60.68,9.0,-5.15,1317234600.0
2011-09-28,608.1,619.9,602.0,604.65,609.0135329686151,3473,180,2115104.0,1960.0,56.44,17.9,-3.45,1317148200.0
2011-09-27,628.0,628.0,611.6,613.55,615.1833935018051,1385,86,852029.0,1172.0,84.62,16.4,-14.45,1317061800.0
2011-09-26,614.0,623.0,602.0,607.85,609.2675689744925,1921,185,1170403.0,1295.0,67.41,21.0,-6.15,1316975400.0
2011-09-23,622.0,634.6,613.25,620.25,622.1864432367149,6624,375,4121363.0,3120.0,47.1,21.35,-1.75,1316716200.0
2011-09-22,630.0,638.0,620.15,623.7,628.1559653410353,4501,298,2827330.0,2927.0,65.03,17.85,-6.3,1316629800.0
2011-09-21,650.0,654.4,629.0,634.55,639.8270606531881,3215,267,2057044.0,1558.0,48.46,25.4,-15.45,1316543400.0
2011-09-20,624.0,674.0,623.7,649.8,657.1757706868577,49923,3099,32808186.0,9598.0,19.23,50.3,25.8,1316457000.0
2011-09-19,631.85,637.45,620.0,620.6,623.803654822335,4925,207,3072233.0,2829.0,57.44,17.45,-11.25,1316370600.0
2011-09-16,623.0,632.95,621.2,625.85,626.7723709993468,6124,245,3838354.0,4168.0,68.06,11.75,2.85,1316111400.0
2011-09-15,620.0,625.0,617.3,622.3,620.8070701018573,1669,109,1036127.0,1088.0,65.19,7.7,2.3,1316025000.0
2011-09-14,624.5,624.5,616.15,619.45,619.8818827708703,1126,74,697987.0,841.0,74.69,8.35,-5.05,1315938600.0
2011-09-13,620.0,627.85,611.1,619.25,619.7715965626413,2211,236,1370315.0,1355.0,61.28,16.75,-0.75,1315852200.0
2011-09-12,630.1,630.1,610.0,619.95,618.5205946868144,4103,286,2537790.0,2635.0,64.22,20.1,-10.15,1315765800.0
2011-09-09,648.0,648.0,625.0,633.35,635.0053803803804,7992,495,5074963.0,3797.0,47.51,23.0,-14.65,1315506600.0
2011-09-08,666.8,674.0,660.0,662.6,666.2243360098826,8095,387,5393086.0,5270.0,65.1,14.0,-4.2,1315420200.0
2011-09-07,670.0,682.0,663.2,665.3,670.6503788614727,10294,419,6903675.0,6043.0,58.7,18.8,-4.7,1315333800.0
2011-09-06,648.05,668.7,648.05,666.6,663.9306311756402,4959,224,3292432.0,3828.0,77.19,20.65,18.55,1315247400.0
2011-09-05,638.0,668.0,638.0,657.55,657.275647551182,8841,364,5810974.0,4617.0,52.22,30.0,19.55,1315161000.0
2011-09-02,630.0,642.0,630.0,637.35,636.5733788395904,2344,183,1492128.0,1171.0,49.96,12.0,7.35,1314901800.0
2011-08-30,653.6,653.6,628.0,636.6,632.7924297924297,1638,132,1036514.0,713.0,43.53,25.6,-17.0,1314642600.0
2011-08-29,620.05,633.0,620.0,628.75,629.4372924648786,3915,251,2464247.0,2229.0,56.93,13.0,8.7,1314556200.0
2011-08-26,627.0,637.0,607.0,613.95,619.9950943396226,2650,210,1642987.0,1399.0,52.79,30.0,-13.05,1314297000.0
2011-08-25,629.75,642.0,625.0,630.75,631.4510691823899,3975,222,2510018.0,1991.0,50.09,17.0,1.0,1314210600.0
2011-08-24,631.05,639.3,615.0,615.1,615.6324508486231,63986,184,39391858.0,63280.0,98.9,24.3,-15.95,1314124200.0
2011-08-23,636.0,645.0,636.0,639.95,639.820711678832,2192,67,1402487.0,1735.0,79.15,9.0,3.95,1314037800.0
2011-08-22,636.0,648.9,631.05,641.95,635.9356691556577,1741,87,1107164.0,1197.0,68.75,17.85,5.95,1313951400.0
2011-08-19,645.0,649.95,635.1,638.35,642.0159343312409,6213,197,3988845.0,4153.0,66.84,14.85,-6.65,1313692200.0
2011-08-18,669.8,669.8,655.0,657.35,659.5742663656885,4430,186,2921914.0,3156.0,71.24,14.8,-12.45,1313605800.0
2011-08-17,670.4,670.4,655.0,658.55,658.3507269468233,5021,140,3305579.0,4463.0,88.89,15.4,-11.85,1313519400.0
2011-08-16,670.0,681.0,663.1,666.3,672.402641584951,4997,307,3359996.0,2391.0,47.85,17.9,-3.7,1313433000.0
2011-08-12,645.05,688.7,645.05,660.4,670.1013848337932,37333,1545,25016895.0,13037.0,34.92,43.65,15.35,1313087400.0
2011-08-11,625.0,633.0,615.0,617.85,621.1239242685026,2324,113,1443492.0,1759.0,75.69,18.0,-7.15,1313001000.0
2011-08-10,630.0,635.0,624.0,629.1,627.823754789272,783,81,491586.0,453.0,57.85,11.0,-0.9,1312914600.0
2011-08-09,617.0,622.0,603.0,620.05,611.1685139108799,8842,211,5403952.0,6718.0,75.98,19.0,3.05,1312828200.0
2011-08-08,625.0,629.85,613.05,625.85,620.33991416309,2330,160,1445392.0,1539.0,66.05,16.8,0.85,1312741800.0
2011-08-05,630.0,634.5,621.0,630.35,628.6148055207026,3985,194,2505030.0,2609.0,65.47,13.5,0.35,1312482600.0
2011-08-04,646.0,665.0,640.0,645.9,648.6918566775244,6140,291,3982968.0,2618.0,42.64,25.0,-0.1,1312396200.0
2011-08-03,660.0,660.0,640.0,643.8,647.2345360824743,2328,124,1506762.0,1997.0,85.78,20.0,-16.2,1312309800.0
2011-08-02,660.0,663.8,654.0,654.3,657.0896340127109,4563,96,2998300.0,4427.0,97.02,9.8,-5.7,1312223400.0
2011-08-01,666.5,673.0,652.05,660.85,659.4322388059701,3350,156,2209098.0,2128.0,63.52,20.95,-5.65,1312137000.0
2011-07-29,670.0,677.6,666.1,666.15,668.730577136515,3604,96,2410105.0,2959.0,82.1,11.5,-3.85,1311877800.0
2011-07-28,660.0,671.5,660.0,669.1,669.0769461977758,3327,82,2226019.0,2695.0,81.0,11.5,9.1,1311791400.0
2011-07-27,672.5,676.8,665.0,668.5,671.8654533636659,3077,164,2067330.0,2456.0,79.82,11.8,-4.0,1311705000.0
2011-07-26,672.0,672.25,662.0,667.15,669.2299333168684,4049,176,2709712.0,2838.0,70.09,10.25,-4.85,1311618600.0
2011-07-25,672.2,672.2,659.05,666.2,666.822466335932,2822,114,1881773.0,2121.0,75.16,13.15,-6.0,1311532200.0
2011-07-22,665.0,676.0,658.0,664.65,667.8426237385872,4162,300,2779561.0,2162.0,51.95,18.0,-0.35,1311273000.0
2011-07-21,660.0,664.45,653.0,661.0,661.1728269699431,4924,176,3255615.0,2989.0,60.7,11.45,1.0,1311186600.0
2011-07-20,678.6,678.6,660.0,661.7,665.8886618998978,1958,118,1303810.0,1455.0,74.31,18.6,-16.9,1311100200.0
2011-07-19,652.0,675.35,652.0,669.75,670.7240362334105,9494,471,6367854.0,4459.0,46.97,23.35,17.75,1311013800.0
2011-07-18,644.0,666.0,644.0,657.7,655.1694323144105,9160,282,6001352.0,6819.0,74.44,22.0,13.7,1310927400.0
2011-07-15,640.0,657.0,637.1,649.1,645.7328830618461,7551,375,4875929.0,4974.0,65.87,19.9,9.1,1310668200.0
2011-07-14,640.0,642.0,628.0,637.25,637.9725533684502,3607,129,2301167.0,2256.0,62.55,14.0,-2.75,1310581800.0
2011-07-13,636.5,643.0,636.5,638.75,639.3995001785077,2801,77,1790958.0,2607.0,93.07,6.5,2.25,1310495400.0
2011-07-12,643.0,643.0,632.5,637.0,638.5573689416419,4044,180,2582326.0,3205.0,79.25,10.5,-6.0,1310409000.0
2011-07-11,644.0,652.0,635.0,643.0,643.2768344451183,3298,150,2121527.0,2431.0,73.71,17.0,-1.0,1310322600.0
2011-07-08,644.95,644.95,636.25,639.6,640.649622512011,2914,179,1866853.0,2166.0,74.33,8.7,-5.35,1310063400.0
2011-07-07,650.0,660.0,633.0,635.1,647.4701348747592,10899,573,7056777.0,5488.0,50.35,27.0,-14.9,1309977000.0
2011-07-06,624.0,650.0,616.4,639.85,637.9548776922327,20522,1056,13092110.0,9952.0,48.49,33.6,15.85,1309890600.0
2011-07-05,605.5,623.75,605.5,617.95,617.7778029188822,8839,286,5460538.0,5156.0,58.33,18.25,12.45,1309804200.0
2011-07-04,609.95,614.4,605.5,612.9,609.9639878695982,2638,102,1609085.0,2320.0,87.95,8.9,2.95,1309717800.0
2011-07-01,609.8,612.0,604.0,607.15,608.1760549558392,5095,89,3098657.0,3592.0,70.5,8.0,-2.65,1309458600.0
2011-06-30,610.1,611.0,602.25,606.85,606.4346352485474,6196,154,3757469.0,5080.0,81.99,8.75,-3.25,1309372200.0
2011-06-29,594.0,618.95,592.5,610.35,605.7597115608281,4299,268,2604161.0,3481.0,80.97,26.45,16.35,1309285800.0
2011-06-28,591.0,598.0,585.55,594.45,593.2077994428969,3590,172,2129616.0,2353.0,65.54,12.45,3.45,1309199400.0
2011-06-27,574.5,586.0,572.75,583.9,578.7934131736528,2004,158,1159902.0,1410.0,70.36,13.25,9.4,1309113000.0
2011-06-24,571.0,576.0,568.35,570.75,571.6702302631578,4864,116,2780604.0,4386.0,90.17,7.65,-0.25,1308853800.0
2011-06-23,570.0,571.3,566.0,567.35,568.7130044843049,669,53,380469.0,537.0,80.27,5.3,-2.65,1308767400.0
2011-06-22,580.0,580.0,567.05,569.55,574.7105263157895,684,44,393102.0,535.0,78.22,12.95,-10.45,1308681000.0
2011-06-21,570.6,584.95,570.5,575.4,575.555958132045,2484,205,1429681.0,1031.0,41.51,14.45,4.8,1308594600.0
2011-06-20,600.0,600.0,566.0,569.7,572.7458985120184,2621,209,1501167.0,1982.0,75.62,34.0,-30.3,1308508200.0
2011-06-17,590.0,592.95,580.0,583.15,584.7785467128028,1156,96,676004.0,929.0,80.36,12.95,-6.85,1308249000.0
2011-06-16,507.0,597.0,507.0,588.95,577.1408640864087,2222,91,1282407.0,819.0,36.86,90.0,81.95,1308162600.0
2011-06-15,587.05,599.0,583.2,587.4,588.1666666666666,1044,78,614046.0,728.0,69.73,15.8,0.35,1308076200.0
2011-06-14,600.0,604.9,595.0,595.25,596.921675432006,5324,186,3178011.0,4265.0,80.11,9.9,-4.75,1307989800.0
2011-06-13,588.95,614.0,582.25,595.9,601.3217276860493,8358,617,5025847.0,2709.0,32.41,31.75,6.95,1307903400.0
2011-06-10,582.1,588.0,582.1,586.8,586.8372093023256,1247,49,731786.0,683.0,54.77,5.9,4.7,1307644200.0
2011-06-09,582.0,585.0,582.0,582.2,583.3728222996516,287,31,167428.0,236.0,82.23,3.0,0.2,1307557800.0
2011-06-08,580.0,593.7,580.0,583.95,585.7904800650936,2458,126,1439873.0,1541.0,62.69,13.7,3.95,1307471400.0
2011-06-07,583.0,584.95,577.15,579.25,580.3971447112265,1541,83,894392.0,1149.0,74.56,7.8,-3.75,1307385000.0
2011-06-06,592.0,593.9,583.75,585.0,586.8107448107448,2457,83,1441794.0,1956.0,79.61,10.15,-7.0,1307298600.0
2011-06-03,595.9,598.5,586.0,590.3,591.7067610062893,1272,123,752651.0,873.0,68.63,12.5,-5.6,1307039400.0
2011-06-02,580.0,605.0,576.0,594.7,594.4597358329784,7041,483,4185591.0,2670.0,37.92,29.0,14.7,1306953000.0
2011-06-01,577.4,581.95,572.5,579.4,577.8116395494368,1598,159,923343.0,952.0,59.57,9.45,2.0,1306866600.0
2011-05-31,584.7,588.0,564.0,568.55,574.0480079681274,5020,324,2881721.0,3401.0,67.75,24.0,-16.15,1306780200.0
2011-05-30,574.0,587.0,574.0,578.8,582.9508402045715,9581,629,5585252.0,6896.0,71.98,13.0,4.8,1306693800.0
2011-05-27,562.0,562.5,549.95,560.75,556.1875,2304,137,1281456.0,1795.0,77.91,12.55,-1.25,1306434600.0
2011-05-26,554.0,572.95,554.0,563.1,561.1873638344226,918,90,515170.0,533.0,58.06,18.95,9.1,1306348200.0
2011-05-25,560.95,575.0,553.0,571.0,563.2678910702977,1579,158,889400.0,744.0,47.12,22.0,10.05,1306261800.0
2011-05-24,566.0,568.9,551.0,559.95,559.3540163540164,2079,128,1162897.0,1569.0,75.47,17.9,-6.05,1306175400.0
2011-05-23,567.0,567.0,556.0,564.95,563.4529085872576,1444,93,813626.0,975.0,67.52,11.0,-2.05,1306089000.0
2011-05-20,570.0,572.0,559.95,566.65,566.5316344463972,1138,103,644713.0,566.0,49.74,12.05,-3.35,1305829800.0
2011-05-19,554.0,567.25,548.1,560.05,559.2148823082764,1317,153,736486.0,789.0,59.91,19.15,6.05,1305743400.0
2011-05-18,560.25,564.0,543.2,547.5,553.9636098981077,2748,159,1522292.0,1587.0,57.75,20.8,-12.75,1305657000.0
2011-05-17,574.0,574.0,561.0,562.2,563.7247524752476,505,53,284681.0,349.0,69.11,13.0,-11.8,1305570600.0
2011-05-16,570.0,574.45,560.0,563.3,563.8992212551535,2183,129,1230992.0,1662.0,76.13,14.45,-6.7,1305484200.0
2011-05-13,574.25,575.5,567.1,570.3,569.9985163204748,2022,91,1152537.0,1153.0,57.02,8.4,-3.95,1305225000.0
2011-05-12,564.1,574.9,564.1,568.7,569.1606299212598,1270,114,722834.0,676.0,53.23,10.8,4.6,1305138600.0
2011-05-11,573.9,573.9,566.0,567.15,568.4090909090909,704,32,400160.0,652.0,92.61,7.9,-6.75,1305052200.0
2011-05-10,573.05,592.0,566.7,571.0,580.1042253521127,3195,202,1853433.0,2194.0,68.67,25.3,-2.05,1304965800.0
2011-05-09,563.0,576.0,560.55,571.85,567.2950118764845,2105,170,1194156.0,1312.0,62.33,15.45,8.85,1304879400.0
2011-05-06,592.0,594.8,565.0,565.6,569.8554663372452,3238,159,1845192.0,2186.0,67.51,29.8,-26.4,1304620200.0
2011-05-05,578.0,579.8,564.0,565.15,572.905612244898,1568,107,898316.0,997.0,63.58,15.8,-12.85,1304533800.0
2011-05-04,568.5,575.0,567.1,568.55,569.8447488584475,657,76,374388.0,404.0,61.49,7.9,0.05,1304447400.0
2011-05-03,592.95,592.95,570.0,577.35,580.9468159552134,1429,117,830173.0,1000.0,69.98,22.95,-15.6,1304361000.0
2011-05-02,590.1,598.7,581.0,583.55,588.4525316455696,2212,140,1301657.0,1443.0,65.24,17.7,-6.55,1304274600.0
2011-04-29,606.0,614.45,590.0,593.4,600.7211440245148,3916,237,2352424.0,2798.0,71.45,24.45,-12.6,1304015400.0
2011-04-28,586.65,628.3,586.65,599.95,616.9225797301131,49354,2842,30447597.0,6215.0,12.59,41.65,13.3,1303929000.0
2011-04-27,595.0,604.95,592.0,597.6,594.9441645675903,2382,116,1417157.0,1996.0,83.8,12.95,2.6,1303842600.0
2011-04-26,590.0,602.9,583.55,598.2,595.2538383951586,8923,473,5311450.0,5837.0,65.42,19.35,8.2,1303756200.0
2011-04-25,573.35,580.0,573.35,579.8,577.366020984665,2478,109,1430713.0,1894.0,76.43,6.65,6.45,1303669800.0
2011-04-21,566.7,584.0,566.7,579.05,578.4520605550883,2378,184,1375559.0,1461.0,61.44,17.3,12.35,1303324200.0
2011-04-20,577.0,580.9,572.05,578.35,576.4753199268738,547,79,315332.0,441.0,80.62,8.85,1.35,1303237800.0
2011-04-19,571.3,576.0,570.0,574.45,572.2274678111588,233,48,133329.0,165.0,70.82,6.0,3.15,1303151400.0
2011-04-18,584.4,584.4,571.0,577.75,580.4609178013112,3966,154,2302108.0,2694.0,67.93,13.4,-6.65,1303065000.0
2011-04-15,577.0,584.0,569.0,571.75,576.4542659492697,1301,120,749967.0,817.0,62.8,15.0,-5.25,1302805800.0
2011-04-13,564.0,586.0,555.0,579.45,572.9654482633207,5499,167,3150737.0,3775.0,68.65,31.0,15.45,1302633000.0
2011-04-11,569.8,569.8,552.5,557.45,560.9547325102881,972,106,545248.0,547.0,56.28,17.3,-12.35,1302460200.0
2011-04-08,522.3,577.9,522.3,567.05,568.1425561797753,1424,109,809035.0,895.0,62.85,55.6,44.75,1302201000.0
2011-04-07,572.0,575.3,567.0,571.1,572.3584481304471,3557,119,2035879.0,2559.0,71.94,8.3,-0.9,1302114600.0
2011-04-06,570.0,582.0,567.0,572.55,575.4277539341916,2796,266,1608896.0,1490.0,53.29,15.0,2.55,1302028200.0
2011-04-05,558.0,564.4,556.1,562.15,560.5778421433744,1381,100,774158.0,830.0,60.1,8.3,4.15,1301941800.0
2011-04-04,550.0,564.8,550.0,561.6,559.6820491969913,4919,220,2753076.0,2190.0,44.52,14.8,11.6,1301855400.0
2011-04-01,545.0,552.0,539.0,549.0,546.8921713441655,1354,127,740492.0,654.0,48.3,13.0,4.0,1301596200.0
2011-03-31,537.95,555.0,528.1,541.2,534.9267378136717,3467,184,1854591.0,1812.0,52.26,26.9,3.25,1301509800.0
2011-03-30,532.8,537.95,529.0,531.6,533.146288209607,3206,172,1709267.0,1848.0,57.64,8.95,-1.2,1301423400.0
2011-03-29,531.05,534.0,528.0,530.9,531.61324570273,1978,81,1051531.0,1455.0,73.56,6.0,-0.15,1301337000.0
2011-03-28,535.0,542.0,527.15,530.65,534.4553654024052,4324,151,2310985.0,3313.0,76.62,14.85,-4.35,1301250600.0
2011-03-25,614.0,614.0,527.0,533.15,532.8668906694236,3869,181,2061662.0,2613.0,67.54,87.0,-80.85,1300991400.0
2011-03-24,530.0,530.0,527.1,527.6,528.9795419847328,3275,81,1732408.0,2623.0,80.09,2.9,-2.4,1300905000.0
2011-03-23,528.0,530.0,520.0,528.5,528.4596716630978,9807,204,5182604.0,7939.0,80.95,10.0,0.5,1300818600.0
2011-03-22,527.5,534.7,520.25,524.65,526.1508982035928,2505,79,1318008.0,2159.0,86.19,14.45,-2.85,1300732200.0
2011-03-21,526.1,533.05,521.8,524.85,525.82261208577,513,54,269747.0,377.0,73.49,11.25,-1.25,1300645800.0
2011-03-18,538.0,543.0,524.75,527.5,530.0092491838956,1838,120,974157.0,896.0,48.75,18.25,-10.5,1300386600.0
2011-03-17,540.0,541.45,535.0,538.55,538.8073654390935,1412,56,760796.0,1282.0,90.79,6.45,-1.45,1300300200.0
2011-03-16,528.0,541.15,525.0,536.1,532.6539540100954,1783,106,949722.0,1450.0,81.32,16.15,8.1,1300213800.0
2011-03-15,523.0,547.7,523.0,525.4,529.9352367688023,1436,159,760987.0,799.0,55.64,24.7,2.4,1300127400.0
2011-03-14,532.0,535.0,520.0,532.25,531.7864641501005,4477,219,2380808.0,3655.0,81.64,15.0,0.25,1300041000.0
2011-03-11,536.0,539.9,525.1,535.0,534.2906674812891,6547,214,3498001.0,5050.0,77.13,14.8,-1.0,1299781800.0
2011-03-10,542.0,542.0,531.0,533.1,536.3637327677625,943,72,505791.0,689.0,73.06,11.0,-8.9,1299695400.0
2011-03-09,542.0,543.9,530.0,539.15,538.2515337423313,652,61,350940.0,463.0,71.01,13.9,-2.85,1299609000.0
2011-03-08,540.5,545.0,530.0,539.95,534.4253308128544,2116,178,1130844.0,1093.0,51.65,15.0,-0.55,1299522600.0
2011-03-07,522.0,547.0,522.0,531.15,535.1204313960455,1669,174,893116.0,1070.0,64.11,25.0,9.15,1299436200.0
2011-03-04,540.0,560.0,533.65,547.0,547.9260085140888,4933,295,2702919.0,2163.0,43.85,26.35,7.0,1299177000.0
2011-03-03,536.9,548.95,528.15,536.6,533.5051440329217,3888,184,2074268.0,2547.0,65.51,20.8,-0.3,1299090600.0
2011-03-01,530.5,540.05,530.0,536.05,536.7454598711189,3414,135,1832449.0,2355.0,68.98,10.05,5.55,1298917800.0
2011-02-28,515.25,540.0,511.0,530.95,528.8194763435921,2177,229,1151240.0,698.0,32.06,29.0,15.7,1298831400.0
2011-02-25,517.15,534.9,499.05,502.5,508.8068940624436,11082,492,5638598.0,7909.0,71.37,35.85,-14.65,1298572200.0
2011-02-24,542.0,542.0,517.0,520.25,525.7812309567337,1641,120,862807.0,1253.0,76.36,25.0,-21.75,1298485800.0
2011-02-23,542.0,547.9,535.0,536.0,539.0261881668283,1031,59,555736.0,674.0,65.37,12.9,-6.0,1298399400.0
2011-02-22,532.1,545.0,532.1,540.95,539.308579668349,1387,179,748021.0,629.0,45.35,12.9,8.85,1298313000.0
2011-02-21,552.0,555.0,535.1,542.95,544.3161485126369,8942,343,4867275.0,2263.0,25.31,19.9,-9.05,1298226600.0
2011-02-18,553.05,566.0,546.2,553.55,555.98050532256,15594,501,8669960.0,1965.0,12.6,19.8,0.5,1297967400.0
2011-02-17,549.5,559.0,549.5,557.95,556.2596685082873,543,51,302049.0,388.0,71.45,9.5,8.45,1297881000.0
2011-02-16,556.7,564.9,545.0,560.8,551.7427090084251,1543,179,851339.0,792.0,51.33,19.9,4.1,1297794600.0
2011-02-15,550.0,565.7,536.3,554.55,556.0180619266055,3488,256,1939391.0,1123.0,32.2,29.4,4.55,1297708200.0
2011-02-14,531.15,554.0,530.0,549.9,543.4359400998336,2404,98,1306420.0,1716.0,71.38,24.0,18.75,1297621800.0
2011-02-11,504.0,521.0,502.0,519.25,515.156879929886,1141,107,587794.0,692.0,60.65,19.0,15.25,1297362600.0
2011-02-10,515.05,523.35,500.8,506.35,509.82520630157535,2666,188,1359194.0,1640.0,61.52,22.55,-8.7,1297276200.0
2011-02-09,526.05,531.9,505.0,509.65,519.95524264521,3977,256,2067862.0,2363.0,59.42,26.9,-16.4,1297189800.0
2011-02-08,555.0,555.0,527.0,531.8,539.4490952692393,4587,212,2474453.0,2998.0,65.36,28.0,-23.2,1297103400.0
2011-02-07,540.0,553.0,531.0,547.2,542.3488700564972,708,128,383983.0,463.0,65.4,22.0,7.2,1297017000.0
2011-02-04,541.0,555.0,538.0,540.85,545.5786711048521,7811,249,4261515.0,4286.0,54.87,17.0,-0.15,1296757800.0
2011-02-03,536.2,558.8,535.35,550.4,546.1196002578981,3102,151,1694063.0,1421.0,45.81,23.45,14.2,1296671400.0
2011-02-02,538.15,543.95,538.15,539.15,540.8468328141225,1926,121,1041671.0,1292.0,67.08,5.8,1.0,1296585000.0
2011-02-01,541.95,541.95,535.0,537.55,537.4210220673635,1722,104,925439.0,1292.0,75.03,6.95,-4.4,1296498600.0
2011-01-31,563.0,563.0,530.0,536.75,538.4049168474331,2766,206,1489228.0,1866.0,67.46,33.0,-26.25,1296412200.0
2011-01-28,552.9,552.9,535.0,543.75,540.1567286652079,3656,171,1974813.0,2255.0,61.68,17.9,-9.15,1296153000.0
2011-01-27,546.1,553.15,543.05,546.6,547.0411663807889,583,51,318925.0,359.0,61.58,10.1,0.5,1296066600.0
2011-01-25,555.0,558.95,548.2,549.1,551.5468564650059,843,64,464954.0,543.0,64.41,10.75,-5.9,1295893800.0
2011-01-24,564.65,564.65,549.0,549.5,553.8227535037098,1213,71,671787.0,930.0,76.67,15.65,-15.15,1295807400.0
2011-01-21,549.5,566.0,543.55,558.35,555.6310190369541,3572,163,1984714.0,1545.0,43.25,22.45,8.85,1295548200.0
2011-01-20,548.0,553.0,542.55,545.0,547.1270962047661,1133,94,619895.0,709.0,62.58,10.45,-3.0,1295461800.0
2011-01-19,554.0,554.0,538.0,541.7,544.8787648311529,6574,201,3582033.0,3565.0,54.23,16.0,-12.3,1295375400.0
2011-01-18,547.1,554.85,541.15,542.75,545.6284061216872,5358,157,2923477.0,3297.0,61.53,13.7,-4.35,1295289000.0
2011-01-17,555.0,564.75,546.0,547.8,550.1617551963049,10825,138,5955501.0,10285.0,95.01,18.75,-7.2,1295202600.0
2011-01-14,553.5,565.1,548.5,554.4,554.0198452741338,2973,149,1647101.0,1936.0,65.12,16.6,0.9,1294943400.0
2011-01-13,565.95,565.95,555.0,558.1,558.5926878034848,3501,146,1955633.0,2412.0,68.89,10.95,-7.85,1294857000.0
2011-01-12,556.25,565.5,552.15,560.45,559.1452538631346,2265,156,1266464.0,1351.0,59.65,13.35,4.2,1294770600.0
2011-01-11,562.0,570.95,557.0,561.65,560.7059902200489,1636,121,917315.0,1086.0,66.38,13.95,-0.35,1294684200.0
2011-01-10,572.0,577.95,555.5,559.0,564.3156675354765,3453,183,1948582.0,2438.0,70.61,22.45,-13.0,1294597800.0
2011-01-07,582.5,587.8,569.15,572.4,574.270207852194,2598,187,1491954.0,1978.0,76.14,18.65,-10.1,1294338600.0
2011-01-06,580.0,600.0,570.0,579.4,584.2209933641665,4973,326,2905331.0,2685.0,53.99,30.0,-0.6,1294252200.0
2011-01-05,585.0,587.85,576.0,577.45,583.0770063119928,5545,235,3233162.0,3275.0,59.06,11.85,-7.55,1294165800.0
2011-01-04,587.0,592.95,583.05,585.15,587.0072643515236,5644,124,3313069.0,4442.0,78.7,9.9,-1.85,1294079400.0
2011-01-03,580.0,596.7,580.0,586.7,590.5019829164124,6556,205,3871331.0,4178.0,63.73,16.7,6.7,1293993000.0
2010-12-31,585.0,588.95,582.0,585.55,586.4790218790218,3885,216,2278471.0,2221.0,57.17,6.95,0.55,1293733800.0
2010-12-30,587.0,608.0,580.0,583.15,588.9237738985869,12030,480,7084753.0,3942.0,32.77,28.0,-3.85,1293647400.0
2010-12-29,580.0,585.65,578.25,580.55,581.7748764996472,1417,68,824375.0,927.0,65.42,7.4,0.55,1293561000.0
2010-12-28,584.0,586.5,576.05,578.1,579.6474622770919,1458,58,845126.0,1127.0,77.3,10.45,-5.9,1293474600.0
2010-12-27,589.4,589.4,578.0,579.2,583.2094037809017,2063,74,1203161.0,1849.0,89.63,11.4,-10.2,1293388200.0
2010-12-24,587.45,587.45,579.0,581.95,582.8507936507937,1260,102,734392.0,728.0,57.78,8.45,-5.5,1293129000.0
2010-12-23,586.0,589.85,583.0,584.9,584.8267860405628,5473,88,3200757.0,4914.0,89.79,6.85,-1.1,1293042600.0
2010-12-22,588.2,594.95,582.25,586.25,587.747119078105,4686,211,2754183.0,3008.0,64.19,12.7,-1.95,1292956200.0
2010-12-21,582.0,593.5,581.1,587.95,586.5591901338785,15163,208,8893997.0,10713.0,70.65,12.4,5.95,1292869800.0
2010-12-20,585.9,592.9,583.0,584.8,585.7136118598384,1484,108,869199.0,1015.0,68.4,9.9,-1.1,1292783400.0
2010-12-16,578.1,596.95,577.5,578.95,581.2173479561316,1003,67,582961.0,788.0,78.56,19.45,0.85,1292437800.0
2010-12-15,588.15,592.0,585.25,588.45,588.7425821972735,3741,140,2202486.0,1961.0,52.42,6.75,0.3,1292351400.0
2010-12-14,595.0,603.0,592.05,595.35,597.3694158075601,1164,94,695338.0,536.0,46.05,10.95,0.35,1292265000.0
2010-12-13,591.55,601.8,586.0,590.4,594.3620559334845,2646,175,1572682.0,1943.0,73.43,15.8,-1.15,1292178600.0
2010-12-10,555.0,594.9,555.0,590.0,579.5167515094116,8447,257,4895178.0,7372.0,87.27,39.9,35.0,1291919400.0
2010-12-09,576.05,581.0,550.0,561.2,564.6205523101434,3766,335,2126361.0,2154.0,57.2,31.0,-14.85,1291833000.0
2010-12-08,576.0,599.0,571.1,574.5,579.2362781695009,7233,351,4189616.0,3959.0,54.74,27.9,-1.5,1291746600.0
2010-12-07,587.8,591.0,570.0,572.8,576.0252273132465,11218,227,6461851.0,10005.0,89.19,21.0,-15.0,1291660200.0
2010-12-06,590.5,601.0,580.0,587.6,593.7032193158954,3976,225,2360564.0,2608.0,65.59,21.0,-2.9,1291573800.0
2010-12-03,598.65,604.0,583.35,594.55,596.5119981889526,13252,418,7904977.0,7790.0,58.78,20.65,-4.1,1291314600.0
2010-12-02,609.7,612.6,588.0,590.25,595.3521151795237,5626,275,3349451.0,4191.0,74.49,24.6,-19.45,1291228200.0
2010-12-01,604.05,619.2,594.0,597.15,605.3004007569855,17966,536,10874827.0,10137.0,56.42,25.2,-6.9,1291141800.0
2010-11-30,587.5,613.0,586.0,603.45,597.3650391524643,4342,261,2593759.0,2129.0,49.03,27.0,15.95,1291055400.0
2010-11-29,594.0,600.95,585.0,593.45,592.8531989482909,2282,166,1352891.0,1315.0,57.62,15.95,-0.55,1290969000.0
2010-11-26,612.0,622.0,575.0,593.75,592.4374322860239,3692,301,2187279.0,1963.0,53.17,47.0,-18.25,1290709800.0
2010-11-25,617.0,627.0,605.55,608.85,616.1319572429045,2713,154,1671566.0,1639.0,60.41,21.45,-8.15,1290623400.0
2010-11-24,620.15,629.95,620.0,622.35,623.2785547785548,858,89,534773.0,498.0,58.04,9.95,2.2,1290537000.0
2010-11-23,626.1,632.75,620.0,623.3,626.1956339210748,2382,124,1491598.0,1463.0,61.42,12.75,-2.8,1290450600.0
2010-11-22,627.1,640.8,625.5,626.5,628.743871935968,1999,146,1256859.0,1361.0,68.08,15.3,-0.6,1290364200.0
2010-11-19,630.0,639.95,621.0,625.95,631.3292951541849,1816,122,1146494.0,1138.0,62.67,18.95,-4.05,1290105000.0
2010-11-18,650.0,652.0,623.0,628.65,634.2592165898618,3472,244,2202148.0,2187.0,62.99,29.0,-21.35,1290018600.0
2010-11-16,652.5,660.0,643.15,645.0,651.1862859817458,4273,171,2782519.0,3127.0,73.18,16.85,-7.5,1289845800.0
2010-11-15,655.0,661.95,651.5,657.4,656.4473161033796,1509,101,990579.0,1045.0,69.25,10.45,2.4,1289759400.0
2010-11-12,652.05,661.0,650.5,656.9,655.7069288389513,3204,157,2100885.0,2425.0,75.69,10.5,4.85,1289500200.0
2010-11-11,665.0,668.35,650.1,654.1,658.1467326139089,6672,211,4391155.0,4059.0,60.84,18.25,-10.9,1289413800.0
2010-11-10,663.95,666.0,655.0,658.7,661.2943995208145,3339,140,2208062.0,2112.0,63.25,11.0,-5.25,1289327400.0
2010-11-09,667.0,669.0,654.0,655.5,659.824080499653,2882,160,1901613.0,1764.0,61.21,15.0,-11.5,1289241000.0
2010-11-08,665.0,678.0,659.05,665.65,670.6754947031781,10006,401,6710779.0,2557.0,25.55,18.95,0.65,1289154600.0
2010-11-05,654.25,672.0,654.25,665.55,665.3424561403509,2850,132,1896226.0,2056.0,72.14,17.75,11.3,1288895400.0
2010-11-04,652.15,664.4,651.5,653.85,654.4492845786963,3145,173,2058243.0,2354.0,74.85,12.9,1.7,1288809000.0
2010-11-03,649.9,674.95,642.05,654.15,659.4748467824311,7832,447,5165007.0,2957.0,37.76,32.9,4.25,1288722600.0
2010-11-02,645.0,654.9,635.1,643.85,646.8598130841121,2889,190,1868778.0,1940.0,67.15,19.8,-1.15,1288636200.0
2010-11-01,650.0,769.9,625.0,645.8,656.3472330475448,2566,90,1684187.0,1461.0,56.94,144.9,-4.2,1288549800.0
2010-10-29,660.0,668.0,647.0,650.6,656.2152803914189,2657,231,1743564.0,1385.0,52.13,21.0,-9.4,1288290600.0
2010-10-28,662.0,668.8,655.15,661.75,660.7258278145695,2265,143,1496544.0,1198.0,52.89,13.65,-0.25,1288204200.0
2010-10-27,670.0,675.0,650.05,660.8,663.1610571959529,4843,228,3211689.0,3257.0,67.25,24.95,-9.2,1288117800.0
2010-10-26,681.0,687.0,667.6,669.75,676.3763556424035,10235,414,6922712.0,7124.0,69.6,19.4,-11.25,1288031400.0
2010-10-25,661.55,689.0,661.55,674.25,678.3701973496043,31467,1105,21346275.0,14994.0,47.65,27.45,12.7,1287945000.0
2010-10-22,654.0,660.0,638.0,648.5,654.2349677212826,18743,385,12262326.0,10122.0,54.0,22.0,-5.5,1287685800.0
2010-10-21,639.0,659.9,630.1,651.4,645.2881494613392,7333,331,4731898.0,4056.0,55.31,29.8,12.4,1287599400.0
2010-10-20,630.0,648.7,630.0,631.5,637.4664159054272,3722,201,2372650.0,2238.0,60.13,18.7,1.5,1287513000.0
2010-10-19,640.0,642.75,636.1,637.65,639.134724857685,2108,73,1347296.0,1989.0,94.35,6.65,-2.35,1287426600.0
2010-10-18,635.0,638.9,623.0,631.3,632.2824575586095,6185,276,3910667.0,2832.0,45.79,15.9,-3.7,1287340200.0
2010-10-15,645.0,665.9,630.0,632.35,648.968326098752,14744,424,9568389.0,5900.0,40.02,35.9,-12.65,1287081000.0
2010-10-14,648.1,656.95,640.1,641.55,647.9136317835037,6947,359,4501056.0,3834.0,55.19,16.85,-6.55,1286994600.0
2010-10-13,664.25,664.25,644.0,646.45,648.8141268483441,8183,423,5309246.0,6575.0,80.35,20.25,-17.8,1286908200.0
2010-10-12,665.85,665.85,655.0,656.6,657.4981968057702,1941,115,1276204.0,1305.0,67.23,10.85,-9.25,1286821800.0
2010-10-11,661.5,668.0,657.5,658.1,661.4718144450969,3406,195,2252973.0,2132.0,62.6,10.5,-3.4,1286735400.0
2010-10-08,668.0,674.9,660.25,665.75,666.6405950095968,2084,91,1389279.0,1185.0,56.86,14.65,-2.25,1286476200.0
2010-10-07,670.0,686.0,666.0,669.25,670.5373880441575,38408,359,25754000.0,33119.0,86.23,20.0,-0.75,1286389800.0
2010-10-06,668.0,673.0,653.25,669.25,667.3173758865248,7332,352,4892771.0,4131.0,56.34,19.75,1.25,1286303400.0
2010-10-05,661.95,661.95,650.0,655.2,655.4198895027624,1991,98,1304941.0,1341.0,67.35,11.95,-6.75,1286217000.0
2010-10-04,665.0,673.8,650.3,653.4,660.8852383155945,6483,234,4284519.0,2703.0,41.69,23.5,-11.6,1286130600.0
2010-10-01,654.5,669.95,653.1,658.1,659.6205934567588,7886,374,5201768.0,4300.0,54.53,16.85,3.6,1285871400.0
2010-09-30,643.5,655.95,641.0,651.45,649.1471604938272,6075,190,3943569.0,3758.0,61.86,14.95,7.95,1285785000.0
2010-09-29,649.95,651.8,642.05,642.6,646.3492878823255,4283,178,2768314.0,2526.0,58.98,9.75,-7.35,1285698600.0
2010-09-28,650.0,656.9,644.0,647.45,649.4329110651499,7736,224,5024013.0,3944.0,50.98,12.9,-2.55,1285612200.0
2010-09-27,671.0,671.0,643.25,649.25,655.7047685225397,11513,355,7549129.0,8212.0,71.33,27.75,-21.75,1285525800.0
2010-09-24,663.0,671.0,661.0,662.2,663.8524968527066,4766,222,3163921.0,2490.0,52.25,10.0,-0.8,1285266600.0
2010-09-23,667.0,672.9,657.1,659.7,664.67707893626,4738,239,3149240.0,3607.0,76.13,15.8,-7.3,1285180200.0
2010-09-22,672.0,679.95,664.0,665.4,671.7037841752672,5523,280,3709820.0,3631.0,65.74,15.95,-6.6,1285093800.0
2010-09-21,683.85,697.0,672.0,674.9,678.0585896829152,10565,443,7163689.0,6025.0,57.03,25.0,-8.95,1285007400.0
2010-09-20,675.0,683.85,672.0,676.85,679.630003254149,3073,150,2088503.0,2522.0,82.07,11.85,1.85,1284921000.0
2010-09-17,679.0,679.0,671.5,672.8,675.6966694192128,3633,150,2454806.0,2633.0,72.47,7.5,-6.2,1284661800.0
2010-09-16,685.0,689.75,671.6,672.55,677.7365293997132,4881,151,3308032.0,2964.0,60.73,18.15,-12.45,1284575400.0
2010-09-15,696.0,696.0,681.0,681.15,682.0541556976307,2659,112,1813582.0,2017.0,75.86,15.0,-14.85,1284489000.0
2010-09-14,705.0,705.0,681.0,682.85,685.3058552726226,6951,177,4763561.0,5166.0,74.32,24.0,-22.15,1284402600.0
2010-09-13,700.0,704.0,687.0,688.45,692.1166445329792,4518,197,3126983.0,3042.0,67.33,17.0,-11.55,1284316200.0
2010-09-09,688.0,702.0,686.0,688.35,691.8348100497633,8239,372,5700027.0,4382.0,53.19,16.0,0.35,1283970600.0
2010-09-08,701.5,703.9,687.0,689.7,694.7750702905342,4268,199,2965300.0,2627.0,61.55,16.9,-11.8,1283884200.0
2010-09-07,711.0,714.0,698.0,700.3,703.9988460270359,18198,719,12811371.0,8996.0,49.43,16.0,-10.7,1283797800.0
2010-09-06,716.05,731.5,716.0,719.75,723.935357754927,18672,760,13517321.0,9520.0,50.99,15.5,3.7,1283711400.0
2010-09-03,711.9,724.0,711.0,714.35,717.5914673561732,12376,466,8880912.0,5468.0,44.18,13.0,2.45,1283452200.0
2010-09-02,705.0,714.9,705.0,710.3,710.7288035884992,13599,527,9665201.0,9315.0,68.5,9.9,5.3,1283365800.0
2010-09-01,680.25,716.0,680.25,697.1,697.490364025696,40629,1565,28338336.0,9176.0,22.58,35.75,16.85,1283279400.0
2010-08-31,705.0,705.0,674.0,680.25,680.1522531719411,6857,283,4663804.0,4433.0,64.65,31.0,-24.75,1283193000.0
2010-08-30,705.0,708.0,688.0,689.5,693.0915057191073,5333,234,3696257.0,3688.0,69.15,20.0,-15.5,1283106600.0
2010-08-27,706.8,714.75,695.0,697.05,704.4573332116455,10957,337,7718739.0,5957.0,54.37,19.75,-9.75,1282847400.0
2010-08-26,702.5,702.5,693.0,694.05,695.7888027993001,4001,164,2783851.0,2435.0,60.86,9.5,-8.45,1282761000.0
2010-08-25,695.5,707.9,691.0,702.4,700.2564809707667,9065,284,6347825.0,5123.0,56.51,16.9,6.9,1282674600.0
2010-08-24,713.5,713.5,698.0,700.55,704.2866967970132,10178,294,7168230.0,8173.0,80.3,15.5,-12.95,1282588200.0
2010-08-23,718.0,724.65,705.0,709.75,713.630092264017,14090,304,10055048.0,9651.0,68.5,19.65,-8.25,1282501800.0
2010-08-20,716.5,730.0,713.0,716.25,719.7498620689655,14500,528,10436373.0,7425.0,51.21,17.0,-0.25,1282242600.0
2010-08-19,699.0,720.0,699.0,717.0,713.8890961262554,13940,473,9951614.0,9066.0,65.04,21.0,18.0,1282156200.0
2010-08-18,703.7,709.9,699.0,705.15,703.879636060564,14398,513,10134459.0,8308.0,57.7,10.9,1.45,1282069800.0
2010-08-17,695.0,708.0,693.0,698.45,699.2516162068745,15623,538,10924408.0,6080.0,38.92,15.0,3.45,1281983400.0
2010-08-16,724.9,724.9,685.0,691.75,701.1167273393919,38183,1034,26770740.0,21233.0,55.61,39.9,-33.15,1281897000.0
2010-08-13,738.95,738.95,712.25,717.25,726.2564659070355,33174,1075,24092832.0,18680.0,56.31,26.7,-21.7,1281637800.0
2010-08-12,720.0,751.95,720.0,728.6,737.208034207269,88870,3220,65515678.0,29047.0,32.68,31.95,8.6,1281551400.0
2010-08-11,728.4,747.4,715.5,730.0,732.3425847096884,93968,2887,68816768.0,29198.0,31.07,31.9,1.6,1281465000.0
2010-08-10,725.0,743.0,714.0,719.0,726.2661234045427,44423,1158,32262920.0,24006.0,54.04,29.0,-6.0,1281378600.0
2010-08-09,714.8,739.35,695.65,730.3,723.9562532218774,98933,3575,71623164.0,30691.0,31.02,43.7,15.5,1281292200.0
2010-08-06,664.8,724.0,652.6,707.3,703.0743034985791,166439,5116,117018984.0,50345.0,30.25,71.4,42.5,1281033000.0
2010-08-05,669.0,670.0,653.0,659.25,659.0558039706672,5591,166,3684781.0,4304.0,76.98,17.0,-9.75,1280946600.0
2010-08-04,661.0,675.0,653.0,663.9,662.9225100491291,13434,535,8905701.0,6621.0,49.29,22.0,2.9,1280860200.0
2010-08-03,657.15,657.25,648.0,653.8,652.4846153846154,6500,206,4241150.0,3682.0,56.65,9.25,-3.35,1280773800.0
2010-08-02,661.0,661.0,648.05,651.1,654.3943369268736,7699,284,5038182.0,5149.0,66.88,12.95,-9.9,1280687400.0
2010-07-30,658.95,665.0,646.1,649.4,654.0008273311271,20548,530,13438409.0,15239.0,74.16,18.9,-9.55,1280428200.0
2010-07-29,649.85,649.85,641.0,644.05,644.6075851393189,1292,96,832833.0,651.0,50.39,8.85,-5.8,1280341800.0
2010-07-28,645.45,657.2,637.2,641.4,645.0127420998981,7848,269,5062060.0,5498.0,70.06,20.0,-4.05,1280255400.0
2010-07-27,640.0,659.8,637.0,637.3,641.5188236499641,48795,266,31302911.0,45710.0,93.68,22.8,-2.7,1280169000.0
2010-07-26,650.0,650.0,636.1,640.4,641.4570883661793,3146,143,2018024.0,1861.0,59.15,13.9,-9.6,1280082600.0
2010-07-23,659.0,659.0,641.0,643.0,646.6145022531749,2441,123,1578386.0,1520.0,62.27,18.0,-16.0,1279823400.0
2010-07-22,662.5,663.65,646.1,648.85,651.2338801364301,6157,278,4009647.0,4049.0,65.76,17.55,-13.65,1279737000.0
2010-07-21,667.8,667.8,654.1,660.2,658.1943243243243,3700,164,2435319.0,2315.0,62.57,13.7,-7.6,1279650600.0
2010-07-20,670.7,682.0,644.0,652.4,667.4163831938954,10877,575,7259488.0,4822.0,44.33,38.0,-18.3,1279564200.0
2010-07-19,649.95,670.0,644.0,666.35,663.1015235935112,20281,705,13448362.0,10237.0,50.48,26.0,16.4,1279477800.0
2010-07-16,652.0,652.0,622.0,646.4,645.9482614160033,4774,208,3083757.0,2984.0,62.51,30.0,-5.6,1279218600.0
2010-07-15,596.1,649.8,596.1,647.05,642.3089474627936,5577,133,3582157.0,4569.0,81.93,53.7,50.95,1279132200.0
2010-07-14,645.0,651.1,641.6,643.05,646.2409082162785,5197,314,3358514.0,2697.0,51.9,9.5,-1.95,1279045800.0
2010-07-13,644.8,645.9,640.0,642.05,642.0296684118673,45267,116,29062757.0,44541.0,98.4,5.9,-2.75,1278959400.0
2010-07-12,645.0,645.0,629.0,641.3,639.3409756097561,6150,188,3931947.0,3736.0,60.75,16.0,-3.7,1278873000.0
2010-07-09,632.0,642.0,629.1,638.65,634.0520358868184,7245,258,4593707.0,4937.0,68.14,12.9,6.65,1278613800.0
2010-07-08,631.4,633.65,619.0,626.6,625.7674005681818,8448,212,5286483.0,5490.0,64.99,14.65,-4.8,1278527400.0
2010-07-07,629.8,636.0,616.1,620.35,626.4762492981471,8905,235,5578771.0,4552.0,51.12,19.9,-9.45,1278441000.0
2010-07-06,631.9,637.0,623.0,625.45,634.6203662514828,53952,188,34239038.0,52813.0,97.89,14.0,-6.45,1278354600.0
2010-07-05,640.0,640.0,625.0,628.5,628.7342077087793,3736,157,2348951.0,1814.0,48.55,15.0,-11.5,1278268200.0
2010-07-02,625.0,645.0,620.05,623.9,633.9351392598245,13105,593,8307720.0,3242.0,24.74,24.95,-1.1,1278009000.0
2010-07-01,629.7,634.95,620.0,621.9,626.314220557094,6139,302,3844943.0,3050.0,49.68,14.95,-7.8,1277922600.0
2010-06-30,653.9,653.9,626.1,628.35,636.3287248050239,19746,443,12564947.0,11967.0,60.6,27.8,-25.55,1277836200.0
2010-06-29,631.0,665.0,626.35,654.0,647.820489911399,13431,563,8700877.0,5473.0,40.75,38.65,23.0,1277749800.0
2010-06-28,645.0,652.0,627.05,631.0,638.679318264233,8273,348,5283794.0,3960.0,47.87,24.95,-14.0,1277663400.0
2010-06-25,627.5,660.4,627.5,638.65,645.286940527284,32620,1185,21049260.0,10463.0,32.08,32.9,11.15,1277404200.0
2010-06-24,616.95,634.0,616.95,622.25,625.9007166579269,5721,236,3580778.0,3675.0,64.24,17.05,5.3,1277317800.0
2010-06-23,623.9,625.7,615.55,616.95,619.7750754147813,5304,270,3287287.0,2980.0,56.18,10.15,-6.95,1277231400.0
2010-06-22,622.4,625.0,615.0,616.25,620.3958435207824,8180,354,5074838.0,4659.0,56.96,10.0,-6.15,1277145000.0
2010-06-21,607.1,618.8,604.0,609.3,611.8577472236911,1891,104,1157023.0,792.0,41.88,14.8,2.2,1277058600.0
2010-06-18,616.9,622.9,606.1,606.45,612.8131256952169,1798,161,1101838.0,979.0,54.45,16.8,-10.45,1276799400.0
2010-06-17,615.1,625.0,596.15,606.7,606.6193872885232,10935,340,6633383.0,5823.0,53.25,28.85,-8.4,1276713000.0
2010-06-16,639.8,639.8,601.0,626.15,627.8130405854956,6012,287,3774412.0,3051.0,50.75,38.8,-13.65,1276626600.0
2010-06-15,614.8,650.0,612.3,631.55,636.7733077150458,33830,1310,21542041.0,7792.0,23.03,37.7,16.75,1276540200.0
2010-06-14,605.0,614.9,601.05,612.55,609.6737558624283,61408,277,37438846.0,58241.0,94.84,13.85,7.55,1276453800.0
2010-06-11,588.0,611.0,588.0,597.6,600.7765619484645,2833,147,1702000.0,1553.0,54.82,23.0,9.6,1276194600.0
2010-06-10,598.65,608.0,590.0,599.3,600.0616832514087,50046,239,30030687.0,47230.0,94.37,18.0,0.65,1276108200.0
2010-06-09,600.0,615.65,586.0,590.1,594.8544220252687,5303,189,3154513.0,3429.0,64.66,29.65,-9.9,1276021800.0
2010-06-08,610.7,615.0,596.0,603.8,608.3891145410236,7386,227,4493562.0,4452.0,60.28,19.0,-6.9,1275935400.0
2010-06-07,595.0,600.0,585.55,597.8,596.5767676767676,990,95,590611.0,426.0,43.03,14.45,2.8,1275849000.0
2010-06-04,625.0,625.0,602.0,603.75,605.6291897969222,14231,139,8618709.0,13240.0,93.04,23.0,-21.25,1275589800.0
2010-06-03,618.5,621.7,604.5,606.75,612.5772357723577,1722,124,1054858.0,763.0,44.31,17.2,-11.75,1275503400.0
2010-06-02,612.8,612.9,603.0,606.9,605.4005869405722,1363,66,825161.0,920.0,67.5,9.9,-5.9,1275417000.0
2010-06-01,615.0,625.0,598.0,601.85,612.8782712133228,5044,332,3091358.0,1712.0,33.94,27.0,-13.15,1275330600.0
2010-05-31,618.0,629.4,589.05,620.4,616.9828547449193,16681,852,10291891.0,4246.0,25.45,40.35,2.4,1275244200.0
2010-05-28,596.4,598.0,584.0,593.95,591.9459930313589,1148,80,679554.0,851.0,74.13,14.0,-2.45,1274985000.0
2010-05-27,578.1,591.15,578.0,584.65,582.139183901621,1789,90,1041447.0,937.0,52.38,13.15,6.55,1274898600.0
2010-05-26,580.0,585.0,571.35,575.45,579.3279616724739,2296,169,1330137.0,1412.0,61.5,13.65,-4.55,1274812200.0
2010-05-25,583.0,589.9,566.0,570.8,575.2451168134814,2611,200,1501965.0,1779.0,68.13,23.9,-12.2,1274725800.0
2010-05-24,615.45,615.45,587.5,590.7,598.0882019285309,3526,167,2108859.0,2287.0,64.86,27.95,-24.75,1274639400.0
2010-05-21,590.0,598.55,585.0,589.25,592.1847053907229,4786,225,2834196.0,3400.0,71.04,13.55,-0.75,1274380200.0
2010-05-20,624.0,624.0,585.0,600.6,602.9326439351593,3578,167,2157293.0,2618.0,73.17,39.0,-23.4,1274293800.0
2010-05-19,617.0,617.0,600.0,600.55,605.3658907474559,8549,268,5175273.0,5681.0,66.45,17.0,-16.45,1274207400.0
2010-05-18,617.3,626.7,610.15,616.05,620.1431339977852,3612,225,2239957.0,1903.0,52.69,16.55,-1.25,1274121000.0
2010-05-17,615.1,627.9,606.2,617.05,612.6648817492191,6723,321,4118946.0,3435.0,51.09,21.7,1.95,1274034600.0
2010-05-14,650.0,655.0,625.05,631.75,643.1709431751611,8535,422,5489464.0,3504.0,41.05,29.95,-18.25,1273775400.0
2010-05-13,632.0,655.0,626.5,647.95,642.1690184238092,16229,588,10421761.0,6999.0,43.13,28.5,15.95,1273689000.0
2010-05-12,645.0,645.0,620.05,622.55,625.5025641025641,1170,100,731838.0,797.0,68.12,24.95,-22.45,1273602600.0
2010-05-11,638.0,638.0,625.15,627.45,630.5988556897648,1573,115,991932.0,867.0,55.12,12.85,-10.55,1273516200.0
2010-05-10,632.0,643.0,627.7,633.05,634.80039193729,3572,158,2267507.0,1565.0,43.81,15.3,1.05,1273429800.0
2010-05-07,625.0,627.0,615.0,625.1,620.9760063982937,7502,313,4658562.0,4588.0,61.16,12.0,0.1,1273170600.0
2010-05-06,632.0,648.8,631.95,639.25,639.5770523956289,7138,314,4565301.0,2636.0,36.93,16.85,7.25,1273084200.0
2010-05-05,634.1,637.9,621.0,629.35,627.94124948283,7251,269,4553202.0,5120.0,70.61,16.9,-4.75,1272997800.0
2010-05-04,635.0,653.0,630.0,642.5,643.9643657817109,8475,266,5457598.0,5532.0,65.27,23.0,7.5,1272911400.0
2010-05-03,670.0,670.0,639.0,645.8,651.9794395924309,5496,216,3583279.0,3588.0,65.28,31.0,-24.2,1272825000.0
2010-04-30,666.0,667.0,653.2,658.3,659.0190611664297,7030,200,4632904.0,4467.0,63.54,13.8,-7.7,1272565800.0
2010-04-29,654.95,666.75,645.0,662.95,658.2027387721945,8617,266,5671733.0,6123.0,71.06,21.75,8.0,1272479400.0
2010-04-28,650.0,663.0,641.15,653.0,652.4615561429721,8701,367,5677068.0,5099.0,58.6,21.85,3.0,1272393000.0
2010-04-27,685.0,687.9,658.0,664.25,671.1386531986532,14850,456,9966409.0,7435.0,50.07,29.9,-20.75,1272306600.0
2010-04-26,634.0,686.85,631.2,680.85,667.1181826849732,41952,1527,27986942.0,22202.0,52.92,55.65,46.85,1272220200.0
2010-04-23,635.0,640.4,626.0,627.95,633.0612887195626,6037,196,3821791.0,3217.0,53.29,14.4,-7.05,1271961000.0
2010-04-22,634.8,644.0,631.0,636.45,638.0026366251199,4172,207,2661747.0,2023.0,48.49,13.0,1.65,1271874600.0
2010-04-21,625.0,642.0,621.55,631.15,631.6904725955005,6623,293,4183686.0,3407.0,51.44,20.45,6.15,1271788200.0
2010-04-20,625.0,627.0,618.0,622.35,623.4853436657681,5936,273,3701009.0,3457.0,58.24,9.0,-2.65,1271701800.0
2010-04-19,619.0,632.15,615.0,616.0,622.17872544322,6261,243,3895461.0,3383.0,54.03,17.15,-3.0,1271615400.0
2010-04-16,636.2,642.9,635.0,635.95,638.5192767880883,3761,116,2401471.0,2901.0,77.13,7.9,-0.25,1271356200.0
2010-04-15,638.0,650.0,600.0,638.95,643.6812707444286,10545,319,6787619.0,6109.0,57.93,50.0,0.95,1271269800.0
2010-04-13,648.8,649.0,640.1,641.2,644.0658777120316,7605,202,4898121.0,5834.0,76.71,8.9,-7.6,1271097000.0
2010-04-12,655.0,659.7,639.0,641.15,647.337167199148,14085,476,9117744.0,7910.0,56.16,20.7,-13.85,1271010600.0
2010-04-09,659.95,665.0,652.0,654.55,658.6662762353984,31589,628,20806609.0,20451.0,64.74,13.0,-5.4,1270751400.0
2010-04-08,644.7,680.0,637.2,654.35,659.91706739772,66753,2392,44051444.0,14577.0,21.84,42.8,9.65,1270665000.0
2010-04-07,641.0,660.0,636.15,638.95,647.2197439958902,23359,889,15118406.0,12597.0,53.93,23.85,-2.05,1270578600.0
2010-04-06,644.9,644.9,625.1,634.1,637.8785506373582,29889,944,19065552.0,14719.0,49.25,19.8,-10.8,1270492200.0
2010-04-05,597.6,648.0,596.0,638.0,636.2960749594216,81324,2583,51746142.0,30758.0,37.82,52.0,40.4,1270405800.0
2010-04-01,606.75,606.75,593.15,597.6,599.264023934181,2674,118,1602432.0,1787.0,66.83,13.6,-9.15,1270060200.0
2010-03-31,610.45,610.5,595.3,597.4,600.3286624203822,3140,86,1885032.0,1707.0,54.36,15.2,-13.05,1269973800.0
2010-03-30,584.0,609.8,584.0,601.95,596.7622291021672,11305,345,6746397.0,5003.0,44.25,25.8,17.95,1269887400.0
2010-03-29,588.05,593.8,580.1,581.1,586.7654150036653,12277,213,7203719.0,10479.0,85.35,13.7,-6.95,1269801000.0
2010-03-26,601.0,605.0,581.0,585.15,592.881838591516,8463,367,5017559.0,5711.0,67.48,24.0,-15.85,1269541800.0
2010-03-25,602.0,608.9,597.0,601.1,602.3362313362313,5291,226,3186961.0,3064.0,57.91,11.9,-0.9,1269455400.0
2010-03-23,600.0,612.0,600.0,605.2,605.7573077639173,10742,566,6507045.0,3770.0,35.1,12.0,5.2,1269282600.0
2010-03-22,609.0,609.0,595.1,599.45,603.4229207596594,7635,259,4607134.0,4293.0,56.23,13.9,-9.55,1269196200.0
2010-03-19,592.35,623.8,592.35,604.85,610.7328855592871,19355,670,11820735.0,7359.0,38.02,31.45,12.5,1268937000.0
2010-03-18,601.0,607.0,583.05,589.5,598.7978762358111,16386,560,9811902.0,6086.0,37.14,23.95,-11.5,1268850600.0
2010-03-17,582.5,609.0,582.5,602.15,595.7167584390711,41770,872,24883089.0,19321.0,46.26,26.5,19.65,1268764200.0
2010-03-16,581.0,585.0,575.5,581.85,582.8325176726481,3678,101,2143658.0,2914.0,79.23,9.5,0.85,1268677800.0
2010-03-15,589.1,596.0,577.0,579.8,583.6714038128249,5770,122,3367784.0,4545.0,78.77,19.0,-9.3,1268591400.0
2010-03-12,593.5,602.0,585.05,587.4,592.0774925962488,4052,171,2399098.0,2110.0,52.07,16.95,-6.1,1268332200.0
2010-03-11,597.9,597.9,586.5,588.25,589.9984300865196,28664,111,16911715.0,27771.0,96.88,11.4,-9.65,1268245800.0
2010-03-10,600.0,601.45,591.0,593.55,596.0597463284379,2996,151,1785795.0,1674.0,55.87,10.45,-6.45,1268159400.0
2010-03-09,591.1,607.0,591.1,597.45,599.5182124273033,3267,110,1958626.0,2423.0,74.17,15.9,6.35,1268073000.0
2010-03-08,608.5,614.95,602.5,605.1,607.9293768545994,5055,216,3073083.0,2592.0,51.28,12.45,-3.4,1267986600.0
2010-03-05,607.95,624.0,603.0,605.8,612.4189268129851,11983,458,7338616.0,4627.0,38.61,21.0,-2.15,1267727400.0
2010-03-04,609.0,614.95,600.0,600.55,604.6870894030277,7002,214,4234019.0,2954.0,42.19,14.95,-8.45,1267641000.0
2010-03-03,598.4,617.0,590.0,602.7,603.7884254920336,8536,321,5153938.0,4708.0,55.15,27.0,4.3,1267554600.0
2010-03-02,598.8,603.0,589.1,597.2,595.268466819222,10925,196,6503308.0,8733.0,79.94,13.9,-1.6,1267468200.0
2010-02-26,586.0,600.0,577.1,585.95,587.8167995095033,8155,377,4793646.0,2937.0,36.01,22.9,-0.05,1267122600.0
2010-02-25,582.3,586.0,575.0,576.5,579.8724700761697,4595,177,2664514.0,2302.0,50.1,11.0,-5.8,1267036200.0
2010-02-24,582.0,586.95,575.05,582.3,580.7839274546592,3198,156,1857347.0,1883.0,58.88,11.9,0.3,1266949800.0
2010-02-23,595.0,612.0,577.0,581.6,586.6816076744955,6046,270,3547077.0,2449.0,40.51,35.0,-13.4,1266863400.0
2010-02-22,605.0,620.0,586.05,590.3,599.4011388417737,8254,271,4947457.0,4509.0,54.63,33.95,-14.7,1266777000.0
2010-02-19,610.0,617.35,600.0,603.15,610.9332458825244,6861,250,4191613.0,2746.0,40.02,17.35,-6.85,1266517800.0
2010-02-18,606.0,615.25,603.65,604.95,608.3117017604418,2897,185,1762279.0,1454.0,50.19,11.6,-1.05,1266431400.0
2010-02-17,623.5,624.9,606.0,608.0,613.8847369933889,6958,278,4271410.0,3259.0,46.84,18.9,-15.5,1266345000.0
2010-02-16,612.1,621.0,602.0,615.85,611.4391447368421,4864,251,2974040.0,2261.0,46.48,19.0,3.75,1266258600.0
2010-02-15,622.2,622.2,608.05,610.8,614.5459899046551,3566,206,2191471.0,1500.0,42.06,14.15,-11.4,1266172200.0
2010-02-11,619.9,626.95,612.0,617.1,619.4697088028562,8963,397,5552307.0,3477.0,38.79,14.95,-2.8,1265826600.0
2010-02-10,634.0,637.9,608.0,614.0,625.1852802945879,20639,688,12903199.0,8940.0,43.32,29.9,-20.0,1265740200.0
2010-02-09,609.85,637.8,600.1,627.25,623.6639189500345,21715,1040,13542862.0,5150.0,23.72,37.7,17.4,1265653800.0
2010-02-08,600.5,613.75,593.55,600.95,602.9021015761821,5710,303,3442571.0,2031.0,35.57,20.2,0.45,1265567400.0
2010-02-06,591.05,609.0,591.05,606.45,605.5741142443961,1383,67,837509.0,739.0,53.43,17.95,15.4,1265394600.0
2010-02-05,607.0,612.95,581.0,601.4,597.7169394337593,16742,868,10006977.0,6582.0,39.31,31.95,-5.6,1265308200.0
2010-02-04,637.0,644.0,615.25,619.4,628.1595345632703,13063,639,8205648.0,3788.0,29.0,28.75,-17.6,1265221800.0
2010-02-03,619.0,645.0,611.0,637.9,628.5248776768126,15737,669,9891096.0,5353.0,34.02,34.0,18.9,1265135400.0
2010-02-02,642.4,654.8,609.0,610.9,630.2476665313931,17249,761,10871142.0,6683.0,38.74,45.8,-31.5,1265049000.0
2010-02-01,592.0,648.9,590.1,640.95,624.1559824949505,41588,1553,25957399.0,12180.0,29.29,58.8,48.95,1264962600.0
2010-01-29,570.0,599.4,566.1,594.9,585.1419981668193,27275,1064,15959748.0,10249.0,37.58,33.3,24.9,1264703400.0
2010-01-28,595.0,609.2,572.7,578.15,592.8646374519991,35416,1346,20996894.0,9207.0,26.0,36.5,-16.85,1264617000.0
2010-01-27,618.8,625.0,579.0,583.55,604.936361630672,40793,1516,24677169.0,10237.0,25.09,46.0,-35.25,1264530600.0
2010-01-25,639.0,669.7,612.4,619.45,647.981154220923,45156,1758,29260237.0,13593.0,30.1,57.3,-19.55,1264357800.0
2010-01-22,606.0,666.0,599.0,654.25,640.8021101389604,93264,3328,59763768.0,16457.0,17.65,67.0,48.25,1264098600.0
2010-01-21,660.15,676.5,626.0,631.1,647.2149278164293,70861,2478,45862297.0,24539.0,34.63,50.5,-29.05,1264012200.0
2010-01-20,705.0,709.8,660.0,665.05,687.2727767315338,71685,2783,49267149.0,20419.0,28.48,49.8,-39.95,1263925800.0
2010-01-19,722.0,754.0,691.0,701.1,726.8879271679278,209578,5580,152339718.0,42156.0,20.11,63.0,-20.9,1263839400.0
2010-01-18,647.0,750.65,647.0,721.85,714.3895775273246,463959,11362,331447474.0,100565.0,21.68,103.65,74.85,1263753000.0
2010-01-15,619.4,674.0,619.0,645.5,650.7394366893388,202304,5108,131647191.0,54310.0,26.85,55.0,26.1,1263493800.0
2010-01-14,620.0,629.0,605.5,613.95,617.8821254833479,8017,433,4953561.0,2958.0,36.9,23.5,-6.05,1263407400.0
2010-01-13,598.5,649.8,596.0,617.0,622.7349886934949,45549,1759,28364956.0,10991.0,24.13,53.8,18.5,1263321000.0
2010-01-12,620.0,629.0,585.05,601.0,616.0441575072031,46855,1690,28864749.0,9926.0,21.18,43.95,-19.0,1263234600.0
2010-01-11,565.0,603.8,565.0,599.3,596.1133552377271,20696,745,12337162.0,13164.0,63.61,38.8,34.3,1263148200.0
2010-01-08,576.95,576.95,553.0,560.3,561.8261535841989,5873,202,3299605.0,4136.0,70.42,23.95,-16.65,1262889000.0
2010-01-07,570.55,575.5,565.0,568.9,570.0139797357958,7797,137,4444399.0,3359.0,43.08,10.5,-1.65,1262802600.0
2010-01-06,584.0,584.0,570.05,574.75,575.3869188337273,2538,100,1460332.0,2039.0,80.34,13.95,-9.25,1262716200.0
2010-01-05,586.55,588.0,578.0,580.55,581.8342516069789,4356,137,2534470.0,3404.0,78.15,10.0,-6.0,1262629800.0
2010-01-04,580.0,589.0,577.0,586.55,583.0384109228492,12158,326,7088581.0,7073.0,58.18,12.0,6.55,1262543400.0
2009-12-31,557.4,584.9,557.4,573.55,578.0720116618076,6860,228,3965574.0,5156.0,75.16,27.5,16.15,1262197800.0
2009-12-30,570.0,571.1,565.5,568.75,568.9670220679394,4033,91,2294644.0,3241.0,80.36,5.6,-1.25,1262111400.0
2009-12-29,560.0,575.1,555.45,567.85,568.0168114317736,3569,153,2027252.0,2638.0,73.91,19.65,7.85,1262025000.0
2009-12-24,570.2,576.5,562.0,565.8,566.800763497546,5501,208,3117971.0,3836.0,69.73,14.5,-4.4,1261593000.0
2009-12-23,564.0,582.75,560.0,573.05,574.204028886355,13155,476,7553654.0,5694.0,43.28,22.75,9.05,1261506600.0
2009-12-22,540.45,567.8,540.0,563.55,559.5655437485868,22115,522,12374792.0,14434.0,65.27,27.8,23.1,1261420200.0
2009-12-21,556.0,556.0,534.3,536.25,538.7470694319206,2218,100,1194941.0,1521.0,68.58,21.7,-19.75,1261333800.0
2009-12-18,547.1,557.75,539.75,541.75,547.4597602739726,3504,178,1918299.0,2232.0,63.7,18.0,-5.35,1261074600.0
2009-12-17,569.0,569.0,547.0,549.75,553.2482870537324,5546,211,3068315.0,3931.0,70.88,22.0,-19.25,1260988200.0
2009-12-16,570.0,572.5,555.0,563.45,562.622276621787,4085,184,2298312.0,2538.0,62.13,17.5,-6.55,1260901800.0
2009-12-15,554.0,579.0,553.0,565.1,570.2415806133569,38542,907,21978251.0,20412.0,52.96,26.0,11.1,1260815400.0
2009-12-14,536.85,558.05,534.1,554.05,549.6345068446162,32069,1031,17626229.0,11925.0,37.19,23.95,17.2,1260729000.0
2009-12-11,533.0,536.0,522.0,525.55,527.9069886947585,3892,145,2054614.0,2149.0,55.22,14.0,-7.45,1260469800.0
2009-12-10,528.5,538.1,525.0,527.85,531.588629142079,8812,149,4684359.0,7725.0,87.66,13.1,-0.65,1260383400.0
2009-12-09,524.1,534.95,524.1,529.7,531.098643649815,811,58,430721.0,615.0,75.83,10.85,5.6,1260297000.0
2009-12-08,527.0,537.95,518.35,535.05,528.8406365313652,4336,167,2293053.0,2538.0,58.53,19.6,8.05,1260210600.0
2009-12-07,533.0,537.6,516.15,519.95,526.7770366841353,2099,115,1105705.0,1235.0,58.84,21.45,-13.05,1260124200.0
2009-12-04,538.45,540.0,532.0,535.1,536.0422535211268,1917,75,1027593.0,1726.0,90.04,8.0,-3.35,1259865000.0
2009-12-03,541.9,544.0,526.0,530.7,537.8754168651739,4198,224,2258001.0,2305.0,54.91,18.0,-11.2,1259778600.0
2009-12-02,600.0,600.0,525.55,537.05,538.739609349984,15615,763,8412419.0,9250.0,59.24,74.45,-62.95,1259692200.0
2009-12-01,534.0,560.0,527.0,536.65,539.393216439345,132998,2079,71738219.0,81514.0,61.29,33.0,2.65,1259605800.0
2009-11-30,503.0,534.7,493.75,528.95,519.6631054869827,19282,507,10020144.0,13412.0,69.56,40.95,25.95,1259519400.0
2009-11-27,499.0,499.0,485.0,492.0,490.68408096280086,3656,135,1793941.0,3162.0,86.49,14.0,-7.0,1259260200.0
2009-11-26,506.15,510.0,501.3,502.8,504.1218153809693,8439,138,4254284.0,6834.0,80.98,8.7,-3.35,1259173800.0
2009-11-25,510.0,515.0,504.0,510.85,510.4380363886028,2913,107,1486906.0,1633.0,56.06,11.0,0.85,1259087400.0
2009-11-24,515.0,515.0,507.0,508.9,509.3150565709312,1149,54,585203.0,853.0,74.24,8.0,-6.1,1259001000.0
2009-11-23,509.8,515.0,505.5,508.35,509.31043366251606,2329,72,1186184.0,1969.0,84.54,9.5,-1.45,1258914600.0
2009-11-20,510.0,521.0,498.1,502.5,505.1058000847612,33034,461,16685665.0,22065.0,66.79,22.9,-7.5,1258655400.0
2009-11-19,514.0,519.9,509.0,510.3,514.6403013182673,3717,172,1912918.0,2743.0,73.8,10.9,-3.7,1258569000.0
2009-11-18,520.0,524.95,515.1,518.05,520.2136038186158,1676,93,871878.0,1124.0,67.06,9.85,-1.95,1258482600.0
2009-11-17,515.3,524.9,511.55,521.75,518.7136803874092,3304,134,1713830.0,1997.0,60.44,13.35,6.45,1258396200.0
2009-11-16,520.0,527.0,515.0,521.5,521.1736688384633,8902,278,4639488.0,5902.0,66.3,12.0,1.5,1258309800.0
2009-11-13,520.0,534.0,512.5,514.5,523.716711238261,16079,584,8420841.0,7839.0,48.75,21.5,-5.5,1258050600.0
2009-11-12,528.0,528.0,510.0,513.15,518.5971183153227,7218,264,3743234.0,4272.0,59.19,18.0,-14.85,1257964200.0
2009-11-11,494.0,534.9,489.0,526.5,521.2968087445424,63674,1726,33193053.0,26447.0,41.54,45.9,32.5,1257877800.0
2009-11-10,491.0,503.0,485.0,488.0,493.9587851077727,15310,403,7562509.0,6719.0,43.89,18.0,-3.0,1257791400.0
2009-11-09,492.0,498.0,485.25,488.15,490.0523469608479,4623,153,2265512.0,3044.0,65.84,12.75,-3.85,1257705000.0
2009-11-06,469.0,506.95,469.0,493.2,493.13383331572834,9467,422,4668498.0,4411.0,46.59,37.95,24.2,1257445800.0
2009-11-05,456.0,471.95,455.0,468.25,465.80753809141936,1247,75,580862.0,658.0,52.77,16.95,12.25,1257359400.0
2009-11-04,460.0,467.0,455.0,458.25,458.4057270360729,2689,92,1232653.0,2086.0,77.58,12.0,-1.75,1257273000.0
2009-11-03,474.0,476.0,452.0,457.8,463.8693405003101,4837,186,2243736.0,4055.0,83.83,24.0,-16.2,1257186600.0
2009-10-30,486.0,488.0,473.0,475.0,479.2828421922336,3631,106,1740276.0,2958.0,81.47,15.0,-11.0,1256841000.0
2009-10-29,452.5,491.0,452.5,484.95,485.79776536312846,4475,159,2173945.0,3738.0,83.53,38.5,32.45,1256754600.0
2009-10-28,485.0,485.0,474.0,477.9,477.5188313973953,2841,116,1356631.0,2202.0,77.51,11.0,-7.1,1256668200.0
2009-10-27,489.0,492.95,475.0,478.3,483.554794520548,4088,168,1976772.0,3275.0,80.11,17.95,-10.7,1256581800.0
2009-10-26,492.1,499.0,489.5,492.3,495.13955928646374,3812,142,1887472.0,2362.0,61.96,9.5,0.2,1256495400.0
2009-10-23,500.0,510.0,490.0,490.7,499.49034322922415,9061,224,4525882.0,6139.0,67.75,20.0,-9.3,1256236200.0
2009-10-22,508.25,514.0,492.1,494.25,502.0284154361583,8059,208,4045847.0,5949.0,73.82,21.9,-14.0,1256149800.0
2009-10-21,494.0,517.9,494.0,507.15,511.1383770591824,8195,215,4188779.0,4271.0,52.12,23.9,13.15,1256063400.0
2009-10-20,514.0,514.0,502.2,503.9,508.9237299555316,7421,152,3776723.0,4900.0,66.03,11.8,-10.1,1255977000.0
2009-10-17,509.0,515.0,504.7,508.7,509.41901715615006,3439,156,1751892.0,2833.0,82.38,10.3,-0.3,1255717800.0
2009-10-16,450.0,510.0,450.0,503.7,503.6067054808272,4981,230,2508465.0,2797.0,56.15,60.0,53.7,1255631400.0
2009-10-15,497.0,503.25,495.15,496.45,498.4495441685005,3181,128,1585568.0,2097.0,65.92,8.1,-0.55,1255545000.0
2009-10-14,505.0,508.75,497.3,499.6,502.45811885821246,6411,206,3221259.0,4389.0,68.46,11.45,-5.4,1255458600.0
2009-10-12,505.9,509.0,496.15,506.15,505.2491788920517,4567,146,2307473.0,4192.0,91.79,12.85,0.25,1255285800.0
2009-10-09,510.0,511.0,500.1,502.9,503.99269127578873,10809,217,5447657.0,9187.0,84.99,10.9,-7.1,1255026600.0
2009-10-08,512.0,513.0,499.0,505.15,505.21790924909646,7471,213,3774483.0,5819.0,77.89,14.0,-6.85,1254940200.0
2009-10-07,513.5,516.0,502.0,504.35,508.11568627450976,7140,268,3627946.0,4630.0,64.85,14.0,-9.15,1254853800.0
2009-10-06,512.0,514.0,490.1,507.45,502.5545682625967,9566,420,4807437.0,6464.0,67.57,23.9,-4.55,1254767400.0
2009-10-05,520.0,523.4,505.0,506.7,514.1330803289057,39525,1306,20321110.0,23765.0,60.13,18.4,-13.3,1254681000.0
2009-10-01,491.1,513.0,491.1,508.3,498.8416198599265,28842,596,14387590.0,22296.0,77.3,21.9,17.2,1254335400.0
2009-09-30,485.85,498.0,484.0,488.7,490.4638961038961,7700,244,3776572.0,5175.0,67.21,14.0,2.85,1254249000.0
2009-09-29,489.7,492.0,480.1,484.25,488.5484518828452,11950,195,5838154.0,10001.0,83.69,11.9,-5.45,1254162600.0
2009-09-25,470.2,489.9,470.2,478.8,482.73301770275833,4858,141,2345117.0,3307.0,68.07,19.7,8.6,1253817000.0
2009-09-24,474.9,480.0,471.0,478.05,476.3077436582109,2996,122,1427018.0,1741.0,58.11,9.0,3.15,1253730600.0
2009-09-23,480.0,487.95,473.0,473.65,480.0721982758621,3712,118,1782028.0,2608.0,70.26,14.95,-6.35,1253644200.0
2009-09-22,484.0,494.0,475.15,478.6,483.5621006700951,6417,282,3103018.0,3222.0,50.21,18.85,-5.4,1253557800.0
2009-09-18,476.0,488.9,473.05,480.45,481.940782122905,8055,160,3882033.0,6900.0,85.66,15.85,4.45,1253212200.0
2009-09-17,501.0,502.0,473.0,476.95,484.1378325762492,23115,527,11190846.0,14725.0,63.7,29.0,-24.05,1253125800.0
2009-09-16,500.0,504.9,496.5,501.35,500.0987909171336,3391,123,1695835.0,2528.0,74.55,8.4,1.35,1253039400.0
2009-09-15,488.0,504.8,483.05,497.75,492.0429246998909,5498,238,2705252.0,4274.0,77.74,21.75,9.75,1252953000.0
2009-09-14,478.5,491.7,478.5,482.75,486.3512993262753,6234,201,3031914.0,4570.0,73.31,13.2,4.25,1252866600.0
2009-09-11,490.0,495.0,469.5,490.25,484.64059809696414,11035,441,5348009.0,5806.0,52.61,25.5,0.25,1252607400.0
2009-09-10,500.0,506.85,485.05,488.2,495.703006638032,12805,378,6347477.0,7910.0,61.77,21.8,-11.8,1252521000.0
2009-09-09,518.0,521.7,512.4,515.85,517.036294968634,15622,362,8077141.0,11660.0,74.64,9.3,-2.15,1252434600.0
2009-09-08,526.5,529.0,510.25,512.85,520.4559305572417,16474,320,8573991.0,11737.0,71.25,18.75,-13.65,1252348200.0
2009-09-07,525.0,534.4,522.0,525.1,526.4878277153558,8544,299,4498312.0,5297.0,62.0,12.4,0.1,1252261800.0
2009-09-04,526.0,540.0,517.05,521.25,527.4375713741911,21016,527,11084628.0,10557.0,50.23,22.95,-4.75,1252002600.0
2009-09-03,527.0,533.5,515.1,523.15,525.1028266512835,20802,554,10923189.0,12671.0,60.91,18.4,-3.85,1251916200.0
2009-09-02,494.4,534.0,494.4,521.3,520.5510062456627,41789,1045,21753306.0,24995.0,59.81,39.6,26.9,1251829800.0
2009-09-01,502.25,511.0,494.0,504.5,504.04330811374894,19165,360,9659990.0,13548.0,70.69,17.0,2.25,1251743400.0
2009-08-31,511.4,520.0,502.0,505.25,509.7621548619448,13328,383,6794110.0,7350.0,55.15,18.0,-6.15,1251657000.0
2009-08-28,490.0,523.0,490.0,513.2,514.2072881936871,64186,1211,33004909.0,33198.0,51.72,33.0,23.2,1251397800.0
2009-08-27,478.0,513.0,475.0,493.55,496.84532642356066,79115,1773,39307918.0,37080.0,46.87,38.0,15.55,1251311400.0
2009-08-26,459.9,484.0,454.15,471.5,472.6298377159089,47879,768,22629044.0,31428.0,65.64,29.85,11.6,1251225000.0
2009-08-25,457.5,457.5,451.25,454.75,453.8926542207792,4928,142,2236783.0,3574.0,72.52,6.25,-2.75,1251138600.0
2009-08-24,459.0,460.0,448.5,452.35,454.69747899159665,9758,235,4436938.0,7893.0,80.89,11.5,-6.65,1251052200.0
2009-08-21,459.0,462.0,443.5,446.85,452.19713891328894,15938,465,7207118.0,8870.0,55.65,18.5,-12.15,1250793000.0
2009-08-20,451.0,464.95,446.25,449.95,455.94519879665006,12299,494,5607670.0,5994.0,48.74,18.7,-1.05,1250706600.0
2009-08-19,446.0,451.9,438.05,440.55,445.37135474344774,2709,84,1206511.0,1696.0,62.61,13.85,-5.45,1250620200.0
2009-08-18,448.0,448.0,440.0,446.1,444.0731613400077,2597,104,1153258.0,1930.0,74.32,8.0,-1.9,1250533800.0
2009-08-17,453.1,470.0,436.3,439.05,457.86107448912327,12136,426,5556602.0,5679.0,46.79,33.7,-14.05,1250447400.0
2009-08-14,433.0,462.0,426.25,454.15,451.5254388045541,16864,581,7614525.0,6786.0,40.24,35.75,21.15,1250188200.0
2009-08-13,430.0,437.6,430.0,432.1,432.80410958904105,1460,67,631894.0,1207.0,82.67,7.6,2.1,1250101800.0
2009-08-12,419.0,431.95,418.2,427.3,422.89921875,2560,74,1082622.0,2013.0,78.63,13.75,8.3,1250015400.0
2009-08-11,415.0,425.0,415.0,419.65,419.5836298932384,1686,57,707418.0,1086.0,64.41,10.0,4.65,1249929000.0
2009-08-10,430.0,430.0,415.55,417.75,421.1321822813473,3533,112,1487860.0,2903.0,82.17,14.45,-12.25,1249842600.0
2009-08-07,434.95,437.0,425.8,426.75,429.7434575733545,2522,123,1083813.0,2057.0,81.56,11.2,-8.2,1249583400.0
2009-08-06,445.0,450.0,427.5,430.0,436.599686165112,11471,267,5008235.0,5962.0,51.97,22.5,-15.0,1249497000.0
2009-08-05,439.0,464.0,431.35,449.3,452.08583934966737,17591,536,7952642.0,7051.0,40.08,32.65,10.3,1249410600.0
2009-08-04,440.0,442.0,435.0,435.3,436.7484581497797,2270,89,991419.0,1725.0,75.99,7.0,-4.7,1249324200.0
2009-08-03,448.0,448.0,434.1,438.75,438.4239302694136,1262,67,553291.0,895.0,70.92,13.9,-9.25,1249237800.0
2009-07-31,433.3,443.9,433.3,434.8,436.7004069175992,1966,78,858553.0,1597.0,81.23,10.6,1.5,1248978600.0
2009-07-30,426.0,436.0,426.0,431.85,432.5518441196938,1437,56,621577.0,695.0,48.36,10.0,5.85,1248892200.0
2009-07-29,448.75,448.8,428.5,435.75,435.1509651872628,6061,202,2637450.0,3661.0,60.4,20.3,-13.0,1248805800.0
2009-07-28,453.35,453.35,442.0,444.8,447.424512195122,8200,201,3668881.0,5846.0,71.29,11.35,-8.55,1248719400.0
2009-07-27,428.5,449.0,428.1,447.0,433.1172890542465,87084,280,37717586.0,81587.0,93.69,20.9,18.5,1248633000.0
2009-07-24,432.25,434.95,428.5,429.8,432.2916191562144,3508,69,1516479.0,2963.0,84.46,6.45,-2.45,1248373800.0
2009-07-23,429.9,434.0,427.35,432.3,431.220556745182,3269,108,1409660.0,2412.0,73.78,6.65,2.4,1248287400.0
2009-07-22,430.0,437.25,422.05,423.4,428.9450980392157,4080,140,1750096.0,2955.0,72.43,15.2,-6.6,1248201000.0
2009-07-21,426.6,435.0,425.0,431.05,428.7789106519989,3727,192,1598059.0,2200.0,59.03,10.0,4.45,1248114600.0
2009-07-20,433.05,442.0,427.2,431.1,434.9126870527001,7685,219,3342304.0,4756.0,61.89,14.8,-1.95,1248028200.0
2009-07-17,430.0,434.0,420.0,426.65,427.0723124516628,7758,257,3313227.0,4828.0,62.23,14.0,-3.35,1247769000.0
2009-07-16,444.0,448.5,422.25,425.1,436.65561716489873,8296,255,3622495.0,4661.0,56.18,26.25,-18.9,1247682600.0
2009-07-15,416.0,448.0,416.0,433.5,436.9843196762772,13839,614,6047426.0,4995.0,36.09,32.0,17.5,1247596200.0
2009-07-14,413.0,419.25,412.0,417.4,415.67205056179773,1424,79,591917.0,1042.0,73.17,7.25,4.4,1247509800.0
2009-07-13,406.0,410.0,402.0,405.25,406.54020270270274,2960,136,1203359.0,2085.0,70.44,8.0,-0.75,1247423400.0
2009-07-10,414.25,426.85,414.25,417.85,420.98739193083566,2776,122,1168661.0,1998.0,71.97,12.6,3.6,1247164200.0
2009-07-09,417.0,423.95,411.0,419.25,418.1815028901734,3460,138,1446908.0,2583.0,74.65,12.95,2.25,1247077800.0
2009-07-08,410.05,427.05,403.5,407.9,416.77971035586927,13741,298,5726970.0,2976.0,21.66,23.55,-2.15,1246991400.0
2009-07-07,418.3,428.0,411.0,416.35,417.4886909644908,8533,203,3562431.0,4268.0,50.02,17.0,-1.95,1246905000.0
2009-07-06,446.0,457.5,405.0,422.4,429.88608567586607,15617,514,6713531.0,8356.0,53.51,52.5,-23.6,1246818600.0
2009-07-03,442.4,474.0,441.15,445.35,459.7086448095272,69695,2172,32039394.0,22021.0,31.6,32.85,2.95,1246559400.0
2009-07-02,445.0,447.2,442.5,444.2,444.68709781209776,6216,153,2764175.0,4277.0,68.81,4.7,-0.8,1246473000.0
2009-07-01,454.8,454.8,442.6,444.65,447.5118503118503,7215,160,3228798.0,4977.0,68.98,12.2,-10.15,1246386600.0
2009-06-30,471.55,471.55,448.0,449.7,454.227646544182,5715,184,2595911.0,4291.0,75.08,23.55,-21.85,1246300200.0
2009-06-29,462.5,474.25,453.7,464.75,465.2458570578737,23534,561,10949096.0,13737.0,58.37,20.55,2.25,1246213800.0
2009-06-26,455.0,455.0,435.0,447.2,442.11294526498693,11510,288,5088720.0,7946.0,69.04,20.0,-7.8,1245954600.0
2009-06-25,470.0,470.0,441.0,444.15,452.4158198297171,7282,229,3294492.0,4582.0,62.92,29.0,-25.85,1245868200.0
2009-06-24,448.05,464.9,447.05,461.65,459.5188590729968,5329,237,2448776.0,3231.0,60.63,17.85,13.6,1245781800.0
2009-06-23,453.8,453.8,433.1,447.9,442.01767594108014,6110,198,2700728.0,3308.0,54.14,20.7,-5.9,1245695400.0
2009-06-22,465.0,465.0,450.0,452.95,457.50085236958745,2933,145,1341850.0,1676.0,57.14,15.0,-12.05,1245609000.0
2009-06-19,450.0,457.0,444.0,454.35,450.5684787189212,4746,193,2138398.0,2751.0,57.96,13.0,4.35,1245349800.0
2009-06-18,463.8,464.0,425.0,450.4,446.0961307833112,15843,531,7067501.0,7405.0,46.74,39.0,-13.4,1245263400.0
2009-06-17,476.0,479.0,455.0,457.6,467.4490397574124,11872,483,5549555.0,6476.0,54.55,24.0,-18.4,1245177000.0
2009-06-16,464.1,480.0,462.3,470.35,471.1563458638798,19233,722,9061750.0,9199.0,47.83,17.7,6.25,1245090600.0
2009-06-15,465.0,489.0,460.0,465.45,472.405299020905,60464,1998,28563514.0,26577.0,43.96,29.0,0.45,1245004200.0
2009-06-12,443.0,474.5,429.0,457.25,459.7813228321144,24886,567,11442118.0,14370.0,57.74,45.5,14.25,1244745000.0
2009-06-11,448.8,448.8,438.0,443.1,443.68161530286926,4705,200,2087522.0,2847.0,60.51,10.8,-5.7,1244658600.0
2009-06-10,450.0,464.7,436.0,442.65,451.77303512364153,6349,263,2868307.0,2939.0,46.29,28.7,-7.35,1244572200.0
2009-06-09,440.0,455.0,428.0,448.2,441.6215738284704,7917,319,3496318.0,4108.0,51.89,27.0,8.2,1244485800.0
2009-06-08,474.0,483.0,435.0,442.1,464.27205387205385,8910,307,4136664.0,5451.0,61.18,48.0,-31.9,1244399400.0
2009-06-05,460.0,487.8,442.05,466.6,472.45151014629533,59332,1391,28031493.0,22675.0,38.22,45.75,6.6,1244140200.0
2009-06-04,431.5,466.0,431.0,450.9,447.5547319798045,37236,780,16665148.0,19880.0,53.39,35.0,19.4,1244053800.0
2009-06-03,417.0,440.0,417.0,430.4,429.4703997069731,21841,541,9380063.0,10312.0,47.21,23.0,13.4,1243967400.0
2009-06-02,442.0,449.95,403.0,416.55,415.87729923732616,13374,350,5561943.0,7562.0,56.54,46.95,-25.45,1243881000.0
2009-06-01,448.9,467.0,433.0,437.2,443.6296455609085,11624,338,5156751.0,8012.0,68.93,34.0,-11.7,1243794600.0
2009-05-29,450.0,450.0,430.1,444.2,441.85149608037983,18114,468,8003698.0,13425.0,74.11,19.9,-5.8,1243535400.0
2009-05-28,424.0,439.65,416.55,432.1,431.8219196982937,21743,653,9389104.0,10700.0,49.21,23.1,8.1,1243449000.0
2009-05-27,410.0,422.0,396.0,418.75,414.9614192903548,10005,321,4151689.0,5298.0,52.95,26.0,8.75,1243362600.0
2009-05-26,404.7,425.0,387.1,396.65,406.52428618313087,12188,341,4954718.0,7856.0,64.46,37.9,-8.05,1243276200.0
2009-05-25,403.7,407.95,385.15,402.1,398.2140669553279,9469,208,3770689.0,6571.0,69.39,22.8,-1.6,1243189800.0
2009-05-22,389.0,404.9,371.05,400.0,394.5859884836852,10420,205,4111586.0,6896.0,66.18,33.85,11.0,1242930600.0
2009-05-21,395.0,403.0,375.0,376.45,389.7793823277095,6994,197,2726117.0,4904.0,70.12,28.0,-18.55,1242844200.0
2009-05-20,360.0,400.0,360.0,382.3,384.67242688947965,10532,308,4051370.0,6577.0,62.45,40.0,22.3,1242757800.0
2009-05-19,355.0,370.0,320.0,352.7,351.0585376827896,22225,529,7802276.0,14676.0,66.03,50.0,-2.3,1242671400.0
2009-05-18,319.7,344.0,319.7,342.15,340.0494252873563,870,9,295843.0,870.0,100.0,24.3,22.45,1242585000.0
2009-05-15,303.0,310.0,301.1,303.9,306.50506186726653,6223,195,1907381.0,3712.0,59.65,8.9,0.9,1242325800.0
2009-05-14,288.1,305.5,288.05,300.5,300.4245257329581,11017,340,3309777.0,4723.0,42.87,17.45,12.4,1242239400.0
2009-05-13,280.0,308.0,280.0,294.4,300.280764897346,31952,947,9594571.0,9385.0,29.37,28.0,14.4,1242153000.0
2009-05-12,285.0,285.0,277.0,281.95,280.4328063241107,1518,61,425697.0,1145.0,75.43,8.0,-3.05,1242066600.0
2009-05-11,294.0,295.0,280.25,282.55,287.9558645707376,1654,99,476279.0,1052.0,63.6,14.75,-11.45,1241980200.0
2009-05-08,290.0,304.0,285.0,289.7,296.8879108635097,8975,332,2664569.0,4738.0,52.79,19.0,-0.3,1241721000.0
2009-05-07,284.4,290.0,282.5,289.2,285.9625615763547,3045,84,870756.0,2614.0,85.85,7.5,4.8,1241634600.0
2009-05-06,281.0,289.45,276.1,280.55,280.3868555686737,2541,81,712463.0,1725.0,67.89,13.35,-0.45,1241548200.0
2009-05-05,285.25,296.0,279.9,283.7,286.28610054075705,9986,210,2858853.0,8269.0,82.81,16.1,-1.55,1241461800.0
2009-05-04,280.0,307.0,279.0,288.1,292.4231814381271,9568,321,2797905.0,4218.0,44.08,28.0,8.1,1241375400.0
2009-04-29,276.0,281.9,272.0,276.45,276.7967479674797,492,63,136184.0,381.0,77.44,9.9,0.45,1240943400.0
2009-04-28,280.0,283.5,271.05,272.45,276.7354294478528,1304,66,360863.0,923.0,70.78,12.45,-7.55,1240857000.0
2009-04-27,289.95,290.9,276.0,284.15,285.5790251107829,677,54,193337.0,467.0,68.98,14.9,-5.8,1240770600.0
2009-04-24,297.0,297.0,282.5,287.1,286.8589306029579,3516,100,1008596.0,1145.0,32.57,14.5,-9.9,1240511400.0
2009-04-23,277.05,282.0,276.1,278.0,277.7477954144621,567,27,157483.0,507.0,89.42,5.9,0.95,1240425000.0
2009-04-22,278.0,285.05,275.25,280.55,280.78630897317294,3243,123,910590.0,1457.0,44.93,9.8,2.55,1240338600.0
2009-04-21,280.0,285.0,276.0,277.8,279.28380634390646,1797,68,501873.0,1074.0,59.77,9.0,-2.2,1240252200.0
2009-04-20,290.0,307.0,278.0,280.0,288.8125,6688,244,1931578.0,3755.0,56.15,29.0,-10.0,1240165800.0
2009-04-17,289.7,320.0,280.0,290.2,300.93403225806446,18600,636,5597373.0,4772.0,25.66,40.0,0.5,1239906600.0
2009-04-16,307.8,314.5,278.0,278.75,295.53521801629125,8348,257,2467128.0,5616.0,67.27,36.5,-29.05,1239820200.0
2009-04-15,264.0,306.0,264.0,299.45,294.33741111705785,26158,562,7699278.0,13763.0,52.61,42.0,35.45,1239733800.0
2009-04-13,264.0,273.25,260.0,271.7,266.4243003517357,13078,192,3484297.0,8501.0,65.0,13.25,7.7,1239561000.0
2009-04-09,268.0,268.0,257.05,259.45,262.755230951441,2533,95,665559.0,1768.0,69.8,10.95,-8.55,1239215400.0
2009-04-08,255.0,273.0,248.0,264.5,264.5732484076433,4082,137,1079988.0,2478.0,60.71,25.0,9.5,1239129000.0
2009-04-06,253.0,254.0,246.5,251.5,248.9018460153084,11105,117,2764055.0,9804.0,88.28,7.5,-1.5,1238956200.0
2009-04-02,249.0,251.95,245.5,251.0,249.7051470588235,1360,49,339599.0,1035.0,76.1,6.45,2.0,1238610600.0
2009-04-01,225.0,260.9,225.0,245.3,246.39476793248943,11850,208,2919778.0,7498.0,63.27,35.9,20.3,1238524200.0
2009-03-31,242.4,243.0,220.0,235.15,229.76191437802908,4952,172,1137781.0,1953.0,39.44,23.0,-7.25,1238437800.0
2009-03-30,240.65,254.7,236.1,238.05,241.8427881713941,3314,104,801467.0,1773.0,53.5,18.6,-2.6,1238351400.0
2009-03-27,246.0,255.0,239.0,240.65,247.0833527901004,8566,175,2116516.0,6486.0,75.72,16.0,-5.35,1238092200.0
2009-03-26,237.0,240.0,233.55,235.75,238.433577087142,3282,68,782539.0,2837.0,86.44,6.45,-1.25,1238005800.0
2009-03-25,241.0,244.7,233.9,237.0,240.07343628485725,9001,58,2160901.0,7583.0,84.25,10.8,-4.0,1237919400.0
2009-03-24,232.4,234.5,229.0,232.15,233.2621359223301,4635,50,1081170.0,4489.0,96.85,5.5,-0.25,1237833000.0
2009-03-23,232.05,233.0,229.0,229.2,232.1318553092182,2571,62,596811.0,2473.0,96.19,4.0,-2.85,1237746600.0
2009-03-20,234.65,234.65,226.5,232.0,230.9873376971778,9319,32,2152571.0,4182.0,44.88,8.15,-2.65,1237487400.0
2009-03-19,235.95,236.0,223.15,231.15,231.00092165898616,1085,63,250636.0,645.0,59.45,12.85,-4.8,1237401000.0
2009-03-18,232.45,232.45,226.0,226.4,227.503937007874,254,15,57786.0,112.0,44.09,6.45,-6.05,1237314600.0
2009-03-17,234.5,234.5,226.0,228.2,230.21034077555817,851,40,195909.0,666.0,78.26,8.5,-6.3,1237228200.0
2009-03-16,221.0,234.0,217.75,232.3,219.89289617486335,4575,47,1006010.0,4280.0,93.55,16.25,11.3,1237141800.0
2009-03-13,216.0,238.0,215.0,227.35,224.23115577889448,995,69,223110.0,638.0,64.12,23.0,11.35,1236882600.0
2009-03-12,212.05,218.85,212.05,215.0,213.9688041594454,1154,33,246920.0,876.0,75.91,6.8,2.95,1236796200.0
2009-03-09,204.0,215.0,204.0,214.2,211.89345794392523,535,33,113363.0,280.0,52.34,11.0,10.2,1236537000.0
2009-03-06,212.0,215.0,211.1,214.15,213.31094049904033,521,13,111135.0,321.0,61.61,3.9,2.15,1236277800.0
2009-03-05,220.95,220.95,215.0,215.3,216.29455909943715,533,30,115285.0,515.0,96.62,5.95,-5.65,1236191400.0
2009-03-04,220.0,222.0,214.05,215.8,217.10129870129873,1155,46,250752.0,852.0,73.77,7.95,-4.2,1236105000.0
2009-03-03,223.0,223.0,215.1,217.8,219.34575569358176,3864,122,847552.0,3205.0,82.95,7.9,-5.2,1236018600.0
2009-03-02,227.55,230.0,223.2,226.55,227.42640692640688,462,34,105071.0,410.0,88.74,6.8,-1.0,1235932200.0
2009-02-27,235.0,235.0,226.1,228.2,229.02747252747247,546,31,125049.0,283.0,51.83,8.9,-6.8,1235673000.0
2009-02-26,230.0,232.8,225.0,226.55,227.23222748815164,633,36,143838.0,480.0,75.83,7.8,-3.45,1235586600.0
2009-02-25,231.1,236.55,231.1,232.1,232.2205882352941,612,23,142119.0,476.0,77.78,5.45,1.0,1235500200.0
2009-02-24,227.0,236.0,226.95,234.35,232.54968666069828,1117,45,259758.0,698.0,62.49,9.05,7.35,1235413800.0
2009-02-20,233.5,236.0,229.0,232.4,232.08126410835212,443,42,102812.0,275.0,62.08,7.0,-1.1,1235068200.0
2009-02-19,240.0,240.0,233.3,234.0,234.86956521739128,161,13,37814.0,143.0,88.82,6.7,-6.0,1234981800.0
2009-02-18,231.8,239.0,227.5,237.0,233.325,720,33,167994.0,441.0,61.25,11.5,5.2,1234895400.0
2009-02-17,239.8,239.8,224.0,227.4,228.91423985324465,4361,58,998295.0,2744.0,62.92,15.8,-12.4,1234809000.0
2009-02-16,245.0,245.0,237.0,237.7,238.9647887323944,426,26,101799.0,367.0,86.15,8.0,-7.3,1234722600.0
2009-02-13,248.65,259.0,242.5,242.9,252.16583573865128,3811,172,961004.0,1860.0,48.81,16.5,-5.75,1234463400.0
2009-02-12,235.0,245.9,228.0,243.8,241.53885135135133,592,44,142991.0,407.0,68.75,17.9,8.8,1234377000.0
2009-02-11,236.0,245.0,232.0,239.85,233.12912912912913,1332,42,310528.0,1161.0,87.16,13.0,3.85,1234290600.0
2009-02-10,238.5,240.25,231.25,231.9,234.38984746186543,3999,75,937325.0,2740.0,68.52,9.0,-6.6,1234204200.0
2009-02-09,244.05,246.6,236.0,241.95,241.84910581222056,2684,35,649123.0,2485.0,92.59,10.6,-2.1,1234117800.0
2009-02-06,233.2,247.9,233.2,242.45,241.81593006313744,2059,57,497899.0,1716.0,83.34,14.7,9.25,1233858600.0
2009-02-05,237.0,238.0,232.0,236.05,234.633514986376,734,41,172221.0,592.0,80.65,6.0,-0.95,1233772200.0
2009-02-04,232.25,249.0,231.1,233.9,241.84989154013013,2305,95,557464.0,1311.0,56.88,17.9,1.65,1233685800.0
2009-02-03,235.05,241.8,233.55,240.75,238.08053691275168,596,29,141896.0,321.0,53.86,8.25,5.7,1233599400.0
2009-02-02,223.35,245.0,223.35,237.4,236.86680214298912,5413,167,1282160.0,4125.0,76.21,21.65,14.05,1233513000.0
2009-01-30,229.0,229.0,221.4,222.7,224.008547008547,585,32,131045.0,399.0,68.21,7.6,-6.3,1233253800.0
2009-01-29,225.0,225.0,222.5,224.9,224.08465608465607,378,20,84704.0,358.0,94.71,2.5,-0.1,1233167400.0
2009-01-28,227.0,227.0,218.1,220.0,220.546042003231,619,31,136518.0,256.0,41.36,8.9,-7.0,1233081000.0
2009-01-27,227.0,227.0,221.05,224.0,223.6779661016949,236,23,52788.0,161.0,68.22,5.95,-3.0,1232994600.0
2009-01-23,225.0,232.0,225.0,229.3,230.29979879275652,497,22,114459.0,330.0,66.4,7.0,4.3,1232649000.0
2009-01-22,261.0,261.0,226.8,230.85,238.3218884120172,466,19,111058.0,230.0,49.36,34.2,-30.15,1232562600.0
2009-01-21,233.7,234.9,228.05,228.25,232.05806451612904,155,14,35969.0,112.0,72.26,6.85,-5.45,1232476200.0
2009-01-20,229.95,230.0,229.95,230.0,229.99285714285716,140,5,32199.0,130.0,92.86,0.05,0.05,1232389800.0
2009-01-19,230.0,230.0,226.6,230.0,229.83636363636364,110,5,25282.0,105.0,95.45,3.4,0.0,1232303400.0
2009-01-16,239.0,239.0,224.0,229.05,228.11219195849543,1542,24,351749.0,802.0,52.01,15.0,-9.95,1232044200.0
2009-01-15,230.0,238.0,226.2,233.5,231.00455927051672,658,33,152001.0,368.0,55.93,11.8,3.5,1231957800.0
2009-01-14,234.9,235.0,227.1,230.0,230.7772925764192,229,24,52848.0,180.0,78.6,7.9,-4.9,1231871400.0
2009-01-13,234.0,240.95,224.0,226.95,230.63513513513516,888,48,204804.0,667.0,75.11,16.95,-7.05,1231785000.0
2009-01-12,242.0,242.0,235.0,235.0,238.34838709677416,155,7,36944.0,137.0,88.39,7.0,-7.0,1231698600.0
2009-01-09,230.0,240.0,229.95,237.8,232.5182625863771,1013,43,235541.0,811.0,80.06,10.05,7.8,1231439400.0
2009-01-07,270.0,270.0,228.0,237.3,251.0843373493976,1577,77,395960.0,1035.0,65.63,42.0,-32.7,1231266600.0
2009-01-06,260.05,271.4,258.0,262.3,265.75308641975306,1620,43,430520.0,1134.0,70.0,13.4,2.25,1231180200.0
2009-01-05,252.0,260.0,252.0,258.35,257.9748490945674,994,45,256427.0,697.0,70.12,8.0,6.35,1231093800.0
2009-01-02,245.25,262.8,245.1,255.95,255.9251968503937,508,35,130010.0,385.0,75.79,17.7,10.7,1230834600.0
2009-01-01,247.9,251.85,243.45,251.85,247.90251572327043,318,15,78833.0,189.0,59.43,8.4,3.95,1230748200.0
2008-12-31,245.15,251.0,245.15,250.0,249.0502512562814,398,14,99122.0,345.0,86.68,5.85,4.85,1230661800.0
2008-12-30,244.85,251.0,244.85,249.7,247.4900900900901,555,29,137357.0,428.0,77.12,6.15,4.85,1230575400.0
2008-12-29,238.5,238.5,226.0,231.9,228.1069900142653,701,22,159903.0,569.0,81.17,12.5,-6.6,1230489000.0
2008-12-26,224.0,234.75,224.0,234.75,231.48802946593,543,25,125698.0,412.0,75.87,10.75,10.75,1230229800.0
2008-12-24,220.05,234.1,220.05,228.3,229.2711111111111,450,21,103172.0,195.0,43.33,14.05,8.25,1230057000.0
2008-12-23,242.0,242.0,234.05,235.0,236.27792207792209,385,16,90967.0,294.0,76.36,7.95,-7.0,1229970600.0
2008-12-22,239.4,249.4,239.4,242.55,244.78589909443724,1546,27,378439.0,802.0,51.88,10.0,3.15,1229884200.0
2008-12-19,239.0,242.9,236.3,242.25,241.239417989418,756,29,182377.0,696.0,92.06,6.6,3.25,1229625000.0
2008-12-18,236.1,236.8,232.1,236.2,233.42010771992815,557,15,130015.0,537.0,96.41,4.7,0.1,1229538600.0
2008-12-17,230.0,241.3,226.0,227.2,233.21528288023512,2722,50,634812.0,1236.0,45.41,15.3,-2.8,1229452200.0
2008-12-16,233.0,242.0,233.0,236.15,236.91520861372808,743,29,176028.0,493.0,66.35,9.0,3.15,1229365800.0
2008-12-15,226.2,236.0,225.0,234.75,232.0068376068376,1170,57,271448.0,959.0,81.97,11.0,8.55,1229279400.0
2008-12-12,214.0,229.9,211.6,227.75,217.35103626943004,1544,56,335590.0,890.0,57.64,18.3,13.75,1229020200.0
2008-12-11,220.1,230.0,214.55,221.4,224.3402390438247,2510,76,563094.0,1952.0,77.77,15.45,1.3,1228933800.0
2008-12-10,215.8,229.7,213.1,226.1,221.589552238806,402,28,89079.0,373.0,92.79,16.6,10.3,1228847400.0
2008-12-08,227.9,227.9,214.0,214.55,215.6415770609319,837,38,180492.0,495.0,59.14,13.9,-13.35,1228674600.0
2008-12-05,223.0,229.95,220.0,221.75,224.59041095890407,730,32,163951.0,542.0,74.25,9.95,-1.25,1228415400.0
2008-12-04,211.05,228.8,211.05,223.6,218.8536312849162,895,69,195874.0,572.0,63.91,17.75,12.55,1228329000.0
2008-12-03,220.0,220.0,210.0,210.25,210.6910891089109,505,21,106399.0,465.0,92.08,10.0,-9.75,1228242600.0
2008-12-02,205.0,210.0,203.2,209.5,207.10404624277456,692,28,143316.0,518.0,74.86,6.8,4.5,1228156200.0
2008-12-01,205.0,217.0,205.0,210.05,211.0817307692308,208,16,43905.0,141.0,67.79,12.0,5.05,1228069800.0
2008-11-28,209.75,213.0,205.0,207.25,209.90470372632865,1637,65,343614.0,944.0,57.67,8.0,-2.5,1227810600.0
2008-11-26,212.1,218.95,212.0,218.75,214.72649572649567,234,33,50246.0,125.0,53.42,6.95,6.65,1227637800.0
2008-11-25,216.95,222.0,216.95,220.6,219.46880269814503,1186,37,260290.0,720.0,60.71,5.05,3.65,1227551400.0
2008-11-24,218.2,219.0,209.5,211.0,211.7592847317744,2908,73,615796.0,2414.0,83.01,9.5,-7.2,1227465000.0
2008-11-21,212.1,224.95,211.0,219.2,216.2965340179717,1558,76,336990.0,836.0,53.66,13.95,7.1,1227205800.0
2008-11-20,231.6,231.6,215.05,224.05,221.6220579653764,5141,74,1139359.0,2790.0,54.27,16.55,-7.55,1227119400.0
2008-11-19,240.0,240.0,219.0,223.0,229.55131414267836,1598,72,366823.0,1196.0,74.84,21.0,-17.0,1227033000.0
2008-11-18,251.0,251.0,233.0,235.9,237.93741677762983,751,41,178691.0,556.0,74.03,18.0,-15.1,1226946600.0
2008-11-17,238.0,255.0,225.4,247.05,237.0220458553792,1134,52,268783.0,430.0,37.92,29.6,9.05,1226860200.0
2008-11-14,242.0,243.45,237.7,239.65,241.21537522879805,1639,35,395352.0,1070.0,65.28,5.75,-2.35,1226601000.0
2008-11-12,245.6,251.95,240.0,243.25,244.67526377491208,853,48,208708.0,566.0,66.35,11.95,-2.35,1226428200.0
2008-11-11,252.0,257.9,249.9,251.65,251.73078805677923,2043,55,514286.0,1501.0,73.47,8.0,-0.35,1226341800.0
2008-11-10,252.6,261.0,251.65,257.05,255.4701873935264,1761,50,449883.0,1122.0,63.71,9.35,4.45,1226255400.0
2008-11-07,250.0,253.85,248.6,249.65,251.6629578117756,4314,46,1085674.0,4104.0,95.13,5.25,-0.35,1225996200.0
2008-11-06,258.95,258.95,245.05,253.85,250.7970873786408,1030,52,258321.0,498.0,48.35,13.9,-5.1,1225909800.0
2008-11-05,265.1,268.0,260.0,263.15,264.7940199335548,1204,38,318812.0,691.0,57.39,8.0,-1.95,1225823400.0
2008-11-04,270.0,270.0,252.0,264.25,259.98704663212436,772,54,200710.0,664.0,86.01,18.0,-5.75,1225737000.0
2008-11-03,260.0,268.35,252.0,263.05,261.9125728559534,2402,87,629114.0,1050.0,43.71,16.35,3.05,1225650600.0
2008-10-31,250.0,253.2,237.0,240.85,241.25209924868997,15839,90,3821192.0,14908.0,94.12,16.2,-9.15,1225391400.0
2008-10-29,259.75,263.2,245.05,246.85,248.43951612903223,496,27,123226.0,295.0,59.48,18.15,-12.9,1225218600.0
2008-10-28,249.95,255.0,241.05,250.45,249.82075883122545,2293,32,572839.0,2088.0,91.06,13.95,0.5,1225132200.0
2008-10-27,250.0,250.0,225.0,231.75,234.77742193755003,2498,102,586474.0,1856.0,74.3,25.0,-18.25,1225045800.0
2008-10-24,319.0,320.0,242.35,247.55,259.7435127978817,5665,132,1471447.0,2551.0,45.03,77.65,-71.45,1224786600.0
2008-10-23,265.0,296.25,249.5,288.35,288.0155909115096,18793,235,5412677.0,4198.0,22.34,46.75,23.35,1224700200.0
2008-10-22,264.9,270.95,263.1,268.5,265.487414187643,437,25,116018.0,272.0,62.24,7.85,3.6,1224613800.0
2008-10-21,265.65,277.8,265.65,272.0,272.2943317732709,1923,51,523622.0,1515.0,78.78,12.15,6.35,1224527400.0
2008-10-20,269.75,280.0,261.1,268.5,270.78220286247665,1607,60,435147.0,1060.0,65.96,18.9,-1.25,1224441000.0
2008-10-17,269.95,276.0,253.8,265.4,266.0723110465116,2752,85,732231.0,1908.0,69.33,22.2,-4.55,1224181800.0
2008-10-16,257.5,270.7,252.0,263.3,261.2578156719448,2463,99,643478.0,1263.0,51.28,18.7,5.8,1224095400.0
2008-10-15,280.7,287.0,272.5,274.95,276.29806451612905,775,51,214131.0,556.0,71.74,14.5,-5.75,1224009000.0
2008-10-14,290.0,295.0,285.0,290.95,291.76339285714283,2016,58,588195.0,1783.0,88.44,10.0,0.95,1223922600.0
2008-10-13,275.0,288.0,266.4,281.9,279.8775872264932,1691,52,473273.0,1256.0,74.28,21.6,6.9,1223836200.0
2008-10-10,280.0,282.75,260.0,262.75,268.3176593521421,2871,106,770340.0,2112.0,73.56,22.75,-17.25,1223577000.0
2008-10-08,280.0,290.0,240.0,284.0,269.5670324427481,4192,159,1130025.0,2862.0,68.27,50.0,4.0,1223404200.0
2008-10-07,280.0,300.0,279.1,291.5,289.2793388429752,605,50,175014.0,508.0,83.97,20.9,11.5,1223317800.0
2008-10-06,300.05,301.0,284.2,288.2,290.99822773593263,4514,139,1313566.0,2546.0,56.4,16.8,-11.85,1223231400.0
2008-10-03,315.0,323.0,294.4,305.45,310.1696070569366,2494,119,773563.0,1451.0,58.18,28.6,-9.55,1222972200.0
2008-10-01,325.0,325.9,315.0,320.5,320.73532338308456,1005,58,322339.0,753.0,74.93,10.9,-4.5,1222799400.0
2008-09-30,305.0,330.0,300.0,320.45,312.75362318840575,2829,135,884780.0,2116.0,74.8,30.0,15.45,1222713000.0
2008-09-29,349.0,349.0,315.0,328.4,330.89119804400974,2454,166,812007.0,1211.0,49.35,34.0,-20.6,1222626600.0
2008-09-26,355.0,359.75,339.0,341.6,346.96763202725725,1174,60,407340.0,942.0,80.24,20.75,-13.4,1222367400.0
2008-09-25,373.5,373.5,358.0,358.8,360.85222052067377,2612,55,942546.0,2186.0,83.69,15.5,-14.7,1222281000.0
2008-09-24,352.1,362.0,352.1,360.15,357.086876155268,541,42,193184.0,286.0,52.87,9.9,8.05,1222194600.0
2008-09-23,358.45,363.95,357.0,357.55,359.72222222222223,288,27,103600.0,222.0,77.08,6.95,-0.9,1222108200.0
2008-09-22,364.2,370.0,363.0,364.75,366.12524084778414,519,42,190019.0,298.0,57.42,7.0,0.55,1222021800.0
2008-09-19,356.1,368.0,356.0,362.55,361.58432539682536,1008,69,364477.0,545.0,54.07,12.0,6.45,1221762600.0
2008-09-18,362.7,362.7,346.0,352.15,352.22462739531585,2818,140,992569.0,2080.0,73.81,16.7,-10.55,1221676200.0
2008-09-17,371.0,371.0,360.0,361.25,364.900826446281,1331,87,485683.0,745.0,55.97,11.0,-9.75,1221589800.0
2008-09-16,353.05,379.5,353.05,360.85,364.0223367697594,1746,101,635583.0,1038.0,59.45,26.45,7.8,1221503400.0
2008-09-15,398.0,398.0,361.05,370.9,374.13847062297015,3387,157,1267207.0,2278.0,67.26,36.95,-27.1,1221417000.0
2008-09-12,412.0,412.0,394.0,395.25,400.79406307977735,2156,92,864112.0,1302.0,60.39,18.0,-16.75,1221157800.0
2008-09-11,414.9,425.0,414.9,420.4,420.402703552342,3181,112,1337301.0,1759.0,55.3,10.1,5.5,1221071400.0
2008-09-10,426.1,429.1,422.3,423.4,425.2639388489209,2224,100,945787.0,1616.0,72.66,6.8,-2.7,1220985000.0
2008-09-09,426.0,433.5,425.0,427.2,428.0245016611296,2408,89,1030683.0,1836.0,76.25,8.5,1.2,1220898600.0
2008-09-08,426.0,431.0,421.0,429.4,426.8068579426172,2858,131,1219814.0,2116.0,74.04,10.0,3.4,1220812200.0
2008-09-05,410.0,425.0,404.0,418.25,417.7014274385408,2522,123,1053443.0,1280.0,50.75,21.0,8.25,1220553000.0
2008-09-04,416.5,432.9,415.0,423.3,423.72944896115627,4428,206,1876274.0,2431.0,54.9,17.9,6.8,1220466600.0
2008-09-02,387.0,423.9,387.0,411.25,411.2467649714114,6646,253,2733146.0,3311.0,49.82,36.9,24.25,1220293800.0
2008-09-01,384.0,390.0,382.1,388.8,387.3256097560976,1640,51,635214.0,1356.0,82.68,7.9,4.8,1220207400.0
2008-08-29,384.3,396.0,384.3,389.3,390.9900166389351,601,36,234985.0,370.0,61.56,11.7,5.0,1219948200.0
2008-08-28,388.2,395.0,388.0,388.2,390.6061151079137,556,37,217177.0,409.0,73.56,7.0,0.0,1219861800.0
2008-08-27,386.95,397.85,382.0,392.15,392.8796296296296,432,49,169724.0,273.0,63.19,15.85,5.2,1219775400.0
2008-08-26,390.0,393.4,388.0,390.9,390.4109149277689,623,35,243226.0,484.0,77.69,5.4,0.9,1219689000.0
2008-08-25,381.6,391.95,381.6,388.65,388.9366312346688,2446,66,951339.0,2254.0,92.15,10.35,7.05,1219602600.0
2008-08-22,384.0,388.5,380.0,381.95,382.5612936880543,1917,48,733370.0,1784.0,93.06,8.5,-2.05,1219343400.0
2008-08-21,393.05,393.05,382.05,385.1,387.248,1625,60,629278.0,1492.0,91.82,11.0,-7.95,1219257000.0
2008-08-20,390.0,400.0,390.0,394.65,395.64,550,39,217602.0,496.0,90.18,10.0,4.65,1219170600.0
2008-08-19,387.0,395.95,385.0,388.95,389.38651685393256,445,32,173277.0,314.0,70.56,10.95,1.95,1219084200.0
2008-08-18,383.4,393.95,383.4,388.4,388.891975308642,648,29,252002.0,427.0,65.9,10.55,5.0,1218997800.0
2008-08-14,394.0,397.75,388.0,391.25,391.5757204169221,1631,76,638660.0,914.0,56.04,9.75,-2.75,1218652200.0
2008-08-13,406.9,406.9,397.0,401.0,399.8055555555556,504,27,201502.0,341.0,67.66,9.9,-5.9,1218565800.0
2008-08-12,402.0,404.7,390.0,394.7,400.030910609858,1197,69,478837.0,893.0,74.6,14.7,-7.3,1218479400.0
2008-08-11,398.1,406.9,398.1,402.2,402.2557726465364,563,26,226470.0,469.0,83.3,8.8,4.1,1218393000.0
2008-08-08,400.2,402.9,396.55,397.8,398.5857843137255,408,24,162623.0,183.0,44.85,6.35,-2.4,1218133800.0
2008-08-07,400.6,405.0,400.05,402.25,402.3458823529412,850,35,341994.0,797.0,93.76,4.95,1.65,1218047400.0
2008-08-06,418.0,420.0,400.0,402.4,409.3614522156968,1873,96,766734.0,1092.0,58.3,20.0,-15.6,1217961000.0
2008-08-05,408.0,421.0,401.0,416.2,413.44468280723265,3263,110,1349070.0,1998.0,61.23,20.0,8.2,1217874600.0
2008-08-04,409.9,409.9,400.25,405.2,405.64486486486487,1850,52,750443.0,1590.0,85.95,9.65,-4.7,1217788200.0
2008-08-01,399.95,410.0,395.3,402.7,402.0990384615385,1040,45,418183.0,614.0,59.04,14.7,2.75,1217529000.0
2008-07-31,408.4,414.85,396.4,402.35,405.57773251866934,1473,89,597416.0,749.0,50.85,18.45,-6.05,1217442600.0
2008-07-30,390.0,402.9,389.9,399.0,394.8875651526433,1343,50,530334.0,1228.0,91.44,13.0,9.0,1217356200.0
2008-07-29,400.0,401.0,385.0,386.25,392.2655319148936,1175,54,460912.0,939.0,79.91,16.0,-13.75,1217269800.0
2008-07-28,403.0,405.0,397.05,398.35,399.9865056818182,1408,42,563181.0,1237.0,87.86,7.95,-4.65,1217183400.0
2008-07-25,415.0,415.0,397.0,398.3,402.70551766893993,1613,126,649564.0,894.0,55.42,18.0,-16.7,1216924200.0
2008-07-24,388.0,438.0,377.2,411.3,415.5149963423555,12303,458,5112081.0,3878.0,31.52,60.8,23.3,1216837800.0
2008-07-23,400.0,410.0,384.1,386.35,393.2677702044791,2054,101,807772.0,1554.0,75.66,25.9,-13.65,1216751400.0
2008-07-22,383.5,383.75,375.0,378.35,379.40384615384613,728,38,276206.0,557.0,76.51,8.75,-5.15,1216665000.0
2008-07-21,368.15,380.0,368.05,374.8,373.83177570093454,535,18,200000.0,525.0,98.13,11.95,6.65,1216578600.0
2008-07-18,370.0,377.0,369.0,371.55,371.4908180300501,599,32,222523.0,423.0,70.62,8.0,1.55,1216319400.0
2008-07-17,375.0,377.0,365.0,371.85,371.6819047619048,525,40,195133.0,411.0,78.29,12.0,-3.15,1216233000.0
2008-07-16,366.0,378.8,361.25,375.25,370.4805295950156,1284,72,475697.0,980.0,76.32,17.55,9.25,1216146600.0
2008-07-15,375.0,375.0,365.0,370.85,369.2875,1200,64,443145.0,1098.0,91.5,10.0,-4.15,1216060200.0
2008-07-14,383.0,389.85,379.0,382.35,383.9067524115756,622,28,238790.0,576.0,92.6,10.85,-0.65,1215973800.0
2008-07-11,383.25,395.0,383.25,390.35,390.2736156351792,921,21,359442.0,757.0,82.19,11.75,7.1,1215714600.0
2008-07-10,390.0,394.0,384.05,393.65,391.8937728937729,819,28,320961.0,753.0,91.94,9.95,3.65,1215628200.0
2008-07-09,381.25,395.0,381.0,388.6,385.96861268047707,1593,72,614848.0,1481.0,92.97,14.0,7.35,1215541800.0
2008-07-08,363.0,375.0,363.0,372.4,369.5439330543933,1195,53,441605.0,893.0,74.73,12.0,9.4,1215455400.0
2008-07-07,374.0,377.0,365.0,368.4,371.8820087762067,2051,82,762730.0,1281.0,62.46,12.0,-5.6,1215369000.0
2008-07-04,365.0,370.0,362.0,365.7,366.88296178343944,1256,37,460805.0,1186.0,94.43,8.0,0.7,1215109800.0
2008-07-03,365.0,379.95,360.0,363.4,363.7518382352941,1088,64,395762.0,879.0,80.79,19.95,-1.6,1215023400.0
2008-07-02,399.0,399.0,345.0,376.3,361.2387791741472,3342,114,1207260.0,2245.0,67.18,54.0,-22.7,1214937000.0
2008-07-01,383.0,383.0,351.15,363.7,369.68674698795184,1494,90,552312.0,1011.0,67.67,31.85,-19.3,1214850600.0
2008-06-30,369.05,385.1,369.05,385.0,381.46457765667566,2936,56,1119980.0,2495.0,84.98,16.05,15.95,1214764200.0
2008-06-27,375.7,394.95,375.7,386.5,384.7521951219512,2050,86,788742.0,1078.0,52.59,19.25,10.8,1214505000.0
2008-06-26,389.5,393.95,386.1,387.35,390.3135215453194,673,45,262681.0,423.0,62.85,7.85,-2.15,1214418600.0
2008-06-25,362.15,392.8,362.1,387.55,384.38346354166663,1536,71,590413.0,640.0,41.67,30.7,25.4,1214332200.0
2008-06-24,393.0,399.0,381.1,385.4,391.97936095398256,6541,128,2563937.0,4740.0,72.47,17.9,-7.6,1214245800.0
2008-06-23,390.5,395.0,379.4,391.7,391.5001996007984,7515,173,2942124.0,5913.0,78.68,15.6,1.2,1214159400.0
2008-06-20,410.0,414.0,386.1,391.1,397.0130910511919,5118,174,2031913.0,3722.0,72.72,27.9,-18.9,1213900200.0
2008-06-19,410.0,413.8,403.2,410.2,408.5,3512,169,1434652.0,2289.0,65.18,10.6,0.2,1213813800.0
2008-06-18,420.1,425.0,405.0,408.7,415.89568661971833,4544,219,1889830.0,2929.0,64.46,20.0,-11.4,1213727400.0
2008-06-17,407.0,421.0,402.0,419.6,413.9920116194626,11016,471,4560536.0,6143.0,55.76,19.0,12.6,1213641000.0
2008-06-16,398.0,404.5,387.05,399.95,396.1022994512673,7654,304,3031767.0,3482.0,45.49,17.45,1.95,1213554600.0
2008-06-13,367.05,383.0,366.0,374.35,374.1028938906752,622,48,232692.0,438.0,70.42,17.0,7.3,1213295400.0
2008-06-12,364.9,376.0,361.1,369.85,364.29920364050054,879,37,320219.0,716.0,81.46,14.9,4.95,1213209000.0
2008-06-11,360.0,366.0,356.1,366.0,360.8710280373832,3210,87,1158396.0,1892.0,58.94,9.9,6.0,1213122600.0
2008-06-10,355.0,362.0,345.1,356.6,355.3399191737764,4454,87,1582684.0,2719.0,61.05,16.9,1.6,1213036200.0
2008-06-09,360.1,370.0,360.1,365.25,364.40688354549746,2121,87,772907.0,1817.0,85.67,9.9,5.15,1212949800.0
2008-06-06,390.0,396.0,376.0,379.1,383.63564448580735,4298,119,1648866.0,1334.0,31.04,20.0,-10.9,1212690600.0
2008-06-05,386.0,390.0,376.05,383.0,380.999128540305,2295,109,874393.0,1532.0,66.75,13.95,-3.0,1212604200.0
2008-06-04,398.1,408.5,385.0,386.15,393.6422244094488,2032,117,799881.0,1261.0,62.06,23.5,-11.95,1212517800.0
2008-06-03,392.75,410.0,388.0,402.15,398.8908094435076,2372,147,946169.0,1364.0,57.5,22.0,9.4,1212431400.0
2008-06-02,425.0,425.0,396.0,400.8,412.05657886842255,16667,594,6867747.0,6948.0,41.69,29.0,-24.2,1212345000.0
2008-05-30,370.2,398.95,370.2,396.85,392.5021869874248,3658,135,1435773.0,3155.0,86.25,28.75,26.65,1212085800.0
2008-05-29,379.0,390.0,371.5,385.0,381.09371980676326,1035,63,394432.0,761.0,73.53,18.5,6.0,1211999400.0
2008-05-28,370.0,374.8,365.05,369.75,368.311408016444,973,41,358367.0,866.0,89.0,9.75,-0.25,1211913000.0
2008-05-27,365.05,373.4,365.05,370.05,368.7521367521368,936,43,345152.0,734.0,78.42,8.35,5.0,1211826600.0
2008-05-26,373.05,378.85,372.0,372.0,376.1520467836257,513,20,192966.0,499.0,97.27,6.85,-1.05,1211740200.0
2008-05-23,388.0,390.0,375.05,376.7,379.6816699282453,1533,53,582052.0,1491.0,97.26,14.95,-11.3,1211481000.0
2008-05-22,391.0,395.9,385.05,387.85,389.3987138263666,1555,70,605515.0,1191.0,76.59,10.85,-3.15,1211394600.0
2008-05-21,388.0,398.95,388.0,395.75,392.22440768886895,2237,82,877406.0,1832.0,81.9,10.95,7.75,1211308200.0
2008-05-20,380.0,389.0,375.0,386.0,382.2007504690432,1066,42,407426.0,881.0,82.65,14.0,6.0,1211221800.0
2008-05-16,375.0,383.0,375.0,377.0,378.5743902439024,820,43,310431.0,662.0,80.73,8.0,2.0,1210876200.0
2008-05-15,374.1,380.0,372.0,373.75,375.0077850326469,11946,54,4479843.0,11619.0,97.26,8.0,-0.35,1210789800.0
2008-05-14,377.0,379.75,373.0,373.4,376.90963405526514,1339,38,504682.0,936.0,69.9,6.75,-3.6,1210703400.0
2008-05-13,375.0,382.45,368.0,371.25,375.59951521680574,3713,137,1394601.0,2967.0,79.91,14.45,-3.75,1210617000.0
2008-05-12,376.2,387.0,373.05,377.8,378.3955047318612,2536,76,959611.0,2139.0,84.35,13.95,1.6,1210530600.0
2008-05-09,390.0,394.6,381.0,383.25,388.6198745779064,2073,65,805609.0,1613.0,77.81,13.6,-6.75,1210271400.0
2008-05-08,395.05,398.5,390.0,390.0,391.61211832061065,2096,64,820819.0,1610.0,76.81,8.5,-5.05,1210185000.0
2008-05-07,401.0,405.0,390.0,401.45,397.0167114867461,5206,95,2066869.0,3980.0,76.45,15.0,0.45,1210098600.0
2008-05-06,415.8,415.8,400.0,405.25,407.8166351606805,529,35,215735.0,463.0,87.52,15.8,-10.55,1210012200.0
2008-05-05,417.0,420.0,409.0,409.45,411.7614314115308,3521,125,1449812.0,1980.0,56.23,11.0,-7.55,1209925800.0
2008-05-02,424.95,424.95,405.0,415.6,416.063849640096,7502,132,3121311.0,6502.0,86.67,19.95,-9.35,1209666600.0
2008-04-30,412.0,421.0,409.1,415.0,415.33907855485586,3017,72,1253078.0,2335.0,77.39,11.9,3.0,1209493800.0
2008-04-29,396.15,414.9,396.15,410.35,405.4168640454761,2111,73,855835.0,1737.0,82.28,18.75,14.2,1209407400.0
2008-04-28,402.1,410.0,402.1,405.35,405.7254160363086,1322,56,536369.0,940.0,71.1,7.9,3.25,1209321000.0
2008-04-25,411.9,413.95,400.5,401.85,405.4417004048583,2470,92,1001441.0,1564.0,63.32,13.45,-10.05,1209061800.0
2008-04-24,434.55,434.55,408.15,413.1,419.7870004391744,2277,111,955855.0,1010.0,44.36,26.4,-21.45,1208975400.0
2008-04-23,407.0,439.0,406.8,418.35,424.2742119689356,8756,335,3714945.0,2980.0,34.03,32.2,11.35,1208889000.0
2008-04-22,418.8,418.8,410.0,412.0,412.0507042253521,710,38,292556.0,532.0,74.93,8.8,-6.8,1208802600.0
2008-04-21,410.0,415.9,403.0,410.05,409.4843601895735,1055,44,432006.0,972.0,92.13,12.9,0.05,1208716200.0
2008-04-17,409.8,413.0,401.2,404.85,406.2787096774194,775,64,314866.0,531.0,68.52,11.8,-4.95,1208370600.0
2008-04-16,406.0,413.9,401.15,407.7,408.0653713823113,4941,127,2016251.0,3953.0,80.0,12.75,1.7,1208284200.0
2008-04-15,390.0,405.0,384.0,398.9,392.8010139416984,1578,61,619840.0,1093.0,69.26,21.0,8.9,1208197800.0
2008-04-11,392.55,396.0,382.75,388.35,390.9756986634265,823,55,321773.0,525.0,63.79,13.25,-4.2,1207852200.0
2008-04-10,389.0,406.95,384.0,395.8,394.5561719833565,5047,162,1991325.0,3809.0,75.47,22.95,6.8,1207765800.0
2008-04-09,367.7,395.0,367.0,390.45,383.84187911773125,3491,85,1339992.0,3089.0,88.48,28.0,22.75,1207679400.0
2008-04-08,375.0,375.85,367.75,371.45,371.03138201569107,1657,59,614799.0,1032.0,62.28,8.1,-3.55,1207593000.0
2008-04-07,363.0,370.0,363.0,369.0,367.6272285251216,2468,25,907304.0,2417.0,97.93,7.0,6.0,1207506600.0
2008-04-04,380.0,380.0,361.1,364.4,371.57647708448366,1811,80,672925.0,1650.0,91.11,18.9,-15.6,1207247400.0
2008-04-03,348.0,383.0,348.0,377.9,377.46737841043887,843,35,318205.0,584.0,69.28,35.0,29.9,1207161000.0
2008-04-02,389.95,396.0,372.2,375.1,375.5027425437093,5834,65,2190683.0,5493.0,94.15,23.8,-14.85,1207074600.0
2008-04-01,367.2,378.0,361.0,372.05,366.83027522935777,1308,65,479814.0,909.0,69.5,17.0,4.85,1206988200.0
2008-03-31,371.5,382.0,369.0,371.35,372.80255164034014,3292,117,1227266.0,2482.0,75.39,13.0,-0.15,1206901800.0
2008-03-28,371.0,388.7,371.0,381.45,379.9181434599156,3555,110,1350609.0,2380.0,66.95,17.7,10.45,1206642600.0
2008-03-27,365.0,375.0,358.0,367.95,367.7509938561619,13835,174,5087835.0,12345.0,89.23,17.0,2.95,1206556200.0
2008-03-26,355.0,374.4,351.0,369.75,357.9829193763222,12763,167,4568936.0,11865.0,92.96,23.4,14.75,1206469800.0
2008-03-25,344.0,357.9,343.9,352.1,351.394917305365,9916,222,3484432.0,7645.0,77.1,14.0,8.1,1206383400.0
2008-03-24,344.0,350.0,340.0,344.15,343.61851368970014,15340,160,5271108.0,14390.0,93.81,10.0,0.15,1206297000.0
2008-03-19,348.05,361.0,345.0,345.85,353.12477695641087,7846,95,2770617.0,7261.0,92.54,16.0,-2.2,1205865000.0
2008-03-18,369.5,370.0,338.0,354.45,347.1747296528173,7028,208,2439944.0,4616.0,65.68,32.0,-15.05,1205778600.0
2008-03-17,350.0,364.95,350.0,354.75,354.095487601066,22139,213,7839320.0,20806.0,93.98,14.95,4.75,1205692200.0
2008-03-14,350.0,372.0,350.0,366.95,358.25486846600614,8781,104,3145836.0,7765.0,88.43,22.0,16.95,1205433000.0
2008-03-13,357.0,378.0,350.25,353.1,362.1072287452256,7069,190,2559736.0,5133.0,72.61,27.75,-3.9,1205346600.0
2008-03-12,399.0,399.9,368.25,373.35,382.36444280170014,5411,160,2068974.0,3746.0,69.23,31.65,-25.65,1205260200.0
2008-03-11,375.0,394.9,375.0,384.1,385.29325907432303,5207,120,2006222.0,3483.0,66.89,19.9,9.1,1205173800.0
2008-03-10,357.5,384.0,346.0,379.65,358.8625448523323,10869,217,3900477.0,9557.0,87.93,38.0,22.15,1205087400.0
2008-03-07,373.0,389.95,363.0,372.2,371.54477896341456,10496,231,3899734.0,9190.0,87.56,26.95,-0.8,1204828200.0
2008-03-05,385.1,390.0,379.0,387.55,382.0974719101124,3560,118,1360267.0,2677.0,75.2,11.0,2.45,1204655400.0
2008-03-04,390.15,396.05,372.35,381.9,380.498300558388,8238,152,3134545.0,6493.0,78.82,23.7,-8.25,1204569000.0
2008-03-03,387.2,401.0,387.2,390.7,397.38654690211285,9797,120,3893196.0,9171.0,93.61,13.8,3.5,1204482600.0
2008-02-29,403.1,405.0,395.0,400.7,400.4609956879655,5102,147,2043152.0,3536.0,69.31,10.0,-2.4,1204223400.0
2008-02-28,414.0,418.95,405.0,408.1,410.20831698705376,2549,73,1045621.0,2307.0,90.51,13.95,-5.9,1204137000.0
2008-02-27,411.5,420.0,411.5,416.35,416.90935795216114,2383,87,993495.0,2040.0,85.61,8.5,4.85,1204050600.0
2008-02-26,409.25,417.95,407.05,409.6,412.2431304347826,2875,101,1185199.0,1644.0,57.18,10.9,0.35,1203964200.0
2008-02-25,428.0,428.0,404.05,410.8,410.6064814814815,4320,130,1773820.0,2714.0,62.82,23.95,-17.2,1203877800.0
2008-02-22,403.0,418.5,403.0,417.25,414.512893982808,1745,82,723325.0,1357.0,77.77,15.5,14.25,1203618600.0
2008-02-21,402.0,414.8,402.0,412.1,410.955035971223,1112,53,456982.0,728.0,65.47,12.8,10.1,1203532200.0
2008-02-20,410.5,413.0,402.0,410.6,408.7749469214437,1884,107,770132.0,729.0,38.69,11.0,0.1,1203445800.0
2008-02-19,421.8,422.95,404.95,414.65,415.4979626849668,4663,202,1937467.0,2501.0,53.64,18.0,-7.15,1203359400.0
2008-02-18,425.0,425.0,402.0,408.1,411.1578813666963,7873,215,3237046.0,5672.0,72.04,23.0,-16.9,1203273000.0
2008-02-15,404.0,421.9,398.2,413.45,412.303234152652,3865,164,1593552.0,2693.0,69.68,23.7,9.45,1203013800.0
2008-02-14,428.35,428.35,392.0,406.75,399.4688361831218,5439,167,2172711.0,4053.0,74.52,36.35,-21.6,1202927400.0
2008-02-13,385.1,397.6,378.0,382.45,382.37272835253594,16838,147,6438392.0,15455.0,91.79,19.6,-2.65,1202841000.0
2008-02-12,396.0,396.0,380.55,388.6,389.1165064363696,6137,136,2388008.0,5412.0,88.19,15.45,-7.4,1202754600.0
2008-02-11,401.05,414.95,380.0,386.8,396.13082660037287,6436,206,2549498.0,5260.0,81.73,34.95,-14.25,1202668200.0
2008-02-08,425.0,425.0,400.0,405.45,407.9792374480936,13245,455,5403685.0,8763.0,66.16,25.0,-19.55,1202409000.0
2008-02-07,430.2,452.0,418.0,424.35,431.91109362706527,10168,267,4391672.0,7389.0,72.67,34.0,-5.85,1202322600.0
2008-02-06,429.95,443.95,415.0,437.2,430.27776223776226,3575,155,1538243.0,2480.0,69.37,28.95,7.25,1202236200.0
2008-02-05,421.4,444.0,421.4,435.7,436.3055931673784,9601,310,4188970.0,6113.0,63.67,22.6,14.3,1202149800.0
2008-02-04,420.05,438.8,420.0,427.95,431.12778520499114,8976,249,3869803.0,6770.0,75.42,18.8,7.9,1202063400.0
2008-02-01,425.0,428.85,392.65,409.35,402.8188308475295,14147,465,5698678.0,7929.0,56.05,36.2,-15.65,1201804200.0
2008-01-31,421.0,433.0,408.05,418.3,418.65156794425087,6601,245,2763519.0,4009.0,60.73,24.95,-2.7,1201717800.0
2008-01-30,435.0,444.0,421.0,423.7,434.732915842672,9102,212,3956939.0,6691.0,73.51,23.0,-11.3,1201631400.0
2008-01-29,450.0,456.0,430.0,434.15,444.44887319206185,5946,229,2642693.0,4572.0,76.89,26.0,-15.85,1201545000.0
2008-01-28,428.05,454.9,417.05,441.95,437.4988452655889,3464,181,1515496.0,2093.0,60.42,37.85,13.9,1201458600.0
2008-01-25,415.0,464.0,415.0,452.15,435.80452954898914,10288,339,4483557.0,6622.0,64.37,49.0,37.15,1201199400.0
2008-01-24,442.0,458.9,400.0,411.85,426.39494026704153,18499,521,7887880.0,12826.0,69.33,58.9,-30.15,1201113000.0
2008-01-23,440.0,454.95,400.0,428.75,426.22825043753176,35426,570,15099562.0,27625.0,77.98,54.95,-11.25,1201026600.0
2008-01-22,435.0,445.0,355.0,405.3,380.1138285623536,25187,418,9573927.0,20277.0,80.51,90.0,-29.7,1200940200.0
2008-01-21,550.0,590.0,435.0,440.75,484.7166046929093,77990,1427,37803048.0,59687.0,76.53,155.0,-109.25,1200853800.0
2008-01-18,584.9,587.8,525.0,538.25,549.8156253248777,19238,430,10577353.0,10699.0,55.61,62.8,-46.65,1200594600.0
2008-01-17,598.9,605.0,565.05,572.75,584.8388806093724,12078,313,7063684.0,9417.0,77.97,39.95,-26.15,1200508200.0
2008-01-16,576.9,599.0,556.0,593.0,574.1863025962399,11170,320,6413661.0,7848.0,70.26,43.0,16.1,1200421800.0
2008-01-15,612.0,612.0,575.1,578.65,586.0734394124847,3268,149,1915288.0,2164.0,66.22,36.9,-33.35,1200335400.0
2008-01-14,580.0,610.0,575.0,598.15,592.8246400434664,7362,285,4364375.0,4317.0,58.64,35.0,18.15,1200249000.0
2008-01-11,584.7,585.0,555.0,565.95,564.8978509249184,7352,302,4153129.0,5164.0,70.24,30.0,-18.75,1199989800.0
2008-01-10,619.0,619.0,552.0,562.1,580.9523727351165,17385,497,10099857.0,12544.0,72.15,67.0,-56.9,1199903400.0
2008-01-09,595.05,627.95,595.05,606.75,610.1166097313268,10831,412,6608173.0,5776.0,53.33,32.9,11.7,1199817000.0
2008-01-08,659.6,659.6,600.4,610.85,619.9946934896245,12626,532,7828053.0,8666.0,68.64,59.2,-48.75,1199730600.0
2008-01-07,700.0,700.0,631.0,641.4,653.9314605360216,16268,421,10638157.0,11463.0,70.46,69.0,-58.6,1199644200.0
2008-01-04,660.0,675.0,650.0,655.85,662.0066410554216,33579,558,22229521.0,19934.0,59.36,25.0,-4.15,1199385000.0
2008-01-03,667.3,684.0,653.0,656.8,665.4162347360098,22766,506,15148866.0,13907.0,61.09,31.0,-10.5,1199298600.0
2008-01-02,675.0,675.0,650.0,660.45,661.6893574630583,18069,453,11956065.0,10423.0,57.68,25.0,-14.55,1199212200.0
2008-01-01,680.0,693.0,660.0,662.55,673.1961981925833,16045,518,10801433.0,11004.0,68.58,33.0,-17.45,1199125800.0
2007-12-31,660.0,680.0,654.5,672.15,666.7904430211623,33881,907,22591527.0,23600.0,69.66,25.5,12.15,1199039400.0
2007-12-28,605.3,664.85,605.3,644.1,645.1993621058581,24769,808,15980943.0,11362.0,45.87,59.55,38.8,1198780200.0
2007-12-27,621.2,628.0,612.0,614.5,618.5015126832674,8594,228,5315402.0,5137.0,59.77,16.0,-6.7,1198693800.0
2007-12-26,615.0,625.0,607.05,618.2,614.1780982726815,17889,507,10987032.0,10473.0,58.54,17.95,3.2,1198607400.0
2007-12-24,622.0,630.0,597.0,599.15,612.1407845757373,10477,297,6413399.0,8263.0,78.87,33.0,-22.85,1198434600.0
2007-12-20,611.0,619.9,600.6,605.75,609.7862430041524,5539,198,3377606.0,3826.0,69.07,19.3,-5.25,1198089000.0
2007-12-19,618.0,634.0,605.0,616.3,620.8469932297888,12555,416,7794734.0,5568.0,44.35,29.0,-1.7,1198002600.0
2007-12-18,611.0,627.8,595.2,599.5,605.3935942007545,13519,394,8184316.0,8546.0,63.21,32.6,-11.5,1197916200.0
2007-12-17,669.6,674.0,610.0,616.4,642.7626448608253,18466,562,11869255.0,11526.0,62.42,64.0,-53.2,1197829800.0
2007-12-14,674.0,674.0,648.05,657.75,660.702745397102,18358,500,12129181.0,12147.0,66.17,25.95,-16.25,1197570600.0
2007-12-13,645.0,677.0,645.0,652.25,659.4375870993431,15069,474,9937065.0,10193.0,67.64,32.0,7.25,1197484200.0
2007-12-12,674.8,699.0,658.0,665.85,673.8238387379492,33089,733,22296157.0,21195.0,64.05,41.0,-8.95,1197397800.0
2007-12-11,719.0,719.0,672.05,681.35,696.5034639686313,49221,1260,34282597.0,29935.0,60.82,46.95,-37.65,1197311400.0
2007-12-10,614.45,714.75,614.45,700.5,676.8985278654048,169278,3743,114584029.0,72433.0,42.79,100.3,86.05,1197225000.0
2007-12-07,618.0,630.0,600.05,606.45,615.5503003962674,15646,441,9630900.0,9304.0,59.47,29.95,-11.55,1196965800.0
2007-12-06,617.9,638.0,610.1,613.8,622.30605135263,23251,736,14469238.0,12858.0,55.3,27.9,-4.1,1196879400.0
2007-12-05,623.65,623.65,603.0,607.35,610.6904813179714,18574,420,11342965.0,11230.0,60.46,20.65,-16.3,1196793000.0
2007-12-04,637.0,639.9,580.0,610.0,605.9244226537037,35897,976,21750869.0,21576.0,60.11,59.9,-27.0,1196706600.0
2007-12-03,606.9,639.0,600.0,621.45,621.8274714585573,19533,777,12146156.0,9323.0,47.73,39.0,14.55,1196620200.0
2007-11-30,602.0,607.0,588.0,592.95,595.634091336215,5321,279,3169369.0,3556.0,66.83,19.0,-9.05,1196361000.0
2007-11-29,615.0,620.0,587.0,590.7,600.4003967345693,13107,433,7869448.0,8134.0,62.06,33.0,-24.3,1196274600.0
2007-11-28,630.0,647.0,601.1,607.1,622.9643235456125,23601,860,14702581.0,9900.0,41.95,45.9,-22.9,1196188200.0
2007-11-27,600.0,650.0,582.1,612.65,622.9216468463044,26572,1246,16552274.0,8197.0,30.85,67.9,12.65,1196101800.0
2007-11-26,610.0,614.9,590.0,592.0,598.9966511627906,10750,350,6439214.0,6278.0,58.4,24.9,-18.0,1196015400.0
2007-11-23,609.9,610.0,576.0,580.8,593.3964230218457,32821,818,19475864.0,17477.0,53.25,34.0,-29.1,1195756200.0
2007-11-22,629.9,629.9,565.0,589.2,591.2963749798312,37186,1083,21987947.0,17857.0,48.02,64.9,-40.7,1195669800.0
2007-11-21,674.4,680.0,605.0,614.6,633.6243907055984,42262,1359,26778234.0,23064.0,54.57,75.0,-59.8,1195583400.0
2007-11-20,655.0,700.0,655.0,667.2,685.3367126788295,47741,1315,32718660.0,25369.0,53.14,45.0,12.2,1195497000.0
2007-11-19,809.0,809.0,666.0,672.0,695.8570064741795,124649,2605,86737880.0,72178.0,57.9,143.0,-137.0,1195410600.0
2007-11-16,565.0,684.15,565.0,674.35,650.353760890465,300607,5765,195500893.0,143817.0,47.84,119.15,109.35,1195151400.0
2007-11-15,552.0,580.0,552.0,570.15,569.9175118910584,46043,1054,26240712.0,24061.0,52.26,28.0,18.15,1195065000.0
2007-11-14,564.0,570.0,540.0,553.7,552.5325037104692,43795,1068,24198161.0,27223.0,62.16,30.0,-10.3,1194978600.0
2007-11-13,510.0,586.0,510.0,537.85,552.0568594372089,74095,1976,40904653.0,36720.0,49.56,76.0,27.85,1194892200.0
2007-11-12,540.0,540.0,511.0,523.5,526.8097243187416,12587,345,6630954.0,9142.0,72.63,29.0,-16.5,1194805800.0
2007-11-09,540.0,547.8,535.05,541.55,542.0180419994085,10143,287,5497689.0,7680.0,75.72,12.75,1.55,1194546600.0
2007-11-08,530.0,542.0,523.15,526.15,531.203041740675,9008,309,4785077.0,5082.0,56.42,18.85,-3.85,1194460200.0
2007-11-07,534.0,554.7,534.0,542.05,545.5047495829219,117484,876,64088080.0,97401.0,82.91,20.7,8.05,1194373800.0
2007-11-06,520.0,567.0,515.0,523.4,541.0960762977661,78115,2183,42267720.0,31984.0,40.94,52.0,3.4,1194287400.0
2007-11-05,537.7,537.7,501.0,504.2,514.1684166727856,40857,685,21007379.0,27327.0,66.88,36.7,-33.5,1194201000.0
2007-11-02,525.0,549.0,516.0,521.2,531.5278703403566,77125,1151,40994087.0,33256.0,43.12,33.0,-3.8,1193941800.0
2007-11-01,553.6,571.0,524.0,536.9,549.5014251719359,38241,1059,21013484.0,23959.0,62.65,47.0,-16.7,1193855400.0
2007-10-31,529.7,575.0,505.0,545.25,548.7288028128422,52047,1304,28559688.0,28569.0,54.89,70.0,15.55,1193769000.0
2007-10-30,533.0,548.0,506.15,511.95,528.2001419849496,35215,868,18600568.0,19192.0,54.5,41.85,-21.05,1193682600.0
2007-10-29,501.0,554.0,501.0,529.7,534.1019219211015,146416,2649,78201067.0,67459.0,46.07,53.0,28.7,1193596200.0
2007-10-26,470.0,525.0,460.0,497.2,498.37534375736624,152724,3608,76113876.0,64643.0,42.33,65.0,27.2,1193337000.0
2007-10-25,470.0,478.8,455.0,459.2,466.7574018126888,36410,513,16994637.0,28579.0,78.49,23.8,-10.8,1193250600.0
2007-10-24,449.0,502.55,431.0,462.2,468.08288422226354,102239,1792,47856326.0,67064.0,65.6,71.55,13.2,1193164200.0
2007-10-23,454.9,455.0,429.35,437.05,435.2471949103528,8645,137,3762712.0,7507.0,86.84,25.65,-17.85,1193077800.0
2007-10-22,448.0,449.75,421.25,425.55,432.9201545396008,6212,179,2689300.0,5306.0,85.42,28.5,-22.45,1192991400.0
2007-10-19,425.05,452.0,416.2,442.2,439.07010855518223,15476,200,6795049.0,11128.0,71.9,35.8,17.15,1192732200.0
2007-10-18,425.05,440.0,425.05,429.75,432.0546629732225,5415,107,2339576.0,4750.0,87.72,14.95,4.7,1192645800.0
2007-10-17,400.0,424.9,400.0,421.8,419.3941997851772,1862,49,780912.0,1388.0,74.54,24.9,21.8,1192559400.0
2007-10-16,430.0,430.0,420.35,422.25,423.9747525752373,4951,91,2099099.0,4541.0,91.72,9.65,-7.75,1192473000.0
2007-10-15,425.0,434.0,420.5,429.85,426.7723747383971,8123,70,3466672.0,3317.0,40.83,13.5,4.85,1192386600.0
2007-10-12,437.0,439.0,420.0,421.8,426.19297623270654,2819,84,1201438.0,2114.0,74.99,19.0,-15.2,1192127400.0
2007-10-11,439.7,439.7,422.5,430.85,430.38536585365847,1435,55,617603.0,1242.0,86.55,17.2,-8.85,1192041000.0
2007-10-10,459.5,460.0,420.0,424.95,431.0324093816631,2345,89,1010771.0,1847.0,78.76,40.0,-34.55,1191954600.0
2007-10-09,420.0,429.75,420.0,424.5,423.92190305206464,2228,61,944498.0,850.0,38.15,9.75,4.5,1191868200.0
2007-10-08,430.1,433.5,405.05,420.15,420.333550234253,7684,157,3229843.0,5354.0,69.68,28.45,-9.95,1191781800.0
2007-10-05,446.0,448.95,423.0,433.9,440.4315754339119,2996,112,1319533.0,2502.0,83.51,25.95,-12.1,1191522600.0
2007-10-04,452.5,457.75,444.9,449.45,448.13574279541535,81927,149,36714417.0,79617.0,97.18,12.85,-3.05,1191436200.0
2007-10-03,472.7,472.7,441.05,450.25,455.727902089257,8089,173,3686383.0,6157.0,76.12,31.65,-22.45,1191349800.0
2007-10-01,478.0,478.0,455.1,461.05,461.35784313725486,8160,229,3764680.0,6576.0,80.59,22.9,-16.95,1191177000.0
2007-09-28,449.9,490.0,440.35,447.8,460.9199164121524,31105,704,14336914.0,15775.0,50.72,49.65,-2.1,1190917800.0
2007-09-27,458.95,462.0,435.1,443.3,453.0586138613861,5050,157,2287946.0,3759.0,74.44,26.9,-15.65,1190831400.0
2007-09-26,465.1,484.0,450.0,450.95,464.41402085747393,8630,240,4007893.0,6306.0,73.07,34.0,-14.15,1190745000.0
2007-09-25,469.4,469.4,448.2,457.6,458.0080289040546,4982,110,2281796.0,3605.0,72.36,21.2,-11.8,1190658600.0
2007-09-24,475.0,483.0,451.9,459.85,465.8816082359488,14376,294,6697514.0,11117.0,77.33,31.1,-15.15,1190572200.0
2007-09-21,455.0,475.0,455.0,463.1,465.1443312607488,15118,405,7032052.0,9425.0,62.34,20.0,8.1,1190313000.0
2007-09-20,459.95,459.95,438.0,452.5,444.7141230068337,7024,177,3123672.0,6138.0,87.39,21.95,-7.45,1190226600.0
2007-09-19,454.8,465.0,442.0,448.35,452.0928673033936,19684,426,8898996.0,15700.0,79.76,23.0,-6.45,1190140200.0
2007-09-18,415.0,462.0,415.0,439.95,440.0838226658837,102180,688,44967765.0,90490.0,88.56,47.0,24.95,1190053800.0
2007-09-17,432.1,432.1,415.0,415.75,419.94954128440367,1090,56,457745.0,631.0,57.89,17.1,-16.35,1189967400.0
2007-09-14,432.0,446.7,432.0,437.75,442.5474769397721,11058,140,4893690.0,8055.0,72.84,14.7,5.75,1189708200.0
2007-09-13,444.0,444.0,427.05,436.75,435.9369670003708,5394,165,2351444.0,3946.0,73.16,16.95,-7.25,1189621800.0
2007-09-12,425.0,432.5,424.0,428.3,428.58643533123035,3170,89,1358619.0,2799.0,88.3,8.5,3.3,1189535400.0
2007-09-11,421.0,429.0,415.5,425.1,424.2603139832056,2739,77,1162049.0,2297.0,83.86,13.5,4.1,1189449000.0
2007-09-10,415.0,423.0,414.5,418.6,418.30315614617933,3612,62,1510911.0,3141.0,86.96,8.5,3.6,1189362600.0
2007-09-07,414.8,421.0,408.0,418.5,416.93110236220474,4572,115,1906209.0,3891.0,85.1,13.0,3.7,1189103400.0
2007-09-06,418.0,418.0,402.25,412.0,411.96613712374574,2392,66,985423.0,1756.0,73.41,15.75,-6.0,1189017000.0
2007-09-05,405.0,417.75,405.0,408.25,410.7673051393893,5273,130,2165976.0,3617.0,68.59,12.75,3.25,1188930600.0
2007-09-04,407.0,410.0,402.5,403.2,405.9833047945205,2336,74,948377.0,2068.0,88.53,7.5,-3.8,1188844200.0
2007-09-03,410.0,415.0,396.0,400.25,403.3106827834041,9183,103,3703602.0,6636.0,72.26,19.0,-9.75,1188757800.0
2007-08-31,417.0,417.2,399.9,402.85,407.38844992346833,24173,258,9847801.0,20313.0,84.03,17.3,-14.15,1188498600.0
2007-08-30,413.0,425.0,410.0,424.0,419.7321428571429,728,36,305565.0,647.0,88.87,15.0,11.0,1188412200.0
2007-08-29,400.0,422.0,395.0,408.4,408.3984771573604,1182,65,482727.0,906.0,76.65,27.0,8.4,1188325800.0
2007-08-28,432.9,432.9,401.0,405.25,404.3868974042027,809,44,327149.0,780.0,96.42,31.9,-27.65,1188239400.0
2007-08-27,400.0,404.5,400.0,402.8,402.4259974259974,777,28,312685.0,617.0,79.41,4.5,2.8,1188153000.0
2007-08-24,390.0,410.0,389.0,397.1,398.70459770114945,1740,51,693746.0,1280.0,73.56,21.0,7.1,1187893800.0
2007-08-23,395.0,399.9,381.5,387.65,390.31625683060105,1464,53,571423.0,1309.0,89.41,18.4,-7.35,1187807400.0
2007-08-22,399.0,400.0,386.15,389.6,391.1225296442688,1771,58,692678.0,1562.0,88.2,13.85,-9.4,1187721000.0
2007-08-21,394.1,404.7,394.1,397.05,398.02891434806327,1833,47,729587.0,1786.0,97.44,10.6,2.95,1187634600.0
2007-08-20,414.9,414.95,393.5,394.6,398.93007293007287,2331,67,929906.0,1693.0,72.63,21.45,-20.3,1187548200.0
2007-08-17,397.85,400.0,386.0,390.95,393.86503496503497,5720,137,2252908.0,4696.0,82.1,14.0,-6.9,1187289000.0
2007-08-16,400.0,405.0,380.0,380.5,380.657952095247,170672,79,64967654.0,169848.0,99.52,25.0,-19.5,1187202600.0
2007-08-14,412.95,413.0,405.0,408.95,407.0916282135794,1517,52,617558.0,1249.0,82.33,8.0,-4.0,1187029800.0
2007-08-13,410.0,414.0,400.0,410.75,407.88934426229514,976,70,398100.0,716.0,73.36,14.0,0.75,1186943400.0
2007-08-10,408.0,420.0,395.0,400.85,408.5481703659268,8335,109,3405249.0,7574.0,90.87,25.0,-7.15,1186684200.0
2007-08-09,417.0,433.45,417.0,418.55,421.3524150268336,3913,54,1648752.0,3458.0,88.37,16.45,1.55,1186597800.0
2007-08-08,405.0,430.0,397.75,425.7,424.4299741602067,1935,50,821272.0,1755.0,90.7,32.25,20.7,1186511400.0
2007-08-07,423.0,423.0,409.2,414.35,412.5846207865169,2848,49,1175041.0,2615.0,91.82,13.8,-8.65,1186425000.0
2007-08-06,381.05,440.0,381.05,418.45,400.3102253032929,2885,55,1154895.0,1659.0,57.5,58.95,37.4,1186338600.0
2007-08-03,417.5,424.9,411.0,414.15,416.1546762589928,1946,65,809837.0,1641.0,84.33,13.9,-3.35,1186079400.0
2007-08-02,425.0,433.0,415.25,416.6,424.0224719101124,2581,41,1094402.0,1962.0,76.02,17.75,-8.4,1185993000.0
