Date,Open Price,High Price,Low Price,Close Price,WAP,No.of Shares,No. of Trades,Total Turnover (Rs.),Deliverable Quantity,% Deli. Qty to Traded Qty,Spread High-Low,Spread Close-Open,Unix Date
2021-04-23,95.85,99.5,91.5,98.9,96.93510681176944,2481,71,240496.0,2481.0,100.0,8.0,3.05,1619116200.0
2021-04-22,95.65,97.95,91.25,96.05,93.99609615779741,4867,113,457479.0,4867.0,100.0,6.7,0.4,1619029800.0
2021-04-20,99.9,100.0,92.45,96.05,94.22936526389213,8602,152,810561.0,8602.0,100.0,7.55,-3.85,1618857000.0
2021-04-19,102.6,103.9,97.3,97.3,98.44386342663795,6502,140,640082.0,6502.0,100.0,6.6,-5.3,1618770600.0
2021-04-16,100.7,108.8,100.7,102.4,102.4955836390814,7359,127,754265.0,7359.0,100.0,8.1,1.7,1618511400.0
2021-04-15,105.4,108.8,101.0,106.0,104.6635205285512,4238,93,443564.0,4238.0,100.0,7.8,0.6,1618425000.0
2021-04-13,103.3,112.0,101.85,104.05,103.3792194092827,7584,128,784028.0,7584.0,100.0,10.15,0.75,1618252200.0
2021-04-12,110.0,114.0,105.15,107.2,107.67885256837891,7495,123,807053.0,7495.0,100.0,8.85,-2.8,1618165800.0
2021-04-09,105.0,112.45,105.0,110.65,110.55118694362017,4044,113,447069.0,4044.0,100.0,7.45,5.65,1617906600.0
2021-04-08,102.8,113.0,102.8,107.1,106.54947522029522,17817,204,1898392.0,17817.0,100.0,10.2,4.3,1617820200.0
2021-04-07,108.2,111.0,108.2,108.2,108.43180260452364,2918,72,316404.0,2918.0,100.0,2.8,0.0,1617733800.0
2021-04-06,114.85,114.9,110.4,110.4,111.2529618956132,3123,85,347443.0,3123.0,100.0,4.5,-4.45,1617647400.0
2021-04-05,115.7,115.7,111.2,112.65,114.2391584198246,24858,281,2839757.0,24858.0,100.0,4.5,-3.05,1617561000.0
2021-04-01,109.05,113.45,109.05,113.45,110.66622251832112,24016,201,2657760.0,24016.0,100.0,4.4,4.4,1617215400.0
2021-03-31,111.25,111.25,111.25,111.25,111.24761904761904,210,14,23362.0,210.0,100.0,0.0,0.0,1617129000.0
2021-03-30,113.5,113.5,113.5,113.5,113.49797570850203,247,27,28034.0,247.0,100.0,0.0,0.0,1617042600.0
2021-03-26,115.8,115.8,115.8,115.8,115.79801324503312,302,19,34971.0,302.0,100.0,0.0,0.0,1616697000.0
2021-03-25,118.15,118.15,118.15,118.15,118.14898989898988,396,17,46787.0,396.0,100.0,0.0,0.0,1616610600.0
2021-03-24,120.55,120.55,120.55,120.55,120.54986666666666,1875,26,226031.0,1875.0,100.0,0.0,0.0,1616524200.0
2021-03-23,123.0,123.0,123.0,123.0,123.0,5246,50,645258.0,5246.0,100.0,0.0,0.0,1616437800.0
2021-03-22,125.5,125.5,125.5,125.5,125.5,692,25,86846.0,692.0,100.0,0.0,0.0,1616351400.0
2021-03-19,128.05,128.05,128.05,128.05,128.0467289719626,214,24,27402.0,214.0,100.0,0.0,0.0,1616092200.0
2021-03-18,130.65,130.65,130.65,130.65,130.6493710691824,636,18,83093.0,636.0,100.0,0.0,0.0,1616005800.0
2021-03-17,133.3,133.3,133.3,133.3,133.29931972789117,1323,20,176355.0,1323.0,100.0,0.0,0.0,1615919400.0
2021-03-16,136.0,136.0,136.0,136.0,136.0,397,29,53992.0,397.0,100.0,0.0,0.0,1615833000.0
2021-03-15,138.75,138.75,138.75,138.75,138.7494199535963,431,21,59801.0,431.0,100.0,0.0,0.0,1615746600.0
2021-03-12,141.55,141.55,141.55,141.55,141.55,13020,111,1842981.0,13020.0,100.0,0.0,0.0,1615487400.0
2021-03-10,144.4,144.4,144.4,144.4,144.39952295766247,1677,29,242158.0,1677.0,100.0,0.0,0.0,1615314600.0
2021-03-09,147.3,147.3,147.3,147.3,147.3,450,29,66285.0,450.0,100.0,0.0,0.0,1615228200.0
2021-03-08,150.3,150.3,150.3,150.3,150.29928741092635,842,35,126552.0,842.0,100.0,0.0,0.0,1615141800.0
2021-03-05,153.35,153.35,153.35,153.35,153.34990560100692,3178,44,487346.0,3178.0,100.0,0.0,0.0,1614882600.0
2021-03-04,156.45,156.45,156.45,156.45,156.44967532467533,616,25,96373.0,616.0,100.0,0.0,0.0,1614796200.0
2021-03-03,159.6,159.6,159.6,159.6,159.5996216897856,1586,38,253125.0,1586.0,100.0,0.0,0.0,1614709800.0
2021-03-02,162.85,162.85,162.85,162.85,162.84688995215313,209,22,34035.0,209.0,100.0,0.0,0.0,1614623400.0
2021-03-01,172.75,172.75,166.15,166.15,167.8232795242141,5885,144,987640.0,5885.0,100.0,6.6,-6.6,1614537000.0
2021-02-26,170.6,170.6,164.0,169.5,166.80992242467977,27715,363,4623137.0,27715.0,100.0,6.6,-1.1,1614277800.0
2021-02-25,166.95,167.3,163.0,167.3,166.91063414634147,5125,114,855417.0,5125.0,100.0,4.3,0.35,1614191400.0
2021-02-24,164.05,164.05,157.65,164.05,163.32946383225712,27566,356,4502340.0,27566.0,100.0,6.4,0.0,1614105000.0
2021-02-23,160.85,160.85,160.85,160.85,160.8499061913696,4264,55,685864.0,4264.0,100.0,0.0,0.0,1614018600.0
2021-02-22,157.7,157.7,157.7,157.7,157.6997759522031,4017,38,633480.0,4017.0,100.0,0.0,0.0,1613932200.0
2021-02-19,154.65,154.65,151.65,154.65,154.47839363908733,17356,173,2681127.0,17356.0,100.0,3.0,0.0,1613673000.0
2021-02-18,151.65,151.65,148.7,151.65,151.51854316655576,16529,250,2504450.0,16529.0,100.0,2.95,0.0,1613586600.0
2021-02-17,148.7,148.7,148.7,148.7,148.6999197914578,9974,96,1483133.0,9974.0,100.0,0.0,0.0,1613500200.0
2021-02-16,291.6,291.6,291.6,291.6,291.6,10300,264,3003480.0,10300.0,100.0,0.0,0.0,1613413800.0
2021-02-15,280.5,285.9,274.7,285.9,279.7914105060494,45707,923,12788426.0,45707.0,100.0,11.2,5.4,1613327400.0
2021-02-12,280.3,280.3,280.3,280.3,280.2999763983951,4237,31,1187631.0,4237.0,100.0,0.0,0.0,1613068200.0
2021-02-11,274.85,274.85,274.85,274.85,274.84991735537193,6050,49,1662842.0,6050.0,100.0,0.0,0.0,1612981800.0
2021-02-10,269.5,269.5,269.5,269.5,269.4998801821232,4173,48,1124623.0,4173.0,100.0,0.0,0.0,1612895400.0
2021-02-09,264.25,264.25,256.3,264.25,264.2400339270568,2358,58,623078.0,2358.0,100.0,7.95,0.0,1612809000.0
2021-02-08,258.0,259.1,255.6,259.1,258.609074243813,2182,66,564285.0,2182.0,100.0,3.5,1.1,1612722600.0
2021-02-05,257.5,257.6,248.7,254.05,253.70092838196288,3016,80,765162.0,3016.0,100.0,8.9,-3.45,1612463400.0
2021-02-04,251.8,252.75,245.0,252.75,252.06462585034012,3234,56,815177.0,3234.0,100.0,7.75,0.95,1612377000.0
2021-02-03,247.0,255.9,246.4,247.8,247.88537725350545,4493,109,1113749.0,4493.0,100.0,9.5,0.8,1612290600.0
2021-02-02,261.5,261.5,251.4,251.4,251.87369308600336,5930,93,1493611.0,5930.0,100.0,10.1,-10.1,1612204200.0
2021-02-01,261.0,262.0,256.5,256.5,256.8792204227285,7286,121,1871622.0,6926.0,95.06,5.5,-4.5,1612117800.0
2021-01-29,263.0,266.75,257.0,261.7,262.4854399008674,3228,102,847303.0,2800.0,86.74,9.75,-1.3,1611858600.0
2021-01-28,253.55,263.4,253.1,261.6,257.60332980972515,3784,124,974771.0,3155.0,83.38,10.3,8.05,1611772200.0
2021-01-27,266.0,266.0,257.1,258.25,261.6354462314727,3171,99,829646.0,2849.0,89.85,8.9,-7.75,1611685800.0
2021-01-25,269.3,269.3,260.0,261.9,263.95070422535207,4260,153,1124430.0,3528.0,82.82,9.3,-7.4,1611513000.0
2021-01-22,266.95,266.95,257.0,264.05,266.1442817470336,15844,235,4216790.0,14977.0,94.53,9.95,-2.9,1611253800.0
2021-01-21,259.0,261.9,258.15,261.75,261.66649323621226,7688,152,2011692.0,7539.0,98.06,3.75,2.75,1611167400.0
2021-01-20,251.8,256.8,251.8,256.8,256.3233657858136,2876,97,737186.0,2747.0,95.51,5.0,5.0,1611081000.0
2021-01-19,252.2,252.2,245.0,251.8,251.88569424964936,2852,100,718378.0,2781.0,97.51,7.2,-0.4,1610994600.0
2021-01-18,246.0,255.0,245.35,247.3,248.7374722079699,5847,229,1454368.0,5284.0,90.37,9.65,1.3,1610908200.0
2021-01-15,250.35,250.35,250.35,250.35,250.349478390462,1342,61,335969.0,1342.0,100.0,0.0,0.0,1610649000.0
2021-01-14,255.6,256.0,255.45,255.45,255.45926605504587,5450,85,1392253.0,5450.0,100.0,0.55,-0.15,1610562600.0
2021-01-13,270.0,271.2,260.65,260.65,262.0289453054333,16583,191,4345226.0,15346.0,92.54,10.55,-9.35,1610476200.0
2021-01-12,254.55,265.95,254.55,265.95,263.3931425385616,21524,314,5669274.0,16448.0,76.42,11.4,11.4,1610389800.0
2021-01-11,274.0,274.85,248.75,253.3,258.8430455523337,42764,732,11069164.0,32678.0,76.41,26.1,-20.7,1610303400.0
2021-01-08,261.0,261.85,255.0,261.8,261.2662275284754,43722,612,11423082.0,36422.0,83.3,6.85,0.8,1610044200.0
2021-01-07,249.4,249.4,242.2,249.4,249.27820262501356,36876,343,9192383.0,29701.0,80.54,7.2,0.0,1609957800.0
2021-01-06,237.55,237.55,237.55,237.55,237.5499129722535,9767,29,2320150.0,9767.0,100.0,0.0,0.0,1609871400.0
2021-01-05,226.25,226.25,226.25,226.25,226.24981631153565,4083,33,923778.0,4083.0,100.0,0.0,0.0,1609785000.0
2021-01-04,215.5,215.5,215.5,215.5,215.49984620116888,3251,21,700590.0,3251.0,100.0,0.0,0.0,1609698600.0
2021-01-01,205.25,205.25,205.25,205.25,205.24993604502433,3909,24,802322.0,3909.0,100.0,0.0,0.0,1609439400.0
2020-12-31,195.5,195.5,195.5,195.5,195.49979466119095,2435,27,476042.0,2435.0,100.0,0.0,0.0,1609353000.0
2020-12-30,186.2,186.2,184.7,186.2,186.183160356673,47887,304,8915753.0,43379.0,90.59,1.5,0.0,1609266600.0
2020-12-29,177.35,177.35,177.35,177.35,177.349975684876,12338,32,2188144.0,12337.0,99.99,0.0,0.0,1609180200.0
2020-12-28,168.95,168.95,168.95,168.95,168.9499778663125,9036,26,1526632.0,9036.0,100.0,0.0,0.0,1609093800.0
2020-12-24,163.95,163.95,154.05,160.95,160.5651289009498,2948,56,473346.0,2689.0,91.21,9.9,-3.0,1608748200.0
2020-12-23,153.0,157.5,150.5,157.05,154.90972529906955,9028,59,1398525.0,7976.0,88.35,7.0,4.05,1608661800.0
2020-12-22,147.8,150.4,145.0,150.2,149.9714761607329,4803,49,720313.0,4740.0,98.69,5.4,2.4,1608575400.0
2020-12-21,149.9,156.6,141.75,143.25,152.7421031120453,17127,118,2616014.0,10192.0,59.51,14.85,-6.65,1608489000.0
2020-12-18,153.95,153.95,143.5,149.2,146.24288861220188,10441,71,1526922.0,6062.0,58.06,10.45,-4.75,1608229800.0
2020-12-17,158.95,158.95,146.55,148.8,149.19957277998168,3277,35,488927.0,3186.0,97.22,12.4,-10.15,1608143400.0
2020-12-16,159.0,159.0,148.5,154.25,155.58673469387756,392,15,60990.0,332.0,84.69,10.5,-4.75,1608057000.0
2020-12-15,160.0,160.0,150.2,153.4,152.79666100169948,10003,101,1528425.0,7759.0,77.57,9.8,-6.6,1607970600.0
2020-12-14,151.7,162.9,151.55,158.1,157.39696005655708,2829,41,445276.0,2600.0,91.91,11.35,6.4,1607884200.0
2020-12-11,159.0,160.5,147.65,156.05,155.60589970501474,3390,55,527504.0,3092.0,91.21,12.85,-2.95,1607625000.0
2020-12-10,161.0,161.0,152.0,155.1,155.3199216395419,6636,40,1030703.0,6111.0,92.09,9.0,-5.9,1607538600.0
2020-12-09,156.7,156.7,149.8,153.35,154.4538919186911,4034,36,623067.0,3382.0,83.84,6.9,-3.35,1607452200.0
2020-12-08,149.0,153.8,149.0,149.25,150.09302890454214,4117,39,617933.0,4089.0,99.32,4.8,0.25,1607365800.0
2020-12-07,145.7,153.05,145.1,148.0,150.82531936270993,6967,55,1050800.0,6676.0,95.82,7.95,2.3,1607279400.0
2020-12-04,145.8,145.8,141.0,145.8,145.59217301750772,4855,23,706850.0,4755.0,97.94,4.8,0.0,1607020200.0
2020-12-03,137.6,143.15,137.6,142.95,142.56058527663464,2187,54,311780.0,1973.0,90.21,5.55,5.35,1606933800.0
2020-12-02,143.2,144.25,140.35,140.35,140.90743274053807,2193,54,309010.0,2122.0,96.76,3.9,-2.85,1606847400.0
2020-12-01,144.0,148.95,143.2,143.2,144.91496977410117,12572,81,1821871.0,12379.0,98.46,5.75,-0.8,1606761000.0
2020-11-27,146.0,149.95,145.95,146.1,146.237558685446,2130,30,311486.0,1982.0,93.05,4.0,0.1,1606415400.0
2020-11-26,148.9,154.45,148.9,148.9,148.90106951871655,4862,28,723957.0,4862.0,100.0,5.55,0.0,1606329000.0
2020-11-25,153.0,154.8,151.9,151.9,152.02413984461708,3604,37,547895.0,3601.0,99.92,2.9,-1.1,1606242600.0
2020-11-24,155.95,156.0,155.0,155.0,155.1787878787879,660,12,102418.0,610.0,92.42,1.0,-0.95,1606156200.0
2020-11-23,150.75,156.45,150.4,155.0,154.98661744347024,4334,36,671712.0,3685.0,85.03,6.05,4.25,1606069800.0
2020-11-20,156.6,159.0,153.45,153.45,157.45823195458232,6165,38,970730.0,5969.0,96.82,5.55,-3.15,1605810600.0
2020-11-19,158.95,159.5,153.5,156.55,154.64975738861932,2267,53,350591.0,1837.0,81.03,6.0,-2.4,1605724200.0
2020-11-18,158.05,162.9,156.6,156.6,158.8211646467632,3383,44,537292.0,2604.0,76.97,6.3,-1.45,1605637800.0
2020-11-17,162.75,162.75,156.9,159.75,161.61410579345088,1985,49,320804.0,1923.0,96.88,5.85,-3.0,1605551400.0
2020-11-14,161.85,161.85,156.1,159.6,159.6,1340,11,213864.0,1339.0,99.93,5.75,-2.25,1605292200.0
2020-11-13,161.55,161.55,155.25,158.7,156.46153846153845,1638,41,256284.0,1378.0,84.13,6.3,-2.85,1605205800.0
2020-11-12,153.55,159.65,153.55,158.4,154.07255008121277,11082,87,1707432.0,10438.0,94.19,6.1,4.85,1605119400.0
2020-11-11,156.65,156.65,156.65,156.65,156.64979123173276,1916,9,300141.0,1916.0,100.0,0.0,0.0,1605033000.0
2020-11-10,159.8,159.8,159.8,159.8,159.79915878023132,951,10,151969.0,951.0,100.0,0.0,0.0,1604946600.0
2020-11-09,163.2,163.2,163.05,163.05,163.0500453583308,6614,39,1078413.0,6109.0,92.36,0.15,-0.15,1604860200.0
2020-11-06,166.35,171.8,166.35,166.35,166.45558375634516,2364,41,393501.0,2220.0,93.91,5.45,0.0,1604601000.0
2020-11-05,176.6,176.6,169.7,169.7,174.7624812636919,26019,171,4547145.0,22535.0,86.61,6.9,-6.9,1604514600.0
2020-11-04,173.15,173.15,173.15,173.15,173.14989733059548,3409,14,590268.0,3409.0,100.0,0.0,0.0,1604428200.0
2020-11-03,169.8,169.8,169.8,169.8,169.79992275009656,2589,20,439612.0,2589.0,100.0,0.0,0.0,1604341800.0
2020-11-02,166.5,166.5,166.5,166.5,166.5,1542,14,256743.0,1542.0,100.0,0.0,0.0,1604255400.0
2020-10-30,161.0,163.7,161.0,163.25,162.63129357087527,2582,37,419914.0,2582.0,100.0,2.7,2.25,1603996200.0
2020-10-29,158.85,162.0,156.1,160.5,161.0345937248592,2486,38,400332.0,2121.0,85.32,5.9,1.65,1603909800.0
2020-10-28,164.0,164.0,158.85,158.85,159.33001107419713,1806,29,287750.0,1772.0,98.12,5.15,-5.15,1603823400.0
2020-10-27,167.5,168.0,161.5,162.05,164.22430722234344,4583,67,752640.0,3437.0,74.99,6.5,-5.45,1603737000.0
2020-10-26,165.0,167.0,160.7,164.75,165.98500851788756,8805,91,1461498.0,7634.0,86.7,6.3,-0.25,1603650600.0
2020-10-23,163.75,163.75,159.0,163.75,162.92477876106193,3616,53,589136.0,2928.0,80.97,4.75,0.0,1603391400.0
2020-10-22,160.55,160.55,158.5,160.55,160.46975934135529,6316,74,1013527.0,6224.0,98.54,2.05,0.0,1603305000.0
2020-10-21,151.35,157.45,151.35,157.45,155.25591505726945,11961,81,1857016.0,11211.0,93.73,6.1,6.1,1603218600.0
2020-10-20,154.4,154.4,154.4,154.4,154.3939393939394,33,4,5095.0,33.0,100.0,0.0,0.0,1603132200.0
2020-10-19,157.55,157.55,157.55,157.55,157.54929577464787,142,9,22372.0,142.0,100.0,0.0,0.0,1603045800.0
2020-10-16,160.75,160.75,160.75,160.75,160.74137931034483,58,5,9323.0,58.0,100.0,0.0,0.0,1602786600.0
2020-10-15,170.0,170.6,164.0,164.0,164.77800501998698,10757,99,1772517.0,9811.0,91.21,6.6,-6.0,1602700200.0
2020-10-14,161.25,167.75,161.25,167.3,162.36790399801032,16083,98,2611363.0,14459.0,89.9,6.5,6.05,1602613800.0
2020-10-13,164.5,164.5,164.5,164.5,164.49913941480207,581,5,95574.0,581.0,100.0,0.0,0.0,1602527400.0
2020-10-12,167.85,167.85,167.85,167.85,167.83928571428572,56,4,9399.0,56.0,100.0,0.0,0.0,1602441000.0
2020-10-09,171.25,171.25,171.25,171.25,171.2470588235294,255,6,43668.0,255.0,100.0,0.0,0.0,1602181800.0
2020-10-08,174.7,179.0,174.7,174.7,174.79732313575525,3138,39,548514.0,3138.0,100.0,4.3,0.0,1602095400.0
2020-10-07,182.95,185.45,178.25,178.25,178.9690788996153,13777,120,2465657.0,11569.0,83.97,7.2,-4.7,1602009000.0
2020-10-06,181.85,181.85,174.75,181.85,178.34727742831785,25913,238,4621513.0,20888.0,80.61,7.1,0.0,1601922600.0
2020-10-05,178.3,178.3,178.3,178.3,178.29905437352244,846,9,150841.0,846.0,100.0,0.0,0.0,1601836200.0
2020-10-01,174.85,174.85,174.85,174.85,174.84972562262558,2369,12,414219.0,2369.0,100.0,0.0,0.0,1601490600.0
2020-09-30,171.45,171.45,171.45,171.45,171.4498886414254,2694,15,461886.0,2694.0,100.0,0.0,0.0,1601404200.0
2020-09-29,168.1,168.1,168.1,168.1,168.09988734509952,2663,15,447650.0,2663.0,100.0,0.0,0.0,1601317800.0
2020-09-28,164.8,164.85,164.8,164.85,164.84778121775025,1938,13,319475.0,1938.0,100.0,0.05,0.05,1601231400.0
2020-09-25,161.65,161.65,161.65,161.65,161.64992907801417,3525,35,569816.0,3525.0,100.0,0.0,0.0,1600972200.0
2020-09-24,158.5,158.5,152.3,158.5,157.3089661345666,20109,170,3163326.0,15384.0,76.5,6.2,0.0,1600885800.0
2020-09-23,155.4,155.4,155.0,155.4,155.39055169066495,6181,41,960469.0,5881.0,95.15,0.4,0.0,1600799400.0
2020-09-22,152.4,152.4,152.4,152.4,152.4,3615,25,550926.0,3615.0,100.0,0.0,0.0,1600713000.0
2020-09-21,149.4,149.45,149.4,149.45,149.448896156991,3669,20,548328.0,3669.0,100.0,0.05,0.05,1600626600.0
2020-09-18,146.55,146.55,146.55,146.55,146.54959349593497,1845,9,270384.0,1845.0,100.0,0.0,0.0,1600367400.0
2020-09-17,143.7,143.7,143.7,143.7,143.69996766892984,3093,16,444464.0,3093.0,100.0,0.0,0.0,1600281000.0
2020-09-16,140.9,140.9,140.9,140.9,140.899806856591,4142,64,583607.0,4138.0,99.9,0.0,0.0,1600194600.0
2020-09-15,138.1,138.15,138.1,138.15,138.14957489241104,9527,72,1316151.0,8315.0,87.28,0.05,0.05,1600108200.0
2020-09-14,135.45,135.45,135.45,135.45,135.44996293550778,1349,11,182722.0,1349.0,100.0,0.0,0.0,1600021800.0
2020-09-11,132.8,132.8,132.8,132.8,132.8,1340,8,177952.0,1340.0,100.0,0.0,0.0,1599762600.0
2020-09-10,130.2,130.2,130.2,130.2,130.19976289270895,1687,22,219647.0,1687.0,100.0,0.0,0.0,1599676200.0
2020-09-09,127.65,127.65,127.65,127.65,127.64991419465557,4079,19,520684.0,4079.0,100.0,0.0,0.0,1599589800.0
2020-09-08,125.15,125.15,125.15,125.15,125.14990050851203,4523,25,566053.0,4523.0,100.0,0.0,0.0,1599503400.0
2020-09-07,122.7,122.7,120.5,122.7,122.6743515850144,1735,15,212840.0,1735.0,100.0,2.2,0.0,1599417000.0
2020-09-04,115.9,120.3,115.6,120.3,118.91926892950391,9575,53,1138652.0,9015.0,94.15,4.7,4.4,1599157800.0
2020-09-03,120.0,120.0,116.1,117.95,118.34578313253012,2490,33,294681.0,2330.0,93.57,3.9,-2.05,1599071400.0
2020-09-02,120.0,120.0,116.0,117.65,119.04799801044516,4021,79,478692.0,3639.0,90.5,4.0,-2.35,1598985000.0
2020-09-01,113.95,118.55,113.95,117.65,114.65975859713048,8782,72,1006942.0,8565.0,97.53,4.6,3.7,1598898600.0
2020-08-31,120.95,120.95,116.25,116.25,119.29026040023832,28533,83,3403709.0,22532.0,78.97,4.7,-4.7,1598812200.0
2020-08-28,116.3,118.6,116.3,118.6,118.50687146321746,2474,18,293186.0,2474.0,100.0,2.3,2.3,1598553000.0
2020-08-27,116.3,116.3,116.3,116.3,116.29824561403508,114,6,13258.0,114.0,100.0,0.0,0.0,1598466600.0
2020-08-26,114.05,114.05,114.05,114.05,114.04942630185349,1133,11,129218.0,1133.0,100.0,0.0,0.0,1598380200.0
2020-08-25,111.85,111.85,111.85,111.85,111.84994834710744,15488,37,1732332.0,14488.0,93.54,0.0,0.0,1598293800.0
2020-08-24,109.7,109.7,109.7,109.7,109.69984763839513,3938,21,431998.0,3938.0,100.0,0.0,0.0,1598207400.0
2020-08-21,107.55,107.55,107.55,107.55,107.54951298701297,1232,9,132501.0,1232.0,100.0,0.0,0.0,1597948200.0
2020-08-20,105.45,105.45,105.45,105.45,105.44978783592644,2828,18,298212.0,2783.0,98.41,0.0,0.0,1597861800.0
2020-08-19,103.4,103.4,103.4,103.4,103.39971751412428,708,6,73207.0,708.0,100.0,0.0,0.0,1597775400.0
2020-08-18,101.4,101.4,101.4,101.4,101.3992443324937,794,9,80511.0,794.0,100.0,0.0,0.0,1597689000.0
2020-08-17,99.45,99.45,99.45,99.45,99.44991334488736,2885,17,286913.0,2885.0,100.0,0.0,0.0,1597602600.0
2020-08-14,97.5,97.5,97.5,97.5,97.5,988,9,96330.0,988.0,100.0,0.0,0.0,1597343400.0
2020-08-13,97.6,97.6,97.6,97.6,97.59677419354838,248,4,24204.0,248.0,100.0,0.0,0.0,1597257000.0
2020-08-12,95.7,95.7,95.7,95.7,95.69978858350952,946,11,90532.0,946.0,100.0,0.0,0.0,1597170600.0
2020-08-11,93.85,93.85,93.85,93.85,93.84986225895315,726,8,68135.0,726.0,100.0,0.0,0.0,1597084200.0
2020-08-10,92.05,92.05,92.05,92.05,92.04992657856094,1362,10,125372.0,1362.0,100.0,0.0,0.0,1596997800.0
2020-08-07,87.7,87.7,87.7,87.7,87.69859813084112,428,11,37535.0,428.0,100.0,0.0,0.0,1596738600.0
2020-08-06,83.55,83.55,83.55,83.55,83.54754098360654,305,8,25482.0,305.0,100.0,0.0,0.0,1596652200.0
2020-08-05,79.6,79.6,79.6,79.6,79.5997968511935,1969,15,156732.0,1969.0,100.0,0.0,0.0,1596565800.0
2020-08-04,75.0,75.85,69.15,75.85,75.30782761653474,4548,53,342500.0,4533.0,99.67,6.7,0.85,1596479400.0
2020-08-03,72.0,72.25,68.0,72.25,72.20454545454545,3256,39,235098.0,3086.0,94.78,4.25,0.25,1596393000.0
2020-07-31,69.0,69.0,68.5,68.85,68.8997722095672,878,15,60494.0,616.0,70.16,0.5,-0.15,1596133800.0
2020-07-30,69.05,74.8,68.15,69.9,70.36001829826168,2186,33,153807.0,1648.0,75.39,6.65,0.85,1596047400.0
2020-07-29,70.0,72.0,68.6,71.7,70.96088019559902,818,19,58046.0,728.0,89.0,3.4,1.7,1595961000.0
2020-07-28,70.3,70.35,69.8,70.0,70.13399503722084,403,12,28264.0,402.0,99.75,0.55,-0.3,1595874600.0
2020-07-27,68.1,68.1,66.85,67.0,67.19269406392695,1095,24,73576.0,1038.0,94.79,1.25,-1.1,1595788200.0
2020-07-24,71.8,73.2,68.05,69.85,71.15754132231405,1936,28,137761.0,1822.0,94.11,5.15,-1.95,1595529000.0
2020-07-23,69.55,69.9,67.0,69.9,69.53409610983982,2185,42,151932.0,1982.0,90.71,2.9,0.35,1595442600.0
2020-07-22,67.5,67.5,66.5,66.6,67.09132420091323,1533,19,102851.0,1533.0,100.0,1.0,-0.9,1595356200.0
2020-07-21,66.45,69.75,66.45,67.05,68.35712347354138,3685,41,251896.0,2981.0,80.9,3.3,0.6,1595269800.0
2020-07-20,65.0,66.9,65.0,66.45,65.76974386339381,3748,20,246505.0,3057.0,81.56,1.9,1.45,1595183400.0
2020-07-17,66.85,68.0,66.0,66.75,66.50943396226415,318,13,21150.0,226.0,71.07,2.0,-0.1,1594924200.0
2020-07-16,67.0,69.6,66.85,66.9,67.29684601113173,1078,19,72546.0,777.0,72.08,2.75,-0.1,1594837800.0
2020-07-15,68.0,70.0,67.0,67.0,67.28433098591549,1136,17,76435.0,1126.0,99.12,3.0,-1.0,1594751400.0
2020-07-14,70.5,70.5,65.5,66.7,68.62037871956717,1109,31,76100.0,945.0,85.21,5.0,-3.8,1594665000.0
2020-07-13,68.0,69.8,66.1,67.35,67.95970394736841,2432,25,165278.0,1673.0,68.79,3.7,-0.65,1594578600.0
2020-07-10,72.0,72.0,68.05,69.35,70.78575851393188,1615,33,114319.0,1434.0,88.79,3.95,-2.65,1594319400.0
2020-07-09,72.1,75.0,70.1,71.2,72.22066057624735,4269,38,308310.0,2735.0,64.07,4.9,-0.9,1594233000.0
2020-07-08,70.0,74.0,69.45,73.45,72.3611323641928,3921,44,283728.0,3055.0,77.91,4.55,3.45,1594146600.0
2020-07-07,70.8,72.55,66.0,71.65,71.12837596668649,8405,103,597834.0,6089.0,72.44,6.55,0.85,1594060200.0
2020-07-06,71.6,71.6,70.0,71.6,71.35520833333332,8640,73,616509.0,8349.0,96.63,1.6,0.0,1593973800.0
2020-07-03,68.8,68.8,65.25,68.2,67.97078472429953,10029,62,681679.0,4921.0,49.07,3.55,-0.6,1593714600.0
2020-07-02,65.6,68.5,65.0,67.7,67.41522351993557,2483,34,167392.0,2293.0,92.35,3.5,2.1,1593628200.0
2020-07-01,66.85,68.85,65.2,66.6,66.44789983844912,2476,35,164525.0,1818.0,73.42,3.65,-0.25,1593541800.0
2020-06-30,67.65,68.0,66.05,66.85,67.19742883379247,2178,26,146356.0,2147.0,98.58,1.95,-0.8,1593455400.0
2020-06-29,68.45,68.45,65.0,65.85,66.36460378138237,9679,62,642343.0,8144.0,84.14,3.45,-2.6,1593369000.0
2020-06-26,68.0,68.4,65.0,65.55,66.28338692390139,4665,51,309212.0,3451.0,73.98,3.4,-2.45,1593109800.0
2020-06-25,66.5,66.95,65.1,66.5,66.19359664871335,3342,28,221219.0,3112.0,93.12,1.85,0.0,1593023400.0
2020-06-24,70.0,70.0,64.1,66.25,67.74344528710725,4615,51,312636.0,3276.0,70.99,5.9,-3.75,1592937000.0
2020-06-23,71.8,71.9,66.75,67.15,68.51818084307625,9323,95,638795.0,5419.0,58.12,5.15,-4.65,1592850600.0
2020-06-22,66.2,69.5,65.2,68.95,68.3444136657433,6498,60,444102.0,4461.0,68.65,4.3,2.75,1592764200.0
2020-06-19,67.0,69.8,65.0,66.2,68.18605554476596,5149,63,351090.0,3967.0,77.04,4.8,-0.8,1592505000.0
2020-06-18,67.7,67.95,64.35,66.5,65.04709096002989,42832,53,2786097.0,41630.0,97.19,3.6,-1.2,1592418600.0
2020-06-17,67.7,67.7,67.7,67.7,67.69426751592357,157,4,10628.0,157.0,100.0,0.0,0.0,1592332200.0
2020-06-16,65.0,65.5,64.2,64.5,64.85046728971962,2140,10,138780.0,2140.0,100.0,1.3,-0.5,1592245800.0
2020-06-15,62.8,65.0,62.7,65.0,64.36005625879044,711,7,45760.0,610.0,85.79,2.3,2.2,1592159400.0
2020-06-12,66.0,66.0,63.35,65.0,64.16556291390728,604,8,38756.0,554.0,91.72,2.65,-1.0,1591900200.0
2020-06-11,69.8,70.0,64.9,65.95,66.74481152054214,4722,41,315169.0,4710.0,99.75,5.1,-3.85,1591813800.0
2020-06-10,70.0,71.9,68.3,68.3,68.77777777777777,1062,16,73042.0,1062.0,100.0,3.6,-1.7,1591727400.0
2020-06-09,79.0,79.35,71.85,71.85,73.27014481990345,5386,53,394633.0,4993.0,92.7,7.5,-7.15,1591641000.0
2020-06-08,75.6,75.6,75.6,75.6,75.59504132231406,121,3,9147.0,121.0,100.0,0.0,0.0,1591554600.0
2020-06-05,72.0,72.0,72.0,72.0,72.0,549,9,39528.0,549.0,100.0,0.0,0.0,1591295400.0
2020-06-04,68.6,68.6,68.6,68.6,68.59602649006624,151,5,10358.0,151.0,100.0,0.0,0.0,1591209000.0
2020-06-03,65.35,65.35,65.35,65.35,65.34955752212389,226,4,14769.0,226.0,100.0,0.0,0.0,1591122600.0
2020-06-02,62.0,62.25,62.0,62.25,62.20038535645472,519,14,32282.0,400.0,77.07,0.25,0.25,1591036200.0
2020-06-01,59.3,59.3,58.75,59.3,59.29054054054055,148,10,8775.0,146.0,98.65,0.55,0.0,1590949800.0
2020-05-29,54.5,56.5,54.5,56.5,54.638888888888886,144,3,7868.0,144.0,100.0,2.0,2.0,1590690600.0
2020-05-28,54.5,54.5,54.5,54.5,54.49514563106796,103,8,5613.0,103.0,100.0,0.0,0.0,1590604200.0
2020-05-27,57.45,57.5,52.9,53.55,56.384,125,5,7048.0,125.0,100.0,4.6,-3.9,1590517800.0
2020-05-22,53.3,55.05,53.3,55.05,54.51891891891892,185,10,10086.0,185.0,100.0,1.75,1.75,1590085800.0
2020-05-21,53.5,53.85,52.8,52.8,53.064748201438846,139,5,7376.0,139.0,100.0,1.05,-0.7,1589999400.0
2020-05-19,53.5,53.5,53.5,53.5,53.5,50,1,2675.0,50.0,100.0,0.0,0.0,1589826600.0
2020-05-12,56.1,56.15,56.1,56.15,56.1044776119403,67,4,3759.0,67.0,100.0,0.05,0.05,1589221800.0
2020-05-11,53.2,53.5,53.2,53.5,53.33333333333333,45,2,2400.0,45.0,100.0,0.3,0.3,1589135400.0
2020-05-08,53.3,55.9,53.25,55.85,53.72950819672131,122,4,6555.0,122.0,100.0,2.65,2.55,1588876200.0
2020-05-06,53.2,58.0,53.2,53.25,53.28030303030303,264,12,14066.0,264.0,100.0,4.8,0.05,1588703400.0
2020-05-05,56.0,56.0,56.0,56.0,56.0,20,1,1120.0,20.0,100.0,0.0,0.0,1588617000.0
2020-05-04,54.0,56.0,52.0,56.0,52.311688311688314,154,6,8056.0,154.0,100.0,4.0,2.0,1588530600.0
2020-04-30,51.0,55.0,50.4,54.0,51.97536945812808,203,12,10551.0,203.0,100.0,4.6,3.0,1588185000.0
2020-04-29,55.2,58.0,53.0,53.0,54.648854961832065,393,17,21477.0,393.0,100.0,5.0,-2.2,1588098600.0
2020-04-28,55.6,55.6,55.0,55.6,55.138461538461534,65,4,3584.0,65.0,100.0,0.6,0.0,1588012200.0
2020-04-27,58.0,58.0,55.6,55.6,55.61,200,2,11122.0,200.0,100.0,2.4,-2.4,1587925800.0
2020-04-24,57.95,60.8,55.1,57.0,57.8,165,10,9537.0,165.0,100.0,5.7,-0.95,1587666600.0
2020-04-23,58.0,63.95,57.95,57.95,58.2816091954023,522,22,30423.0,522.0,100.0,6.0,-0.05,1587580200.0
2020-04-22,61.0,61.0,61.0,61.0,61.0,50,3,3050.0,50.0,100.0,0.0,0.0,1587493800.0
2020-04-21,61.7,61.7,61.7,61.7,61.696296296296296,135,2,8329.0,135.0,100.0,0.0,0.0,1587407400.0
2020-04-20,64.9,64.9,62.0,64.9,64.89196675900277,361,16,23426.0,361.0,100.0,2.9,0.0,1587321000.0
2020-04-17,58.85,64.85,58.85,61.85,59.630434782608695,46,4,2743.0,46.0,100.0,6.0,3.0,1587061800.0
2020-04-16,64.95,64.95,61.85,61.85,64.625,40,2,2585.0,40.0,100.0,3.1,-3.1,1586975400.0
2020-04-15,65.0,65.0,65.0,65.0,65.0,1,1,65.0,1.0,100.0,0.0,0.0,1586889000.0
2020-04-13,66.0,66.0,66.0,66.0,66.0,110,2,7260.0,110.0,100.0,0.0,0.0,1586716200.0
2020-04-09,66.0,69.3,66.0,69.25,68.23972602739727,146,6,9963.0,146.0,100.0,3.3,3.25,1586370600.0
2020-03-30,66.0,66.0,54.0,66.0,56.0,12,3,672.0,12.0,100.0,12.0,0.0,1585506600.0
2020-03-26,60.0,60.0,60.0,60.0,60.0,1,1,60.0,1.0,100.0,0.0,0.0,1585161000.0
2020-03-25,49.5,54.65,49.2,54.65,49.45773524720893,627,3,31010.0,627.0,100.0,5.45,5.15,1585074600.0
2020-03-24,54.65,54.65,54.65,54.65,54.6,10,1,546.0,10.0,100.0,0.0,0.0,1584988200.0
2020-03-23,49.25,59.95,49.25,49.7,53.00636942675159,157,6,8322.0,89.0,56.69,10.7,0.45,1584901800.0
2020-03-20,60.0,60.0,52.65,54.7,53.868,250,12,13467.0,191.0,76.4,7.35,-5.3,1584642600.0
2020-03-19,61.0,61.0,58.5,58.5,58.98516320474778,337,7,19878.0,337.0,100.0,2.5,-2.5,1584556200.0
2020-03-18,62.5,65.0,62.5,65.0,63.75903614457831,830,12,52920.0,463.0,55.78,2.5,2.5,1584469800.0
2020-03-17,63.0,68.0,63.0,68.0,64.6887417218543,151,3,9768.0,151.0,100.0,5.0,5.0,1584383400.0
2020-03-16,62.0,62.1,62.0,62.1,62.09538461538462,325,5,20181.0,325.0,100.0,0.1,0.1,1584297000.0
2020-03-13,70.0,70.0,62.15,68.65,68.11640211640211,378,8,25748.0,352.0,93.12,7.85,-1.35,1584037800.0
2020-03-12,62.0,69.0,62.0,69.0,64.33333333333333,30,2,1930.0,20.0,66.67,7.0,7.0,1583951400.0
2020-03-09,75.1,75.1,68.35,68.35,68.81512605042016,119,9,8189.0,119.0,100.0,6.75,-6.75,1583692200.0
2020-03-06,77.95,77.95,72.1,75.9,76.925,80,6,6154.0,47.0,58.75,5.85,-2.05,1583433000.0
2020-03-05,63.15,72.6,62.2,72.5,69.7636130685458,1561,25,108901.0,1181.0,75.66,10.4,9.35,1583346600.0
2020-03-04,73.75,73.75,65.95,66.0,67.34285714285714,35,6,2357.0,28.0,80.0,7.8,-7.75,1583260200.0
2020-03-03,66.6,73.95,66.6,68.45,66.90890269151139,483,11,32317.0,408.0,84.47,7.35,1.85,1583173800.0
2020-03-02,73.95,73.95,73.95,73.95,73.8,5,1,369.0,5.0,100.0,0.0,0.0,1583087400.0
2020-02-28,81.0,81.0,68.55,68.85,69.95698924731184,186,11,13012.0,79.0,42.47,12.45,-12.15,1582828200.0
2020-02-27,75.95,75.95,75.95,75.95,75.95,20,2,1519.0,20.0,100.0,0.0,0.0,1582741800.0
2020-02-26,74.0,77.0,74.0,74.6,75.25263157894736,95,12,7149.0,64.0,67.37,3.0,0.6,1582655400.0
2020-02-25,76.5,86.0,76.5,78.45,78.71335504885994,614,21,48330.0,438.0,71.34,9.5,1.95,1582569000.0
2020-02-24,75.0,84.95,75.0,84.95,76.4,35,2,2674.0,35.0,100.0,9.95,9.95,1582482600.0
2020-02-20,83.0,83.0,73.0,77.6,78.0,14,5,1092.0,13.0,92.86,10.0,-5.4,1582137000.0
2020-02-19,86.4,86.4,75.45,75.5,83.66666666666666,9,4,753.0,7.0,77.78,10.95,-10.9,1582050600.0
2020-02-18,80.1,80.1,80.0,80.1,80.09615384615384,52,3,4165.0,51.0,98.08,0.1,0.0,1581964200.0
2020-02-17,87.95,87.95,80.0,80.7,84.62931034482759,116,8,9817.0,101.0,87.07,7.95,-7.25,1581877800.0
2020-02-14,89.0,89.0,81.3,82.5,82.93770491803278,305,10,25296.0,245.0,80.33,7.7,-6.5,1581618600.0
2020-02-13,88.5,88.5,84.0,84.05,84.3377001455604,687,16,57940.0,518.0,75.4,4.5,-4.45,1581532200.0
2020-02-12,97.0,97.0,88.4,88.5,88.77,300,6,26631.0,300.0,100.0,8.6,-8.5,1581445800.0
2020-02-11,87.55,88.6,87.55,88.5,88.2,5,5,441.0,1.0,20.0,1.05,0.95,1581359400.0
2020-02-10,86.3,100.0,85.5,96.1,93.59805589307413,4115,43,385156.0,1756.0,42.67,14.5,9.8,1581273000.0
2020-02-05,95.0,95.0,95.0,95.0,95.0,1,1,95.0,1.0,100.0,0.0,0.0,1580841000.0
2020-02-04,84.0,93.75,83.0,92.0,89.54457364341084,516,17,46205.0,479.0,92.83,10.75,8.0,1580754600.0
2020-02-03,84.1,94.0,84.1,85.25,85.18115942028986,138,11,11755.0,106.0,76.81,9.9,1.15,1580668200.0
2020-02-01,89.4,92.0,85.0,89.2,88.13157894736841,152,10,13396.0,131.0,86.18,7.0,-0.2,1580495400.0
2020-01-31,90.9,101.75,86.5,89.5,92.02371541501977,1518,60,139692.0,959.0,63.18,15.25,-1.4,1580409000.0
2020-01-30,92.0,97.9,86.5,92.5,90.653603034134,791,44,71707.0,285.0,36.03,11.4,0.5,1580322600.0
2020-01-29,101.85,101.85,91.15,93.4,95.83018867924528,371,16,35553.0,253.0,68.19,10.7,-8.45,1580236200.0
2020-01-28,99.0,109.9,96.4,100.8,100.04163287374966,3699,102,370054.0,2647.0,71.56,13.5,1.8,1580149800.0
2020-01-27,98.4,111.8,81.6,107.1,104.1254457917261,11216,162,1167871.0,5280.0,47.08,30.2,8.7,1580063400.0
2020-01-24,89.05,101.8,86.3,93.2,94.43658827031854,6718,96,634425.0,3779.0,56.25,15.5,4.15,1579804200.0
2020-01-23,75.0,89.4,75.0,88.65,85.23428157274867,5519,107,470408.0,2548.0,46.17,14.4,13.65,1579717800.0
2020-01-22,80.95,80.95,74.5,74.5,79.91180654338548,703,10,56178.0,611.0,86.91,6.45,-6.45,1579631400.0
2020-01-21,81.0,82.6,73.55,75.05,77.36456876456877,2145,16,165947.0,1073.0,50.02,9.05,-5.95,1579545000.0
2020-01-20,75.0,75.0,71.25,75.0,72.69310344827585,290,9,21081.0,290.0,100.0,3.75,0.0,1579458600.0
2020-01-17,74.0,76.5,72.5,72.75,73.42255266418836,807,19,59252.0,506.0,62.7,4.0,-1.25,1579199400.0
2020-01-16,73.45,74.0,73.45,74.0,73.5,2,2,147.0,1.0,50.0,0.55,0.55,1579113000.0
2020-01-15,77.0,77.0,71.3,74.6,74.58802816901408,284,14,21183.0,277.0,97.54,5.7,-2.4,1579026600.0
2020-01-14,76.0,76.0,75.0,75.0,75.99751243781094,402,6,30551.0,401.0,99.75,1.0,-1.0,1578940200.0
2020-01-13,84.0,84.0,70.0,73.45,72.45833333333333,408,12,29563.0,210.0,51.47,14.0,-10.55,1578853800.0
2020-01-10,74.9,77.0,73.9,75.0,74.84555555555555,900,21,67361.0,668.0,74.22,3.1,0.1,1578594600.0
2020-01-09,77.0,81.0,68.0,76.55,77.81052002390913,1673,33,130177.0,1338.0,79.98,13.0,-0.45,1578508200.0
2020-01-07,66.65,76.0,66.65,74.35,71.77472527472528,182,14,13063.0,117.0,64.29,9.35,7.7,1578335400.0
2020-01-06,69.0,69.0,65.1,66.65,67.57169811320755,530,11,35813.0,475.0,89.62,3.9,-2.35,1578249000.0
2020-01-03,74.0,75.75,68.0,69.0,70.72544080604534,397,13,28078.0,181.0,45.59,7.75,-5.0,1577989800.0
2020-01-02,76.85,76.85,70.0,72.45,72.95975232198143,323,12,23566.0,322.0,99.69,6.85,-4.4,1577903400.0
2020-01-01,75.0,75.0,74.0,74.0,74.66666666666666,3,2,224.0,3.0,100.0,1.0,-1.0,1577817000.0
2019-12-30,71.0,72.8,71.0,71.0,71.04397981254506,1387,13,98538.0,1328.0,95.75,1.8,0.0,1577644200.0
2019-12-27,71.8,71.8,70.0,70.1,71.28169014084507,71,4,5061.0,70.0,98.59,1.8,-1.7,1577385000.0
2019-12-26,65.5,69.0,65.5,69.0,67.0206896551724,145,7,9718.0,135.0,93.1,3.5,3.5,1577298600.0
2019-12-24,68.35,71.5,66.0,66.05,68.07678244972577,1094,26,74476.0,1090.0,99.63,5.5,-2.3,1577125800.0
2019-12-23,74.95,74.95,70.0,70.0,71.72,25,5,1793.0,18.0,72.0,4.95,-4.95,1577039400.0
2019-12-20,67.0,74.65,65.1,71.95,68.07191780821917,292,15,19877.0,188.0,64.38,9.55,4.95,1576780200.0
2019-12-19,68.0,70.0,66.0,69.65,66.94117647058825,323,16,21622.0,283.0,87.62,4.0,1.65,1576693800.0
2019-12-18,67.05,71.75,66.0,71.75,67.03116147308782,353,18,23662.0,248.0,70.25,5.75,4.7,1576607400.0
2019-12-17,70.0,70.0,64.15,67.9,66.36378466557912,1226,21,81362.0,1060.0,86.46,5.85,-2.1,1576521000.0
2019-12-16,66.5,72.0,63.1,66.5,67.09944134078212,895,31,60054.0,515.0,57.54,8.9,0.0,1576434600.0
2019-12-13,65.0,72.8,65.0,69.0,67.40350877192982,456,12,30736.0,350.0,76.75,7.8,4.0,1576175400.0
2019-12-12,65.3,69.95,65.3,66.55,66.21958456973293,337,9,22316.0,295.0,87.54,4.65,1.25,1576089000.0
2019-12-11,69.05,69.05,67.0,68.3,68.43333333333332,300,5,20530.0,300.0,100.0,2.05,-0.75,1576002600.0
2019-12-10,66.55,73.0,66.55,69.0,70.64548494983278,299,11,21123.0,290.0,96.99,6.45,2.45,1575916200.0
2019-12-09,75.0,75.0,72.0,74.45,73.92441860465117,344,10,25430.0,244.0,70.93,3.0,-0.55,1575829800.0
2019-12-06,79.8,81.35,71.0,71.7,78.91198979591837,3920,20,309335.0,3250.0,82.91,10.35,-8.1,1575570600.0
2019-12-05,81.0,81.0,71.35,78.3,74.59411764705881,510,13,38043.0,460.0,90.2,9.65,-2.7,1575484200.0
2019-12-04,70.75,79.0,70.75,78.6,76.66724852716561,4583,37,351366.0,2317.0,50.56,8.25,7.85,1575397800.0
2019-12-03,82.0,82.0,70.05,70.75,71.56666666666666,210,10,15029.0,210.0,100.0,11.95,-11.25,1575311400.0
2019-12-02,72.55,83.25,72.5,80.25,72.60726072607261,303,5,22000.0,300.0,99.01,10.75,7.7,1575225000.0
2019-11-29,72.5,74.75,72.4,72.4,72.47153465346534,808,10,58557.0,498.0,61.63,2.35,-0.1,1574965800.0
2019-11-28,72.0,79.95,72.0,72.25,73.19106317411402,649,10,47501.0,300.0,46.22,7.95,0.25,1574879400.0
2019-11-27,77.0,77.0,72.1,74.55,76.01724137931033,58,5,4409.0,57.0,98.28,4.9,-2.45,1574793000.0
2019-11-26,83.0,83.0,69.55,76.0,77.37837837837837,37,9,2863.0,11.0,29.73,13.45,-7.0,1574706600.0
2019-11-25,75.8,84.0,73.0,81.45,77.13213213213213,333,11,25685.0,182.0,54.65,11.0,5.65,1574620200.0
2019-11-22,72.0,76.5,72.0,72.15,74.09024390243903,410,9,30377.0,409.0,99.76,4.5,0.15,1574361000.0
2019-11-21,65.5,72.0,65.5,69.0,70.95879120879121,364,17,25829.0,338.0,92.86,6.5,3.5,1574274600.0
2019-11-20,72.0,72.95,65.15,70.0,70.14551333872272,1237,32,86770.0,631.0,51.01,7.8,-2.0,1574188200.0
2019-11-19,70.0,72.1,70.0,72.05,70.7219917012448,964,14,68176.0,733.0,76.04,2.1,2.05,1574101800.0
2019-11-18,74.6,74.6,65.2,70.4,69.20253164556962,2054,36,142142.0,1813.0,88.27,9.4,-4.2,1574015400.0
2019-11-15,70.0,71.95,55.5,63.1,64.01560715645223,2627,38,168169.0,2338.0,89.0,16.45,-6.9,1573756200.0
2019-11-14,67.25,74.8,67.25,69.05,68.75526579739217,997,27,68549.0,679.0,68.1,7.55,1.8,1573669800.0
2019-11-13,75.0,75.0,72.0,72.3,73.8976157082749,713,17,52689.0,700.0,98.18,3.0,-2.7,1573583400.0
2019-11-11,76.0,78.0,73.75,75.2,76.65174672489083,916,21,70213.0,906.0,98.91,4.25,-0.8,1573410600.0
2019-11-08,85.75,85.75,76.2,77.1,77.475935828877,187,10,14488.0,186.0,99.47,9.55,-8.65,1573151400.0
2019-11-07,81.9,81.9,76.35,76.35,80.52317880794702,151,6,12159.0,151.0,100.0,5.55,-5.55,1573065000.0
2019-11-06,81.0,81.95,78.0,81.9,80.03720930232558,215,7,17208.0,210.0,97.67,3.95,0.9,1572978600.0
2019-11-05,87.75,87.75,74.0,82.0,79.69852941176471,272,13,21678.0,153.0,56.25,13.75,-5.75,1572892200.0
2019-11-04,78.0,85.0,76.25,76.85,80.82542236524537,1243,23,100466.0,835.0,67.18,8.75,-1.15,1572805800.0
2019-11-01,88.75,92.0,74.0,81.5,77.64326812428078,1738,34,134944.0,1246.0,71.69,18.0,-7.25,1572546600.0
2019-10-31,77.25,77.25,77.1,77.1,77.16,25,2,1929.0,25.0,100.0,0.15,-0.15,1572460200.0
2019-10-30,78.0,89.0,78.0,86.6,85.5076530612245,5880,63,502785.0,3075.0,52.3,11.0,8.6,1572373800.0
2019-10-29,76.4,77.0,73.25,74.2,76.125,416,10,31668.0,332.0,79.81,3.75,-2.2,1572287400.0
2019-10-27,78.0,78.0,78.0,78.0,78.0,150,2,11700.0,150.0,100.0,0.0,0.0,1572114600.0
2019-10-25,77.8,78.0,68.0,71.1,74.28694469628286,2206,43,163877.0,617.0,27.97,10.0,-6.7,1571941800.0
2019-10-24,69.8,77.0,64.1,76.25,67.62456747404843,578,17,39087.0,541.0,93.6,12.9,6.45,1571855400.0
2019-10-23,65.05,69.7,61.05,66.0,65.12177403938061,5231,36,340652.0,4255.0,81.34,8.65,0.95,1571769000.0
2019-10-22,67.2,71.0,67.15,67.3,68.21739130434783,966,18,65898.0,733.0,75.88,3.85,0.1,1571682600.0
2019-10-18,75.5,75.5,70.1,70.1,72.69633507853403,191,4,13885.0,191.0,100.0,5.4,-5.4,1571337000.0
2019-10-17,67.15,76.75,67.15,72.35,70.71428571428571,70,6,4950.0,63.0,90.0,9.6,5.2,1571250600.0
2019-10-16,76.5,76.5,70.1,70.6,72.06502242152466,446,9,32141.0,351.0,78.7,6.4,-5.9,1571164200.0
2019-10-15,70.2,76.5,70.0,76.5,73.1869918699187,123,6,9002.0,85.0,69.11,6.5,6.3,1571077800.0
2019-10-14,70.5,74.8,70.5,71.2,71.56666666666666,60,7,4294.0,60.0,100.0,4.3,0.7,1570991400.0
2019-10-11,74.0,74.0,74.0,74.0,74.0,20,2,1480.0,10.0,50.0,0.0,0.0,1570732200.0
2019-10-10,65.65,74.5,65.2,74.5,69.11526479750778,642,19,44372.0,465.0,72.43,9.3,8.85,1570645800.0
2019-10-09,74.0,75.0,70.1,74.0,73.98089171974522,157,9,11615.0,157.0,100.0,4.9,0.0,1570559400.0
2019-10-07,76.9,76.9,70.0,74.7,72.93006993006993,715,11,52145.0,415.0,58.04,6.9,-2.2,1570386600.0
2019-10-04,76.95,77.0,70.05,76.0,75.8358620689655,725,17,54981.0,481.0,66.34,6.95,-0.95,1570127400.0
2019-10-03,76.85,76.85,72.15,72.85,74.05059021922429,593,13,43912.0,268.0,45.19,4.7,-4.0,1570041000.0
2019-10-01,74.0,77.75,72.5,75.0,76.59061488673139,618,15,47333.0,557.0,90.13,5.25,1.0,1569868200.0
2019-09-30,73.35,77.0,73.0,76.0,75.78226711560045,891,18,67522.0,790.0,88.66,4.0,2.65,1569781800.0
2019-09-27,78.4,81.75,78.0,79.0,78.3103448275862,29,8,2271.0,26.0,89.66,3.75,0.6,1569522600.0
2019-09-26,86.15,86.9,78.4,79.85,80.5629887054735,3453,69,278184.0,2875.0,83.26,8.5,-6.3,1569436200.0
2019-09-25,84.0,88.0,84.0,86.15,86.13,100,4,8613.0,100.0,100.0,4.0,2.15,1569349800.0
2019-09-24,85.05,89.85,85.05,89.85,85.08910891089108,101,2,8594.0,101.0,100.0,4.8,4.8,1569263400.0
2019-09-23,89.0,95.0,86.0,87.35,89.33540372670807,2415,40,215745.0,1748.0,72.38,9.0,-1.65,1569177000.0
2019-09-20,88.8,91.0,84.25,89.15,89.00942633988689,3713,35,330492.0,3458.0,93.13,6.75,0.35,1568917800.0
2019-09-18,89.25,89.25,87.0,87.0,87.6923076923077,130,8,11400.0,90.0,69.23,2.25,-2.25,1568745000.0
2019-09-17,89.65,89.65,83.5,84.15,84.58002560819462,781,17,66057.0,755.0,96.67,6.15,-5.5,1568658600.0
2019-09-16,89.4,89.4,83.35,84.65,85.844,250,9,21461.0,100.0,40.0,6.05,-4.75,1568572200.0
2019-09-13,89.4,89.4,85.1,85.1,87.6,5,5,438.0,4.0,80.0,4.3,-4.3,1568313000.0
2019-09-12,89.45,89.45,89.45,89.45,89.44347826086957,115,3,10286.0,115.0,100.0,0.0,0.0,1568226600.0
2019-09-11,86.1,89.5,85.0,88.9,85.75811209439529,339,12,29072.0,315.0,92.92,4.5,2.8,1568140200.0
2019-09-09,90.0,90.0,85.25,85.25,87.62,100,2,8762.0,50.0,50.0,4.75,-4.75,1567967400.0
2019-09-06,89.75,90.0,85.25,88.55,89.94867549668874,604,6,54329.0,600.0,99.34,4.75,-1.2,1567708200.0
2019-09-05,90.0,90.0,88.5,88.5,88.89473684210526,95,3,8445.0,95.0,100.0,1.5,-1.5,1567621800.0
2019-09-03,88.85,88.85,88.85,88.85,88.8,15,1,1332.0,15.0,100.0,0.0,0.0,1567449000.0
2019-08-30,84.55,88.85,83.0,88.85,85.0421052631579,190,4,16158.0,150.0,78.95,5.85,4.3,1567103400.0
2019-08-29,82.1,90.0,82.0,89.0,87.03319502074687,964,20,83900.0,675.0,70.02,8.0,6.9,1567017000.0
2019-08-28,86.0,90.0,84.0,87.35,87.80434782608694,1012,14,88858.0,891.0,88.04,6.0,1.35,1566930600.0
2019-08-27,89.6,90.0,83.2,89.95,89.85283687943263,564,9,50677.0,562.0,99.65,6.8,0.35,1566844200.0
2019-08-26,89.95,89.95,89.95,89.95,89.93478260869564,46,3,4137.0,46.0,100.0,0.0,0.0,1566757800.0
2019-08-23,86.0,89.95,86.0,89.75,88.72222222222223,36,8,3194.0,26.0,72.22,3.95,3.75,1566498600.0
2019-08-22,83.3,89.8,83.3,89.8,84.06363636363635,110,11,9247.0,110.0,100.0,6.5,6.5,1566412200.0
2019-08-21,90.0,90.0,86.0,90.0,89.92753623188405,552,4,49640.0,552.0,100.0,4.0,0.0,1566325800.0
2019-08-20,89.95,91.0,89.0,90.0,90.43963254593177,762,9,68915.0,762.0,100.0,2.0,0.05,1566239400.0
2019-08-19,88.7,90.0,88.7,90.0,89.57213114754097,610,5,54639.0,607.0,99.51,1.3,1.3,1566153000.0
2019-08-16,86.05,91.8,85.9,88.4,87.3837776943297,2663,39,232703.0,1960.0,73.6,5.9,2.35,1565893800.0
2019-08-14,94.0,94.0,90.0,92.15,92.12903225806451,806,19,74256.0,805.0,99.88,4.0,-1.85,1565721000.0
2019-08-13,93.7,95.0,93.0,93.15,93.35666666666665,300,7,28007.0,200.0,66.67,2.0,-0.55,1565634600.0
2019-08-09,99.8,99.8,99.0,99.0,99.0,2,2,198.0,1.0,50.0,0.8,-0.8,1565289000.0
2019-08-08,100.0,100.0,92.25,96.55,96.40936936936937,2775,26,267536.0,1585.0,57.12,7.75,-3.45,1565202600.0
2019-08-07,95.0,98.95,92.2,97.35,95.49382129277566,2104,91,200919.0,1299.0,61.74,6.75,2.35,1565116200.0
2019-08-06,98.3,105.7,96.15,98.15,100.30010477473432,6681,66,670105.0,3250.0,48.65,9.55,-0.15,1565029800.0
2019-08-05,97.05,105.9,97.0,104.75,102.0909364649202,6642,54,678088.0,2058.0,30.98,8.9,7.7,1564943400.0
2019-08-02,104.95,105.8,99.0,100.3,102.56293706293707,1430,11,146665.0,972.0,67.97,6.8,-4.65,1564684200.0
2019-08-01,103.85,105.0,100.0,104.0,103.41623843782116,973,16,100624.0,600.0,61.66,5.0,0.15,1564597800.0
2019-07-31,101.0,101.0,99.0,99.0,100.03636363636365,550,7,55020.0,550.0,100.0,2.0,-2.0,1564511400.0
2019-07-30,103.0,103.0,98.25,99.85,101.50194769059544,1797,37,182399.0,1747.0,97.22,4.75,-3.15,1564425000.0
2019-07-29,110.0,110.0,102.3,102.45,103.0,13,5,1339.0,11.0,84.62,7.7,-7.55,1564338600.0
2019-07-26,102.05,105.5,102.0,105.5,103.25326695706283,1607,17,165928.0,1246.0,77.54,3.5,3.45,1564079400.0
2019-07-25,101.5,103.0,101.5,102.95,102.68,100,4,10268.0,70.0,70.0,1.5,1.45,1563993000.0
2019-07-24,102.0,102.0,100.2,100.25,101.1860465116279,43,4,4351.0,43.0,100.0,1.8,-1.75,1563906600.0
2019-07-23,102.0,102.0,101.25,101.25,101.28333333333332,60,3,6077.0,60.0,100.0,0.75,-0.75,1563820200.0
2019-07-22,105.0,105.0,101.15,103.1,103.0,2,2,206.0,1.0,50.0,3.85,-1.9,1563733800.0
2019-07-19,105.0,105.0,101.25,103.15,104.98347107438016,242,5,25406.0,241.0,99.59,3.75,-1.85,1563474600.0
2019-07-18,105.0,105.0,105.0,105.0,105.0,100,1,10500.0,100.0,100.0,0.0,0.0,1563388200.0
2019-07-17,101.1,107.0,101.1,105.0,106.23333333333332,120,12,12748.0,119.0,99.17,5.9,3.9,1563301800.0
2019-07-16,104.8,105.05,104.8,105.0,104.99636363636364,275,7,28874.0,260.0,94.55,0.25,0.2,1563215400.0
2019-07-12,109.9,109.9,105.0,105.0,105.85123966942147,121,5,12808.0,121.0,100.0,4.9,-4.9,1562869800.0
2019-07-11,102.5,105.0,102.25,103.45,103.17537942664418,593,10,61183.0,322.0,54.3,2.75,0.95,1562783400.0
2019-07-10,109.9,109.9,105.0,105.0,105.64893617021276,188,7,19862.0,188.0,100.0,4.9,-4.9,1562697000.0
2019-07-09,110.0,110.0,109.0,109.0,109.89285714285714,112,2,12308.0,112.0,100.0,1.0,-1.0,1562610600.0
2019-07-08,108.35,115.0,104.0,112.5,110.5938859352344,8276,143,915275.0,5915.0,71.47,11.0,4.15,1562524200.0
2019-07-05,100.5,109.25,100.0,102.5,102.3495145631068,103,15,10542.0,83.0,80.58,9.25,2.0,1562265000.0
2019-07-04,103.0,103.0,103.0,103.0,103.0,200,1,20600.0,200.0,100.0,0.0,0.0,1562178600.0
2019-07-03,109.0,109.0,102.7,105.2,105.33333333333331,6,6,632.0,0.0,0.0,6.3,-3.8,1562092200.0
2019-07-01,105.0,109.0,105.0,107.95,106.01741105223316,1321,16,140049.0,1120.0,84.78,4.0,2.95,1561919400.0
2019-06-28,102.0,104.0,100.2,101.0,101.3497688751926,649,14,65776.0,488.0,75.19,3.8,-1.0,1561660200.0
2019-06-27,102.0,103.0,102.0,102.95,102.66666666666666,150,6,15400.0,150.0,100.0,1.0,0.95,1561573800.0
2019-06-26,101.65,105.95,101.65,102.0,102.0,20,3,2040.0,10.0,50.0,4.3,0.35,1561487400.0
2019-06-24,102.0,107.8,101.0,106.2,104.40223921354452,3662,28,382321.0,1775.0,48.47,6.8,4.2,1561314600.0
2019-06-21,102.0,102.0,102.0,102.0,102.0,20,1,2040.0,20.0,100.0,0.0,0.0,1561055400.0
2019-06-20,99.2,101.75,99.0,101.6,100.15325670498083,261,10,26140.0,194.0,74.33,2.75,2.4,1560969000.0
2019-06-19,104.1,104.2,102.0,103.9,103.41470588235293,340,6,35161.0,200.0,58.82,2.2,-0.2,1560882600.0
2019-06-18,106.0,106.0,105.0,105.0,105.03095975232198,323,7,33925.0,284.0,87.93,1.0,-1.0,1560796200.0
2019-06-17,99.0,109.8,99.0,109.05,106.13230240549828,582,21,61769.0,276.0,47.42,10.8,10.05,1560709800.0
2019-06-14,109.9,109.9,106.7,106.7,109.05263157894736,95,9,10360.0,94.0,98.95,3.2,-3.2,1560450600.0
2019-06-13,105.0,110.5,105.0,109.3,109.71338912133892,478,23,52443.0,322.0,67.36,5.5,4.3,1560364200.0
2019-06-12,108.0,111.7,105.0,109.95,108.6271551724138,464,25,50403.0,404.0,87.07,6.7,1.95,1560277800.0
2019-06-11,110.0,110.5,107.6,110.0,108.798418972332,759,12,82578.0,484.0,63.77,2.9,0.0,1560191400.0
2019-06-10,108.5,111.9,107.3,107.3,109.45344129554655,741,16,81105.0,477.0,64.37,4.6,-1.2,1560105000.0
2019-06-07,108.9,108.9,105.5,106.1,106.93975903614457,249,26,26628.0,237.0,95.18,3.4,-2.8,1559845800.0
2019-06-06,106.0,109.5,104.0,108.95,107.5172064777328,988,22,106227.0,558.0,56.48,5.5,2.95,1559759400.0
2019-06-04,111.0,111.0,103.3,106.0,106.48363636363636,275,18,29283.0,253.0,92.0,7.7,-5.0,1559586600.0
2019-06-03,109.75,111.85,106.0,107.35,107.62948207171314,753,20,81045.0,531.0,70.52,5.85,-2.4,1559500200.0
2019-05-31,110.0,110.8,103.0,110.25,109.8569587628866,776,24,85249.0,534.0,68.81,7.8,0.25,1559241000.0
2019-05-30,104.0,112.0,104.0,108.75,108.2312362030905,1812,28,196115.0,1800.0,99.34,8.0,4.75,1559154600.0
2019-05-29,108.0,108.0,102.5,104.8,105.64516129032258,682,18,72050.0,616.0,90.32,5.5,-3.2,1559068200.0
2019-05-28,103.0,105.95,102.15,102.3,102.98076923076924,208,12,21420.0,178.0,85.58,3.8,-0.7,1558981800.0
2019-05-27,98.5,108.0,98.5,103.5,102.29345372460496,886,24,90632.0,632.0,71.33,9.5,5.0,1558895400.0
2019-05-24,100.0,103.95,98.65,100.95,100.0383223334043,4697,61,469880.0,2500.0,53.23,5.3,0.95,1558636200.0
2019-05-23,98.05,103.95,98.05,101.15,101.17586649550707,2337,40,236448.0,1657.0,70.9,5.9,3.1,1558549800.0
2019-05-22,104.0,109.0,104.0,104.1,104.0593220338983,236,6,24558.0,121.0,51.27,5.0,0.1,1558463400.0
2019-05-21,113.0,113.0,104.0,104.0,104.34615384615384,26,3,2713.0,26.0,100.0,9.0,-9.0,1558377000.0
2019-05-20,113.0,113.0,101.15,105.05,107.86388888888888,720,29,77662.0,637.0,88.47,11.85,-7.95,1558290600.0
2019-05-17,103.0,105.0,98.35,99.35,99.75353773584904,848,28,84591.0,451.0,53.18,6.65,-3.65,1558031400.0
2019-05-16,104.0,104.0,104.0,104.0,104.0,29,1,3016.0,29.0,100.0,0.0,0.0,1557945000.0
2019-05-15,110.9,110.9,104.0,104.0,108.47311827956987,279,7,30264.0,252.0,90.32,6.9,-6.9,1557858600.0
2019-05-14,108.0,109.75,98.5,103.9,104.11688311688312,77,12,8017.0,74.0,96.1,11.25,-4.1,1557772200.0
2019-05-13,103.0,110.0,103.0,108.0,105.60465116279067,43,5,4541.0,33.0,76.74,7.0,5.0,1557685800.0
2019-05-10,104.05,104.05,103.0,103.15,103.48091603053436,131,5,13556.0,131.0,100.0,1.05,-0.9,1557426600.0
2019-05-09,105.0,105.0,104.2,104.2,104.56422018348624,218,7,22795.0,119.0,54.59,0.8,-0.8,1557340200.0
2019-05-08,107.0,108.0,104.1,104.1,105.0875,160,7,16814.0,110.0,68.75,3.9,-2.9,1557253800.0
2019-05-07,107.35,109.8,104.0,106.9,107.13636363636364,22,4,2357.0,10.0,45.45,5.8,-0.45,1557167400.0
2019-05-06,112.95,112.95,104.0,107.35,109.0,6,6,654.0,2.0,33.33,8.95,-5.6,1557081000.0
2019-05-03,112.5,112.5,103.5,105.55,105.48063781321184,439,14,46306.0,337.0,76.77,9.0,-6.95,1556821800.0
2019-05-02,103.1,109.0,103.1,106.0,105.6405529953917,217,11,22924.0,116.0,53.46,5.9,2.9,1556735400.0
2019-04-30,103.1,109.0,103.1,108.85,108.5576923076923,52,9,5645.0,49.0,94.23,5.9,5.75,1556562600.0
2019-04-26,108.0,109.0,104.5,108.65,108.28571428571428,14,5,1516.0,12.0,85.71,4.5,0.65,1556217000.0
2019-04-25,109.0,109.0,105.05,108.0,107.8181818181818,55,4,5930.0,50.0,90.91,3.95,-1.0,1556130600.0
2019-04-24,112.9,112.9,103.1,104.65,109.08143507972665,1756,70,191547.0,888.0,50.57,9.8,-8.25,1556044200.0
2019-04-23,113.0,113.0,103.2,103.6,106.58333333333331,120,10,12790.0,90.0,75.0,9.8,-9.4,1555957800.0
2019-04-22,106.0,108.0,103.2,103.2,105.05,40,4,4202.0,25.0,62.5,4.8,-2.8,1555871400.0
2019-04-18,110.95,110.95,108.6,108.6,108.976,125,3,13622.0,125.0,100.0,2.35,-2.35,1555525800.0
2019-04-16,114.0,114.0,105.0,110.9,106.50431034482757,928,30,98836.0,810.0,87.28,9.0,-3.1,1555353000.0
2019-04-15,115.0,115.0,108.0,111.0,111.07459207459208,429,20,47651.0,399.0,93.01,7.0,-4.0,1555266600.0
2019-04-12,112.0,112.0,104.05,105.6,107.56241610738256,745,19,80134.0,374.0,50.2,7.95,-6.4,1555007400.0
2019-04-11,109.9,109.9,103.3,106.1,108.58857142857141,175,17,19003.0,149.0,85.14,6.6,-3.8,1554921000.0
2019-04-10,108.9,108.9,103.0,107.85,108.21383647798741,159,9,17206.0,97.0,61.01,5.9,-1.05,1554834600.0
2019-04-09,103.15,109.0,103.15,103.75,103.75,224,7,23240.0,210.0,93.75,5.85,0.6,1554748200.0
2019-04-08,109.9,109.9,104.0,109.7,108.16666666666666,606,14,65549.0,318.0,52.48,5.9,-0.2,1554661800.0
2019-04-05,110.0,110.0,102.0,105.35,105.00210526315789,950,21,99752.0,636.0,66.95,8.0,-4.65,1554402600.0
2019-04-04,107.5,109.85,107.0,109.0,108.55172413793105,87,7,9444.0,67.0,77.01,2.85,1.5,1554316200.0
2019-04-03,113.0,113.0,107.0,109.75,112.08235294117648,85,8,9527.0,70.0,82.35,6.0,-3.25,1554229800.0
2019-04-02,104.0,107.0,102.9,106.85,105.512285012285,814,12,85887.0,544.0,66.83,4.1,2.85,1554143400.0
2019-04-01,107.85,107.85,103.15,103.75,104.4675,400,11,41787.0,299.0,74.75,4.7,-4.1,1554057000.0
2019-03-29,105.0,105.0,100.3,104.8,104.84326018808775,638,21,66890.0,506.0,79.31,4.7,-0.2,1553797800.0
2019-03-28,111.9,111.9,104.05,107.8,105.35114503816791,131,13,13801.0,119.0,90.84,7.85,-4.1,1553711400.0
2019-03-27,108.0,108.0,103.6,103.6,103.64880952380952,672,4,69652.0,664.0,98.81,4.4,-4.4,1553625000.0
2019-03-26,109.0,110.05,103.15,106.85,108.38478104809764,1393,26,150980.0,1029.0,73.87,6.9,-2.15,1553538600.0
2019-03-25,106.95,108.0,103.0,105.95,106.74754683318464,1121,15,119664.0,1080.0,96.34,5.0,-1.0,1553452200.0
2019-03-22,105.2,112.95,100.5,103.2,104.75735294117648,408,22,42741.0,230.0,56.37,12.45,-2.0,1553193000.0
2019-03-20,108.0,112.75,107.0,109.95,107.49797570850203,247,10,26552.0,247.0,100.0,5.75,1.95,1553020200.0
2019-03-19,104.1,113.0,104.1,109.95,107.22091310751104,1358,35,145606.0,1133.0,83.43,8.9,5.85,1552933800.0
2019-03-18,106.0,110.0,106.0,109.95,109.7072599531616,854,7,93690.0,752.0,88.06,4.0,3.95,1552847400.0
2019-03-15,104.05,112.45,104.0,105.95,107.39081027667984,2024,31,217359.0,1649.0,81.47,8.45,1.9,1552588200.0
2019-03-14,110.0,110.0,104.1,105.1,109.63461538461539,104,12,11402.0,99.0,95.19,5.9,-4.9,1552501800.0
2019-03-13,104.0,110.0,104.0,109.95,109.3778735632184,696,14,76127.0,366.0,52.59,6.0,5.95,1552415400.0
2019-03-12,103.0,110.0,103.0,109.2,107.1314578005115,1955,42,209442.0,1551.0,79.34,7.0,6.2,1552329000.0
2019-03-11,98.0,104.0,98.0,100.0,101.9579510703364,1308,21,133361.0,982.0,75.08,6.0,2.0,1552242600.0
2019-03-08,99.95,100.0,96.8,98.05,98.67852684144819,1602,25,158083.0,1471.0,91.82,3.2,-1.9,1551983400.0
2019-03-07,99.2,100.0,96.8,97.35,97.77837014470676,1313,30,128383.0,1125.0,85.68,3.2,-1.85,1551897000.0
2019-03-06,99.9,100.5,96.1,100.45,98.12378459237098,2674,37,262383.0,1662.0,62.15,4.4,0.55,1551810600.0
2019-03-05,101.9,101.9,96.15,99.5,99.4263775971093,1107,25,110065.0,1078.0,97.38,5.75,-2.4,1551724200.0
2019-03-01,98.9,98.9,96.05,98.4,97.72602739726028,730,26,71340.0,617.0,84.52,2.85,-0.5,1551378600.0
2019-02-28,98.75,98.75,95.1,96.45,96.63636363636365,11,3,1063.0,11.0,100.0,3.65,-2.3,1551292200.0
2019-02-27,101.0,101.0,95.35,96.5,97.48367952522256,1011,24,98556.0,885.0,87.54,5.65,-4.5,1551205800.0
2019-02-26,93.0,101.95,92.25,95.9,94.56904024767802,1615,77,152729.0,647.0,40.06,9.7,2.9,1551119400.0
2019-02-25,96.25,99.7,96.25,99.4,98.11780821917807,365,16,35813.0,261.0,71.51,3.45,3.15,1551033000.0
2019-02-22,99.5,99.5,95.9,97.05,96.9888888888889,450,36,43645.0,395.0,87.78,3.6,-2.45,1550773800.0
2019-02-21,99.0,99.0,96.35,97.85,97.47058823529412,170,13,16570.0,149.0,87.65,2.65,-1.15,1550687400.0
2019-02-20,100.7,100.7,100.7,100.7,100.68,25,1,2517.0,25.0,100.0,0.0,0.0,1550601000.0
2019-02-19,98.3,100.85,95.1,100.85,96.08457711442786,201,8,19313.0,200.0,99.5,5.75,2.55,1550514600.0
2019-02-18,101.8,101.8,97.0,97.9,98.63859649122809,285,20,28112.0,272.0,95.44,4.8,-3.9,1550428200.0
2019-02-15,104.95,105.0,99.0,99.05,101.94881340158211,2149,16,219088.0,98.0,4.56,6.0,-5.9,1550169000.0
2019-02-14,100.0,100.8,97.0,100.8,99.12,375,19,37170.0,223.0,59.47,3.8,0.8,1550082600.0
2019-02-13,102.0,102.0,99.0,101.0,100.0436507936508,252,30,25211.0,161.0,63.89,3.0,-1.0,1549996200.0
2019-02-12,103.75,103.75,99.05,101.95,100.21766561514195,317,17,31769.0,277.0,87.38,4.7,-1.8,1549909800.0
2019-02-11,104.7,106.7,100.0,100.4,102.92088998763906,3236,86,333052.0,1762.0,54.45,6.7,-4.3,1549823400.0
2019-02-08,105.0,108.8,99.0,100.45,102.45612278945612,2997,138,307061.0,2540.0,84.75,9.8,-4.55,1549564200.0
2019-02-07,112.9,112.9,103.25,106.3,105.14220220381245,12433,219,1307233.0,9593.0,77.16,9.65,-6.6,1549477800.0
2019-02-06,113.0,115.0,113.0,113.4,114.43575418994412,358,16,40968.0,292.0,81.56,2.0,0.4,1549391400.0
2019-02-05,113.1,118.0,112.0,116.95,114.89406779661016,708,16,81345.0,380.0,53.67,6.0,3.85,1549305000.0
2019-02-04,122.0,122.0,114.0,115.15,119.0,67,9,7973.0,63.0,94.03,8.0,-6.85,1549218600.0
2019-02-01,120.0,122.0,117.0,118.3,117.7063492063492,126,11,14831.0,103.0,81.75,5.0,-1.7,1548959400.0
2019-01-31,121.0,128.0,118.0,121.85,121.80059970014992,667,33,81241.0,462.0,69.27,10.0,0.85,1548873000.0
2019-01-30,122.6,133.0,113.2,128.0,124.08908180822775,12786,138,1586603.0,7255.0,56.74,19.8,5.4,1548786600.0
2019-01-29,117.0,122.6,117.0,122.6,121.3076923076923,13,2,1577.0,13.0,100.0,5.6,5.6,1548700200.0
2019-01-28,123.0,123.0,115.0,116.0,117.57009345794393,321,15,37740.0,181.0,56.39,8.0,-7.0,1548613800.0
2019-01-25,120.0,123.5,120.0,123.0,122.9974025974026,385,5,47354.0,355.0,92.21,3.5,3.0,1548354600.0
2019-01-24,118.1,118.1,112.6,113.45,115.17027027027028,370,11,42613.0,350.0,94.59,5.5,-4.65,1548268200.0
2019-01-22,120.0,123.9,118.0,118.1,118.80451127819548,133,5,15801.0,133.0,100.0,5.9,-1.9,1548095400.0
2019-01-21,127.85,127.85,118.0,119.35,120.77136258660508,433,13,52294.0,325.0,75.06,9.85,-8.5,1548009000.0
2019-01-18,129.9,129.9,122.0,122.0,123.72044917257683,1692,22,209335.0,1159.0,68.5,7.9,-7.9,1547749800.0
2019-01-17,133.0,133.0,126.6,129.05,130.97152194211017,2142,18,280541.0,2140.0,99.91,6.4,-3.95,1547663400.0
2019-01-16,131.1,134.9,125.05,132.9,130.81345565749237,3270,60,427760.0,1570.0,48.01,9.85,1.8,1547577000.0
2019-01-15,124.95,136.0,124.95,134.3,133.2693141420272,11533,177,1536995.0,4629.0,40.14,11.05,9.35,1547490600.0
2019-01-14,119.8,124.0,114.2,120.9,120.4730713245997,1374,22,165530.0,1373.0,99.93,9.8,1.1,1547404200.0
2019-01-11,116.05,119.7,116.0,119.65,118.94117647058825,136,9,16176.0,134.0,98.53,3.7,3.6,1547145000.0
2019-01-10,116.95,120.7,112.9,119.8,116.85863509749304,1436,34,167809.0,753.0,52.44,7.8,2.85,1547058600.0
2019-01-09,113.0,113.0,112.15,112.45,112.40366972477064,327,7,36756.0,277.0,84.71,0.85,-0.55,1546972200.0
2019-01-08,111.05,116.95,111.05,112.7,113.01919720767889,573,26,64760.0,489.0,85.34,5.9,1.65,1546885800.0
2019-01-07,113.5,117.0,113.5,114.25,115.17230769230768,650,14,74862.0,490.0,75.38,3.5,0.75,1546799400.0
2019-01-04,116.9,116.95,112.1,112.55,116.8770894788594,1017,8,118864.0,1016.0,99.9,4.85,-4.35,1546540200.0
2019-01-03,116.0,116.0,112.0,112.1,112.78090575275397,817,18,92142.0,715.0,87.52,4.0,-3.9,1546453800.0
2019-01-02,118.45,118.45,112.0,115.9,112.97197898423816,571,23,64507.0,562.0,98.42,6.45,-2.55,1546367400.0
2019-01-01,119.9,119.9,112.15,113.3,114.77823408624228,487,24,55897.0,407.0,83.57,7.75,-6.6,1546281000.0
2018-12-31,117.0,121.85,114.0,116.7,115.08699059561128,2552,48,293702.0,2230.0,87.38,7.85,-0.3,1546194600.0
2018-12-28,114.15,122.8,114.0,121.45,114.92753623188403,1035,14,118950.0,823.0,79.52,8.8,7.3,1545935400.0
2018-12-27,118.1,120.0,118.1,120.0,119.75873015873016,315,6,37724.0,315.0,100.0,1.9,1.9,1545849000.0
2018-12-26,116.95,116.95,115.1,115.1,115.4375,80,2,9235.0,80.0,100.0,1.85,-1.85,1545762600.0
2018-12-24,116.0,121.5,114.6,121.5,118.1833910034602,289,5,34155.0,150.0,51.9,6.9,5.5,1545589800.0
2018-12-21,117.0,122.5,116.0,116.4,116.75229357798165,327,13,38178.0,136.0,41.59,6.5,-0.6,1545330600.0
2018-12-20,119.0,124.0,114.0,121.05,119.05960264900662,1812,37,215736.0,772.0,42.6,10.0,2.05,1545244200.0
2018-12-19,119.0,123.95,119.0,119.15,119.14634146341464,41,4,4885.0,40.0,97.56,4.95,0.15,1545157800.0
2018-12-18,120.05,122.0,119.0,121.75,121.66392769104354,1217,10,148065.0,1215.0,99.84,3.0,1.7,1545071400.0
2018-12-17,120.15,125.0,119.15,120.65,120.415,200,6,24083.0,100.0,50.0,5.85,0.5,1544985000.0
2018-12-14,123.0,125.5,116.1,125.15,122.55529685681024,1718,38,210550.0,765.0,44.53,9.4,2.15,1544725800.0
2018-12-13,118.0,125.0,117.9,123.8,122.5469543147208,1576,27,193134.0,1121.0,71.13,7.1,5.8,1544639400.0
2018-12-12,114.5,118.8,114.5,118.8,115.02970297029702,101,3,11618.0,101.0,100.0,4.3,4.3,1544553000.0
2018-12-11,111.0,114.9,111.0,114.9,111.14423076923076,104,2,11559.0,104.0,100.0,3.9,3.9,1544466600.0
2018-12-10,113.0,117.0,109.4,115.8,111.75544959128064,1468,23,164057.0,735.0,50.07,7.6,2.8,1544380200.0
2018-12-07,113.0,118.75,113.0,115.45,116.25555555555556,180,11,20926.0,145.0,80.56,5.75,2.45,1544121000.0
2018-12-05,114.0,118.9,111.0,115.65,113.79760191846522,2085,24,237268.0,1213.0,58.18,7.9,1.65,1543948200.0
2018-12-04,114.85,120.0,114.85,116.25,117.4195804195804,572,8,67164.0,570.0,99.65,5.15,1.4,1543861800.0
2018-12-03,117.05,117.05,107.0,108.95,110.71875,1120,29,124005.0,1002.0,89.46,10.05,-8.1,1543775400.0
2018-11-30,119.0,123.5,115.05,116.9,120.07548638132296,1285,25,154297.0,1223.0,95.18,8.45,-2.1,1543516200.0
2018-11-29,119.95,119.95,113.05,118.2,115.45378151260503,119,11,13739.0,96.0,80.67,6.9,-1.75,1543429800.0
2018-11-27,123.75,123.75,117.0,120.0,118.4018691588785,107,5,12669.0,58.0,54.21,6.75,-3.75,1543257000.0
2018-11-26,120.0,120.0,114.55,117.45,116.29671280276816,1156,14,134439.0,1155.0,99.91,5.45,-2.55,1543170600.0
2018-11-22,115.1,120.0,115.1,120.0,118.03333333333332,300,3,35410.0,300.0,100.0,4.9,4.9,1542825000.0
2018-11-21,115.3,120.0,113.05,116.45,115.8471760797342,1505,47,174350.0,1308.0,86.91,6.95,1.15,1542738600.0
2018-11-20,121.0,121.0,113.05,118.4,117.11279333838,1321,33,154706.0,1051.0,79.56,7.95,-2.6,1542652200.0
2018-11-19,124.15,125.0,119.0,120.5,121.85693848354792,1398,15,170356.0,988.0,70.67,6.0,-3.65,1542565800.0
2018-11-16,130.0,130.0,113.0,124.15,123.52082690527614,3241,38,400331.0,2825.0,87.16,17.0,-5.85,1542306600.0
2018-11-15,125.0,130.0,125.0,126.7,128.2683407188577,2031,25,260513.0,1708.0,84.1,5.0,1.7,1542220200.0
2018-11-14,127.1,128.1,126.0,126.6,127.62560975609756,820,14,104653.0,745.0,90.85,2.1,-0.5,1542133800.0
2018-11-13,134.0,136.0,125.1,126.0,130.06830502349115,2767,60,359899.0,2297.0,83.01,10.9,-8.0,1542047400.0
2018-11-12,137.05,143.8,135.1,137.2,139.45407824933687,6032,80,841187.0,4330.0,71.78,8.7,0.15,1541961000.0
2018-11-09,130.0,140.0,130.0,138.15,137.8145956607495,8619,108,1187824.0,6414.0,74.42,10.0,8.15,1541701800.0
2018-11-07,130.0,135.0,121.1,132.4,129.6305661577608,6288,95,815117.0,4332.0,68.89,13.9,2.4,1541529000.0
2018-11-06,123.0,140.0,120.1,123.55,126.62940573217466,37054,197,4692126.0,26376.0,71.18,19.9,0.55,1541442600.0
2018-11-05,120.0,122.0,118.5,120.5,120.6366394841646,5273,54,636117.0,4137.0,78.46,3.5,0.5,1541356200.0
2018-11-02,110.3,117.0,108.5,109.55,109.25807707279095,2569,22,280684.0,2502.0,97.39,8.5,-0.75,1541097000.0
2018-11-01,118.0,118.0,110.75,110.75,117.72380952380952,105,6,12361.0,102.0,97.14,7.25,-7.25,1541010600.0
2018-10-31,101.15,121.0,101.0,118.95,109.4761671723598,10217,104,1118518.0,4119.0,40.32,20.0,17.8,1540924200.0
2018-10-29,103.7,103.7,103.65,103.65,103.66129032258064,62,3,6427.0,31.0,50.0,0.05,-0.05,1540751400.0
2018-10-26,101.0,104.55,99.0,103.85,102.99539170506912,434,16,44700.0,338.0,77.88,5.55,2.85,1540492200.0
2018-10-25,103.25,110.45,101.3,110.45,106.24896265560164,482,17,51212.0,331.0,68.67,9.15,7.2,1540405800.0
2018-10-24,102.55,110.0,102.55,109.95,108.73493975903614,249,10,27075.0,221.0,88.76,7.45,7.4,1540319400.0
2018-10-23,104.0,114.7,101.2,109.0,108.1578947368421,2603,32,281535.0,1820.0,69.92,13.5,5.0,1540233000.0
2018-10-22,105.0,105.0,101.0,102.5,103.44961240310076,1032,21,106760.0,1007.0,97.58,4.0,-2.5,1540146600.0
2018-10-17,104.0,106.9,102.25,103.0,103.69647696476964,369,12,38264.0,190.0,51.49,4.65,-1.0,1539714600.0
2018-10-16,120.0,120.0,102.0,106.1,107.41772151898734,79,6,8486.0,77.0,97.47,18.0,-13.9,1539628200.0
2018-10-15,105.05,108.0,104.1,104.65,104.8875,80,6,8391.0,29.0,36.25,3.9,-0.4,1539541800.0
2018-10-12,105.1,109.95,105.1,107.7,108.3806818181818,176,6,19075.0,150.0,85.23,4.85,2.6,1539282600.0
2018-10-11,102.1,114.95,102.1,103.7,102.76515151515152,132,6,13565.0,130.0,98.48,12.85,1.6,1539196200.0
2018-10-10,105.0,110.0,105.0,105.0,105.89605734767024,279,6,29545.0,279.0,100.0,5.0,0.0,1539109800.0
2018-10-09,100.2,109.5,100.2,106.6,104.09065934065934,364,10,37889.0,229.0,62.91,9.3,6.4,1539023400.0
2018-10-08,106.0,109.0,106.0,106.15,108.253531598513,1345,15,145601.0,1292.0,96.06,3.0,0.15,1538937000.0
2018-10-05,108.0,108.0,102.5,106.0,107.90804597701148,522,8,56328.0,521.0,99.81,5.5,-2.0,1538677800.0
2018-10-03,104.0,106.0,102.0,106.0,104.60127388535032,785,14,82112.0,405.0,51.59,4.0,2.0,1538505000.0
2018-10-01,98.0,106.0,98.0,106.0,101.87301587301587,63,8,6418.0,36.0,57.14,8.0,8.0,1538332200.0
2018-09-28,109.0,110.0,106.05,110.0,108.019955654102,451,11,48717.0,291.0,64.52,3.95,1.0,1538073000.0
2018-09-27,113.0,113.0,106.25,110.0,111.38574126534466,2118,18,235915.0,1114.0,52.6,6.75,-3.0,1537986600.0
2018-09-26,106.4,106.4,106.35,106.4,106.38,50,2,5319.0,50.0,100.0,0.05,0.0,1537900200.0
2018-09-25,109.0,113.0,109.0,109.0,109.07788944723617,1592,25,173652.0,1408.0,88.44,4.0,0.0,1537813800.0
2018-09-24,104.05,109.5,103.15,109.5,104.25925925925924,108,4,11260.0,100.0,92.59,6.35,5.45,1537727400.0
2018-09-21,108.0,113.6,103.2,110.15,109.52,825,14,90354.0,785.0,95.15,10.4,2.15,1537468200.0
2018-09-19,108.05,113.8,105.25,107.8,109.21167883211677,548,22,59848.0,250.0,45.62,8.55,-0.25,1537295400.0
2018-09-18,118.45,118.45,103.0,111.15,111.04157427937916,1804,43,200319.0,1152.0,63.86,15.45,-7.3,1537209000.0
2018-09-17,115.0,120.0,110.2,117.95,117.22397841171936,2594,52,304079.0,1797.0,69.28,9.8,2.95,1537122600.0
2018-09-14,111.8,117.0,111.8,114.7,114.03007518796991,399,6,45498.0,300.0,75.19,5.2,2.9,1536863400.0
2018-09-12,109.1,109.1,109.0,109.0,109.05,60,3,6543.0,60.0,100.0,0.1,-0.1,1536690600.0
2018-09-11,112.6,115.5,110.4,111.85,112.23794871794873,975,14,109432.0,495.0,50.77,5.1,-0.75,1536604200.0
2018-09-10,117.0,119.9,113.1,113.85,116.18134715025906,386,17,44846.0,238.0,61.66,6.8,-3.15,1536517800.0
2018-09-07,112.25,117.0,110.0,115.6,112.60492040520984,2073,48,233430.0,1416.0,68.31,7.0,3.35,1536258600.0
2018-09-06,118.0,118.0,111.7,113.45,115.3,660,17,76098.0,604.0,91.52,6.3,-4.55,1536172200.0
2018-09-05,116.0,116.0,112.1,112.35,113.2178217821782,505,10,57175.0,330.0,65.35,3.9,-3.65,1536085800.0
2018-09-04,118.0,121.85,113.65,117.0,118.33220910623946,2372,45,280684.0,1376.0,58.01,8.2,-1.0,1535999400.0
2018-09-03,117.9,118.0,115.1,118.0,117.92903225806452,620,12,73116.0,620.0,100.0,2.9,0.1,1535913000.0
2018-08-31,111.0,119.0,111.0,116.0,114.67260787992495,1066,18,122241.0,795.0,74.58,8.0,5.0,1535653800.0
2018-08-30,111.05,119.7,111.05,119.7,113.14285714285714,28,4,3168.0,27.0,96.43,8.65,8.65,1535567400.0
2018-08-29,114.0,114.0,112.25,112.25,112.87820512820512,156,4,17609.0,156.0,100.0,1.75,-1.75,1535481000.0
2018-08-28,119.0,119.0,114.0,116.5,115.93877551020408,392,16,45448.0,251.0,64.03,5.0,-2.5,1535394600.0
2018-08-27,116.0,120.0,114.0,117.95,116.9919857524488,2246,33,262764.0,2062.0,91.81,6.0,1.95,1535308200.0
2018-08-24,112.0,116.8,110.0,114.0,112.6896551724138,145,13,16340.0,67.0,46.21,6.8,2.0,1535049000.0
2018-08-23,110.0,114.9,108.05,111.4,113.017787659811,1799,25,203319.0,1192.0,66.26,6.85,1.4,1534962600.0
2018-08-21,111.95,113.95,111.95,112.05,112.74545454545454,385,8,43407.0,385.0,100.0,2.0,0.1,1534789800.0
2018-08-20,118.95,118.95,109.1,114.0,113.86993154291731,1899,34,216239.0,874.0,46.02,9.85,-4.95,1534703400.0
2018-08-17,107.45,114.4,107.2,110.7,110.3544813695871,4965,37,547910.0,4398.0,88.58,7.2,3.25,1534444200.0
2018-08-16,115.0,115.0,108.0,108.15,111.82962962962962,405,7,45291.0,204.0,50.37,7.0,-6.85,1534357800.0
2018-08-14,112.0,115.0,112.0,115.0,114.16304347826086,184,4,21006.0,184.0,100.0,3.0,3.0,1534185000.0
2018-08-13,114.0,114.0,110.1,111.05,111.4766081871345,342,14,38125.0,201.0,58.77,3.9,-2.95,1534098600.0
2018-08-09,118.05,118.05,111.0,114.5,114.55093002657217,1129,23,129328.0,862.0,76.35,7.05,-3.55,1533753000.0
2018-08-08,117.15,124.0,117.05,120.45,121.07495511669659,2228,33,269755.0,1705.0,76.53,6.95,3.3,1533666600.0
2018-08-07,119.0,122.0,118.05,119.55,120.01362559241706,1688,31,202583.0,1087.0,64.4,3.95,0.55,1533580200.0
2018-08-06,118.0,123.8,114.0,120.7,120.81571940134056,10891,206,1315804.0,6091.0,55.93,9.8,2.7,1533493800.0
2018-08-03,101.0,104.0,101.0,104.0,103.0,300,4,30900.0,300.0,100.0,3.0,3.0,1533234600.0
2018-08-02,95.6,101.45,95.6,97.0,97.38571428571427,210,5,20451.0,105.0,50.0,5.85,1.4,1533148200.0
2018-08-01,101.5,101.5,101.5,101.5,101.0,1,1,101.0,1.0,100.0,0.0,0.0,1533061800.0
2018-07-31,101.0,101.0,101.0,101.0,101.0,16,2,1616.0,16.0,100.0,0.0,0.0,1532975400.0
2018-07-30,109.9,109.9,98.1,98.25,102.43877551020408,490,9,50195.0,300.0,61.22,11.8,-11.65,1532889000.0
2018-07-27,95.0,101.0,95.0,98.0,98.26386233269598,523,15,51392.0,436.0,83.37,6.0,3.0,1532629800.0
2018-07-25,96.45,101.8,96.45,100.0,96.85454545454544,110,3,10654.0,100.0,90.91,5.35,3.55,1532457000.0
2018-07-24,97.05,102.45,97.05,101.0,100.26851851851852,432,10,43316.0,341.0,78.94,5.4,3.95,1532370600.0
2018-07-23,104.9,104.9,95.6,95.6,104.2037037037037,54,2,5627.0,54.0,100.0,9.3,-9.3,1532284200.0
2018-07-20,103.9,103.9,95.5,96.8,97.22623828647923,747,27,72628.0,744.0,99.6,8.4,-7.1,1532025000.0
2018-07-19,98.1,98.1,97.5,97.5,97.76237623762376,101,4,9874.0,100.0,99.01,0.6,-0.6,1531938600.0
2018-07-18,100.0,104.0,100.0,100.1,102.4,20,4,2048.0,20.0,100.0,4.0,0.1,1531852200.0
2018-07-17,106.0,112.0,98.2,100.9,103.04840484048404,2727,45,281013.0,2036.0,74.66,13.8,-5.1,1531765800.0
2018-07-16,104.0,109.95,100.2,102.7,101.47976391231028,1186,25,120355.0,568.0,47.89,9.75,-1.3,1531679400.0
2018-07-13,102.0,103.0,102.0,103.0,102.5,200,4,20500.0,100.0,50.0,1.0,1.0,1531420200.0
2018-07-12,107.0,108.0,103.9,103.9,104.66019417475728,309,7,32340.0,309.0,100.0,4.1,-3.1,1531333800.0
2018-07-11,107.0,109.0,103.5,107.9,108.33766233766232,231,11,25026.0,195.0,84.42,5.5,0.9,1531247400.0
2018-07-10,114.0,114.0,104.5,104.5,104.7258064516129,310,5,32465.0,305.0,98.39,9.5,-9.5,1531161000.0
2018-07-09,105.0,110.0,105.0,106.9,106.76,25,3,2669.0,15.0,60.0,5.0,1.9,1531074600.0
2018-07-06,102.05,108.0,102.05,105.65,104.86942675159236,314,12,32929.0,157.0,50.0,5.95,3.6,1530815400.0
2018-07-05,104.5,105.5,104.5,105.5,105.0,2,2,210.0,1.0,50.0,1.0,1.0,1530729000.0
2018-07-04,104.1,109.0,104.1,106.7,106.23142250530783,471,10,50035.0,50.0,10.62,4.9,2.6,1530642600.0
2018-07-03,96.2,121.0,96.2,109.5,108.31742146062832,2451,34,265486.0,254.0,10.36,24.8,13.3,1530556200.0
2018-07-02,107.25,107.25,100.0,101.0,101.48701298701297,154,10,15629.0,132.0,85.71,7.25,-6.25,1530469800.0
2018-06-29,102.0,103.0,100.6,101.0,102.28385416666666,768,10,78554.0,714.0,92.97,2.4,-1.0,1530210600.0
2018-06-28,98.0,106.75,98.0,100.0,99.93563512361466,2346,27,234449.0,1895.0,80.78,8.75,2.0,1530124200.0
2018-06-27,98.0,104.0,94.2,98.8,98.11944444444445,720,27,70646.0,141.0,19.58,9.8,0.8,1530037800.0
2018-06-26,100.15,104.7,100.1,101.25,101.86241610738256,2384,42,242840.0,1487.0,62.37,4.6,1.1,1529951400.0
2018-06-25,104.5,109.0,103.5,103.5,104.52112676056338,142,3,14842.0,141.0,99.3,5.5,-1.0,1529865000.0
2018-06-22,104.0,106.0,104.0,106.0,104.16528925619834,121,6,12604.0,116.0,95.87,2.0,2.0,1529605800.0
2018-06-21,108.0,112.5,104.25,109.0,105.04347826086956,115,7,12080.0,108.0,93.91,8.25,1.0,1529519400.0
2018-06-20,110.95,110.95,106.0,106.1,107.23809523809524,42,3,4504.0,42.0,100.0,4.95,-4.85,1529433000.0
2018-06-19,114.0,114.0,105.0,105.85,107.35417708854428,1999,52,214601.0,1031.0,51.58,9.0,-8.15,1529346600.0
2018-06-18,109.0,114.5,105.0,113.7,108.984496124031,774,26,84354.0,268.0,34.63,9.5,4.7,1529260200.0
2018-06-15,109.0,115.0,109.0,109.0,112.2345276872964,307,9,34456.0,298.0,97.07,6.0,0.0,1529001000.0
2018-06-14,109.0,113.9,108.15,111.1,110.325,240,16,26478.0,115.0,47.92,5.75,2.1,1528914600.0
2018-06-13,103.0,115.0,101.05,112.6,108.785625,1600,48,174057.0,769.0,48.06,13.95,9.6,1528828200.0
2018-06-12,102.5,112.0,102.5,107.75,107.61021505376344,372,9,40031.0,141.0,37.9,9.5,5.25,1528741800.0
2018-06-11,100.0,109.95,100.0,107.95,106.38648648648648,2590,61,275541.0,2145.0,82.82,9.95,7.95,1528655400.0
2018-06-08,105.9,105.95,97.5,99.95,100.47323387450636,4558,43,457957.0,3822.0,83.85,8.45,-5.95,1528396200.0
2018-06-07,99.2,106.7,95.15,105.95,100.38568588469184,503,25,50494.0,248.0,49.3,11.55,6.75,1528309800.0
2018-06-06,105.0,110.0,100.1,102.65,104.23920595533498,2015,47,210042.0,627.0,31.12,9.9,-2.35,1528223400.0
2018-06-05,90.5,107.0,90.0,102.65,98.75536139793488,2518,72,248666.0,1335.0,53.02,17.0,12.15,1528137000.0
2018-06-04,100.5,100.5,90.1,93.4,95.10805084745762,3304,75,314237.0,2663.0,80.6,10.4,-7.1,1528050600.0
2018-06-01,101.0,118.8,91.1,100.0,100.96726804123712,3880,96,391753.0,1326.0,34.18,27.7,-1.0,1527791400.0
2018-05-31,107.7,112.0,100.0,101.7,103.3954873080539,3191,66,329935.0,1860.0,58.29,12.0,-6.0,1527705000.0
2018-05-30,109.0,113.0,105.6,107.7,108.29010654490106,3285,89,355733.0,2698.0,82.13,7.4,-1.3,1527618600.0
2018-05-29,119.0,121.5,107.1,110.05,113.08151765589783,2662,79,301023.0,1754.0,65.89,14.4,-8.95,1527532200.0
2018-05-28,110.0,129.0,110.0,118.05,119.62031504617056,3682,104,440442.0,1911.0,51.9,19.0,8.05,1527445800.0
2018-05-25,129.0,132.5,110.2,116.65,120.94006934125804,8076,335,976712.0,5848.0,72.41,22.3,-12.35,1527186600.0
2018-05-24,137.95,137.95,130.0,135.0,132.4797297297297,148,6,19607.0,140.0,94.59,7.95,-2.95,1527100200.0
2018-05-23,135.0,135.0,130.2,130.2,131.0,12,4,1572.0,12.0,100.0,4.8,-4.8,1527013800.0
2018-05-22,135.4,135.4,135.4,135.4,135.4,50,1,6770.0,50.0,100.0,0.0,0.0,1526927400.0
2018-05-21,133.0,134.8,133.0,133.95,134.2520325203252,123,4,16513.0,122.0,99.19,1.8,0.95,1526841000.0
2018-05-18,137.6,140.0,134.3,134.3,134.45140186915887,1070,10,143863.0,1069.0,99.91,5.7,-3.3,1526581800.0
2018-05-17,142.0,142.0,130.25,137.6,137.79545454545453,88,17,12126.0,55.0,62.5,11.75,-4.4,1526495400.0
2018-05-16,143.0,143.0,139.0,140.0,141.81395348837208,86,17,12196.0,79.0,91.86,4.0,-3.0,1526409000.0
2018-05-15,144.6,144.6,142.0,143.9,144.1578947368421,38,7,5478.0,38.0,100.0,2.6,-0.7,1526322600.0
2018-05-14,141.0,144.8,134.0,136.3,136.31398963730567,1930,26,263086.0,1639.0,84.92,10.8,-4.7,1526236200.0
2018-05-11,132.0,150.0,132.0,148.2,147.4949385394071,2766,24,407971.0,2587.0,93.53,18.0,16.2,1525977000.0
2018-05-10,136.2,136.6,136.2,136.6,136.3846153846154,26,2,3546.0,13.0,50.0,0.4,0.4,1525890600.0
2018-05-09,141.6,141.6,139.5,140.3,140.67555555555555,450,16,63304.0,318.0,70.67,2.1,-1.3,1525804200.0
2018-05-08,142.3,149.8,141.0,145.0,142.07948717948716,390,10,55411.0,380.0,97.44,8.8,2.7,1525717800.0
2018-05-07,138.3,147.0,138.3,145.1,144.66383881230115,943,15,136418.0,501.0,53.13,8.7,6.8,1525631400.0
2018-05-04,145.95,146.95,140.0,140.6,143.1658653846154,832,12,119114.0,702.0,84.38,6.95,-5.35,1525372200.0
2018-05-03,139.9,146.7,139.9,140.55,140.31851851851852,405,9,56829.0,343.0,84.69,6.8,0.65,1525285800.0
2018-05-02,148.95,156.0,130.0,138.1,147.0936434108527,3225,51,474377.0,1722.0,53.4,26.0,-10.85,1525199400.0
2018-04-30,148.5,148.5,141.25,144.9,144.5,2,2,289.0,1.0,50.0,7.25,-3.6,1525026600.0
2018-04-26,149.0,149.0,141.25,147.9,148.36363636363637,22,4,3264.0,11.0,50.0,7.75,-1.1,1524681000.0
2018-04-25,150.0,150.0,143.0,144.7,146.7795275590551,127,7,18641.0,101.0,79.53,7.0,-5.3,1524594600.0
2018-04-24,143.45,151.0,143.45,150.0,147.6112288135593,944,9,139345.0,944.0,100.0,7.55,6.55,1524508200.0
2018-04-23,140.35,148.0,140.35,143.45,145.0462633451957,562,21,81516.0,446.0,79.36,7.65,3.1,1524421800.0
2018-04-20,141.0,144.95,141.0,142.15,142.0439024390244,205,4,29119.0,105.0,51.22,3.95,1.15,1524162600.0
2018-04-19,140.35,144.0,140.35,143.9,143.5601173020528,341,8,48954.0,341.0,100.0,3.65,3.55,1524076200.0
2018-04-18,140.0,147.6,140.0,144.4,143.43272481406356,1479,42,212137.0,955.0,64.57,7.6,4.4,1523989800.0
2018-04-17,138.8,138.8,135.1,135.8,136.62939585211902,1109,25,151522.0,813.0,73.31,3.7,-3.0,1523903400.0
2018-04-16,140.0,143.85,138.5,138.5,139.03338898163605,599,17,83281.0,544.0,90.82,5.35,-1.5,1523817000.0
2018-04-13,144.4,144.4,137.0,137.2,139.34392735527808,881,22,122762.0,665.0,75.48,7.4,-7.2,1523557800.0
2018-04-12,148.8,148.8,140.25,140.8,143.53125,352,11,50523.0,230.0,65.34,8.55,-8.0,1523471400.0
2018-04-11,143.9,143.9,137.0,138.4,140.40148148148148,675,21,94771.0,378.0,56.0,6.9,-5.5,1523385000.0
2018-04-10,139.95,142.0,135.1,136.8,138.37657657657655,555,16,76799.0,523.0,94.23,6.9,-3.15,1523298600.0
2018-04-09,136.1,139.95,136.1,136.5,136.45,60,3,8187.0,55.0,91.67,3.85,0.4,1523212200.0
2018-04-06,138.0,138.05,137.0,137.0,137.81954887218043,266,8,36660.0,248.0,93.23,1.05,-1.0,1522953000.0
2018-04-05,135.0,139.8,135.0,139.8,137.87128712871288,101,3,13925.0,101.0,100.0,4.8,4.8,1522866600.0
2018-04-04,138.0,144.5,130.0,134.1,134.0773899848255,1977,50,265071.0,1282.0,64.85,14.5,-3.9,1522780200.0
2018-04-03,140.0,140.0,140.0,140.0,140.0,123,6,17220.0,123.0,100.0,0.0,0.0,1522693800.0
2018-04-02,140.0,140.0,135.15,137.1,137.7947947947948,999,28,137657.0,723.0,72.37,4.85,-2.9,1522607400.0
2018-03-28,136.5,137.9,136.5,137.9,136.55555555555557,36,6,4916.0,33.0,91.67,1.4,1.4,1522175400.0
2018-03-27,140.0,145.0,136.5,140.0,140.69031998928907,7469,27,1050816.0,7154.0,95.78,8.5,0.0,1522089000.0
2018-03-26,136.2,141.95,135.0,136.0,136.05281362245577,7517,34,1022709.0,7266.0,96.66,6.95,-0.2,1522002600.0
2018-03-23,136.1,141.95,135.5,137.1,137.60427066001108,3606,50,496201.0,1442.0,39.99,6.45,1.0,1521743400.0
2018-03-22,140.0,146.7,138.1,142.5,139.46280991735537,2057,33,286875.0,1674.0,81.38,8.6,2.5,1521657000.0
2018-03-21,144.95,147.0,140.5,142.3,144.41513201686263,13521,57,1952637.0,11781.0,87.13,6.5,-2.65,1521570600.0
2018-03-20,148.0,154.8,138.0,143.15,144.9511760513186,5612,68,813466.0,3428.0,61.08,16.8,-4.85,1521484200.0
2018-03-19,140.0,169.0,134.0,152.15,154.14173678771775,54192,259,8353249.0,17567.0,32.42,35.0,12.15,1521397800.0
2018-03-16,143.0,144.5,140.05,143.55,142.13517915309447,614,15,87271.0,595.0,96.91,4.45,0.55,1521138600.0
2018-03-14,144.1,150.95,144.1,148.95,145.27091633466136,753,7,109389.0,751.0,99.73,6.85,4.85,1520965800.0
2018-03-13,148.5,148.9,143.0,147.3,147.05622009569376,836,23,122939.0,504.0,60.29,5.9,-1.2,1520879400.0
2018-03-12,145.5,149.9,139.5,148.9,142.29291398256916,2639,48,375511.0,1735.0,65.74,10.4,3.4,1520793000.0
2018-03-09,144.0,145.5,138.2,143.0,142.74415274463007,2095,49,299049.0,1166.0,55.66,7.3,-1.0,1520533800.0
2018-03-08,147.5,155.0,135.1,140.3,143.05883792048928,8175,148,1169506.0,5628.0,68.84,19.9,-7.2,1520447400.0
2018-03-07,158.0,161.0,148.25,151.05,151.7896159042656,5181,146,786422.0,2630.0,50.76,12.75,-6.95,1520361000.0
2018-03-06,168.95,168.95,160.0,160.95,160.96279893711247,1129,19,181727.0,1009.0,89.37,8.95,-8.0,1520274600.0
2018-03-05,162.0,169.0,157.2,161.7,163.77262884365527,2309,46,378151.0,1757.0,76.09,11.8,-0.3,1520188200.0
2018-03-01,162.2,165.0,162.2,162.2,162.21771217712177,271,7,43961.0,269.0,99.26,2.8,0.0,1519842600.0
2018-02-28,161.85,166.0,158.0,162.75,160.72246195775608,4403,60,707661.0,2887.0,65.57,8.0,0.9,1519756200.0
2018-02-27,161.0,171.0,161.0,167.5,166.021645021645,462,16,76702.0,444.0,96.1,10.0,6.5,1519669800.0
2018-02-26,168.0,169.25,162.3,166.1,166.64556962025316,3555,33,592425.0,3048.0,85.74,6.95,-1.9,1519583400.0
2018-02-23,174.0,174.0,160.25,165.45,164.52086906803888,1749,36,287747.0,1202.0,68.72,13.75,-8.55,1519324200.0
2018-02-22,167.7,167.7,160.0,163.9,164.6853146853147,715,9,117750.0,600.0,83.92,7.7,-3.8,1519237800.0
2018-02-21,160.0,166.0,159.95,161.4,162.7948665297741,4870,68,792811.0,3500.0,71.87,6.05,1.4,1519151400.0
2018-02-20,157.1,167.8,157.1,164.2,162.28388131515635,1247,26,202368.0,657.0,52.69,10.7,7.1,1519065000.0
2018-02-19,162.0,168.0,155.0,156.9,158.53459747172323,3006,45,476555.0,2747.0,91.38,13.0,-5.1,1518978600.0
2018-02-16,169.0,169.0,163.0,163.05,164.90059726962457,2344,36,386527.0,1978.0,84.39,6.0,-5.95,1518719400.0
2018-02-15,176.9,176.9,165.5,165.5,166.5880269217145,2823,59,470278.0,2376.0,84.17,11.4,-11.4,1518633000.0
2018-02-14,169.0,169.0,163.0,168.85,167.546992481203,2128,32,356540.0,1702.0,79.98,6.0,-0.15,1518546600.0
2018-02-12,167.0,173.1,161.05,169.0,169.60098826436072,4857,99,823752.0,3464.0,71.32,12.05,2.0,1518373800.0
2018-02-09,165.0,171.0,153.0,165.65,161.604569687738,6565,133,1060934.0,4492.0,68.42,18.0,0.65,1518114600.0
2018-02-08,180.0,180.0,158.1,160.6,164.25278772378516,9775,194,1605571.0,7131.0,72.95,21.9,-19.4,1518028200.0
2018-02-07,184.0,184.0,165.3,170.5,169.67683686176835,3212,60,545002.0,2094.0,65.19,18.7,-13.5,1517941800.0
2018-02-06,156.6,169.95,154.0,166.0,161.83924093527617,14755,200,2387938.0,9555.0,64.76,15.95,9.4,1517855400.0
2018-02-05,174.0,176.0,162.3,172.0,172.58634663341644,16040,195,2768285.0,8551.0,53.31,13.7,-2.0,1517769000.0
2018-02-02,178.0,178.0,160.15,173.5,169.65780152861493,16093,206,2730303.0,8291.0,51.52,17.85,-4.5,1517509800.0
2018-02-01,174.9,183.3,166.0,172.85,171.37249761677788,16784,161,2876316.0,10386.0,61.88,17.3,-2.05,1517423400.0
2018-01-31,164.0,171.8,164.0,166.7,167.99061122820464,5219,77,876743.0,4125.0,79.04,7.8,2.7,1517337000.0
2018-01-30,172.0,173.0,165.65,169.4,168.09288321167884,5480,73,921149.0,3278.0,59.82,7.35,-2.6,1517250600.0
2018-01-29,172.0,183.0,172.0,173.1,174.85299684542585,4755,78,831426.0,2129.0,44.77,11.0,1.1,1517164200.0
2018-01-25,179.5,187.9,170.05,171.9,179.11957527426532,45394,486,8130954.0,26634.0,58.67,17.85,-7.6,1516818600.0
2018-01-24,151.5,174.0,148.0,171.8,168.06584385438487,17663,301,2968547.0,12429.0,70.37,26.0,20.3,1516732200.0
2018-01-23,156.2,156.3,151.1,151.25,152.59896507115135,1546,31,235918.0,1178.0,76.2,5.2,-4.95,1516645800.0
2018-01-22,162.0,162.0,153.0,156.15,155.6167676003028,5284,87,822279.0,4026.0,76.19,9.0,-5.85,1516559400.0
2018-01-19,160.0,162.95,152.15,154.3,154.6741767764298,4616,77,713976.0,2849.0,61.72,10.8,-5.7,1516300200.0
2018-01-18,164.0,169.9,160.0,161.15,165.16835535381372,12337,180,2037682.0,8760.0,71.01,9.9,-2.85,1516213800.0
2018-01-17,161.6,162.95,160.0,160.55,161.07850964737193,1503,27,242101.0,1122.0,74.65,2.95,-1.05,1516127400.0
2018-01-16,167.5,167.5,160.5,161.6,163.64773039889957,7270,87,1189719.0,6770.0,93.12,7.0,-5.9,1516041000.0
2018-01-15,159.5,167.95,159.5,162.6,163.56800269450991,14845,145,2428167.0,11871.0,79.97,8.45,3.1,1515954600.0
2018-01-12,161.0,162.1,158.1,159.6,160.72445173802774,13406,128,2154672.0,12631.0,94.22,4.0,-1.4,1515695400.0
2018-01-11,153.0,164.8,152.0,157.6,159.673667104194,31998,330,5109238.0,23924.0,74.77,12.8,4.6,1515609000.0
2018-01-10,142.9,148.0,141.2,144.0,143.89782189643188,76259,101,10973504.0,75040.0,98.4,6.8,1.1,1515522600.0
2018-01-09,143.8,143.8,140.0,143.0,141.7217090069284,1732,41,245462.0,1516.0,87.53,3.8,-0.8,1515436200.0
2018-01-08,141.5,142.9,135.3,142.05,141.2408484433801,8769,69,1238541.0,7561.0,86.22,7.6,0.55,1515349800.0
2018-01-05,141.0,143.9,136.05,141.8,141.36303317535544,1055,26,149138.0,1025.0,97.16,7.85,0.8,1515090600.0
2018-01-04,135.2,142.8,135.2,140.55,140.6319343945972,2073,24,291530.0,2053.0,99.04,7.6,5.35,1515004200.0
2018-01-03,140.0,142.8,137.0,140.8,140.66469194312796,1688,11,237442.0,1588.0,94.08,5.8,0.8,1514917800.0
2018-01-02,136.2,137.5,136.0,136.05,137.2095238095238,420,9,57628.0,420.0,100.0,1.5,-0.15,1514831400.0
2018-01-01,143.9,143.9,135.1,136.2,138.29144274493592,2419,26,334527.0,2214.0,91.53,8.8,-7.7,1514745000.0
2017-12-29,141.05,141.05,136.0,137.15,137.79552845528457,2460,20,338977.0,2439.0,99.15,5.05,-3.9,1514485800.0
2017-12-28,140.0,141.9,140.0,141.05,141.45851851851853,1350,7,190969.0,1350.0,100.0,1.9,1.05,1514399400.0
2017-12-27,137.05,141.95,136.6,141.9,139.72739916550765,5033,42,703248.0,4428.0,87.98,5.35,4.85,1514313000.0
2017-12-26,138.05,141.0,137.75,138.8,139.06742424242424,3960,31,550707.0,3670.0,92.68,3.25,0.75,1514226600.0
2017-12-22,140.0,140.95,135.0,139.8,139.79300118623962,3372,34,471382.0,2720.0,80.66,5.95,-0.2,1513881000.0
2017-12-21,141.0,141.0,133.25,140.0,139.1108538350217,3455,18,480628.0,3254.0,94.18,7.75,-1.0,1513794600.0
2017-12-20,132.1,140.0,132.1,139.7,137.50390234140485,4997,26,687107.0,4875.0,97.56,7.9,7.6,1513708200.0
2017-12-19,135.0,135.0,132.1,132.1,134.61065796628603,1839,15,247549.0,1778.0,96.68,2.9,-2.9,1513621800.0
2017-12-18,134.5,138.45,132.05,132.35,133.18556701030928,485,9,64595.0,295.0,60.82,6.4,-2.15,1513535400.0
2017-12-15,128.05,134.75,128.05,133.45,132.1736694677871,714,17,94372.0,464.0,64.99,6.7,5.4,1513276200.0
2017-12-14,134.9,134.9,128.55,134.05,133.98888888888888,720,14,96472.0,660.0,91.67,6.35,-0.85,1513189800.0
2017-12-13,128.5,134.0,128.5,133.95,133.4356659142212,443,15,59112.0,433.0,97.74,5.5,5.45,1513103400.0
2017-12-12,134.0,135.0,130.05,133.65,132.2241509433962,1325,26,175197.0,1215.0,91.7,4.95,-0.35,1513017000.0
2017-12-11,133.05,138.5,133.05,134.3,134.44351851851852,1080,23,145199.0,880.0,81.48,5.45,1.25,1512930600.0
2017-12-08,139.0,139.0,133.75,134.5,134.94753086419752,972,20,131169.0,702.0,72.22,5.25,-4.5,1512671400.0
2017-12-07,137.5,137.5,133.7,135.2,135.52442996742673,614,11,83212.0,594.0,96.74,3.8,-2.3,1512585000.0
2017-12-06,138.9,138.9,133.65,137.0,136.975,1640,24,224639.0,1530.0,93.29,5.25,-1.9,1512498600.0
2017-12-05,139.0,139.0,133.3,133.4,135.71783783783783,925,12,125539.0,747.0,80.76,5.7,-5.6,1512412200.0
2017-12-04,135.0,139.0,132.25,132.45,136.33463035019457,3341,30,455494.0,2692.0,80.57,6.75,-2.55,1512325800.0
2017-11-30,134.0,140.0,133.95,135.55,135.55253399258345,1618,21,219324.0,1618.0,100.0,6.05,1.55,1511980200.0
2017-11-29,136.5,136.5,134.0,134.0,134.91362530413625,822,14,110899.0,722.0,87.83,2.5,-2.5,1511893800.0
2017-11-28,132.65,135.0,130.3,130.5,132.96125907990313,826,15,109826.0,771.0,93.34,4.7,-2.15,1511807400.0
2017-11-27,134.8,134.8,134.65,134.65,134.79166666666666,312,6,42055.0,312.0,100.0,0.15,-0.15,1511721000.0
2017-11-24,131.0,134.9,130.5,134.0,133.49620801733477,923,17,123217.0,913.0,98.92,4.4,3.0,1511461800.0
2017-11-23,129.5,133.7,129.0,131.7,130.21196172248804,2090,18,272143.0,1632.0,78.09,4.7,2.2,1511375400.0
2017-11-22,137.0,137.0,131.0,131.0,131.07152145643693,769,16,100794.0,769.0,100.0,6.0,-6.0,1511289000.0
2017-11-21,132.0,134.3,130.5,134.3,132.62741312741312,1554,10,206103.0,1454.0,93.56,3.8,2.3,1511202600.0
2017-11-20,133.0,133.0,129.1,131.1,131.52680115273776,1735,18,228199.0,1632.0,94.06,3.9,-1.9,1511116200.0
2017-11-17,131.5,134.95,131.2,133.2,133.23595505617976,890,12,118580.0,890.0,100.0,3.75,1.7,1510857000.0
2017-11-16,131.0,137.5,131.0,131.05,131.45261121856865,517,14,67961.0,507.0,98.07,6.5,0.05,1510770600.0
2017-11-15,134.7,135.0,130.95,130.95,132.62257053291535,1595,25,211533.0,1494.0,93.67,4.05,-3.75,1510684200.0
2017-11-14,135.0,136.0,133.5,135.05,135.01307189542484,612,6,82628.0,612.0,100.0,2.5,0.05,1510597800.0
2017-11-13,138.95,138.95,136.0,136.35,136.87167300380227,1052,15,143989.0,1051.0,99.9,2.95,-2.6,1510511400.0
2017-11-10,138.25,141.0,135.0,138.95,139.15142857142857,1400,21,194812.0,1139.0,81.36,6.0,0.7,1510252200.0
2017-11-09,142.95,143.0,138.1,138.5,140.92214602662364,4958,57,698692.0,4480.0,90.36,4.9,-4.45,1510165800.0
2017-11-08,135.1,139.95,135.1,136.35,136.9022770398482,1054,24,144295.0,919.0,87.19,4.85,1.25,1510079400.0
2017-11-07,142.0,148.0,132.0,134.85,139.19195446902083,7731,114,1076093.0,7113.0,92.01,16.0,-7.15,1509993000.0
2017-11-06,137.9,139.8,134.1,138.55,137.88068402642827,7719,102,1064301.0,6666.0,86.36,5.7,0.65,1509906600.0
2017-11-03,131.0,133.0,129.0,129.65,130.51373465809468,1711,30,223309.0,1693.0,98.95,4.0,-1.35,1509647400.0
2017-11-02,129.9,133.8,127.0,131.05,129.99907192575407,2155,31,280148.0,2065.0,95.82,6.8,1.15,1509561000.0
2017-11-01,131.4,131.4,128.0,129.5,130.1390423572744,1086,27,141331.0,1004.0,92.45,3.4,-1.9,1509474600.0
2017-10-31,133.9,133.9,129.1,131.05,131.43340961098397,4370,38,574364.0,4255.0,97.37,4.8,-2.85,1509388200.0
2017-10-30,131.0,134.8,126.1,129.8,129.95600298284862,6705,70,871355.0,5411.0,80.7,8.7,-1.2,1509301800.0
2017-10-27,140.0,147.0,128.0,129.45,137.30419880034276,14004,140,1922808.0,11448.0,81.75,19.0,-10.55,1509042600.0
2017-10-26,131.9,139.45,131.9,138.2,136.02202685730848,10351,142,1407964.0,8814.0,85.15,7.55,6.3,1508956200.0
2017-10-25,128.0,132.0,121.55,128.15,127.92334126354744,3783,79,483934.0,3568.0,94.32,10.45,0.15,1508869800.0
2017-10-24,120.0,128.0,120.0,124.05,125.00587803085966,6805,95,850665.0,4919.0,72.29,8.0,4.05,1508783400.0
2017-10-23,117.0,121.5,117.0,118.8,119.01678478179784,2681,48,319084.0,2141.0,79.86,4.5,1.8,1508697000.0
2017-10-19,113.9,118.0,113.9,117.25,116.03713298791018,1158,17,134371.0,1138.0,98.27,4.1,3.35,1508351400.0
2017-10-18,108.3,113.8,108.3,113.8,111.99814585908528,1618,13,181213.0,1607.0,99.32,5.5,5.5,1508265000.0
2017-10-17,112.0,112.0,110.6,111.05,110.91118421052632,304,5,33717.0,304.0,100.0,1.4,-0.95,1508178600.0
2017-10-16,112.0,112.0,112.0,112.0,112.0,80,2,8960.0,80.0,100.0,0.0,0.0,1508092200.0
2017-10-13,114.85,115.5,109.0,109.85,111.6931818181818,1232,24,137606.0,1111.0,90.18,6.5,-5.0,1507833000.0
2017-10-12,109.15,114.9,109.15,114.85,112.84210526315788,114,4,12864.0,67.0,58.77,5.75,5.7,1507746600.0
2017-10-11,112.0,112.3,109.0,109.0,111.47876769358868,1201,21,133886.0,1201.0,100.0,3.3,-3.0,1507660200.0
2017-10-10,110.65,115.0,110.65,114.4,113.62798634812286,586,19,66586.0,481.0,82.08,4.35,3.75,1507573800.0
2017-10-09,113.5,113.5,110.25,110.5,111.8495145631068,206,9,23041.0,205.0,99.51,3.25,-3.0,1507487400.0
2017-10-06,110.1,110.25,110.1,110.25,110.128,250,3,27532.0,250.0,100.0,0.15,0.15,1507228200.0
2017-10-05,113.5,113.5,111.1,113.0,112.1081081081081,111,5,12444.0,93.0,83.78,2.4,-0.5,1507141800.0
2017-10-04,108.15,114.65,108.15,109.05,113.71428571428572,105,7,11940.0,102.0,97.14,6.5,0.9,1507055400.0
2017-10-03,108.5,113.75,108.3,109.65,109.44270015698588,637,21,69715.0,377.0,59.18,5.45,1.15,1506969000.0
2017-09-29,113.2,118.0,107.2,113.85,112.86816350028784,1737,29,196052.0,1447.0,83.3,10.8,0.65,1506623400.0
2017-09-28,106.2,113.5,106.2,107.15,108.14953271028035,642,18,69432.0,326.0,50.78,7.3,0.95,1506537000.0
2017-09-27,105.5,113.5,105.5,107.3,108.90503875968992,516,13,56195.0,105.0,20.35,8.0,1.8,1506450600.0
2017-09-26,104.2,113.9,104.2,113.4,110.48350515463916,2910,19,321507.0,2630.0,90.38,9.7,9.2,1506364200.0
2017-09-25,113.5,113.5,109.0,112.0,109.893605292172,1814,19,199347.0,1750.0,96.47,4.5,-1.5,1506277800.0
2017-09-22,114.9,114.9,109.0,114.0,112.04183427192277,1243,25,139268.0,666.0,53.58,5.9,-0.9,1506018600.0
2017-09-21,116.0,116.0,108.3,109.0,110.17536534446764,958,25,105548.0,783.0,81.73,7.7,-7.0,1505932200.0
2017-09-20,105.5,115.75,105.5,115.35,114.91753140360458,3662,52,420828.0,3201.0,87.41,10.25,9.85,1505845800.0
2017-09-19,109.1,111.9,109.1,110.5,110.5,120,4,13260.0,0.0,0.0,2.8,1.4,1505759400.0
2017-09-18,113.5,113.5,108.5,108.5,108.74834437086092,302,7,32842.0,302.0,100.0,5.0,-5.0,1505673000.0
2017-09-15,114.9,114.9,108.5,109.0,109.88484136310224,851,15,93512.0,851.0,100.0,6.4,-5.9,1505413800.0
2017-09-14,110.0,115.85,106.05,113.95,113.05425400739828,811,21,91687.0,774.0,95.44,9.8,3.95,1505327400.0
2017-09-13,109.7,110.1,109.7,110.0,109.99027777777776,720,10,79193.0,670.0,93.06,0.4,0.3,1505241000.0
2017-09-12,110.45,111.9,109.5,110.65,110.43405275779376,834,22,92102.0,513.0,61.51,2.4,0.2,1505154600.0
2017-09-11,109.8,111.9,108.0,110.45,109.53125,320,6,35050.0,110.0,34.38,3.9,0.65,1505068200.0
2017-09-08,110.5,112.0,106.0,107.6,108.0885122410546,1593,38,172185.0,1286.0,80.73,6.0,-2.9,1504809000.0
2017-09-07,104.55,108.0,104.55,108.0,105.52631578947368,95,5,10025.0,50.0,52.63,3.45,3.45,1504722600.0
2017-09-06,103.1,108.05,103.1,108.0,106.34394904458598,628,16,66784.0,367.0,58.44,4.95,4.9,1504636200.0
2017-09-05,103.2,110.5,103.2,107.85,107.2542372881356,413,13,44296.0,161.0,38.98,7.3,4.65,1504549800.0
2017-09-04,105.7,109.7,105.7,108.95,106.3,120,3,12756.0,100.0,83.33,4.0,3.25,1504463400.0
2017-09-01,101.55,110.0,101.55,108.25,108.0937880633374,821,23,88745.0,559.0,68.09,8.45,6.7,1504204200.0
2017-08-31,104.0,110.0,102.0,108.85,106.0126324368378,2454,47,260155.0,,,8.0,4.85,1504117800.0
2017-08-30,106.5,107.5,105.0,105.5,105.3981818181818,550,9,57969.0,410.0,74.55,2.5,-1.0,1504031400.0
2017-08-29,106.2,106.5,106.2,106.5,106.35714285714285,210,4,22335.0,210.0,100.0,0.3,0.3,1503945000.0
2017-08-28,105.5,106.05,105.5,106.05,105.90444444444444,450,6,47657.0,450.0,100.0,0.55,0.55,1503858600.0
2017-08-23,105.25,105.25,105.25,105.25,105.25,100,1,10525.0,100.0,100.0,0.0,0.0,1503426600.0
2017-08-22,103.75,116.0,103.55,108.75,108.12666145426114,1279,24,138294.0,1033.0,80.77,12.45,5.0,1503340200.0
2017-08-21,103.55,109.35,103.55,106.0,104.90088105726872,454,11,47625.0,451.0,99.34,5.8,2.45,1503253800.0
2017-08-18,106.0,106.0,106.0,106.0,106.0,200,1,21200.0,200.0,100.0,0.0,0.0,1502994600.0
2017-08-17,107.1,108.7,104.0,106.75,106.61280101394168,1578,27,168235.0,1166.0,73.89,4.7,-0.35,1502908200.0
2017-08-16,102.0,107.75,102.0,104.15,104.01339285714285,224,9,23299.0,201.0,89.73,5.75,2.15,1502821800.0
2017-08-14,104.1,105.0,104.1,105.0,104.83416252072968,603,6,63215.0,603.0,100.0,0.9,0.9,1502649000.0
2017-08-11,105.0,105.9,102.0,103.25,104.38599221789885,1285,41,134136.0,1119.0,87.08,3.9,-1.75,1502389800.0
2017-08-10,107.0,107.0,104.1,105.15,105.13846153846151,130,5,13668.0,130.0,100.0,2.9,-1.85,1502303400.0
2017-08-09,110.45,112.0,107.4,111.45,110.67801672640383,1674,33,185275.0,1233.0,73.66,4.6,1.0,1502217000.0
2017-08-08,107.4,111.0,107.05,107.1,107.71377072819033,1387,16,149399.0,1086.0,78.3,3.95,-0.3,1502130600.0
2017-08-07,108.0,109.0,107.1,108.9,108.43157894736842,475,5,51505.0,475.0,100.0,1.9,0.9,1502044200.0
2017-08-04,109.0,114.0,107.15,109.45,112.62685185185184,2160,13,243274.0,2135.0,98.84,6.85,0.45,1501785000.0
2017-08-03,111.85,111.85,107.45,109.4,108.5281690140845,142,9,15411.0,140.0,98.59,4.4,-2.45,1501698600.0
2017-08-02,112.5,112.5,107.15,107.4,109.1036308623298,2644,41,288470.0,1795.0,67.89,5.35,-5.1,1501612200.0
2017-08-01,112.4,112.4,110.0,112.0,111.90391115403186,2071,18,231753.0,1820.0,87.88,2.4,-0.4,1501525800.0
2017-07-31,114.7,114.7,109.0,109.0,109.11301369863013,292,8,31861.0,196.0,67.12,5.7,-5.7,1501439400.0
2017-07-28,109.0,109.0,108.0,109.0,108.72222222222221,180,3,19570.0,180.0,100.0,1.0,0.0,1501180200.0
2017-07-27,113.0,113.0,112.0,112.0,112.80792682926828,328,6,37001.0,328.0,100.0,1.0,-1.0,1501093800.0
2017-07-26,112.0,112.0,110.1,110.5,110.833607907743,1214,14,134552.0,1012.0,83.36,1.9,-1.5,1501007400.0
2017-07-25,110.0,113.85,108.65,112.3,111.06886517943744,2062,25,229024.0,1874.0,90.88,5.2,2.3,1500921000.0
2017-07-24,109.0,111.0,108.95,110.3,110.26029055690071,826,9,91075.0,826.0,100.0,2.05,1.3,1500834600.0
2017-07-21,108.0,111.5,107.1,109.75,108.22167487684727,609,16,65907.0,600.0,98.52,4.4,1.75,1500575400.0
2017-07-20,111.9,111.9,108.1,110.0,109.71074380165288,2662,20,292050.0,2456.0,92.26,3.8,-1.9,1500489000.0
2017-07-19,111.0,112.0,108.1,108.1,109.40549828178693,582,8,63674.0,573.0,98.45,3.9,-2.9,1500402600.0
2017-07-18,108.0,108.1,107.7,108.1,108.08530183727034,762,6,82361.0,761.0,99.87,0.4,0.1,1500316200.0
2017-07-17,107.5,109.0,107.4,109.0,108.01666666666667,3480,35,375898.0,2855.0,82.04,1.6,1.5,1500229800.0
2017-07-14,109.5,112.0,107.85,107.95,108.52179034157832,849,15,92135.0,749.0,88.22,4.15,-1.55,1499970600.0
2017-07-13,114.85,114.85,108.1,109.5,111.00970873786407,412,11,45736.0,312.0,75.73,6.75,-5.35,1499884200.0
2017-07-12,111.0,113.75,108.55,109.5,110.07777777777775,270,10,29721.0,120.0,44.44,5.2,-1.5,1499797800.0
2017-07-11,109.55,113.45,109.55,111.0,111.23333333333332,450,5,50055.0,350.0,77.78,3.9,1.45,1499711400.0
2017-07-10,112.85,113.95,108.5,109.25,112.05130168453292,1306,22,146339.0,974.0,74.58,5.45,-3.6,1499625000.0
2017-07-07,112.0,112.0,108.05,108.65,109.29333333333332,75,4,8197.0,75.0,100.0,3.95,-3.35,1499365800.0
2017-07-06,110.0,112.9,107.35,110.15,111.30366492146597,573,14,63777.0,362.0,63.18,5.55,0.15,1499279400.0
2017-07-05,108.4,113.8,106.05,113.0,111.00824668339907,2789,35,309602.0,2158.0,77.38,7.75,4.6,1499193000.0
2017-07-04,107.05,108.9,107.05,108.3,108.05979797979796,2475,22,267448.0,2185.0,88.28,1.85,1.25,1499106600.0
2017-07-03,106.0,108.0,106.0,107.4,107.03140703517587,796,12,85197.0,771.0,96.86,2.0,1.4,1499020200.0
2017-06-30,104.05,108.0,104.05,107.8,105.09303534303534,1924,18,202199.0,1914.0,99.48,3.95,3.75,1498761000.0
2017-06-29,116.0,116.0,104.2,105.8,107.9284876905041,853,11,92063.0,603.0,70.69,11.8,-10.2,1498674600.0
2017-06-28,103.15,106.75,103.1,104.0,104.1190798376184,5912,33,615552.0,5246.0,88.73,3.65,0.85,1498588200.0
2017-06-27,106.0,108.9,104.0,105.6,106.12449652142072,2731,60,289826.0,1438.0,52.65,4.9,-0.4,1498501800.0
2017-06-23,108.0,109.45,106.2,107.1,107.27116704805492,874,31,93755.0,631.0,72.2,3.25,-0.9,1498156200.0
2017-06-22,106.0,108.75,106.0,108.75,107.54613935969869,1062,12,114214.0,1002.0,94.35,2.75,2.75,1498069800.0
2017-06-21,104.0,110.0,104.0,107.15,108.97504456327984,6171,39,672485.0,5771.0,93.52,6.0,3.15,1497983400.0
2017-06-20,105.0,107.5,104.6,105.1,106.2117962466488,1492,32,158468.0,1230.0,82.44,2.9,0.1,1497897000.0
2017-06-19,108.2,111.35,103.0,106.3,105.46778190830236,1614,69,170225.0,1035.0,64.13,8.35,-1.9,1497810600.0
2017-06-16,107.65,114.5,105.5,107.05,109.75,2468,55,270863.0,1601.0,64.87,9.0,-0.6,1497551400.0
2017-06-15,110.5,115.0,110.0,110.75,111.48514851485147,2525,42,281500.0,1726.0,68.36,5.0,0.25,1497465000.0
2017-06-14,112.0,116.9,110.1,115.75,114.6417770183682,11705,103,1341882.0,9232.0,78.87,6.8,3.75,1497378600.0
2017-06-13,113.0,113.0,108.65,111.0,111.13509683514408,2117,21,235273.0,1617.0,76.38,4.35,-2.0,1497292200.0
2017-06-12,105.95,113.0,105.95,109.7,108.1593175271438,4513,41,488123.0,3434.0,76.09,7.05,3.75,1497205800.0
2017-06-09,103.0,106.7,101.0,106.0,102.92119565217392,1104,23,113625.0,890.0,80.62,5.7,3.0,1496946600.0
2017-06-08,103.0,106.65,103.0,106.05,105.48125,320,11,33754.0,320.0,100.0,3.65,3.05,1496860200.0
2017-06-07,102.0,106.0,102.0,104.35,104.28888888888888,810,27,84474.0,497.0,61.36,4.0,2.35,1496773800.0
2017-06-06,103.05,104.0,100.6,101.75,102.3776150627615,956,27,97873.0,631.0,66.0,3.4,-1.3,1496687400.0
2017-06-05,103.55,106.6,103.55,104.05,104.39807162534436,2178,27,227379.0,2119.0,97.29,3.05,0.5,1496601000.0
2017-06-02,107.5,107.5,102.3,103.55,103.39662447257383,474,14,49010.0,195.0,41.14,5.2,-3.95,1496341800.0
2017-06-01,103.0,106.7,100.6,102.55,101.90207914151576,1491,33,151936.0,888.0,59.56,6.1,-0.45,1496255400.0
2017-05-31,100.0,109.0,100.0,101.75,104.09114448472295,1931,45,201000.0,1760.0,91.14,9.0,1.75,1496169000.0
2017-05-30,109.75,109.75,104.1,108.0,106.43727598566308,279,10,29696.0,195.0,69.89,5.65,-1.75,1496082600.0
2017-05-29,104.0,107.85,104.0,105.05,104.94067796610167,590,13,61915.0,399.0,67.63,3.85,1.05,1495996200.0
2017-05-26,105.25,107.0,105.15,105.8,105.3047145654466,6639,20,699118.0,6474.0,97.51,1.85,0.55,1495737000.0
2017-05-25,105.35,105.35,105.25,105.25,105.28,100,3,10528.0,100.0,100.0,0.1,-0.1,1495650600.0
2017-05-24,105.0,107.0,105.0,105.2,106.5530888030888,4144,31,441556.0,3934.0,94.93,2.0,0.2,1495564200.0
2017-05-23,113.9,113.9,106.0,106.1,106.41230769230768,650,20,69168.0,618.0,95.08,7.9,-7.8,1495477800.0
2017-05-22,111.7,111.7,107.2,109.95,110.02666666666666,75,7,8252.0,41.0,54.67,4.5,-1.75,1495391400.0
2017-05-19,112.0,112.0,106.25,107.0,107.43430656934306,1370,23,147185.0,1100.0,80.29,5.75,-5.0,1495132200.0
2017-05-18,107.15,113.6,107.15,111.5,110.32743362831857,226,18,24934.0,1.0,0.44,6.45,4.35,1495045800.0
2017-05-17,109.1,114.0,109.0,112.0,111.63250230840258,1083,19,120898.0,987.0,91.14,5.0,2.9,1494959400.0
2017-05-16,106.0,109.0,106.0,107.6,107.64,950,18,102258.0,700.0,73.68,3.0,1.6,1494873000.0
2017-05-15,105.65,109.1,105.65,106.65,106.73197047132312,1761,38,187955.0,1220.0,69.28,3.45,1.0,1494786600.0
2017-05-12,109.95,111.5,109.5,110.0,110.03378378378378,444,6,48855.0,444.0,100.0,2.0,0.05,1494527400.0
2017-05-11,107.4,111.9,107.4,110.0,109.80555555555556,360,10,39530.0,323.0,89.72,4.5,2.6,1494441000.0
2017-05-10,110.0,114.75,109.0,109.25,109.5042994436014,1977,38,216490.0,1459.0,73.8,5.75,-0.75,1494354600.0
2017-05-09,108.45,110.0,108.05,108.6,108.67261538461538,1625,34,176593.0,1050.0,64.62,1.95,0.15,1494268200.0
2017-05-08,110.0,112.85,106.0,110.0,109.72808988764044,2225,44,244145.0,1790.0,80.45,6.85,0.0,1494181800.0
2017-05-05,113.0,116.0,110.6,113.45,113.36793760831888,5770,51,654133.0,3827.0,66.33,5.4,0.45,1493922600.0
2017-05-04,110.5,115.0,110.3,113.25,112.32709186658865,3418,39,383934.0,2578.0,75.42,4.7,2.75,1493836200.0
2017-05-03,113.25,113.5,111.25,111.25,112.96455696202533,790,11,89242.0,725.0,91.77,2.25,-2.0,1493749800.0
2017-05-02,113.0,114.25,110.25,111.0,112.99416342412452,514,36,58079.0,203.0,39.49,4.0,-2.0,1493663400.0
2017-04-28,107.7,113.95,107.7,110.5,109.8443113772455,1336,29,146752.0,760.0,56.89,6.25,2.8,1493317800.0
2017-04-27,108.6,115.0,108.1,109.65,109.52266333229134,3199,41,350363.0,2606.0,81.46,6.9,1.05,1493231400.0
2017-04-26,108.75,112.7,108.75,110.65,110.3515559293524,1189,21,131208.0,979.0,82.34,3.95,1.9,1493145000.0
2017-04-25,114.0,114.0,108.0,111.0,110.1915393654524,1702,17,187546.0,1600.0,94.01,6.0,-3.0,1493058600.0
2017-04-24,111.0,111.0,110.05,110.35,110.34615384615384,78,2,8607.0,78.0,100.0,0.95,-0.65,1492972200.0
2017-04-21,110.7,113.0,110.65,110.65,111.63934426229508,244,7,27240.0,214.0,87.7,2.35,-0.05,1492713000.0
2017-04-20,110.05,114.95,110.05,110.65,112.96335078534032,382,11,43152.0,256.0,67.02,4.9,0.6,1492626600.0
2017-04-19,110.1,114.0,110.1,110.55,111.13620386643233,1138,18,126473.0,713.0,62.65,3.9,0.45,1492540200.0
2017-04-18,108.05,115.0,108.05,114.2,113.5496740547588,3835,32,435463.0,3383.0,88.21,6.95,6.15,1492453800.0
2017-04-17,114.5,114.5,109.8,110.15,110.5098814229249,253,12,27959.0,183.0,72.33,4.7,-4.35,1492367400.0
2017-04-13,113.45,113.45,109.5,111.7,111.59813084112147,107,5,11941.0,106.0,99.07,3.95,-1.75,1492021800.0
2017-04-12,108.3,110.25,108.3,109.15,109.6132075471698,1166,19,127809.0,965.0,82.76,1.95,0.85,1491935400.0
2017-04-11,115.7,115.75,110.0,110.15,111.40893470790378,1455,27,162100.0,1150.0,79.04,5.75,-5.55,1491849000.0
2017-04-10,112.5,116.0,111.2,112.3,114.10790925812384,1631,14,186110.0,1453.0,89.09,4.8,-0.2,1491762600.0
2017-04-07,115.0,115.1,113.55,113.7,114.66808510638296,235,10,26947.0,216.0,91.91,1.55,-1.3,1491503400.0
2017-04-06,118.2,118.2,113.0,115.95,115.28135593220338,295,8,34008.0,225.0,76.27,5.2,-2.25,1491417000.0
2017-04-05,111.0,118.0,110.1,116.2,114.324568288854,2548,44,291299.0,2172.0,85.24,7.9,5.2,1491330600.0
2017-04-03,108.35,115.0,108.35,113.05,112.21315192743764,882,26,98972.0,810.0,91.84,6.65,4.7,1491157800.0
2017-03-31,111.1,113.35,108.15,109.05,110.4623032311516,1207,25,133328.0,1178.0,97.6,5.2,-2.05,1490898600.0
2017-03-30,109.9,115.0,109.55,110.9,110.69117647058825,544,18,60216.0,432.0,79.41,5.45,1.0,1490812200.0
2017-03-29,110.3,113.95,110.0,110.9,110.14604236343366,897,20,98801.0,793.0,88.41,3.95,0.6,1490725800.0
2017-03-28,114.5,114.5,110.1,110.4,111.44201312910285,457,10,50929.0,407.0,89.06,4.4,-4.1,1490639400.0
2017-03-27,111.05,113.0,110.0,110.0,111.00467836257307,855,26,94909.0,690.0,80.7,3.0,-1.05,1490553000.0
2017-03-24,110.0,113.0,109.0,110.45,110.90139064475348,791,29,87723.0,515.0,65.11,4.0,0.45,1490293800.0
2017-03-23,119.0,119.0,108.35,109.55,109.74653259361996,5768,57,633018.0,5450.0,94.49,10.65,-9.45,1490207400.0
2017-03-22,110.0,114.0,109.2,111.9,113.50886524822695,564,12,64019.0,531.0,94.15,4.8,1.9,1490121000.0
2017-03-21,116.0,116.0,113.15,114.55,114.45885286783042,401,9,45898.0,351.0,87.53,2.85,-1.45,1490034600.0
2017-03-20,117.0,117.0,111.0,111.0,111.3341346153846,416,14,46315.0,325.0,78.12,6.0,-6.0,1489948200.0
2017-03-17,112.05,115.0,110.3,112.25,112.81993569131832,311,20,35087.0,285.0,91.64,4.7,0.2,1489689000.0
2017-03-16,113.25,114.65,110.55,112.05,111.5326860841424,1545,36,172318.0,1172.0,75.86,4.1,-1.2,1489602600.0
2017-03-15,111.95,114.7,109.0,111.7,111.31730769230768,208,13,23154.0,188.0,90.38,5.7,-0.25,1489516200.0
2017-03-14,111.7,119.0,108.2,109.1,109.73059866962303,4510,74,494885.0,2325.0,51.55,10.8,-2.6,1489429800.0
2017-03-10,111.05,113.95,111.05,111.7,112.366927592955,1022,27,114839.0,886.0,86.69,2.9,0.65,1489084200.0
2017-03-09,115.0,121.0,113.0,113.3,114.51738672286616,949,21,108677.0,704.0,74.18,8.0,-1.7,1488997800.0
2017-03-08,115.1,115.1,112.5,114.95,113.91517857142856,672,12,76551.0,657.0,97.77,2.6,-0.15,1488911400.0
2017-03-07,116.0,117.95,112.0,112.95,113.81058101086444,2117,32,240937.0,1799.0,84.98,5.95,-3.05,1488825000.0
2017-03-06,118.0,118.0,115.2,116.9,115.94491525423727,236,12,27363.0,185.0,78.39,2.8,-1.1,1488738600.0
2017-03-03,114.25,115.8,114.05,115.8,114.91029900332224,602,18,69176.0,377.0,62.62,1.75,1.55,1488479400.0
2017-03-02,114.1,118.0,114.1,117.0,116.30588235294115,850,25,98860.0,660.0,77.65,3.9,2.9,1488393000.0
2017-03-01,115.5,120.0,113.15,113.5,115.12813370473536,359,8,41331.0,189.0,52.65,6.85,-2.0,1488306600.0
2017-02-28,111.0,118.0,108.2,115.3,112.82857142857142,210,7,23694.0,80.0,38.1,9.8,4.3,1488220200.0
2017-02-27,116.5,118.85,115.0,115.75,116.00116009280742,862,32,99993.0,538.0,62.41,3.85,-0.75,1488133800.0
2017-02-23,118.0,118.0,117.5,117.5,117.80106100795756,377,13,44411.0,377.0,100.0,0.5,-0.5,1487788200.0
2017-02-22,119.75,119.75,116.25,116.45,116.8,105,8,12264.0,70.0,66.67,3.5,-3.3,1487701800.0
2017-02-21,118.0,119.2,115.35,118.4,117.76404494382022,890,15,104810.0,682.0,76.63,3.85,0.4,1487615400.0
2017-02-20,117.05,119.0,117.0,118.0,117.80311890838206,513,13,60433.0,313.0,61.01,2.0,0.95,1487529000.0
2017-02-17,121.95,121.95,116.05,119.3,118.38374899436846,1243,27,147151.0,1181.0,95.01,5.9,-2.65,1487269800.0
2017-02-16,116.0,120.0,116.0,118.7,117.91724738675958,1148,17,135369.0,836.0,72.82,4.0,2.7,1487183400.0
2017-02-15,115.0,123.0,115.0,115.75,116.02488335925348,643,21,74604.0,577.0,89.74,8.0,0.75,1487097000.0
2017-02-14,118.0,122.8,118.0,118.0,119.08823529411764,340,11,40490.0,240.0,70.59,4.8,0.0,1487010600.0
2017-02-13,126.9,126.9,118.55,120.55,121.61290322580643,310,11,37700.0,205.0,66.13,8.35,-6.35,1486924200.0
2017-02-10,118.35,118.35,118.0,118.0,118.2255319148936,470,9,55566.0,340.0,72.34,0.35,-0.35,1486665000.0
2017-02-09,120.0,120.0,118.0,118.45,118.63696369636963,606,14,71894.0,456.0,75.25,2.0,-1.55,1486578600.0
2017-02-08,118.2,121.5,118.2,120.0,120.46385542168674,830,14,99985.0,830.0,100.0,3.3,1.8,1486492200.0
2017-02-07,122.0,122.0,122.0,122.0,122.0,100,1,12200.0,100.0,100.0,0.0,0.0,1486405800.0
2017-02-06,117.8,121.95,117.8,118.7,119.05681818181819,264,7,31431.0,232.0,87.88,4.15,0.9,1486319400.0
2017-02-03,115.7,121.0,115.0,119.8,118.08738631870304,2529,33,298643.0,1323.0,52.31,6.0,4.1,1486060200.0
2017-02-02,121.0,121.0,119.0,119.0,120.74242424242424,462,9,55783.0,462.0,100.0,2.0,-2.0,1485973800.0
2017-02-01,115.0,120.7,114.6,118.55,117.93920145190562,1102,25,129969.0,510.0,46.28,6.1,3.55,1485887400.0
2017-01-31,122.1,122.1,116.8,117.2,118.67091295116772,2355,36,279470.0,1680.0,71.34,5.3,-4.9,1485801000.0
2017-01-30,119.5,124.9,119.5,123.65,122.44827586206895,754,17,92326.0,560.0,74.27,5.4,4.15,1485714600.0
2017-01-27,119.0,120.25,118.95,119.5,119.45822102425876,1113,20,132957.0,960.0,86.25,1.3,0.5,1485455400.0
2017-01-25,118.75,119.9,116.5,118.95,118.29629629629628,3780,66,447160.0,3152.0,83.39,3.4,0.2,1485282600.0
2017-01-24,121.75,126.0,115.8,117.75,119.3152634766808,3302,72,393979.0,2326.0,70.44,10.2,-4.0,1485196200.0
2017-01-23,127.9,127.9,121.05,121.55,122.55,100,5,12255.0,45.0,45.0,6.85,-6.35,1485109800.0
2017-01-20,119.3,124.0,119.0,121.5,120.86228218100057,1779,29,215014.0,929.0,52.22,5.0,2.2,1484850600.0
2017-01-19,124.25,127.75,124.25,126.85,126.53095238095239,420,10,53143.0,370.0,88.1,3.5,2.6,1484764200.0
2017-01-18,123.9,128.0,123.9,127.8,126.11449200618875,1939,32,244536.0,1825.0,94.12,4.1,3.9,1484677800.0
2017-01-17,120.0,124.0,115.05,123.9,121.19848219497956,1713,21,207613.0,1683.0,98.25,8.95,3.9,1484591400.0
2017-01-16,124.0,124.0,110.35,119.25,115.48128615175229,5878,62,678799.0,3041.0,51.74,13.65,-4.75,1484505000.0
2017-01-13,119.25,124.3,119.25,120.75,120.21385542168674,332,6,39911.0,332.0,100.0,5.05,1.5,1484245800.0
2017-01-12,120.5,121.0,119.25,120.25,120.16058394160584,548,16,65848.0,428.0,78.1,1.75,-0.25,1484159400.0
2017-01-11,119.4,121.4,119.4,120.5,120.73020134228187,745,16,89944.0,645.0,86.58,2.0,1.1,1484073000.0
2017-01-10,120.6,120.7,120.6,120.7,120.67272727272729,55,3,6637.0,55.0,100.0,0.1,0.1,1483986600.0
2017-01-09,120.0,124.65,118.5,122.85,120.69857433808552,491,11,59263.0,391.0,79.63,6.15,2.85,1483900200.0
2017-01-06,123.95,123.95,117.65,118.4,120.8991323210412,922,20,111469.0,665.0,72.13,6.3,-5.55,1483641000.0
2017-01-05,120.0,122.0,119.1,121.1,120.73597359735972,303,8,36583.0,204.0,67.33,2.9,1.1,1483554600.0
2017-01-04,124.9,124.9,119.2,122.5,122.07948442534908,931,15,113656.0,680.0,73.04,5.7,-2.4,1483468200.0
2017-01-03,118.0,123.0,118.0,120.5,120.61228070175439,570,16,68749.0,470.0,82.46,5.0,2.5,1483381800.0
2017-01-02,123.7,123.7,119.0,119.8,120.4516129032258,310,13,37340.0,210.0,67.74,4.7,-3.9,1483295400.0
2016-12-30,120.0,123.0,116.15,118.0,118.7111777944486,1333,36,158242.0,878.0,65.87,6.85,-2.0,1483036200.0
2016-12-29,123.0,123.9,118.0,120.2,121.07659574468084,235,14,28453.0,170.0,72.34,5.9,-2.8,1482949800.0
2016-12-28,119.4,121.95,119.25,121.2,120.51428571428572,140,9,16872.0,87.0,62.14,2.7,1.8,1482863400.0
2016-12-27,113.0,125.8,113.0,121.0,120.056280283265,2683,31,322111.0,1898.0,70.74,12.8,8.0,1482777000.0
2016-12-26,115.25,122.5,113.0,114.9,115.92161820480403,791,23,91694.0,739.0,93.43,9.5,-0.35,1482690600.0
2016-12-23,126.0,126.0,117.5,118.2,119.1875,272,12,32419.0,146.0,53.68,8.5,-7.8,1482431400.0
2016-12-22,120.1,127.0,119.0,119.8,120.57577763070815,1511,29,182190.0,1210.0,80.08,8.0,-0.3,1482345000.0
2016-12-21,134.9,136.6,122.1,124.45,130.3496744542321,2611,64,340343.0,2434.0,93.22,14.5,-10.45,1482258600.0
2016-12-20,136.0,136.0,130.0,133.95,133.16653135782423,9854,130,1312223.0,8140.0,82.61,6.0,-2.05,1482172200.0
2016-12-19,123.6,129.9,119.15,127.5,126.08513864818023,4616,86,582009.0,3779.0,81.87,10.75,3.9,1482085800.0
2016-12-16,112.0,119.95,112.0,116.0,118.78113663845224,827,13,98232.0,792.0,95.77,7.95,4.0,1481826600.0
2016-12-15,116.0,120.5,116.0,118.2,118.175,200,5,23635.0,130.0,65.0,4.5,2.2,1481740200.0
2016-12-14,115.8,118.9,115.8,117.95,117.84923076923076,975,6,114903.0,925.0,94.87,3.1,2.15,1481653800.0
2016-12-13,114.05,121.9,114.05,119.15,117.70609318996416,837,20,98520.0,557.0,66.55,7.85,5.1,1481567400.0
2016-12-12,117.2,119.0,117.2,119.0,117.69133192389006,946,18,111336.0,846.0,89.43,1.8,1.8,1481481000.0
2016-12-09,116.0,119.0,115.9,117.2,116.83043478260868,230,8,26871.0,210.0,91.3,3.1,1.2,1481221800.0
2016-12-08,118.0,118.0,112.65,114.25,114.16296296296296,810,13,92472.0,555.0,68.52,5.35,-3.75,1481135400.0
2016-12-07,116.9,116.9,110.1,110.6,111.33636363636364,330,12,36741.0,200.0,60.61,6.8,-6.3,1481049000.0
2016-12-06,116.0,116.0,115.0,115.0,115.0558659217877,358,9,41190.0,338.0,94.41,1.0,-1.0,1480962600.0
2016-12-05,115.0,115.0,115.0,115.0,115.0,197,6,22655.0,197.0,100.0,0.0,0.0,1480876200.0
2016-12-02,116.45,116.45,115.0,115.4,115.30073800738008,542,8,62493.0,506.0,93.36,1.45,-1.05,1480617000.0
2016-12-01,113.0,118.0,113.0,113.5,114.59620991253644,686,23,78613.0,505.0,73.62,5.0,0.5,1480530600.0
2016-11-30,110.4,118.0,110.4,117.35,115.2434554973822,382,10,44023.0,340.0,89.01,7.6,6.95,1480444200.0
2016-11-29,115.0,115.0,113.75,113.8,114.08609271523179,151,12,17227.0,151.0,100.0,1.25,-1.2,1480357800.0
2016-11-28,108.0,115.0,108.0,115.0,112.676,1250,15,140845.0,1250.0,100.0,7.0,7.0,1480271400.0
2016-11-25,105.35,108.35,105.35,108.15,107.50632911392404,790,24,84930.0,690.0,87.34,3.0,2.8,1480012200.0
2016-11-24,102.0,105.0,100.0,103.95,103.25925925925924,621,17,64124.0,521.0,83.9,5.0,1.95,1479925800.0
2016-11-23,97.7,102.0,95.1,99.05,97.64015151515152,792,28,77331.0,710.0,89.65,6.9,1.35,1479839400.0
2016-11-22,105.0,114.0,98.0,98.05,101.46194351364288,2089,41,211954.0,2011.0,96.27,16.0,-6.95,1479753000.0
2016-11-21,109.0,109.0,100.1,100.6,102.56505003849114,1299,34,133232.0,1084.0,83.45,8.9,-8.4,1479666600.0
2016-11-18,105.3,115.9,102.5,106.0,109.80290102389078,1172,28,128689.0,1109.0,94.62,13.4,0.7,1479407400.0
2016-11-17,106.0,108.0,105.0,108.0,106.56646525679758,662,15,70547.0,661.0,99.85,3.0,2.0,1479321000.0
2016-11-16,110.0,110.05,105.0,110.05,108.75,996,28,108315.0,860.0,86.35,5.05,0.05,1479234600.0
2016-11-15,114.0,114.0,105.05,105.1,110.84196547144754,753,20,83464.0,752.0,99.87,8.95,-8.9,1479148200.0
2016-11-11,117.75,117.75,106.0,110.0,111.64186046511628,2365,54,264033.0,2360.0,99.79,11.75,-7.75,1478802600.0
2016-11-10,122.75,122.75,118.0,118.0,118.60491071428572,448,9,53135.0,398.0,88.84,4.75,-4.75,1478716200.0
2016-11-09,110.0,125.0,107.0,117.7,117.43049932523616,741,21,87016.0,580.0,78.27,18.0,7.7,1478629800.0
2016-11-08,120.05,122.75,110.0,115.0,115.51513949490942,7563,87,873641.0,6705.0,88.66,12.75,-5.05,1478543400.0
2016-11-07,128.95,128.95,115.0,120.05,121.31591796875,2048,38,248455.0,1768.0,86.33,13.95,-8.9,1478457000.0
2016-11-04,130.0,130.1,123.0,124.05,127.95968882602544,2828,56,361870.0,2753.0,97.35,7.1,-5.95,1478197800.0
2016-11-03,130.0,135.0,127.0,133.8,132.09714285714284,1225,19,161819.0,1223.0,99.84,8.0,3.8,1478111400.0
2016-11-02,129.0,131.5,127.0,128.5,127.4026073619632,2608,46,332266.0,2234.0,85.66,4.5,-0.5,1478025000.0
2016-11-01,136.0,136.0,130.0,131.3,131.57827476038338,313,12,41184.0,310.0,99.04,6.0,-4.7,1477938600.0
2016-10-30,133.5,134.0,130.8,132.95,132.6204238921002,519,17,68830.0,469.0,90.37,3.2,-0.55,1477765800.0
2016-10-28,128.15,130.0,128.15,129.2,128.7765595463138,2645,27,340614.0,2340.0,88.47,1.85,1.05,1477593000.0
2016-10-27,133.1,133.1,129.0,129.75,130.9246458923513,1765,38,231082.0,1428.0,80.91,4.1,-3.35,1477506600.0
2016-10-26,132.8,136.0,132.8,134.95,134.33488714425908,4076,54,547549.0,4076.0,100.0,3.2,2.15,1477420200.0
2016-10-25,132.0,133.8,131.0,132.8,131.87170263788968,834,21,109981.0,783.0,93.88,2.8,0.8,1477333800.0
2016-10-24,128.25,132.7,128.1,132.15,130.66799276672694,2765,41,361297.0,2701.0,97.69,4.6,3.9,1477247400.0
2016-10-21,128.55,131.9,126.2,128.05,128.21288771889664,8737,97,1120196.0,4785.0,54.77,5.7,-0.5,1476988200.0
2016-10-20,135.5,136.0,124.5,130.35,131.19060701203557,7644,114,1002821.0,6173.0,80.76,11.5,-5.15,1476901800.0
2016-10-19,134.0,139.9,134.0,137.75,137.9892451702848,5021,92,692844.0,4315.0,85.94,5.9,3.75,1476815400.0
2016-10-18,130.9,134.45,130.0,132.85,131.92869565217393,1725,24,227577.0,1725.0,100.0,4.45,1.95,1476729000.0
2016-10-17,126.0,132.0,126.0,131.45,130.98990536277603,1585,18,207619.0,1483.0,93.56,6.0,5.45,1476642600.0
2016-10-14,134.0,134.0,127.55,129.9,130.41730401529637,2092,29,272833.0,1917.0,91.63,6.45,-4.1,1476383400.0
2016-10-13,131.0,133.9,130.1,132.7,131.40969417195615,1733,23,227733.0,1358.0,78.36,3.8,1.7,1476297000.0
2016-10-10,130.7,134.0,128.5,131.35,131.23490378234905,1507,21,197771.0,1397.0,92.7,5.5,0.65,1476037800.0
2016-10-07,129.85,132.0,127.0,129.5,129.6310975609756,2296,43,297633.0,2159.0,94.03,5.0,-0.35,1475778600.0
2016-10-06,119.65,129.85,119.65,129.0,124.37932148626815,3095,72,384954.0,2458.0,79.42,10.2,9.35,1475692200.0
2016-10-05,118.75,126.95,118.75,123.9,125.40263157894736,380,11,47653.0,370.0,97.37,8.2,5.15,1475605800.0
2016-10-04,122.65,124.7,120.2,122.05,122.46774193548389,930,19,113895.0,780.0,83.87,4.5,-0.6,1475519400.0
2016-10-03,124.2,126.85,121.05,123.95,123.36222910216718,646,13,79692.0,546.0,84.52,5.8,-0.25,1475433000.0
2016-09-30,123.0,126.45,118.65,124.85,120.525,1280,15,154272.0,1270.0,99.22,7.8,1.85,1475173800.0
2016-09-29,124.55,128.15,117.2,122.15,123.8048128342246,1122,29,138909.0,696.0,62.03,10.95,-2.4,1475087400.0
2016-09-28,122.0,127.5,122.0,127.5,124.13969732246798,1718,27,213272.0,1609.0,93.66,5.5,5.5,1475001000.0
2016-09-27,124.0,127.2,121.0,121.0,123.37560975609756,205,4,25292.0,205.0,100.0,6.2,-3.0,1474914600.0
2016-09-26,126.8,129.5,123.0,123.55,126.12595419847328,1048,24,132180.0,666.0,63.55,6.5,-3.25,1474828200.0
2016-09-23,125.95,127.05,125.95,126.8,126.375,456,10,57627.0,416.0,91.23,1.1,0.85,1474569000.0
2016-09-22,129.5,129.5,121.1,121.7,125.359375,320,16,40115.0,170.0,53.12,8.4,-7.8,1474482600.0
2016-09-21,125.0,130.0,122.05,123.55,126.43501611170784,931,21,117711.0,848.0,91.08,7.95,-1.45,1474396200.0
2016-09-20,124.95,124.95,116.25,121.1,117.88724584103512,1623,48,191331.0,1049.0,64.63,8.7,-3.85,1474309800.0
2016-09-19,118.75,122.0,107.6,120.0,119.43394077448748,878,32,104863.0,705.0,80.3,14.4,1.25,1474223400.0
2016-09-16,123.0,123.0,120.0,120.0,121.63326653306612,499,12,60695.0,499.0,100.0,3.0,-3.0,1473964200.0
2016-09-15,120.2,124.85,120.0,121.5,120.84,300,6,36252.0,200.0,66.67,4.85,1.3,1473877800.0
2016-09-14,120.2,124.75,120.1,120.15,122.33809523809524,210,4,25691.0,160.0,76.19,4.65,-0.05,1473791400.0
2016-09-12,126.7,126.7,121.55,121.55,123.28,150,3,18492.0,150.0,100.0,5.15,-5.15,1473618600.0
2016-09-09,120.3,125.0,120.05,121.1,121.68535564853556,1195,22,145414.0,600.0,50.21,4.95,0.8,1473359400.0
2016-09-08,126.3,127.5,121.45,125.7,125.7945205479452,730,21,91830.0,650.0,89.04,6.05,-0.6,1473273000.0
2016-09-07,128.5,128.5,118.0,118.2,119.10666666666665,675,17,80397.0,575.0,85.19,10.5,-10.3,1473186600.0
2016-09-06,123.0,123.0,117.3,119.7,120.02291105121292,742,28,89057.0,662.0,89.22,5.7,-3.3,1473100200.0
2016-09-02,121.35,121.35,116.8,119.6,119.17934782608695,920,18,109645.0,600.0,65.22,4.55,-1.75,1472754600.0
2016-09-01,122.0,123.05,122.0,123.0,122.04983388704318,1204,5,146948.0,1204.0,100.0,1.05,1.0,1472668200.0
2016-08-31,124.0,124.0,120.5,122.05,122.42666666666666,225,21,27546.0,223.0,99.11,3.5,-1.95,1472581800.0
2016-08-30,120.0,124.0,120.0,123.6,121.57627118644068,531,17,64557.0,428.0,80.6,4.0,3.6,1472495400.0
2016-08-29,120.6,123.0,119.0,121.5,120.4555712270804,709,22,85403.0,485.0,68.41,4.0,0.9,1472409000.0
2016-08-26,122.5,123.0,121.8,122.05,122.13577981651376,545,13,66564.0,362.0,66.42,1.2,-0.45,1472149800.0
2016-08-25,120.05,129.6,120.0,123.25,123.681592039801,603,20,74580.0,500.0,82.92,9.6,3.2,1472063400.0
2016-08-24,124.05,124.6,124.0,124.05,124.08778625954199,1048,18,130044.0,899.0,85.78,0.6,0.0,1471977000.0
2016-08-23,125.05,125.05,124.2,124.2,124.76,575,13,71737.0,575.0,100.0,0.85,-0.85,1471890600.0
2016-08-22,124.0,129.85,124.0,124.4,126.0125786163522,477,22,60108.0,347.0,72.75,5.85,0.4,1471804200.0
2016-08-19,123.7,125.7,123.7,124.0,124.03846153846152,130,5,16125.0,90.0,69.23,2.0,0.3,1471545000.0
2016-08-18,122.0,131.0,121.05,125.2,125.18053454362077,1983,42,248233.0,1548.0,78.06,9.95,3.2,1471458600.0
2016-08-17,126.0,134.9,126.0,129.1,129.3183023872679,377,13,48753.0,166.0,44.03,8.9,3.1,1471372200.0
2016-08-16,125.5,126.7,125.3,125.65,125.70462633451956,843,22,105969.0,733.0,86.95,1.4,0.15,1471285800.0
2016-08-12,123.0,134.7,123.0,130.0,128.5225225225225,111,14,14266.0,74.0,66.67,11.7,7.0,1470940200.0
2016-08-11,128.95,128.95,125.0,125.45,126.15548780487804,656,21,82758.0,646.0,98.48,3.95,-3.5,1470853800.0
2016-08-10,129.0,129.5,125.5,127.0,127.9103313840156,513,20,65618.0,452.0,88.11,4.0,-2.0,1470767400.0
2016-08-09,131.7,131.8,125.1,128.7,128.79374201787994,1566,31,201691.0,1365.0,87.16,6.7,-3.0,1470681000.0
2016-08-08,128.05,128.05,123.0,126.7,126.18952299829643,2348,49,296293.0,1833.0,78.07,5.05,-1.35,1470594600.0
2016-08-05,125.5,130.1,125.5,130.1,128.6308411214953,1070,22,137635.0,816.0,76.26,4.6,4.6,1470335400.0
2016-08-04,127.0,128.9,126.45,128.75,128.20315661675437,2471,23,316790.0,2469.0,99.92,2.45,1.75,1470249000.0
2016-08-03,131.35,136.0,128.0,128.9,129.23229629629628,3375,72,436159.0,3268.0,96.83,8.0,-2.45,1470162600.0
2016-08-02,139.0,139.0,130.0,131.5,133.321261682243,856,36,114123.0,740.0,86.45,9.0,-7.5,1470076200.0
2016-08-01,135.7,139.0,135.0,137.0,136.27777777777777,108,7,14718.0,101.0,93.52,4.0,1.3,1469989800.0
2016-07-29,140.4,140.4,137.25,137.25,138.26902173913044,368,10,50883.0,368.0,100.0,3.15,-3.15,1469730600.0
2016-07-28,135.05,138.75,135.05,137.5,136.21382007822683,767,23,104476.0,577.0,75.23,3.7,2.45,1469644200.0
2016-07-27,136.5,139.0,136.1,136.25,137.1392572944297,754,35,103403.0,504.0,66.84,2.9,-0.25,1469557800.0
2016-07-26,139.0,141.0,137.0,137.4,138.4581589958159,4780,108,661830.0,3900.0,81.59,4.0,-1.6,1469471400.0
2016-07-25,141.0,143.0,136.2,140.15,139.01256684491977,3740,62,519907.0,3285.0,87.83,6.8,-0.85,1469385000.0
2016-07-22,142.85,145.5,142.8,142.95,143.55579868708972,457,19,65605.0,392.0,85.78,2.7,0.1,1469125800.0
2016-07-21,148.7,148.7,142.0,143.3,144.1356707317073,656,32,94553.0,496.0,75.61,6.7,-5.4,1469039400.0
2016-07-20,143.5,145.0,143.5,143.7,143.98029556650246,609,28,87684.0,374.0,61.41,1.5,0.2,1468953000.0
2016-07-19,146.0,146.9,145.1,146.9,145.5818181818182,55,4,8007.0,55.0,100.0,1.8,0.9,1468866600.0
2016-07-18,142.0,147.7,142.0,143.4,144.32371794871793,624,21,90058.0,425.0,68.11,5.7,1.4,1468780200.0
2016-07-15,144.0,145.5,142.5,143.5,143.96953642384105,755,30,108697.0,560.0,74.17,3.0,-0.5,1468521000.0
2016-07-14,149.0,149.95,142.7,145.05,145.41066376496192,4595,81,668162.0,3977.0,86.55,7.25,-3.95,1468434600.0
2016-07-13,147.25,150.0,147.0,150.0,148.1376927166401,3762,42,557294.0,3591.0,95.45,3.0,2.75,1468348200.0
2016-07-12,149.3,151.0,148.0,149.4,149.75417130144604,1798,26,269258.0,1596.0,88.77,3.0,0.1,1468261800.0
2016-07-11,159.9,160.5,148.7,149.95,150.4823463997776,3597,51,541285.0,2798.0,77.79,11.8,-9.95,1468175400.0
2016-07-08,150.5,154.0,145.3,150.05,150.37569573283858,1078,29,162105.0,944.0,87.57,8.7,-0.45,1467916200.0
2016-07-07,159.9,159.9,150.15,150.45,152.78711897738447,2034,45,310769.0,1800.0,88.5,9.75,-9.45,1467829800.0
2016-07-05,153.05,156.0,150.5,151.35,152.5519601742377,1607,31,245151.0,1307.0,81.33,5.5,-1.7,1467657000.0
2016-07-04,156.5,156.5,152.55,152.8,154.1913225300575,1913,39,294968.0,1564.0,81.76,3.95,-3.7,1467570600.0
2016-07-01,156.1,160.0,156.1,156.45,157.0299931833674,1467,25,230363.0,1214.0,82.75,3.9,0.35,1467311400.0
2016-06-30,169.7,169.7,153.5,155.7,158.04130982367758,1985,52,313712.0,1409.0,70.98,16.2,-14.0,1467225000.0
2016-06-29,147.8,168.7,142.55,156.45,159.42378366518568,18231,221,2906455.0,9000.0,49.37,26.15,8.65,1467138600.0
2016-06-28,144.0,147.95,143.6,143.75,144.38234102875657,2469,42,356480.0,2018.0,81.73,4.35,-0.25,1467052200.0
2016-06-27,144.0,149.0,144.0,145.05,147.16150442477877,1356,31,199551.0,920.0,67.85,5.0,1.05,1466965800.0
2016-06-24,144.0,150.0,140.0,146.1,143.3349825378347,3436,63,492499.0,3076.0,89.52,10.0,2.1,1466706600.0
2016-06-23,146.0,150.0,146.0,148.2,148.09259847522236,6296,65,932391.0,5981.0,95.0,4.0,2.2,1466620200.0
2016-06-22,150.8,153.4,148.05,150.0,149.4772151898734,1580,28,236174.0,1358.0,85.95,5.35,-0.8,1466533800.0
2016-06-21,153.0,154.95,149.0,150.65,149.8738675958188,2870,46,430138.0,2680.0,93.38,5.95,-2.35,1466447400.0
2016-06-20,149.2,151.5,147.15,148.3,148.6072825024438,4092,54,608101.0,3562.0,87.05,4.35,-0.9,1466361000.0
2016-06-17,152.0,156.45,148.7,151.1,150.8427065026362,1138,34,171659.0,979.0,86.03,7.75,-0.9,1466101800.0
2016-06-16,152.0,154.1,146.05,153.45,151.55321507760533,902,25,136701.0,801.0,88.8,8.05,1.45,1466015400.0
2016-06-15,153.2,154.95,152.0,153.75,153.02405498281786,1746,44,267180.0,1696.0,97.14,2.95,0.55,1465929000.0
2016-06-14,154.9,156.0,148.1,148.95,152.5767571682314,3941,45,601305.0,3112.0,78.96,7.9,-5.95,1465842600.0
2016-06-13,153.0,153.0,144.3,152.8,151.7642276422764,984,33,149336.0,848.0,86.18,8.7,-0.2,1465756200.0
2016-06-10,157.0,157.8,153.0,154.4,154.9759188846641,789,29,122276.0,612.0,77.57,4.8,-2.6,1465497000.0
2016-06-09,155.0,159.6,150.0,156.75,153.6962931760741,2374,59,364875.0,1959.0,82.52,9.6,1.75,1465410600.0
2016-06-08,150.0,156.75,137.0,152.35,147.4150609382447,14687,296,2165085.0,8801.0,59.92,19.75,2.35,1465324200.0
2016-06-07,166.0,173.5,150.0,153.9,165.69552402745995,54625,659,9051118.0,29525.0,54.05,23.5,-12.1,1465237800.0
2016-06-06,165.2,167.0,162.4,164.15,163.97445255474452,1370,40,224645.0,1089.0,79.49,4.6,-1.05,1465151400.0
2016-06-03,168.0,170.0,165.0,166.7,166.87433862433863,1512,34,252314.0,1411.0,93.32,5.0,-1.3,1464892200.0
2016-06-02,172.0,173.0,165.0,167.5,168.03004763649687,2729,72,458554.0,2030.0,74.39,8.0,-4.5,1464805800.0
2016-06-01,169.5,172.8,169.5,170.2,170.7124824684432,1426,29,243436.0,1251.0,87.73,3.3,0.7,1464719400.0
2016-05-31,170.0,174.9,169.75,171.9,171.1845360824742,970,33,166049.0,787.0,81.13,5.15,1.9,1464633000.0
2016-05-30,172.5,176.0,169.75,173.5,173.53295362082994,2458,58,426544.0,1688.0,68.67,6.25,1.0,1464546600.0
2016-05-27,174.2,175.7,169.0,171.25,171.8361204013378,2691,71,462411.0,1870.0,69.49,6.7,-2.95,1464287400.0
2016-05-26,171.0,177.0,169.0,174.1,173.10114068441064,3945,107,682884.0,2670.0,67.68,8.0,3.1,1464201000.0
2016-05-25,189.0,189.0,163.15,168.85,176.02632813416207,17054,363,3001953.0,9163.0,53.73,25.85,-20.15,1464114600.0
2016-05-24,194.0,197.9,165.0,187.8,192.4266402990735,36914,537,7103237.0,11041.0,29.91,32.9,-6.2,1464028200.0
2016-05-23,203.4,203.4,190.5,191.45,196.24572264196928,20515,310,4025981.0,11307.0,55.12,12.9,-11.95,1463941800.0
2016-05-20,201.0,210.0,192.1,197.5,196.48413939685597,49872,353,9799057.0,15366.0,30.81,17.9,-3.5,1463682600.0
2016-05-19,188.0,199.0,177.0,197.3,191.81458722537016,64769,916,12423639.0,25244.0,38.98,22.0,9.3,1463596200.0
2016-05-18,153.0,183.4,153.0,183.1,177.39869744478585,38079,529,6755165.0,16384.0,43.03,30.4,30.1,1463509800.0
2016-05-17,160.9,160.9,151.9,152.9,155.5254140491148,1751,48,272325.0,1074.0,61.34,9.0,-8.0,1463423400.0
2016-05-16,149.0,161.9,144.8,158.1,156.85714285714283,3143,90,493002.0,1983.0,63.09,17.1,9.1,1463337000.0
2016-05-13,160.0,166.8,146.8,149.2,154.91019096237474,5289,108,819320.0,3779.0,71.45,20.0,-10.8,1463077800.0
2016-05-12,162.7,165.0,155.0,161.0,161.74630233141139,7978,167,1290412.0,5430.0,68.06,10.0,-1.7,1462991400.0
2016-05-11,175.5,181.0,173.3,179.1,177.6912313432836,3216,68,571455.0,3084.0,95.9,7.7,3.6,1462905000.0
2016-05-10,170.0,173.5,165.0,170.0,169.6765625,640,17,108593.0,584.0,91.25,8.5,0.0,1462818600.0
2016-05-09,171.9,178.0,165.0,168.5,171.48563419761737,1427,36,244710.0,1272.0,89.14,13.0,-3.4,1462732200.0
2016-05-06,173.5,173.9,170.0,172.6,172.9035714285714,840,18,145239.0,580.0,69.05,3.9,-0.9,1462473000.0
2016-05-05,162.3,173.0,162.3,167.7,170.24909485879795,1381,28,235114.0,1304.0,94.42,10.7,5.4,1462386600.0
2016-05-04,173.1,173.1,164.5,164.8,167.2462686567164,1072,25,179288.0,770.0,71.83,8.6,-8.3,1462300200.0
2016-05-03,168.5,178.0,168.5,176.6,173.894256575416,1863,27,323965.0,1848.0,99.19,9.5,8.1,1462213800.0
2016-05-02,184.0,184.0,165.0,166.2,168.45762711864407,1121,19,188841.0,1063.0,94.83,19.0,-17.8,1462127400.0
2016-04-29,167.0,168.5,167.0,168.0,168.03809523809525,420,9,70576.0,395.0,94.05,1.5,1.0,1461868200.0
2016-04-28,170.0,177.0,167.2,169.6,170.3435960591133,1624,27,276638.0,1330.0,81.9,9.8,-0.4,1461781800.0
2016-04-27,174.0,174.0,169.0,169.9,172.8732212160414,773,12,133631.0,636.0,82.28,5.0,-4.1,1461695400.0
2016-04-26,171.6,173.8,170.2,172.3,172.12962962962962,918,21,158015.0,484.0,52.72,3.6,0.7,1461609000.0
2016-04-25,175.5,177.5,170.0,177.0,173.1508379888268,1074,18,185964.0,769.0,71.6,7.5,1.5,1461522600.0
2016-04-22,178.0,178.0,177.4,177.9,177.86666666666665,600,8,106720.0,600.0,100.0,0.6,-0.1,1461263400.0
2016-04-21,176.0,178.0,176.0,178.0,176.59743040685223,934,24,164942.0,934.0,100.0,2.0,2.0,1461177000.0
2016-04-20,167.6,188.0,167.6,173.2,174.5008960573477,1116,28,194743.0,725.0,64.96,20.4,5.6,1461090600.0
2016-04-18,169.6,177.0,164.1,167.2,169.62990936555892,662,14,112295.0,506.0,76.44,12.9,-2.4,1460917800.0
2016-04-13,175.0,178.0,168.0,169.0,171.0625,608,29,104006.0,607.0,99.84,10.0,-6.0,1460485800.0
2016-04-12,173.4,180.0,170.0,175.0,177.06857855361596,802,24,142009.0,742.0,92.52,10.0,1.6,1460399400.0
2016-04-11,169.0,184.0,169.0,178.7,175.95924528301887,1325,29,233146.0,1202.0,90.72,15.0,9.7,1460313000.0
2016-04-08,174.9,174.9,170.0,170.0,171.54135338345864,133,8,22815.0,133.0,100.0,4.9,-4.9,1460053800.0
2016-04-07,174.5,175.9,170.0,172.4,173.98381877022652,309,11,53761.0,254.0,82.2,5.9,-2.1,1459967400.0
2016-04-06,170.0,170.0,168.0,170.0,168.8108108108108,74,5,12492.0,74.0,100.0,2.0,0.0,1459881000.0
2016-04-05,170.0,171.5,168.0,169.3,169.52312138728325,346,13,58655.0,346.0,100.0,3.5,-0.7,1459794600.0
2016-04-04,170.0,174.0,170.0,170.0,170.47832699619772,1315,29,224179.0,1310.0,99.62,4.0,0.0,1459708200.0
2016-04-01,158.5,165.0,158.5,165.0,162.31764705882352,85,3,13797.0,85.0,100.0,6.5,6.5,1459449000.0
2016-03-31,150.0,167.5,150.0,157.5,161.42753623188403,276,12,44554.0,276.0,100.0,17.5,7.5,1459362600.0
2016-03-30,164.0,164.0,156.0,156.6,158.11624834874505,757,16,119694.0,597.0,78.86,8.0,-7.4,1459276200.0
2016-03-29,155.0,164.0,155.0,161.5,161.37069922308547,1802,12,290790.0,1802.0,100.0,9.0,6.5,1459189800.0
2016-03-28,170.0,170.0,157.5,159.9,162.07736943907156,1034,27,167588.0,837.0,80.95,12.5,-10.1,1459103400.0
2016-03-23,174.9,181.0,174.9,177.3,178.05518945634265,1214,37,216159.0,1185.0,97.61,6.1,2.4,1458671400.0
2016-03-22,175.9,175.9,173.9,174.1,174.25100887812752,1239,20,215897.0,1139.0,91.93,2.0,-1.8,1458585000.0
2016-03-21,178.4,179.0,171.5,173.2,175.91419893697798,1317,40,231679.0,1279.0,97.11,7.5,-5.2,1458498600.0
2016-03-18,175.8,180.0,175.6,175.9,176.71770003463803,2887,53,510184.0,2522.0,87.36,4.4,0.1,1458239400.0
2016-03-17,176.0,176.0,172.3,173.0,172.90173410404623,346,6,59824.0,345.0,99.71,3.7,-3.0,1458153000.0
2016-03-16,172.1,176.0,166.1,173.0,169.67902813299233,1564,55,265378.0,1142.0,73.02,9.9,0.9,1458066600.0
2016-03-15,166.0,174.8,163.5,172.1,169.6221856123009,1821,44,308882.0,1705.0,93.63,11.3,6.1,1457980200.0
2016-03-14,170.0,170.0,165.0,166.1,168.43,600,23,101058.0,474.0,79.0,5.0,-3.9,1457893800.0
2016-03-11,162.0,171.0,160.0,168.4,166.0984215413185,3231,55,536664.0,3094.0,95.76,11.0,6.4,1457634600.0
2016-03-10,155.9,155.9,151.0,154.8,154.6875,240,14,37125.0,240.0,100.0,4.9,-1.1,1457548200.0
2016-03-09,158.7,158.7,158.7,158.7,158.66666666666666,21,1,3332.0,21.0,100.0,0.0,0.0,1457461800.0
2016-03-08,150.0,165.0,147.2,159.0,155.8522577816747,2281,30,355499.0,2167.0,95.0,17.8,9.0,1457375400.0
2016-03-04,145.0,165.0,145.0,149.5,154.17454350161117,1862,41,287073.0,1552.0,83.35,20.0,4.5,1457029800.0
2016-03-03,144.7,144.7,138.0,141.5,140.67468879668047,1205,33,169513.0,1040.0,86.31,6.7,-3.2,1456943400.0
2016-03-02,136.5,145.0,136.0,139.0,140.09876543209876,1053,33,147524.0,713.0,67.71,9.0,2.5,1456857000.0
2016-03-01,126.5,143.5,126.5,139.7,136.27186761229314,2115,26,288215.0,1591.0,75.22,17.0,13.2,1456770600.0
2016-02-29,135.9,145.4,135.0,138.0,138.24453694068677,961,31,132853.0,817.0,85.02,10.4,2.1,1456684200.0
2016-02-26,133.5,133.5,133.0,133.0,133.22388059701493,134,3,17852.0,134.0,100.0,0.5,-0.5,1456425000.0
2016-02-25,137.2,137.2,131.0,131.0,135.12781954887217,665,7,89860.0,665.0,100.0,6.2,-6.2,1456338600.0
2016-02-24,143.9,143.9,136.5,137.2,137.1810810810811,740,18,101514.0,540.0,72.97,7.4,-6.7,1456252200.0
2016-02-23,138.0,144.3,135.0,143.9,140.01986754966887,1661,27,232573.0,1440.0,86.69,9.3,5.9,1456165800.0
2016-02-22,131.0,146.0,131.0,137.4,136.76571428571427,350,14,47868.0,250.0,71.43,15.0,6.4,1456079400.0
2016-02-19,147.6,147.6,134.1,142.2,138.06583427922814,1762,13,243272.0,300.0,17.03,13.5,-5.4,1455820200.0
2016-02-18,140.0,140.0,135.6,136.4,137.42816091954023,1392,21,191300.0,940.0,67.53,4.4,-3.6,1455733800.0
2016-02-17,140.0,143.0,135.0,142.9,139.0815273477812,969,31,134770.0,851.0,87.82,8.0,2.9,1455647400.0
2016-02-16,138.0,144.8,138.0,138.7,140.04701627486435,553,15,77446.0,519.0,93.85,6.8,0.7,1455561000.0
2016-02-15,135.3,150.0,134.8,138.8,138.48990342405617,1139,24,157740.0,672.0,59.0,15.2,3.5,1455474600.0
2016-02-12,146.0,146.0,131.0,132.5,138.35166872682325,1618,37,223853.0,1490.0,92.09,15.0,-13.5,1455215400.0
2016-02-11,150.0,150.0,139.2,140.1,144.32551817872917,2943,48,424750.0,2477.0,84.17,10.8,-9.9,1455129000.0
2016-02-10,150.0,150.1,146.0,147.3,148.95008319467553,601,21,89519.0,591.0,98.34,4.1,-2.7,1455042600.0
2016-02-09,152.0,155.5,150.0,153.3,151.63876651982378,681,11,103266.0,681.0,100.0,5.5,1.3,1454956200.0
2016-02-08,151.1,159.8,151.1,159.8,154.86486486486487,111,6,17190.0,105.0,94.59,8.7,8.7,1454869800.0
2016-02-05,151.3,160.0,151.3,160.0,153.9049773755656,221,10,34013.0,205.0,92.76,8.7,8.7,1454610600.0
2016-02-04,157.4,157.4,156.0,156.1,156.6,265,12,41499.0,265.0,100.0,1.4,-1.3,1454524200.0
2016-02-03,155.0,167.0,149.0,158.2,157.5216915785636,2743,58,432082.0,1606.0,58.55,18.0,3.2,1454437800.0
2016-02-02,170.0,174.1,169.4,169.4,170.03932584269663,356,15,60534.0,294.0,82.58,4.7,-0.6,1454351400.0
2016-02-01,171.0,174.0,169.1,169.4,170.43170731707315,410,13,69877.0,410.0,100.0,4.9,-1.6,1454265000.0
2016-01-29,166.2,173.5,166.2,168.5,168.64606741573033,356,13,60038.0,285.0,80.06,7.3,2.3,1454005800.0
2016-01-28,165.5,180.0,165.5,166.2,168.10177404295052,2142,47,360074.0,1358.0,63.4,14.5,0.7,1453919400.0
2016-01-27,165.0,177.0,162.2,167.3,169.73962264150944,4240,52,719696.0,2865.0,67.57,14.8,2.3,1453833000.0
2016-01-25,167.5,174.7,167.5,169.2,170.6023320036821,3259,52,555993.0,2659.0,81.59,7.2,1.7,1453660200.0
2016-01-22,155.6,174.5,155.6,170.9,167.69380315917377,1646,51,276024.0,1350.0,82.02,18.9,15.3,1453401000.0
2016-01-21,164.2,167.9,161.0,162.1,162.92389418907197,4612,73,751405.0,3342.0,72.46,6.9,-2.1,1453314600.0
2016-01-20,157.0,164.9,155.0,159.5,157.45409604519773,2832,61,445910.0,2182.0,77.05,9.9,2.5,1453228200.0
2016-01-19,153.5,169.0,151.0,164.6,158.10135135135135,3404,74,538177.0,2125.0,62.43,18.0,11.1,1453141800.0
2016-01-18,189.0,189.0,142.0,149.7,162.1001917205141,14083,260,2282857.0,7052.0,50.07,47.0,-39.3,1453055400.0
2016-01-15,184.0,190.0,172.1,172.9,180.9353336782204,3866,75,699496.0,2765.0,71.52,17.9,-11.1,1452796200.0
2016-01-14,185.0,192.8,170.0,187.0,184.5626728110599,6510,109,1201503.0,4050.0,62.21,22.8,2.0,1452709800.0
2016-01-13,205.0,205.0,180.0,184.5,192.2294365012616,11890,224,2285608.0,8571.0,72.09,25.0,-20.5,1452623400.0
2016-01-12,200.0,210.0,195.0,199.4,204.0916280338151,11001,223,2245212.0,8616.0,78.32,15.0,-0.6,1452537000.0
2016-01-11,217.9,219.9,197.0,199.9,211.05223484742731,35819,533,7559680.0,24669.0,68.87,22.9,-18.0,1452450600.0
2016-01-08,188.0,217.8,185.0,206.5,200.7939338547866,47048,463,9446953.0,21914.0,46.58,32.8,18.5,1452191400.0
2016-01-07,195.0,195.0,181.0,181.7,183.5267489711934,5346,122,981134.0,4433.0,82.92,14.0,-13.3,1452105000.0
2016-01-06,193.0,198.7,192.5,193.1,195.04333552199608,7615,138,1485255.0,4011.0,52.67,6.2,0.1,1452018600.0
2016-01-05,195.5,203.9,191.0,193.3,195.69035413352188,16971,238,3321061.0,7436.0,43.82,12.9,-2.2,1451932200.0
2016-01-04,190.0,201.9,169.0,195.5,195.47198919788556,34808,568,6803989.0,14850.0,42.66,32.9,5.5,1451845800.0
2016-01-01,207.9,210.9,185.2,190.1,200.9863497712252,39340,604,7906803.0,18653.0,47.41,25.7,-17.8,1451586600.0
2015-12-31,173.4,203.2,173.4,200.4,195.69930374238467,32172,417,6296038.0,18255.0,56.74,29.8,27.0,1451500200.0
2015-12-30,160.0,178.0,160.0,169.4,169.22622107969153,389,15,65829.0,382.0,98.2,18.0,9.4,1451413800.0
2015-12-29,180.0,180.0,164.1,174.0,171.3660498793242,1243,32,213008.0,1226.0,98.63,15.9,-6.0,1451327400.0
2015-12-28,156.0,174.5,152.0,173.3,166.3161214953271,8560,115,1423666.0,7035.0,82.18,22.5,17.3,1451241000.0
2015-12-24,145.1,159.5,145.1,152.0,153.11016949152543,118,10,18067.0,100.0,84.75,14.4,6.9,1450895400.0
2015-12-23,154.0,157.0,150.1,150.2,153.82587064676616,402,8,61838.0,327.0,81.34,6.9,-3.8,1450809000.0
2015-12-22,143.5,155.0,143.5,153.9,150.51117318435755,716,23,107766.0,441.0,61.59,11.5,10.4,1450722600.0
2015-12-21,160.0,160.0,144.0,153.9,155.06414552417425,2089,33,323929.0,1404.0,67.21,16.0,-6.1,1450636200.0
2015-12-18,171.0,171.0,148.0,149.7,151.4451665312754,2462,48,372858.0,2258.0,91.71,23.0,-21.3,1450377000.0
2015-12-17,156.0,159.0,130.0,151.0,149.17004048582996,1235,29,184225.0,1155.0,93.52,29.0,-5.0,1450290600.0
2015-12-16,159.0,159.0,148.0,157.4,151.76964285714283,560,21,84991.0,551.0,98.39,11.0,-1.6,1450204200.0
2015-12-15,153.0,153.0,153.0,153.0,153.0,4,1,612.0,4.0,100.0,0.0,0.0,1450117800.0
2015-12-14,152.0,159.0,152.0,159.0,154.2429906542056,321,7,49512.0,321.0,100.0,7.0,7.0,1450031400.0
2015-12-11,152.2,158.9,152.0,158.9,155.4637436762226,593,14,92190.0,593.0,100.0,6.9,6.7,1449772200.0
2015-12-10,152.0,166.0,152.0,155.5,156.9277108433735,498,25,78150.0,491.0,98.59,14.0,3.5,1449685800.0
2015-12-09,172.0,172.0,157.0,161.9,164.2801120448179,1071,26,175944.0,956.0,89.26,15.0,-10.1,1449599400.0
2015-12-08,170.1,170.2,170.1,170.1,170.10759969902182,1329,13,226073.0,1329.0,100.0,0.1,0.0,1449513000.0
2015-12-07,185.0,185.0,173.0,174.8,175.4082474226804,970,26,170146.0,816.0,84.12,12.0,-10.2,1449426600.0
2015-12-04,173.0,176.0,165.0,175.1,171.28846153846152,4836,35,828351.0,3151.0,65.16,11.0,2.1,1449167400.0
2015-12-03,170.0,175.0,169.0,170.5,170.48539410727776,7942,57,1353995.0,6835.0,86.06,6.0,0.5,1449081000.0
2015-12-02,172.0,172.0,168.1,169.9,169.62232779097388,1263,23,214233.0,1263.0,100.0,3.9,-2.1,1448994600.0
2015-12-01,170.0,172.0,169.4,170.4,170.1742424242424,924,17,157241.0,674.0,72.94,2.6,0.4,1448908200.0
2015-11-30,173.0,173.3,167.1,171.9,170.14964370546318,1263,31,214899.0,1058.0,83.77,6.2,-1.1,1448821800.0
2015-11-27,194.5,194.5,170.7,173.3,179.96758859118407,6942,121,1249335.0,5903.0,85.03,23.8,-21.2,1448562600.0
2015-11-26,152.5,182.4,152.5,181.5,175.02880627962085,27008,293,4727178.0,18878.0,69.9,29.9,29.0,1448476200.0
2015-11-24,150.0,155.5,148.0,152.0,151.81122577397431,3973,81,603146.0,2991.0,75.28,7.5,2.0,1448303400.0
2015-11-23,131.1,149.9,131.1,147.5,144.23816041609635,3653,63,526902.0,2181.0,59.7,18.8,16.4,1448217000.0
2015-11-20,131.1,136.0,131.1,136.0,132.93448275862067,290,12,38551.0,274.0,94.48,4.9,4.9,1447957800.0
2015-11-19,132.0,132.0,131.0,131.0,131.67567567567568,296,5,38976.0,296.0,100.0,1.0,-1.0,1447871400.0
2015-11-18,136.0,136.0,130.0,130.0,133.32920792079207,404,12,53865.0,404.0,100.0,6.0,-6.0,1447785000.0
2015-11-17,129.0,139.0,129.0,134.5,134.59649122807016,57,8,7672.0,47.0,82.46,10.0,5.5,1447698600.0
2015-11-16,130.0,136.0,130.0,135.2,132.22402159244265,741,21,97978.0,725.0,97.84,6.0,5.2,1447612200.0
2015-11-13,141.0,141.0,130.5,130.5,137.08333333333331,252,7,34545.0,252.0,100.0,10.5,-10.5,1447353000.0
2015-11-11,142.0,145.0,137.0,140.5,142.2093023255814,215,8,30575.0,215.0,100.0,8.0,-1.5,1447180200.0
2015-11-10,135.1,142.0,135.1,142.0,141.0787878787879,165,5,23278.0,165.0,100.0,6.9,6.9,1447093800.0
2015-11-09,135.0,140.0,130.0,136.0,135.62571428571428,350,14,47469.0,350.0,100.0,10.0,1.0,1447007400.0
2015-11-06,139.8,140.0,139.8,140.0,139.99,100,5,13999.0,97.0,97.0,0.2,0.2,1446748200.0
2015-11-05,136.6,140.0,136.5,136.5,136.7047970479705,271,9,37047.0,271.0,100.0,3.5,-0.1,1446661800.0
2015-11-04,150.0,151.0,135.1,140.0,139.69015212169737,1249,37,174473.0,1043.0,83.51,15.9,-10.0,1446575400.0
2015-11-03,142.0,142.0,135.0,140.9,137.44704972945115,3881,30,533432.0,3439.0,88.61,7.0,-1.1,1446489000.0
2015-11-02,140.0,145.0,130.1,141.0,137.06865950490425,2141,39,293464.0,2011.0,93.93,14.9,1.0,1446402600.0
2015-10-30,142.0,150.2,138.5,139.7,140.56176470588235,680,19,95582.0,661.0,97.21,11.7,-2.3,1446143400.0
2015-10-29,137.8,149.5,137.8,143.8,143.79491833030852,1653,18,237693.0,1651.0,99.88,11.7,6.0,1446057000.0
2015-10-28,135.1,152.1,135.0,147.9,145.81880108991825,734,47,107031.0,720.0,98.09,17.1,12.8,1445970600.0
2015-10-27,153.0,153.5,148.0,148.3,151.7386018237082,658,29,99844.0,657.0,99.85,5.5,-4.7,1445884200.0
2015-10-26,145.0,155.0,142.0,151.4,150.8982571130642,6713,118,1012980.0,5376.0,80.08,13.0,6.4,1445797800.0
2015-10-23,138.0,148.0,138.0,146.6,145.6078334159643,4034,67,587382.0,3461.0,85.8,10.0,8.6,1445538600.0
2015-10-21,136.0,148.8,136.0,143.0,143.38123588585506,4871,90,698410.0,4006.0,82.24,12.8,7.0,1445365800.0
2015-10-20,136.0,139.0,130.0,138.9,135.03864641415112,5201,81,702336.0,3990.0,76.72,9.0,2.9,1445279400.0
2015-10-19,130.0,131.5,126.0,130.0,129.25270157938488,1203,48,155491.0,1145.0,95.18,5.5,0.0,1445193000.0
2015-10-16,129.0,138.9,120.6,126.2,128.35210970464135,4740,108,608389.0,3927.0,82.85,18.3,-2.8,1444933800.0
2015-10-15,147.0,148.0,130.0,132.0,135.84996051592523,7598,350,1032188.0,4383.0,57.69,18.0,-15.0,1444847400.0
2015-10-14,150.0,151.1,129.1,145.7,148.46483233018057,5815,286,863323.0,3908.0,67.21,22.0,-4.3,1444761000.0
2015-10-13,139.8,149.0,135.2,147.3,144.07066231343285,4288,131,617775.0,2526.0,58.91,13.8,7.5,1444674600.0
2015-10-12,152.0,152.0,138.3,144.0,143.5584965590259,1889,94,271182.0,1166.0,61.73,13.7,-8.0,1444588200.0
2015-10-09,130.6,150.0,130.5,145.6,142.40046296296296,9072,194,1291857.0,5921.0,65.27,19.5,15.0,1444329000.0
2015-10-08,129.0,132.4,128.0,129.0,129.57760090960772,1759,29,227927.0,1206.0,68.56,4.4,0.0,1444242600.0
2015-10-07,135.8,138.0,123.5,130.7,131.85669586983727,1598,63,210707.0,1357.0,84.92,14.5,-5.1,1444156200.0
2015-10-06,126.2,143.4,126.2,131.8,131.51594851706773,3574,76,470038.0,2891.0,80.89,17.2,5.6,1444069800.0
2015-10-05,110.0,123.9,110.0,123.9,119.81625441696112,4245,65,508620.0,4135.0,97.41,13.9,13.9,1443983400.0
2015-09-30,103.0,104.0,102.0,103.3,103.25,888,5,91686.0,888.0,100.0,2.0,0.3,1443551400.0
2015-09-29,106.0,109.9,106.0,108.5,108.25479233226837,1252,19,135535.0,1150.0,91.85,3.9,2.5,1443465000.0
2015-09-28,96.0,110.0,96.0,104.0,97.70254724732948,3651,13,356712.0,3550.0,97.23,14.0,8.0,1443378600.0
2015-09-24,108.4,109.9,105.0,106.5,106.10922787193972,531,14,56344.0,528.0,99.44,4.9,-1.9,1443033000.0
2015-09-23,103.3,107.5,103.2,103.6,103.69268292682926,205,15,21257.0,187.0,91.22,4.3,0.3,1442946600.0
2015-09-22,108.9,108.9,104.0,104.3,104.6952714535902,571,18,59781.0,429.0,75.13,4.9,-4.6,1442860200.0
2015-09-21,102.7,109.8,102.7,107.8,107.1383495145631,412,9,44141.0,403.0,97.82,7.1,5.1,1442773800.0
2015-09-18,107.0,110.0,102.0,102.4,104.90247678018576,646,15,67767.0,628.0,97.21,8.0,-4.6,1442514600.0
2015-09-16,97.5,107.5,97.5,104.6,100.10461538461539,975,11,97602.0,972.0,99.69,10.0,7.1,1442341800.0
2015-09-15,107.1,107.1,103.2,103.2,106.63636363636364,275,7,29325.0,267.0,97.09,3.9,-3.9,1442255400.0
2015-09-14,106.0,108.0,105.0,107.0,106.79482439926062,541,10,57776.0,541.0,100.0,3.0,1.0,1442169000.0
2015-09-11,97.3,105.0,97.3,105.0,102.99679487179488,1560,14,160675.0,1473.0,94.42,7.7,7.7,1441909800.0
2015-09-10,110.8,110.8,105.9,105.9,106.32203389830508,59,4,6273.0,57.0,96.61,4.9,-4.9,1441823400.0
2015-09-09,103.3,106.7,101.0,102.5,102.93008474576273,472,20,48583.0,261.0,55.3,5.7,-0.8,1441737000.0
2015-09-08,97.2,106.9,97.2,102.8,98.60997732426304,1323,14,130461.0,1280.0,96.75,9.7,5.6,1441650600.0
2015-09-07,107.9,107.9,102.0,107.8,102.27619047619048,105,7,10739.0,103.0,98.1,5.9,-0.1,1441564200.0
2015-09-04,101.0,108.0,101.0,106.9,102.13057742782152,1524,20,155647.0,1459.0,95.73,7.0,5.9,1441305000.0
2015-09-03,107.6,111.5,107.6,109.5,109.49461400359066,1114,10,121977.0,1109.0,99.55,3.9,1.9,1441218600.0
2015-09-02,105.3,115.5,105.0,111.6,107.31078158789002,3237,43,347365.0,1750.0,54.06,10.5,6.3,1441132200.0
2015-09-01,110.1,120.8,110.1,110.1,112.05613577023497,766,35,85835.0,566.0,73.89,10.7,0.0,1441045800.0
2015-08-31,111.1,117.0,111.0,115.8,116.0010111223458,989,19,114725.0,956.0,96.66,6.0,4.7,1440959400.0
2015-08-28,109.0,117.5,109.0,115.9,113.00250626566417,399,14,45088.0,293.0,73.43,8.5,6.9,1440700200.0
2015-08-27,103.1,112.4,103.0,112.2,105.46807760141093,2835,58,299002.0,2473.0,87.23,9.4,9.1,1440613800.0
2015-08-26,114.0,114.0,108.3,108.3,111.22363765038924,1413,24,157159.0,1413.0,100.0,5.7,-5.7,1440527400.0
2015-08-25,114.0,114.0,114.0,114.0,114.0,396,10,45144.0,396.0,100.0,0.0,0.0,1440441000.0
2015-08-24,120.0,122.9,118.5,120.0,120.44171779141104,489,21,58896.0,483.0,98.77,4.4,0.0,1440354600.0
2015-08-21,121.2,126.9,121.2,124.7,123.06571815718156,1476,32,181645.0,675.0,45.73,5.7,3.5,1440095400.0
2015-08-20,133.2,136.9,127.3,127.5,129.80202650038973,1283,31,166536.0,1005.0,78.33,9.6,-5.7,1440009000.0
2015-08-19,137.0,137.0,131.2,134.0,135.7194394752534,3354,79,455203.0,2794.0,83.3,5.8,-3.0,1439922600.0
2015-08-18,130.5,130.5,130.5,130.5,130.5,1942,26,253431.0,1942.0,100.0,0.0,0.0,1439836200.0
2015-08-17,124.3,124.3,124.3,124.3,124.29976019184652,834,19,103666.0,834.0,100.0,0.0,0.0,1439749800.0
2015-08-14,112.1,119.0,112.1,118.4,117.61827956989248,558,29,65631.0,357.0,63.98,6.9,6.3,1439490600.0
2015-08-13,111.0,121.8,111.0,113.4,118.19977694130768,7173,94,847847.0,1558.0,21.72,10.8,2.4,1439404200.0
2015-08-12,116.0,118.3,113.0,116.0,115.03652968036528,657,20,75579.0,367.0,55.86,5.3,0.0,1439317800.0
2015-08-11,123.0,124.0,118.1,118.1,119.04414587332052,521,25,62022.0,350.0,67.18,5.9,-4.9,1439231400.0
2015-08-10,124.1,124.1,117.0,118.3,119.07412398921832,1484,42,176706.0,1161.0,78.23,7.1,-5.8,1439145000.0
2015-08-07,121.4,128.0,117.4,123.8,122.8967989756722,3905,86,479912.0,2233.0,57.18,10.6,2.4,1438885800.0
2015-08-06,131.3,131.3,125.0,126.0,127.14523043944264,3732,109,474506.0,2618.0,70.15,6.3,-5.3,1438799400.0
2015-08-05,135.1,138.8,133.5,135.7,135.31683168316832,2323,60,314341.0,1533.0,65.99,5.3,0.6,1438713000.0
2015-08-04,148.3,154.7,135.0,140.6,143.58588449917335,17541,216,2518640.0,5713.0,32.57,19.7,-7.7,1438626600.0
2015-08-03,149.9,154.0,147.0,148.3,150.2393482688391,24550,453,3688376.0,13478.0,54.9,7.0,-1.6,1438540200.0
2015-07-31,130.0,150.0,125.3,145.05,142.6923142142524,23589,427,3365969.0,7616.0,32.29,24.7,15.05,1438281000.0
2015-07-30,115.0,130.3,106.05,130.1,125.42053330200868,8513,202,1067705.0,6488.0,76.21,24.25,15.1,1438194600.0
2015-07-29,102.35,119.5,102.35,108.6,107.84537389100126,2367,29,255270.0,1198.0,50.61,17.15,6.25,1438108200.0
2015-07-28,105.4,109.9,101.1,107.0,106.2849413886384,1109,28,117870.0,957.0,86.29,8.8,1.6,1438021800.0
2015-07-27,100.0,119.5,98.6,105.4,104.84569427276472,4854,34,508921.0,463.0,9.54,20.9,5.4,1437935400.0
2015-07-24,102.3,105.0,98.6,100.85,102.86129753914987,894,23,91958.0,844.0,94.41,6.4,-1.45,1437676200.0
2015-07-23,104.3,106.0,101.0,101.05,103.39310344827587,145,5,14992.0,145.0,100.0,5.0,-3.25,1437589800.0
2015-07-22,109.4,109.8,100.0,104.0,106.130081300813,1107,35,117486.0,586.0,52.94,9.8,-5.4,1437503400.0
2015-07-21,103.0,103.0,98.3,100.35,100.84193888303476,949,20,95699.0,900.0,94.84,4.7,-2.65,1437417000.0
2015-07-20,85.0,110.0,85.0,104.6,101.58557250060518,4131,47,419650.0,2980.0,72.14,25.0,19.6,1437330600.0
2015-07-17,108.0,108.0,95.0,105.05,105.50297265160523,841,23,88728.0,693.0,82.4,13.0,-2.95,1437071400.0
2015-07-16,109.0,109.9,106.0,107.0,108.43956043956044,91,6,9868.0,50.0,54.95,3.9,-2.0,1436985000.0
2015-07-15,103.1,107.5,101.0,101.2,102.23578076525337,967,21,98862.0,958.0,99.07,6.5,-1.9,1436898600.0
2015-07-14,110.0,110.0,102.0,102.2,104.72362555720652,2019,49,211437.0,1466.0,72.61,8.0,-7.8,1436812200.0
2015-07-13,103.25,107.0,102.05,103.0,104.07162790697674,1075,20,111877.0,1072.0,99.72,4.95,-0.25,1436725800.0
2015-07-10,107.2,108.45,102.1,102.95,103.52861771058316,1852,34,191735.0,1262.0,68.14,6.35,-4.25,1436466600.0
2015-07-09,109.95,116.0,107.7,110.15,109.61584754262788,997,27,109287.0,993.0,99.6,8.3,0.2,1436380200.0
2015-07-08,90.0,107.0,90.0,101.15,104.22344322344323,1092,25,113812.0,672.0,61.54,17.0,11.15,1436293800.0
2015-07-07,102.5,121.0,100.0,110.0,112.19928825622776,1967,57,220696.0,1356.0,68.94,21.0,7.5,1436207400.0
2015-07-06,102.85,103.0,100.0,102.45,101.63181818181818,440,15,44718.0,440.0,100.0,3.0,-0.4,1436121000.0
2015-07-03,99.45,106.0,99.45,103.0,102.63636363636364,33,5,3387.0,23.0,69.7,6.55,3.55,1435861800.0
2015-07-02,99.45,99.45,98.0,99.45,98.68527918781724,197,5,19441.0,197.0,100.0,1.45,0.0,1435775400.0
2015-07-01,94.0,98.0,94.0,95.7,95.5531914893617,94,7,8982.0,92.0,97.87,4.0,1.7,1435689000.0
2015-06-30,102.0,102.0,93.2,99.5,95.24485125858125,437,15,41622.0,434.0,99.31,8.8,-2.5,1435602600.0
2015-06-29,103.0,103.0,90.1,100.0,98.8125,224,8,22134.0,154.0,68.75,12.9,-3.0,1435516200.0
2015-06-26,95.7,103.4,94.2,95.3,97.12121212121212,528,18,51280.0,401.0,75.95,9.2,-0.4,1435257000.0
2015-06-25,94.0,97.1,91.2,95.7,94.10852713178295,258,16,24280.0,257.0,99.61,5.9,1.7,1435170600.0
2015-06-24,98.8,98.8,92.0,93.3,94.85537190082643,242,9,22955.0,232.0,95.87,6.8,-5.5,1435084200.0
2015-06-23,90.0,93.9,89.0,92.0,91.25683060109289,183,14,16700.0,178.0,97.27,4.9,2.0,1434997800.0
2015-06-22,86.8,90.4,86.8,90.0,88.8273381294964,139,10,12347.0,89.0,64.03,3.6,3.2,1434911400.0
2015-06-19,90.9,90.9,89.0,89.6,89.65625,32,4,2869.0,32.0,100.0,1.9,-1.3,1434652200.0
2015-06-18,88.1,89.7,86.9,89.0,87.79308214947497,1619,28,142137.0,1070.0,66.09,2.8,0.9,1434565800.0
2015-06-17,93.0,93.0,88.0,88.0,91.08556149732621,374,15,34066.0,373.0,99.73,5.0,-5.0,1434479400.0
2015-06-16,96.0,96.0,89.9,93.0,91.43920595533497,403,18,36850.0,403.0,100.0,6.1,-3.0,1434393000.0
2015-06-15,104.0,104.0,88.2,88.7,94.28618421052632,304,11,28663.0,256.0,84.21,15.8,-15.3,1434306600.0
2015-06-12,96.6,96.6,86.4,87.0,88.10110294117646,544,24,47927.0,424.0,77.94,10.2,-9.6,1434047400.0
2015-06-11,94.0,94.9,87.0,88.0,90.31876138433516,1647,42,148755.0,1526.0,92.65,7.9,-6.0,1433961000.0
2015-06-10,87.7,94.9,87.7,92.6,91.95525997581619,827,16,76047.0,827.0,100.0,7.2,4.9,1433874600.0
2015-06-09,98.5,98.5,85.0,89.0,88.36658354114714,802,37,70870.0,671.0,83.67,13.5,-9.5,1433788200.0
2015-06-08,110.0,111.0,90.0,90.0,93.4783035057612,4079,63,381298.0,3392.0,83.16,21.0,-20.0,1433701800.0
2015-06-05,108.0,114.1,94.5,98.8,97.25162818235641,1689,45,164258.0,1537.0,91.0,19.6,-9.2,1433442600.0
2015-06-04,103.2,106.0,98.1,98.9,100.60577740016991,1177,41,118413.0,1000.0,84.96,7.9,-4.3,1433356200.0
2015-06-03,107.0,116.0,100.0,103.3,106.0856864654333,1027,49,108950.0,848.0,82.57,16.0,-3.7,1433269800.0
2015-06-02,97.1,108.0,97.0,98.0,103.50426985482493,2342,28,242407.0,464.0,19.81,11.0,0.9,1433183400.0
2015-06-01,105.6,105.6,101.1,103.1,103.98979591836734,98,15,10191.0,87.0,88.78,4.5,-2.5,1433097000.0
2015-05-29,97.5,108.0,97.5,100.6,104.02337992376113,3935,46,409332.0,3850.0,97.84,10.5,3.1,1432837800.0
2015-05-28,108.0,108.7,96.0,97.5,100.46823204419888,6516,135,654651.0,3780.0,58.01,12.7,-10.5,1432751400.0
2015-05-27,130.0,130.0,107.1,107.1,108.24989578991246,4798,73,519383.0,4348.0,90.62,22.9,-22.9,1432665000.0
2015-05-26,135.0,136.9,132.0,133.8,133.89492242595205,7090,20,949315.0,389.0,5.49,4.9,-1.2,1432578600.0
2015-05-25,137.0,138.0,128.2,137.7,134.4728150406504,3936,45,529285.0,1726.0,43.85,9.8,0.7,1432492200.0
2015-05-22,140.0,140.0,127.5,128.5,130.46672283066553,1187,26,154864.0,1186.0,99.92,12.5,-11.5,1432233000.0
2015-05-21,132.0,138.0,130.1,130.2,132.4294205052006,673,22,89125.0,623.0,92.57,7.9,-1.8,1432146600.0
2015-05-20,135.0,139.9,127.2,136.0,134.49308755760367,217,9,29185.0,212.0,97.7,12.7,1.0,1432060200.0
2015-05-19,138.0,138.0,130.0,134.9,133.38554216867468,83,8,11071.0,81.0,97.59,8.0,-3.1,1431973800.0
2015-05-18,139.0,139.0,120.0,124.2,125.55326146537548,5473,69,687153.0,5070.0,92.64,19.0,-14.8,1431887400.0
2015-05-15,139.0,140.0,127.7,138.0,136.4834123222749,211,16,28798.0,148.0,70.14,12.3,-1.0,1431628200.0
2015-05-14,149.0,149.0,132.2,133.0,134.55395683453236,1112,23,149624.0,1112.0,100.0,16.8,-16.0,1431541800.0
2015-05-13,149.8,149.8,134.5,135.1,139.35223880597013,335,15,46683.0,323.0,96.42,15.3,-14.7,1431455400.0
2015-05-12,140.0,142.0,134.0,135.6,137.06603773584905,106,10,14529.0,56.0,52.83,8.0,-4.4,1431369000.0
2015-05-11,145.0,145.0,140.0,140.0,142.5,200,2,28500.0,100.0,50.0,5.0,-5.0,1431282600.0
2015-05-08,131.0,144.0,131.0,138.5,134.0669577874818,687,41,92104.0,417.0,60.7,13.0,7.5,1431023400.0
2015-05-07,140.0,140.0,136.0,136.7,137.45454545454544,11,16,1512.0,10.0,90.91,4.0,-3.3,1430937000.0
2015-05-06,140.0,140.0,140.0,140.0,140.0,280,9,39200.0,280.0,100.0,0.0,0.0,1430850600.0
2015-05-05,140.0,148.0,140.0,148.0,140.45454545454544,88,6,12360.0,83.0,94.32,8.0,8.0,1430764200.0
2015-05-04,150.0,150.0,137.0,140.3,137.47069597069597,546,17,75059.0,525.0,96.15,13.0,-9.7,1430677800.0
2015-04-30,139.1,143.9,136.0,136.7,137.01183431952663,169,16,23155.0,168.0,99.41,7.9,-2.4,1430332200.0
2015-04-28,135.0,140.0,135.0,140.0,135.38910505836577,257,8,34795.0,237.0,92.22,5.0,5.0,1430159400.0
2015-04-27,138.0,140.0,135.1,138.1,137.56976744186045,86,17,11831.0,58.0,67.44,4.9,0.1,1430073000.0
2015-04-24,141.0,154.0,135.0,138.0,139.3578066914498,1076,52,149949.0,1069.0,99.35,19.0,-3.0,1429813800.0
2015-04-23,141.2,141.2,141.0,141.0,141.0,381,13,53721.0,381.0,100.0,0.2,-0.2,1429727400.0
2015-04-22,145.7,145.7,145.0,145.0,145.04,50,16,7252.0,50.0,100.0,0.7,-0.7,1429641000.0
2015-04-21,150.0,150.8,140.4,146.0,145.2921348314607,178,61,25862.0,155.0,87.08,10.4,-4.0,1429554600.0
2015-04-20,150.0,150.0,149.0,149.0,149.95238095238096,42,8,6298.0,42.0,100.0,1.0,-1.0,1429468200.0
2015-04-17,152.0,152.0,149.0,149.6,149.87733333333333,1500,37,224816.0,1500.0,100.0,3.0,-2.4,1429209000.0
2015-04-16,155.0,161.0,150.5,152.0,154.98933333333332,1125,48,174363.0,928.0,82.49,10.5,-3.0,1429122600.0
2015-04-15,149.4,163.9,149.4,161.5,159.91151385927503,938,34,149997.0,864.0,92.11,14.5,12.1,1429036200.0
2015-04-13,149.4,160.0,149.0,160.0,153.7,1140,64,175218.0,1050.0,92.11,11.0,10.6,1428863400.0
2015-04-10,140.0,149.5,140.0,149.2,146.97849462365593,93,17,13669.0,61.0,65.59,9.5,9.2,1428604200.0
2015-04-09,148.0,148.0,143.0,145.8,146.61428571428573,280,58,41052.0,275.0,98.21,5.0,-2.2,1428517800.0
2015-04-08,137.0,145.0,137.0,137.0,137.11688311688312,77,13,10558.0,75.0,97.4,8.0,0.0,1428431400.0
2015-04-07,126.7,135.0,126.6,135.0,131.63094278807412,1241,56,163354.0,1098.0,88.48,8.4,8.3,1428345000.0
2015-04-06,136.0,136.0,130.0,130.6,131.23845571536714,2642,108,346732.0,2430.0,91.98,6.0,-5.4,1428258600.0
2015-04-01,139.4,139.4,134.5,135.0,134.97435897435895,273,19,36848.0,268.0,98.17,4.9,-4.4,1427826600.0
2015-03-31,132.6,132.9,128.8,129.9,131.61946902654867,565,65,74365.0,545.0,96.46,4.1,-2.7,1427740200.0
2015-03-30,132.1,142.0,132.0,135.2,138.24113475177305,705,62,97460.0,496.0,70.35,10.0,3.1,1427653800.0
2015-03-27,122.5,135.2,121.9,135.0,132.22549470777727,2173,43,287326.0,1984.0,91.3,13.3,12.5,1427394600.0
2015-03-26,130.1,134.8,121.3,124.9,125.38564142801098,2549,65,319608.0,2295.0,90.04,13.5,-5.2,1427308200.0
2015-03-25,142.8,142.8,131.5,131.8,138.66337428451766,28652,48,3972983.0,7022.0,24.51,11.3,-11.0,1427221800.0
2015-03-24,131.5,152.0,131.5,134.9,141.00069550702463,7189,38,1013654.0,99.0,1.38,20.5,3.4,1427135400.0
2015-03-23,145.4,145.4,139.0,139.8,142.53012048192772,166,17,23660.0,137.0,82.53,6.4,-5.6,1427049000.0
2015-03-20,136.2,145.0,136.2,137.9,137.44913151364764,403,16,55392.0,301.0,74.69,8.8,1.7,1426789800.0
2015-03-19,136.3,156.0,136.3,142.0,146.02262225644975,10388,33,1516883.0,304.0,2.93,19.7,5.7,1426703400.0
2015-03-18,146.2,146.2,142.0,142.0,144.1,40,4,5764.0,20.0,50.0,4.2,-4.2,1426617000.0
2015-03-17,150.0,150.1,148.0,148.0,149.94495412844037,109,18,16344.0,108.0,99.08,2.1,-2.0,1426530600.0
2015-03-16,149.1,152.3,149.0,149.4,149.34972677595627,183,12,27331.0,183.0,100.0,3.3,0.3,1426444200.0
2015-03-13,156.0,156.0,145.8,155.2,150.2429906542056,107,16,16076.0,106.0,99.07,10.2,-0.8,1426185000.0
2015-03-12,148.6,155.9,148.4,151.7,150.29090909090908,110,30,16532.0,83.0,75.45,7.5,3.1,1426098600.0
2015-03-11,161.5,161.5,149.0,150.8,151.60834868017187,1629,68,246970.0,1338.0,82.14,12.5,-10.7,1426012200.0
2015-03-10,158.0,163.0,155.1,156.1,158.54761904761904,714,65,113203.0,521.0,72.97,7.9,-1.9,1425925800.0
2015-03-09,154.0,164.0,154.0,162.6,161.1725663716814,226,20,36425.0,216.0,95.58,10.0,8.6,1425839400.0
2015-03-05,166.0,166.0,154.0,157.1,157.8004987531172,802,19,126556.0,701.0,87.41,12.0,-8.9,1425493800.0
2015-03-04,158.0,165.8,158.0,161.6,162.9252383341696,1993,72,324710.0,1533.0,76.92,7.8,3.6,1425407400.0
2015-03-03,161.9,162.0,156.4,158.0,160.0333569907736,1409,69,225487.0,1305.0,92.62,5.6,-3.9,1425321000.0
2015-03-02,154.0,154.3,154.0,154.3,154.22340425531914,470,23,72485.0,470.0,100.0,0.3,0.3,1425234600.0
2015-02-28,145.0,147.0,145.0,147.0,146.872049689441,2415,82,354696.0,2413.0,99.92,2.0,2.0,1425061800.0
2015-02-27,128.1,140.0,127.1,140.0,135.83870967741936,961,79,130541.0,724.0,75.34,12.9,11.9,1424975400.0
2015-02-26,139.5,139.6,132.7,133.4,135.71598218703613,2021,77,274282.0,1760.0,87.09,6.9,-6.1,1424889000.0
2015-02-25,140.7,144.9,138.0,139.5,140.9360031409501,2547,120,358964.0,1841.0,72.28,6.9,-1.2,1424802600.0
2015-02-24,141.0,146.6,140.4,142.1,141.79634146341465,820,41,116273.0,761.0,92.8,6.2,1.1,1424716200.0
2015-02-23,149.9,150.0,142.0,147.7,147.7735368956743,1179,67,174225.0,917.0,77.78,8.0,-2.2,1424629800.0
2015-02-20,150.5,150.5,141.2,143.0,144.79391100702577,854,56,123654.0,727.0,85.13,9.3,-7.5,1424370600.0
2015-02-19,146.9,146.9,140.1,145.0,144.60216346153845,832,45,120309.0,830.0,99.76,6.8,-1.9,1424284200.0
2015-02-18,130.1,141.0,127.6,140.4,137.12039697048837,7658,149,1050068.0,6353.0,82.96,13.4,10.3,1424197800.0
2015-02-16,130.8,137.8,130.8,134.3,134.15965583173997,1046,60,140331.0,625.0,59.75,7.0,3.5,1424025000.0
2015-02-13,135.7,141.9,135.4,136.3,138.31772673733803,3396,137,469727.0,3004.0,88.46,6.5,0.6,1423765800.0
2015-02-12,144.0,144.0,142.5,142.5,142.7282821685173,1531,51,218517.0,1531.0,100.0,1.5,-1.5,1423679400.0
2015-02-11,150.0,155.0,149.9,150.0,150.3371592539455,3485,81,523925.0,3335.0,95.7,5.1,0.0,1423593000.0
2015-02-10,159.8,159.8,152.0,152.9,155.43947277141865,2883,77,448132.0,2689.0,93.27,7.8,-6.9,1423506600.0
2015-02-09,155.0,160.0,151.0,155.3,153.75672215108835,1562,75,240168.0,1137.0,72.79,9.0,0.3,1423420200.0
2015-02-06,157.0,163.5,156.3,158.3,157.2636783124588,1517,81,238569.0,1414.0,93.21,7.2,1.3,1423161000.0
2015-02-05,164.0,164.0,159.6,160.9,161.08615973741794,3656,182,588931.0,2699.0,73.82,4.4,-3.1,1423074600.0
2015-02-04,171.0,171.0,165.2,168.0,167.3085106382979,2632,112,440356.0,1801.0,68.43,5.8,-3.0,1422988200.0
2015-02-03,169.0,177.8,169.0,171.8,174.2955326460481,2037,91,355040.0,1575.0,77.32,8.8,2.8,1422901800.0
2015-02-02,167.2,180.0,167.2,170.7,172.206012982576,2927,194,504047.0,2182.0,74.55,12.8,3.5,1422815400.0
2015-01-30,192.5,200.0,183.8,183.9,186.227813048764,14806,529,2757289.0,9838.0,66.45,16.2,-8.6,1422556200.0
2015-01-29,223.9,228.7,197.0,204.2,216.00683184348867,90166,2673,19476472.0,32829.0,36.41,31.7,-19.7,1422469800.0
2015-01-28,208.4,223.8,204.0,218.6,216.08143504677403,51845,835,11202742.0,21736.0,41.92,19.8,10.2,1422383400.0
2015-01-27,186.0,204.0,183.1,201.1,196.50356374394835,14872,379,2922401.0,7906.0,53.16,20.9,15.1,1422297000.0
2015-01-23,193.0,203.0,185.0,187.0,192.39228559704557,4874,190,937720.0,3327.0,68.26,18.0,-6.0,1421951400.0
2015-01-22,165.0,198.0,165.0,192.5,186.13027547236447,22652,597,4216223.0,14949.0,65.99,33.0,27.5,1421865000.0
2015-01-21,161.6,166.2,155.1,165.0,161.17285806313075,4657,142,750582.0,4354.0,93.49,11.1,3.4,1421778600.0
2015-01-20,155.0,156.0,154.0,154.9,154.9589628800597,5361,54,830735.0,5161.0,96.27,2.0,-0.1,1421692200.0
2015-01-19,155.0,156.0,151.7,156.0,153.86190476190475,1260,37,193866.0,955.0,75.79,4.3,1.0,1421605800.0
2015-01-16,152.6,157.0,152.6,154.9,154.30448717948715,936,42,144429.0,735.0,78.53,4.4,2.3,1421346600.0
2015-01-15,161.7,161.7,153.5,153.65,154.00540784137,2219,76,341738.0,2196.0,98.96,8.2,-8.05,1421260200.0
2015-01-14,163.9,163.9,154.0,154.35,155.00148920327624,1343,61,208167.0,999.0,74.39,9.9,-9.55,1421173800.0
2015-01-13,159.9,163.95,159.9,160.05,163.02830188679243,106,18,17281.0,104.0,98.11,4.05,0.15,1421087400.0
2015-01-12,167.95,167.95,156.0,164.95,161.5380043791054,3197,88,516437.0,2975.0,93.06,11.95,-3.0,1421001000.0
2015-01-09,160.1,160.1,151.45,152.95,154.4605061349693,2608,132,402833.0,2021.0,77.49,8.65,-7.15,1420741800.0
2015-01-08,162.05,162.05,152.7,159.7,155.6566901408451,1136,73,176826.0,601.0,52.9,9.35,-2.35,1420655400.0
2015-01-07,154.0,158.45,150.75,151.05,151.75658587987357,949,46,144017.0,651.0,68.6,7.7,-2.95,1420569000.0
2015-01-06,168.75,168.75,152.25,154.0,154.0836236933798,574,61,88444.0,455.0,79.27,16.5,-14.75,1420482600.0
2015-01-05,153.35,163.0,153.3,158.2,158.08753943217664,2536,52,400910.0,2311.0,91.13,9.7,4.85,1420396200.0
2015-01-02,153.4,160.95,153.05,155.9,155.3511450381679,786,34,122106.0,564.0,71.76,7.9,2.5,1420137000.0
2015-01-01,147.0,157.65,145.0,152.65,151.45038167938932,262,18,39680.0,150.0,57.25,12.65,5.65,1420050600.0
2014-12-31,153.0,158.0,153.0,155.15,154.25030674846624,815,34,125714.0,461.0,56.56,5.0,2.15,1419964200.0
2014-12-30,158.0,158.0,148.2,154.6,153.16024759284733,1454,52,222695.0,950.0,65.34,9.8,-3.4,1419877800.0
2014-12-29,158.35,166.0,155.0,159.0,157.53247096092923,3788,35,596733.0,3696.0,97.57,11.0,0.65,1419791400.0
2014-12-26,159.4,159.65,152.25,158.95,152.49781659388645,229,20,34922.0,225.0,98.25,7.4,-0.45,1419532200.0
2014-12-24,162.9,162.9,152.0,152.5,155.26168224299064,107,24,16613.0,65.0,60.75,10.9,-10.4,1419359400.0
2014-12-23,158.9,158.9,150.05,157.9,153.16666666666666,102,20,15623.0,100.0,98.04,8.85,-1.0,1419273000.0
2014-12-22,160.7,160.7,159.95,159.95,160.0,12,4,1920.0,11.0,91.67,0.75,-0.75,1419186600.0
2014-12-19,163.9,163.9,148.3,152.35,154.2300319488818,939,39,144822.0,677.0,72.1,15.6,-11.55,1418927400.0
2014-12-18,163.9,163.9,157.0,157.35,161.247311827957,1023,55,164956.0,612.0,59.82,6.9,-6.55,1418841000.0
2014-12-17,151.0,152.0,147.1,148.75,149.27434377646063,1181,31,176293.0,1181.0,100.0,4.9,-2.25,1418754600.0
2014-12-16,150.35,161.9,148.1,153.65,150.5766871165644,1141,54,171808.0,1010.0,88.52,13.8,3.3,1418668200.0
2014-12-15,160.0,160.0,151.6,155.0,154.4671052631579,304,22,46958.0,260.0,85.53,8.4,-5.0,1418581800.0
2014-12-12,161.0,165.0,153.0,153.0,158.86119402985074,670,33,106437.0,670.0,100.0,12.0,-8.0,1418322600.0
2014-12-11,161.0,163.75,157.0,161.05,160.39777247414477,1257,50,201620.0,1245.0,99.05,6.75,0.05,1418236200.0
2014-12-10,160.0,168.0,158.0,162.0,163.1432414256893,1487,62,242594.0,1387.0,93.28,10.0,2.0,1418149800.0
2014-12-09,162.3,165.0,161.05,162.25,162.42950391644908,766,41,124421.0,666.0,86.95,3.95,-0.05,1418063400.0
2014-12-08,165.0,170.0,164.5,165.5,164.85532302092813,1099,43,181176.0,978.0,88.99,5.5,0.5,1417977000.0
2014-12-05,165.0,165.0,165.0,165.0,165.0,505,4,83325.0,505.0,100.0,0.0,0.0,1417717800.0
2014-12-04,172.2,172.2,161.1,168.5,165.4683026584867,978,36,161828.0,795.0,81.29,11.1,-3.7,1417631400.0
2014-12-03,165.0,165.0,160.0,160.3,161.9595070422535,568,18,91993.0,568.0,100.0,5.0,-4.7,1417545000.0
2014-12-02,167.0,169.7,158.05,160.9,162.10436025732665,1399,101,226784.0,1350.0,96.5,11.65,-6.1,1417458600.0
2014-12-01,161.0,170.0,160.0,167.65,163.57755164970706,3243,76,530482.0,1831.0,56.46,10.0,6.65,1417372200.0
2014-11-28,170.05,171.1,168.1,169.0,169.93561368209257,497,29,84458.0,397.0,79.88,3.0,-1.05,1417113000.0
2014-11-27,171.5,172.0,170.0,170.0,171.53458096013017,1229,36,210816.0,1229.0,100.0,2.0,-1.5,1417026600.0
2014-11-26,177.75,177.75,165.0,168.15,168.00191693290733,1565,87,262923.0,1361.0,86.96,12.75,-9.6,1416940200.0
2014-11-25,171.0,171.0,168.0,170.0,169.985401459854,2192,79,372608.0,2124.0,96.9,3.0,-1.0,1416853800.0
2014-11-24,172.5,179.4,172.5,177.95,176.5474025974026,1540,58,271883.0,1039.0,67.47,6.9,5.45,1416767400.0
2014-11-21,173.0,177.0,170.0,175.25,172.66494845360825,388,33,66994.0,286.0,73.71,7.0,2.25,1416508200.0
2014-11-20,170.0,172.0,168.35,171.2,170.23671128107074,2615,68,445169.0,2220.0,84.89,3.65,1.2,1416421800.0
2014-11-19,182.8,182.8,167.25,175.2,178.59611650485436,1030,56,183954.0,709.0,68.83,15.55,-7.6,1416335400.0
2014-11-18,175.0,184.45,173.0,179.75,179.22967696130635,2817,133,504890.0,2000.0,71.0,11.45,4.75,1416249000.0
2014-11-17,170.0,178.0,166.0,175.1,173.07686196623635,5035,148,871442.0,4470.0,88.78,12.0,5.1,1416162600.0
2014-11-14,171.0,172.0,166.1,166.9,167.8274440518257,1698,72,284971.0,1597.0,94.05,5.9,-4.1,1415903400.0
2014-11-13,175.9,175.9,165.0,171.05,169.0,3043,127,514267.0,1842.0,60.53,10.9,-4.85,1415817000.0
2014-11-12,187.9,187.9,170.0,170.7,171.51128718792046,6689,119,1147239.0,5743.0,85.86,17.9,-17.2,1415730600.0
2014-11-11,178.0,179.0,170.0,171.4,174.30864765409385,2174,77,378947.0,1953.0,89.83,9.0,-6.6,1415644200.0
2014-11-10,175.35,184.9,170.0,173.05,174.24692412850308,5852,111,1019693.0,5298.0,90.53,14.9,-2.3,1415557800.0
2014-11-07,185.0,185.0,174.0,175.35,176.68462159978455,3713,185,656030.0,2062.0,55.53,11.0,-9.65,1415298600.0
2014-11-05,190.9,190.9,182.55,183.05,183.4058823529412,680,22,124716.0,679.0,99.85,8.35,-7.85,1415125800.0
2014-11-03,189.95,189.95,180.0,180.35,180.7126225490196,1632,79,294923.0,1486.0,91.05,9.95,-9.6,1414953000.0
2014-10-31,179.9,185.5,173.5,182.2,180.4040080160321,7485,214,1350324.0,6374.0,85.16,12.0,2.3,1414693800.0
2014-10-30,190.0,190.9,173.0,182.2,183.28872437357631,7024,296,1287420.0,4322.0,61.53,17.9,-7.8,1414607400.0
2014-10-29,197.95,197.95,183.0,187.85,186.6430213464696,3045,167,568328.0,2698.0,88.6,14.95,-10.1,1414521000.0
2014-10-28,198.0,198.0,185.5,193.95,193.1701421800948,2110,117,407589.0,1326.0,62.84,12.5,-4.05,1414434600.0
2014-10-27,192.5,198.0,185.25,193.5,195.75499012941435,4559,141,892447.0,4001.0,87.76,12.75,1.0,1414348200.0
2014-10-23,192.0,195.0,186.0,191.45,192.79295154185024,227,34,43764.0,202.0,88.99,9.0,-0.55,1414002600.0
2014-10-22,195.0,195.0,183.25,188.15,189.31067961165047,721,38,136493.0,253.0,35.09,11.75,-6.85,1413916200.0
2014-10-21,177.0,195.0,175.0,184.85,184.06888361045128,421,61,77493.0,253.0,60.1,20.0,7.85,1413829800.0
2014-10-20,195.0,195.0,185.0,189.15,188.84151785714283,1344,110,253803.0,997.0,74.18,10.0,-5.85,1413743400.0
2014-10-17,186.0,188.0,180.0,180.9,181.79293739967895,1869,77,339771.0,1785.0,95.51,8.0,-5.1,1413484200.0
2014-10-16,198.0,198.0,185.0,190.45,195.79165154264967,2755,138,539406.0,2519.0,91.43,13.0,-7.55,1413397800.0
2014-10-14,204.8,204.8,186.1,189.35,194.11475409836063,976,90,189456.0,709.0,72.64,18.7,-15.45,1413225000.0
2014-10-13,180.0,194.6,180.0,194.6,188.1639244363193,3282,70,617554.0,2827.0,86.14,14.6,14.6,1413138600.0
2014-10-10,190.0,190.0,176.05,176.95,177.97301717089124,3669,103,652983.0,3354.0,91.41,13.95,-13.05,1412879400.0
2014-10-09,195.0,195.0,180.05,183.6,184.3695768612748,1867,38,344218.0,1769.0,94.75,14.95,-11.4,1412793000.0
2014-10-08,183.0,195.0,180.25,181.5,183.9846782431052,979,63,180121.0,649.0,66.29,14.75,-1.5,1412706600.0
2014-10-07,185.05,193.5,183.0,193.5,186.15730337078648,445,30,82840.0,330.0,74.16,10.5,8.45,1412620200.0
2014-10-01,196.0,196.0,185.0,188.5,191.93183578621225,1291,85,247784.0,1083.0,83.89,11.0,-7.5,1412101800.0
2014-09-30,208.0,208.0,186.05,191.65,199.634201585504,3532,139,705108.0,1632.0,46.21,21.95,-16.35,1412015400.0
2014-09-29,184.0,199.5,184.0,198.6,196.73518580515568,2987,124,587648.0,2454.0,82.16,15.5,14.6,1411929000.0
2014-09-26,191.0,191.0,175.0,181.4,180.0753114382786,5298,146,954039.0,4066.0,76.75,16.0,-9.6,1411669800.0
2014-09-25,204.75,204.75,176.65,185.9,181.776886035313,4361,172,792729.0,3045.0,69.82,28.1,-18.85,1411583400.0
2014-09-24,205.0,208.0,192.65,194.2,198.68438464931629,4534,181,900835.0,3478.0,76.71,15.35,-10.8,1411497000.0
2014-09-23,227.0,230.0,205.0,212.6,220.44809955624157,10366,284,2285165.0,8205.0,79.15,25.0,-14.4,1411410600.0
2014-09-22,186.05,220.0,185.2,218.3,206.78497072218607,21518,600,4449599.0,16295.0,75.73,34.8,32.25,1411324200.0
2014-09-19,176.95,188.75,175.25,185.1,182.61091815834,11229,274,2050538.0,8133.0,72.43,13.5,8.15,1411065000.0
2014-09-18,152.8,175.0,148.2,171.1,163.07387508394896,5956,159,971268.0,5636.0,94.63,26.8,18.3,1410978600.0
2014-09-17,147.95,150.5,147.0,147.5,148.0164365548981,1521,52,225133.0,935.0,61.47,3.5,-0.45,1410892200.0
2014-09-16,150.0,153.0,145.0,146.3,149.91242082071054,3631,66,544332.0,3471.0,95.59,8.0,-3.7,1410805800.0
2014-09-15,146.0,150.0,142.6,148.35,148.66036036036036,2220,61,330026.0,2202.0,99.19,7.4,2.35,1410719400.0
2014-09-12,148.05,150.2,144.0,146.8,147.5890196078431,3825,79,564528.0,3455.0,90.33,6.2,-1.25,1410460200.0
2014-09-11,150.0,154.0,147.75,150.2,150.2007874015748,3556,105,534114.0,3348.0,94.15,6.25,0.2,1410373800.0
2014-09-10,147.0,150.0,144.2,145.05,148.38505747126436,1044,32,154914.0,882.0,84.48,5.8,-1.95,1410287400.0
2014-09-09,146.5,148.0,141.5,147.1,144.64279346210995,3365,84,486723.0,1760.0,52.3,6.5,0.6,1410201000.0
2014-09-08,143.0,150.0,140.0,147.7,145.54306421709083,5933,120,863507.0,5181.0,87.33,10.0,4.7,1410114600.0
2014-09-05,146.75,146.75,141.0,143.9,142.00560224089637,714,19,101392.0,694.0,97.2,5.75,-2.85,1409855400.0
2014-09-04,141.25,141.25,139.05,140.15,140.3046757164404,1326,54,186044.0,1323.0,99.77,2.2,-1.1,1409769000.0
2014-09-03,148.0,148.0,145.0,145.1,146.76215277777777,576,18,84535.0,475.0,82.47,3.0,-2.9,1409682600.0
2014-09-02,143.5,148.85,143.5,148.0,148.4776119402985,201,16,29844.0,125.0,62.19,5.35,4.5,1409596200.0
2014-09-01,139.4,154.0,139.4,146.25,149.0812411847673,3545,97,528493.0,2967.0,83.7,14.6,6.85,1409509800.0
2014-08-28,140.1,145.0,138.65,141.65,141.26692678448472,4357,105,615500.0,3096.0,71.06,6.35,1.55,1409164200.0
2014-08-27,145.0,145.0,137.05,141.85,141.0277023356871,1841,64,259632.0,1520.0,82.56,7.95,-3.15,1409077800.0
2014-08-26,142.3,143.7,137.0,139.3,141.4774964838256,2844,62,402362.0,2708.0,95.22,6.7,-3.0,1408991400.0
2014-08-25,149.05,155.0,142.3,145.65,149.37214247740565,5643,118,842907.0,3771.0,66.83,12.7,-3.4,1408905000.0
2014-08-22,157.0,160.0,152.0,152.4,155.062197092084,1238,38,191967.0,1088.0,87.88,8.0,-4.6,1408645800.0
2014-08-21,152.0,163.0,152.0,159.65,158.2169459962756,3222,66,509775.0,3047.0,94.57,11.0,7.65,1408559400.0
2014-08-20,155.0,160.9,154.9,155.95,155.74747474747474,495,17,77095.0,445.0,89.9,6.0,0.95,1408473000.0
2014-08-19,155.0,157.0,152.0,152.45,153.36711281070745,2092,60,320844.0,1972.0,94.26,5.0,-2.55,1408386600.0
2014-08-18,151.95,156.35,151.9,152.15,152.37730769230768,2600,76,396181.0,2351.0,90.42,4.45,0.2,1408300200.0
2014-08-14,142.0,148.0,142.0,142.15,142.42771599657829,3507,54,499494.0,2802.0,79.9,6.0,0.15,1407954600.0
2014-08-13,150.0,161.5,142.0,142.0,146.70348317951772,3359,91,492777.0,1773.0,52.78,19.5,-8.0,1407868200.0
2014-08-12,150.0,153.75,145.05,147.0,148.7971334068357,907,55,134959.0,841.0,92.72,8.7,-3.0,1407781800.0
2014-08-11,135.0,144.0,135.0,144.0,140.2781529078632,4591,152,644017.0,3372.0,73.45,9.0,9.0,1407695400.0
2014-08-08,138.0,138.0,128.0,130.95,131.01264308901418,5853,228,766817.0,4385.0,74.92,10.0,-7.05,1407436200.0
2014-08-07,149.7,150.5,140.15,141.65,146.06742226097063,3441,107,502618.0,2826.0,82.13,10.35,-8.05,1407349800.0
2014-08-06,148.5,151.9,148.0,148.0,148.6056338028169,355,23,52755.0,355.0,100.0,3.9,-0.5,1407263400.0
2014-08-05,152.5,153.6,148.0,150.5,150.96447793326155,929,42,140246.0,828.0,89.13,5.6,-2.0,1407177000.0
2014-08-04,152.0,161.8,152.0,153.6,158.28517587939697,2388,67,377985.0,2094.0,87.69,9.8,1.6,1407090600.0
2014-08-01,159.0,163.5,154.0,154.3,160.28530872959544,1409,81,225842.0,917.0,65.08,9.5,-4.7,1406831400.0
2014-07-31,164.0,164.0,159.0,159.2,160.417943107221,1371,78,219933.0,865.0,63.09,5.0,-4.8,1406745000.0
2014-07-30,168.35,169.35,157.0,163.55,163.63427535136768,6617,206,1082768.0,5277.0,79.75,12.35,-4.8,1406658600.0
2014-07-28,150.0,162.7,148.8,159.9,155.18421851289833,6590,152,1022664.0,5734.0,87.01,13.9,9.9,1406485800.0
2014-07-25,151.6,154.0,147.1,150.5,149.87402383888204,4866,108,729287.0,4323.0,88.84,6.9,-1.1,1406226600.0
2014-07-24,157.9,157.9,151.0,151.35,153.28326567433467,8868,128,1359316.0,7656.0,86.33,6.9,-6.55,1406140200.0
2014-07-23,178.0,179.5,155.15,158.2,162.5194805194805,14091,393,2290062.0,9812.0,69.63,24.35,-19.8,1406053800.0
2014-07-22,156.6,176.25,155.6,172.35,171.88636293340755,32331,811,5557258.0,16439.0,50.85,20.65,15.75,1405967400.0
2014-07-21,131.05,154.5,127.1,146.9,140.15036752178355,20543,285,2879109.0,17113.0,83.3,27.4,15.85,1405881000.0
2014-07-18,138.0,138.0,129.0,130.3,131.9978397839784,5555,159,733248.0,3855.0,69.4,9.0,-7.7,1405621800.0
2014-07-17,141.0,144.75,132.25,135.8,138.72644706520265,7377,205,1023385.0,4990.0,67.64,12.5,-5.2,1405535400.0
2014-07-16,128.0,140.0,128.0,136.65,135.4105576567152,12427,332,1682747.0,9063.0,72.93,12.0,8.65,1405449000.0
2014-07-15,123.0,125.5,120.0,120.85,122.69594432445405,4167,78,511274.0,3432.0,82.36,5.5,-2.15,1405362600.0
2014-07-14,111.5,128.0,111.5,123.2,121.93769287288758,13610,282,1659572.0,10836.0,79.62,16.5,11.7,1405276200.0
2014-07-11,106.5,112.3,105.05,108.15,109.49710144927536,6900,108,755530.0,6310.0,91.45,7.25,1.65,1405017000.0
2014-07-10,102.15,105.95,99.05,103.85,102.87724784988272,1279,37,131580.0,1140.0,89.13,6.9,1.7,1404930600.0
2014-07-09,116.0,116.0,102.1,103.9,106.36456063907043,2754,77,292928.0,2503.0,90.89,13.9,-12.1,1404844200.0
2014-07-08,108.9,117.0,108.9,112.0,112.21112556929081,6148,145,689874.0,5866.0,95.41,8.1,3.1,1404757800.0
2014-07-07,106.0,107.8,104.2,105.95,106.99797570850203,988,34,105714.0,898.0,90.89,3.6,-0.05,1404671400.0
2014-07-04,107.85,107.85,103.6,105.8,104.19602818705955,1561,27,162650.0,1546.0,99.04,4.25,-2.05,1404412200.0
2014-07-03,102.45,107.0,102.0,105.0,104.6165167620605,2446,61,255892.0,1750.0,71.55,5.0,2.55,1404325800.0
2014-07-02,102.0,107.0,102.0,104.3,104.60176757683682,7581,100,792986.0,6696.0,88.33,5.0,2.3,1404239400.0
2014-07-01,100.0,100.75,96.8,100.45,98.83730258210076,3989,91,394262.0,3889.0,97.49,3.95,0.45,1404153000.0
2014-06-30,94.0,98.0,94.0,98.0,95.7796520822351,1897,63,181694.0,1796.0,94.68,4.0,4.0,1404066600.0
2014-06-27,93.95,93.95,86.55,93.35,91.02139710509753,1589,65,144633.0,610.0,38.39,7.4,-0.6,1403807400.0
2014-06-26,94.0,94.0,87.25,89.55,90.50232288037166,1722,72,155845.0,1295.0,75.2,6.75,-4.45,1403721000.0
2014-06-25,94.3,94.3,91.0,91.35,91.7938566552901,1465,48,134478.0,1465.0,100.0,3.3,-2.95,1403634600.0
2014-06-24,91.55,94.95,91.5,93.65,92.4282608695652,460,30,42517.0,428.0,93.04,3.45,2.1,1403548200.0
2014-06-23,95.9,95.9,90.8,91.0,91.54630715123096,853,40,78089.0,850.0,99.65,5.1,-4.9,1403461800.0
2014-06-20,93.0,96.0,92.0,95.9,94.36855941114617,3804,76,358978.0,3725.0,97.92,4.0,2.9,1403202600.0
2014-06-19,93.0,94.5,88.0,92.4,91.52323232323232,2970,72,271824.0,2354.0,79.26,6.5,-0.6,1403116200.0
2014-06-18,93.85,93.85,89.35,91.3,91.58270676691728,266,18,24361.0,241.0,90.6,4.5,-2.55,1403029800.0
2014-06-17,91.0,92.0,89.0,92.0,91.90038778477944,4126,50,379181.0,4120.0,99.85,3.0,1.0,1402943400.0
2014-06-16,86.7,93.05,86.7,91.5,90.8710407239819,442,29,40165.0,260.0,58.82,6.35,4.8,1402857000.0
2014-06-13,98.7,98.7,86.15,86.45,92.0656894679696,1842,79,169585.0,1504.0,81.65,12.55,-12.25,1402597800.0
2014-06-12,97.0,97.75,90.0,90.7,92.54586636466593,2649,113,245154.0,1926.0,72.71,7.75,-6.3,1402511400.0
2014-06-11,93.0,95.0,90.3,91.9,92.35581000848175,2358,92,217775.0,2197.0,93.17,4.7,-1.1,1402425000.0
2014-06-10,93.0,93.0,89.0,89.95,90.89777777777776,450,38,40904.0,347.0,77.11,4.0,-3.05,1402338600.0
2014-06-09,90.0,92.0,88.3,89.25,89.8409090909091,1232,40,110684.0,1231.0,99.92,3.7,-0.75,1402252200.0
2014-06-06,90.8,90.8,87.05,87.4,88.5007159145145,18857,34,1668858.0,592.0,3.14,3.75,-3.4,1401993000.0
2014-06-05,86.0,90.0,86.0,89.95,88.71276595744682,470,25,41695.0,370.0,78.72,4.0,3.95,1401906600.0
2014-06-04,89.0,89.7,85.1,86.55,87.0276008492569,1884,62,163960.0,1401.0,74.36,4.6,-2.45,1401820200.0
2014-06-03,86.75,90.75,86.75,90.75,88.8,160,6,14208.0,10.0,6.25,4.0,4.0,1401733800.0
2014-06-02,93.0,93.0,86.15,89.75,90.49803921568628,255,22,23077.0,207.0,81.18,6.85,-3.25,1401647400.0
2014-05-30,93.65,93.65,87.1,87.7,87.64751958224542,766,17,67138.0,115.0,15.01,6.55,-5.95,1401388200.0
2014-05-29,86.05,86.05,86.05,86.05,86.0,19,2,1634.0,19.0,100.0,0.0,0.0,1401301800.0
2014-05-28,87.0,87.0,87.0,87.0,87.0,2,2,174.0,2.0,100.0,0.0,0.0,1401215400.0
2014-05-27,83.0,90.0,80.15,87.15,86.71684945164506,1003,66,86977.0,898.0,89.53,9.85,4.15,1401129000.0
2014-05-26,87.0,91.0,87.0,89.0,89.21729729729729,925,47,82526.0,901.0,97.41,4.0,2.0,1401042600.0
2014-05-23,82.9,86.0,82.6,86.0,84.86011191047162,1251,47,106160.0,1173.0,93.76,3.4,3.1,1400783400.0
2014-05-22,82.2,83.0,81.0,83.0,81.9595818815331,1435,38,117612.0,1355.0,94.43,2.0,0.8,1400697000.0
2014-05-21,83.0,84.9,82.2,82.2,82.8281690140845,355,29,29404.0,325.0,91.55,2.7,-0.8,1400610600.0
2014-05-20,82.05,86.0,82.05,84.0,84.36242083040112,1421,18,119879.0,1421.0,100.0,3.95,1.95,1400524200.0
2014-05-19,86.0,86.0,82.0,82.25,84.01831501831501,819,14,68811.0,519.0,63.37,4.0,-3.75,1400437800.0
2014-05-16,83.2,91.4,79.55,85.45,84.98963242224316,1061,49,90174.0,761.0,71.72,11.85,2.25,1400178600.0
2014-05-15,82.5,84.95,82.5,83.2,82.94516129032257,620,15,51426.0,620.0,100.0,2.45,0.7,1400092200.0
2014-05-14,75.2,83.0,75.2,80.0,80.6972538513061,1493,46,120481.0,1328.0,88.95,7.8,4.8,1400005800.0
2014-05-13,82.0,84.0,79.0,79.15,79.91278065630397,1158,69,92539.0,988.0,85.32,5.0,-2.85,1399919400.0
2014-05-12,82.35,82.95,78.3,81.2,81.93939393939395,1221,61,100048.0,1061.0,86.9,4.65,-1.15,1399833000.0
2014-05-09,89.85,89.85,82.0,83.8,84.62130177514794,507,36,42903.0,466.0,91.91,7.85,-6.05,1399573800.0
2014-05-08,83.2,89.1,83.2,89.0,88.23,400,14,35292.0,350.0,87.5,5.9,5.8,1399487400.0
2014-05-07,86.15,87.8,85.0,87.8,85.54827586206896,290,19,24809.0,285.0,98.28,2.8,1.65,1399401000.0
2014-05-06,92.9,93.0,86.8,88.0,88.4073777064956,1247,52,110244.0,937.0,75.14,6.2,-4.9,1399314600.0
2014-05-05,92.5,93.0,90.0,90.05,91.904,1250,35,114880.0,915.0,73.2,3.0,-2.45,1399228200.0
2014-05-02,88.1,90.0,86.0,90.0,88.36026200873361,458,31,40469.0,452.0,98.69,4.0,1.9,1398969000.0
2014-04-30,89.95,90.0,87.0,88.0,89.01497504159732,601,20,53498.0,601.0,100.0,3.0,-1.95,1398796200.0
2014-04-29,88.0,88.0,86.55,87.0,86.94317284925019,1267,26,110157.0,1267.0,100.0,1.45,-1.0,1398709800.0
2014-04-28,94.0,94.0,88.0,88.0,89.26881720430107,279,8,24906.0,279.0,100.0,6.0,-6.0,1398623400.0
2014-04-25,88.5,92.9,86.05,91.0,88.82198952879581,191,18,16965.0,181.0,94.76,6.85,2.5,1398364200.0
2014-04-23,86.4,89.75,85.0,88.5,86.96454767726162,2454,111,213411.0,2407.0,98.08,4.75,2.1,1398191400.0
2014-04-22,85.1,86.75,82.0,85.7,84.93658536585366,1230,100,104472.0,815.0,66.26,4.75,0.6,1398105000.0
2014-04-21,86.45,86.5,85.15,86.0,85.93947368421053,760,58,65314.0,635.0,83.55,1.35,-0.45,1398018600.0
2014-04-17,87.95,88.0,85.1,86.5,86.2112676056338,284,32,24484.0,229.0,80.63,2.9,-1.45,1397673000.0
2014-04-16,87.9,87.9,86.0,86.6,86.92901234567901,324,53,28165.0,269.0,83.02,1.9,-1.3,1397586600.0
2014-04-15,87.0,87.4,84.6,87.15,86.22222222222223,747,73,64408.0,513.0,68.67,2.8,0.15,1397500200.0
2014-04-11,87.95,87.95,82.15,86.95,85.56065959952885,849,78,72641.0,684.0,80.57,5.8,-1.0,1397154600.0
2014-04-10,85.05,87.95,85.0,85.7,86.17753623188405,552,74,47570.0,398.0,72.1,2.95,0.65,1397068200.0
2014-04-09,90.05,90.05,84.7,85.55,87.95229468599034,1656,99,145649.0,1411.0,42.6,5.35,-4.5,1396981800.0
2014-04-07,88.8,88.8,83.4,85.8,86.71232876712328,292,37,25320.0,235.0,40.24,5.4,-3.0,1396809000.0
2014-04-04,88.9,88.9,84.25,84.8,85.14232209737827,534,12,45466.0,489.0,91.57,4.65,-4.1,1396549800.0
2014-04-03,88.95,88.95,83.8,88.65,85.04083885209714,906,65,77047.0,860.0,94.92,5.15,-0.3,1396463400.0
2014-04-02,89.3,89.3,83.5,85.3,86.31758530183727,381,17,32887.0,381.0,100.0,5.8,-4.0,1396377000.0
2014-04-01,93.8,93.8,85.45,85.95,86.1094890510949,685,27,58985.0,600.0,87.59,8.35,-7.85,1396290600.0
2014-03-31,88.85,89.9,88.85,89.9,89.57241379310345,290,11,25976.0,270.0,93.1,1.05,1.05,1396204200.0
2014-03-28,88.2,88.2,82.6,86.9,85.46166666666666,600,41,51277.0,330.0,55.0,5.6,-1.3,1395945000.0
2014-03-27,89.4,89.4,84.0,84.8,84.8842105263158,190,8,16128.0,170.0,89.47,5.4,-4.6,1395858600.0
2014-03-26,88.8,88.8,82.75,85.45,84.96261682242991,963,50,81819.0,913.0,94.81,6.05,-3.35,1395772200.0
2014-03-25,88.9,88.9,81.5,85.35,83.69774919614149,311,24,26030.0,241.0,77.49,7.4,-3.55,1395685800.0
2014-03-24,89.0,89.0,83.0,85.45,84.4537037037037,1620,36,136815.0,1370.0,84.57,6.0,-3.55,1395599400.0
2014-03-22,89.6,92.95,84.7,86.55,86.69452887537996,658,23,57045.0,608.0,92.4,8.25,-3.05,1395426600.0
2014-03-21,87.0,93.9,85.45,89.0,86.85390428211588,794,26,68962.0,764.0,96.22,8.45,2.0,1395340200.0
2014-03-20,85.95,89.95,83.5,89.9,85.32033898305085,1180,43,100678.0,850.0,72.03,6.45,3.95,1395253800.0
2014-03-19,85.2,91.0,85.0,85.7,86.21730103806227,1445,68,124584.0,1210.0,83.74,6.0,0.5,1395167400.0
2014-03-18,90.0,90.0,83.6,86.95,88.05372616984401,1154,18,101614.0,1051.0,91.07,6.4,-3.05,1395081000.0
2014-03-14,90.0,90.0,84.25,87.1,88.34667527437055,1549,71,136849.0,1209.0,78.05,5.75,-2.9,1394735400.0
2014-03-13,95.0,95.0,86.35,87.1,87.48669201520912,2367,115,207081.0,2011.0,84.96,8.65,-7.9,1394649000.0
2014-03-12,95.0,95.0,87.45,90.85,89.54082998661312,747,24,66887.0,727.0,97.32,7.55,-4.15,1394562600.0
2014-03-11,93.0,93.25,88.1,92.0,92.072,375,15,34527.0,375.0,100.0,5.15,-1.0,1394476200.0
2014-03-10,94.2,94.7,86.0,92.7,90.78990610328638,3408,103,309412.0,1771.0,51.97,8.7,-1.5,1394389800.0
2014-03-07,94.9,97.0,90.2,90.2,91.91680532445923,601,28,55242.0,501.0,83.36,6.8,-4.7,1394130600.0
2014-03-06,93.0,95.0,91.4,94.9,92.68987108655618,2715,51,251653.0,2536.0,93.41,3.6,1.9,1394044200.0
2014-03-05,96.0,97.9,94.5,95.0,95.9088471849866,746,43,71548.0,741.0,99.33,3.4,-1.0,1393957800.0
2014-03-04,94.0,95.25,92.5,95.05,94.69352771547582,6242,156,591077.0,6207.0,99.44,2.75,1.05,1393871400.0
2014-03-03,89.85,90.75,89.85,90.75,90.43920922570015,3035,47,274483.0,3025.0,99.67,0.9,0.9,1393785000.0
2014-02-28,86.0,86.45,85.0,86.45,86.33407738095238,6720,104,580165.0,5883.0,87.54,1.45,0.45,1393525800.0
2014-02-26,80.0,82.35,80.0,82.35,81.92669039145908,1405,25,115107.0,1405.0,100.0,2.35,2.35,1393353000.0
2014-02-25,75.0,80.0,75.0,78.45,76.85348837209303,1720,42,132188.0,1619.0,94.13,5.0,3.45,1393266600.0
2014-02-24,74.0,76.95,74.0,76.2,74.876,250,11,18719.0,250.0,100.0,2.95,2.2,1393180200.0
2014-02-21,76.0,76.0,74.6,74.6,75.82587064676618,201,6,15241.0,201.0,100.0,1.4,-1.4,1392921000.0
2014-02-20,79.75,79.75,75.15,76.85,78.4093023255814,215,8,16858.0,105.0,48.84,4.6,-2.9,1392834600.0
2014-02-19,79.75,79.75,74.2,78.95,75.04522613065326,199,13,14934.0,169.0,84.92,5.55,-0.8,1392748200.0
2014-02-18,79.0,79.0,75.0,78.0,77.86315789473683,95,5,7397.0,75.0,78.95,4.0,-1.0,1392661800.0
2014-02-17,78.3,78.3,78.3,78.3,78.3,20,1,1566.0,20.0,100.0,0.0,0.0,1392575400.0
2014-02-14,79.8,79.8,75.05,76.85,75.76695652173913,575,31,43566.0,455.0,79.13,4.75,-2.95,1392316200.0
2014-02-13,78.0,78.0,76.0,77.75,76.94897959183673,98,4,7541.0,73.0,74.49,2.0,-0.25,1392229800.0
2014-02-12,78.0,78.0,76.95,76.95,77.84615384615384,52,3,4048.0,52.0,100.0,1.05,-1.05,1392143400.0
2014-02-11,77.9,77.9,76.05,76.05,76.54181818181817,275,24,21049.0,250.0,90.91,1.85,-1.85,1392057000.0
2014-02-10,80.0,80.0,80.0,80.0,80.0,50,1,4000.0,50.0,100.0,0.0,0.0,1391970600.0
2014-02-07,79.9,79.9,77.0,77.0,77.41428571428571,140,4,10838.0,120.0,85.71,2.9,-2.9,1391711400.0
2014-02-06,77.0,79.8,76.5,77.0,77.0952380952381,210,14,16190.0,185.0,88.1,3.3,0.0,1391625000.0
2014-02-05,76.8,77.0,76.8,77.0,76.94809160305343,655,11,50401.0,455.0,69.47,0.2,0.2,1391538600.0
2014-02-04,74.0,76.5,74.0,74.0,74.16405135520685,701,16,51989.0,601.0,85.73,2.5,0.0,1391452200.0
2014-02-03,76.95,76.95,75.0,75.0,75.52760736196318,652,17,49244.0,652.0,100.0,1.95,-1.95,1391365800.0
2014-01-31,76.7,76.7,74.0,76.45,75.95238095238095,126,6,9570.0,126.0,100.0,2.7,-0.25,1391106600.0
2014-01-30,73.0,77.0,72.75,74.5,75.12960526315788,1520,60,114197.0,1130.0,74.34,4.25,1.5,1391020200.0
2014-01-29,74.9,76.8,71.5,76.3,74.2705735660848,1604,66,119130.0,1234.0,76.93,5.3,1.4,1390933800.0
2014-01-28,75.0,75.0,75.0,75.0,75.0,25,1,1875.0,25.0,100.0,0.0,0.0,1390847400.0
2014-01-27,75.0,76.9,75.0,75.6,75.68832391713747,1062,23,80381.0,1061.0,99.91,1.9,0.6,1390761000.0
2014-01-24,74.3,78.75,74.3,78.0,76.36585365853658,287,10,21917.0,285.0,99.3,4.45,3.7,1390501800.0
2014-01-23,80.25,80.25,75.05,77.95,76.61832061068702,262,7,20074.0,257.0,98.09,5.2,-2.3,1390415400.0
2014-01-22,80.4,80.4,76.25,76.7,76.62556390977443,1330,20,101912.0,919.0,69.1,4.15,-3.7,1390329000.0
2014-01-21,77.8,79.0,75.55,78.8,77.80486798679868,2424,41,188599.0,2049.0,84.53,3.45,1.0,1390242600.0
2014-01-20,76.85,76.85,75.1,76.7,75.85101010101009,792,36,60074.0,610.0,77.02,1.75,-0.15,1390156200.0
2014-01-17,79.0,79.0,75.0,75.0,76.68533333333333,375,25,28757.0,275.0,73.33,4.0,-4.0,1389897000.0
2014-01-16,74.25,77.0,74.0,75.8,74.50849220103986,2885,53,214957.0,2275.0,78.86,3.0,1.55,1389810600.0
2014-01-15,77.7,77.7,77.7,77.7,77.68,25,1,1942.0,25.0,100.0,0.0,0.0,1389724200.0
2014-01-14,75.05,75.05,74.0,74.0,74.46153846153847,260,23,19360.0,260.0,100.0,1.05,-1.05,1389637800.0
2014-01-13,80.0,80.0,76.0,76.1,76.13266666666665,1500,24,114199.0,1300.0,86.67,4.0,-3.9,1389551400.0
2014-01-10,79.7,79.7,78.0,78.0,79.27802690582958,223,5,17679.0,223.0,100.0,1.7,-1.7,1389292200.0
2014-01-09,79.9,80.0,76.3,76.3,78.68,375,7,29505.0,375.0,100.0,3.7,-3.6,1389205800.0
2014-01-08,76.05,79.0,76.05,79.0,76.18297101449275,552,13,42053.0,527.0,95.47,2.95,2.95,1389119400.0
2014-01-07,76.9,79.95,76.9,79.45,77.52,375,7,29070.0,375.0,100.0,3.05,2.55,1389033000.0
2014-01-06,75.1,77.0,75.1,77.0,75.8,515,10,39037.0,465.0,90.29,1.9,1.9,1388946600.0
2014-01-03,77.05,78.4,77.0,77.0,77.06832871652816,1083,14,83465.0,1083.0,100.0,1.4,-0.05,1388687400.0
2014-01-02,77.0,77.05,75.05,75.05,76.46933333333332,375,6,28676.0,375.0,100.0,2.0,-1.95,1388601000.0
2014-01-01,76.5,78.8,76.5,77.0,77.01412180052957,2266,18,174514.0,2266.0,100.0,2.3,0.5,1388514600.0
2013-12-31,76.0,76.5,73.05,76.5,73.91029900332227,301,7,22247.0,301.0,100.0,3.45,0.5,1388428200.0
2013-12-30,76.55,77.0,73.0,76.0,75.88857938718664,359,9,27244.0,359.0,100.0,4.0,-0.55,1388341800.0
2013-12-27,76.6,76.6,75.85,75.85,76.09333333333333,75,6,5707.0,75.0,100.0,0.75,-0.75,1388082600.0
2013-12-26,77.0,77.0,73.0,73.0,74.5195530726257,179,6,13339.0,165.0,92.18,4.0,-4.0,1387996200.0
2013-12-24,75.9,75.95,74.45,75.95,75.635,200,7,15127.0,200.0,100.0,1.5,0.05,1387823400.0
2013-12-23,77.0,77.0,72.9,77.0,75.62666666666665,75,3,5672.0,50.0,66.67,4.1,0.0,1387737000.0
2013-12-20,74.95,75.0,72.0,75.0,74.79104477611939,201,7,15033.0,201.0,100.0,3.0,0.05,1387477800.0
2013-12-19,71.0,74.0,71.0,74.0,72.09114249037228,779,11,56159.0,679.0,87.16,3.0,3.0,1387391400.0
2013-12-18,68.0,72.0,68.0,72.0,69.36842105263158,76,7,5272.0,75.0,98.68,4.0,4.0,1387305000.0
2013-12-17,70.0,71.5,68.0,71.5,69.09615384615385,52,6,3593.0,50.0,96.15,3.5,1.5,1387218600.0
2013-12-16,64.25,68.25,64.25,68.25,64.6590909090909,176,12,11380.0,150.0,85.23,4.0,4.0,1387132200.0
2013-12-13,69.9,70.0,65.0,65.0,66.14,250,9,16535.0,250.0,100.0,5.0,-4.9,1386873000.0
2013-12-12,72.0,72.0,67.0,67.0,68.66666666666666,75,3,5150.0,50.0,66.67,5.0,-5.0,1386786600.0
2013-12-11,69.95,70.0,69.95,70.0,69.984,500,6,34992.0,500.0,100.0,0.05,0.05,1386700200.0
2013-12-10,70.0,70.0,70.0,70.0,70.0,150,3,10500.0,150.0,100.0,0.0,0.0,1386613800.0
2013-12-09,70.0,70.0,70.0,70.0,70.0,125,4,8750.0,125.0,100.0,0.0,0.0,1386527400.0
2013-12-06,68.0,68.0,68.0,68.0,68.0,125,4,8500.0,125.0,100.0,0.0,0.0,1386268200.0
2013-12-05,65.0,65.0,65.0,65.0,65.0,51,2,3315.0,51.0,100.0,0.0,0.0,1386181800.0
2013-12-04,68.0,68.0,67.9,67.9,67.94,50,2,3397.0,50.0,100.0,0.1,-0.1,1386095400.0
2013-12-03,67.95,68.0,67.95,67.95,67.9531914893617,235,5,15969.0,235.0,100.0,0.05,0.0,1386009000.0
2013-12-02,68.0,68.0,68.0,68.0,68.0,200,2,13600.0,200.0,100.0,0.0,0.0,1385922600.0
2013-11-29,68.0,68.0,65.0,68.0,66.71428571428571,175,6,11675.0,165.0,94.29,3.0,0.0,1385663400.0
2013-11-28,65.1,65.1,65.0,65.0,65.05444126074498,349,6,22704.0,349.0,100.0,0.1,-0.1,1385577000.0
2013-11-27,65.9,65.9,62.0,62.0,65.37651821862347,247,7,16148.0,238.0,96.36,3.9,-3.9,1385490600.0
2013-11-26,66.4,66.4,62.8,62.8,64.99248120300751,266,12,17288.0,265.0,99.62,3.6,-3.6,1385404200.0
2013-11-25,64.1,65.0,63.95,63.95,64.22,250,6,16055.0,250.0,100.0,1.05,-0.15,1385317800.0
2013-11-22,64.45,65.0,63.45,63.45,63.93555555555556,900,12,57542.0,777.0,86.33,1.55,-1.0,1385058600.0
2013-11-21,64.0,67.2,63.0,64.85,66.51982378854626,227,8,15100.0,225.0,99.12,4.2,0.85,1384972200.0
2013-11-20,63.1,67.0,63.1,64.0,64.775,400,7,25910.0,300.0,75.0,3.9,0.9,1384885800.0
2013-11-19,66.95,67.85,63.05,65.0,65.93787575150301,499,5,32903.0,499.0,100.0,4.8,-1.95,1384799400.0
2013-11-18,66.0,66.0,65.5,65.5,65.52380952380952,525,2,34400.0,525.0,100.0,0.5,-0.5,1384713000.0
2013-11-14,68.0,68.0,68.0,68.0,68.0,25,1,1700.0,25.0,100.0,0.0,0.0,1384367400.0
2013-11-12,67.0,67.5,67.0,67.5,67.42777777777778,180,4,12137.0,180.0,100.0,0.5,0.5,1384194600.0
2013-11-11,69.0,69.0,68.8,68.8,68.9,50,2,3445.0,50.0,100.0,0.2,-0.2,1384108200.0
2013-11-08,70.0,70.0,66.95,66.95,67.77333333333333,150,3,10166.0,150.0,100.0,3.05,-3.05,1383849000.0
2013-11-07,68.9,68.9,67.0,67.75,67.37674418604651,215,6,14486.0,215.0,100.0,1.9,-1.15,1383762600.0
2013-11-06,68.95,69.0,68.8,69.0,68.97222222222223,180,5,12415.0,180.0,100.0,0.2,0.05,1383676200.0
2013-11-05,69.95,69.95,68.95,68.95,69.61333333333333,150,4,10442.0,150.0,100.0,1.0,-1.0,1383589800.0
2013-11-03,67.0,67.0,67.0,67.0,67.0,250,1,16750.0,250.0,100.0,0.0,0.0,1383417000.0
2013-11-01,70.0,70.0,69.8,69.8,69.9875,80,2,5599.0,80.0,100.0,0.2,-0.2,1383244200.0
2013-10-31,71.1,71.1,71.1,71.1,71.08,25,1,1777.0,25.0,100.0,0.0,0.0,1383157800.0
2013-10-30,72.0,74.8,72.0,74.8,73.4,50,2,3670.0,50.0,100.0,2.8,2.8,1383071400.0
2013-10-29,74.0,74.0,74.0,74.0,74.0,25,1,1850.0,25.0,100.0,0.0,0.0,1382985000.0
2013-10-28,75.0,75.0,75.0,75.0,75.0,25,1,1875.0,25.0,100.0,0.0,0.0,1382898600.0
2013-10-25,74.35,74.35,74.35,74.35,74.32,25,1,1858.0,25.0,100.0,0.0,0.0,1382639400.0
2013-10-24,71.0,75.0,71.0,75.0,72.33333333333333,75,2,5425.0,75.0,100.0,4.0,4.0,1382553000.0
2013-10-23,74.95,74.95,74.65,74.65,74.8,50,2,3740.0,50.0,100.0,0.3,-0.3,1382466600.0
2013-10-22,78.0,78.0,74.95,75.0,75.94805194805194,77,4,5848.0,77.0,100.0,3.05,-3.0,1382380200.0
2013-10-21,74.95,74.95,74.95,74.95,74.944,125,4,9368.0,125.0,100.0,0.0,0.0,1382293800.0
2013-10-18,73.0,73.0,73.0,73.0,73.0,25,1,1825.0,25.0,100.0,0.0,0.0,1382034600.0
2013-10-17,70.0,70.0,70.0,70.0,70.0,125,3,8750.0,125.0,100.0,0.0,0.0,1381948200.0
2013-10-15,74.5,74.5,69.4,69.4,70.67,100,4,7067.0,100.0,100.0,5.1,-5.1,1381775400.0
2013-10-14,72.0,72.0,72.0,72.0,72.0,350,4,25200.0,350.0,100.0,0.0,0.0,1381689000.0
2013-10-11,69.0,69.0,69.0,69.0,69.0,440,7,30360.0,440.0,100.0,0.0,0.0,1381429800.0
2013-10-10,75.0,75.0,72.0,72.0,73.5,50,2,3675.0,25.0,50.0,3.0,-3.0,1381343400.0
2013-10-09,74.0,75.0,74.0,75.0,74.8046875,128,3,9575.0,128.0,100.0,1.0,1.0,1381257000.0
2013-10-08,75.0,75.0,72.0,74.95,73.97333333333333,75,4,5548.0,50.0,66.67,3.0,-0.05,1381170600.0
2013-10-07,71.35,75.0,71.35,75.0,72.4875,80,3,5799.0,80.0,100.0,3.65,3.65,1381084200.0
2013-10-04,75.0,75.0,75.0,75.0,75.0,1,1,75.0,1.0,100.0,0.0,0.0,1380825000.0
2013-10-03,75.0,75.0,75.0,75.0,75.0,25,1,1875.0,25.0,100.0,0.0,0.0,1380738600.0
2013-10-01,75.0,75.0,75.0,75.0,75.0,25,2,1875.0,25.0,100.0,0.0,0.0,1380565800.0
2013-09-30,74.9,75.0,74.9,75.0,74.955223880597,67,2,5022.0,67.0,100.0,0.1,0.1,1380479400.0
2013-09-27,72.0,74.9,72.0,74.9,72.83947368421053,380,5,27679.0,380.0,100.0,2.9,2.9,1380220200.0
2013-09-26,72.0,72.0,71.0,72.0,71.79155672823218,1895,4,136045.0,1895.0,100.0,1.0,0.0,1380133800.0
2013-09-25,70.8,72.45,70.8,72.45,71.32033898305085,1770,16,126237.0,1770.0,100.0,1.65,1.65,1380047400.0
2013-09-24,69.0,69.0,69.0,69.0,69.0,624,8,43056.0,624.0,100.0,0.0,0.0,1379961000.0
2013-09-23,69.0,69.0,69.0,69.0,69.0,65,3,4485.0,65.0,100.0,0.0,0.0,1379874600.0
2013-09-20,69.0,69.0,69.0,69.0,69.0,50,2,3450.0,50.0,100.0,0.0,0.0,1379615400.0
2013-09-18,68.5,69.0,68.5,69.0,68.75,52,4,3575.0,52.0,100.0,0.5,0.5,1379442600.0
2013-09-17,68.95,68.95,68.5,68.5,68.9245283018868,53,6,3653.0,53.0,100.0,0.45,-0.45,1379356200.0
2013-09-16,68.95,68.95,66.0,68.95,67.8375,80,3,5427.0,80.0,100.0,2.95,0.0,1379269800.0
2013-09-13,68.95,68.95,68.95,68.95,68.94,50,2,3447.0,50.0,100.0,0.0,0.0,1379010600.0
2013-09-12,69.0,69.0,69.0,69.0,69.0,50,2,3450.0,50.0,100.0,0.0,0.0,1378924200.0
2013-09-11,69.0,69.0,68.0,68.0,68.53333333333333,90,4,6168.0,90.0,100.0,1.0,-1.0,1378837800.0
2013-09-10,69.0,69.0,69.0,69.0,69.0,25,1,1725.0,25.0,100.0,0.0,0.0,1378751400.0
2013-09-06,69.0,69.0,66.0,69.0,68.72727272727273,55,3,3780.0,55.0,100.0,3.0,0.0,1378405800.0
2013-09-05,69.0,69.0,69.0,69.0,69.0,50,2,3450.0,50.0,100.0,0.0,0.0,1378319400.0
2013-09-04,69.0,69.0,69.0,69.0,69.0,51,5,3519.0,51.0,100.0,0.0,0.0,1378233000.0
2013-09-03,67.0,69.0,67.0,69.0,68.0,50,4,3400.0,50.0,100.0,2.0,2.0,1378146600.0
2013-09-02,66.9,67.25,66.9,67.25,67.0909090909091,55,4,3690.0,55.0,100.0,0.35,0.35,1378060200.0
2013-08-30,67.0,67.0,62.6,64.85,63.9125,160,6,10226.0,100.0,62.5,4.4,-2.15,1377801000.0
2013-08-29,66.0,68.4,64.05,64.05,65.1,150,4,9765.0,150.0,100.0,4.35,-1.95,1377714600.0
2013-08-28,69.0,69.0,66.0,66.0,67.0,245,8,16415.0,200.0,81.63,3.0,-3.0,1377628200.0
2013-08-27,69.0,69.0,69.0,69.0,69.0,50,1,3450.0,50.0,100.0,0.0,0.0,1377541800.0
2013-08-26,67.9,68.8,66.0,67.95,67.46599496221663,397,15,26784.0,387.0,97.48,2.8,0.05,1377455400.0
2013-08-23,69.4,69.4,66.1,66.5,67.35616438356163,365,12,24585.0,230.0,63.01,3.3,-2.9,1377196200.0
2013-08-22,69.45,69.45,66.1,66.1,67.21333333333332,150,4,10082.0,140.0,93.33,3.35,-3.35,1377109800.0
2013-08-21,68.25,69.0,68.25,68.7,68.3587786259542,655,5,44775.0,605.0,92.37,0.75,0.45,1377023400.0
2013-08-20,66.0,70.0,66.0,70.0,68.07377049180327,244,9,16610.0,152.0,62.3,4.0,4.0,1376937000.0
2013-08-19,70.0,70.0,66.6,69.0,68.05,200,3,13610.0,200.0,100.0,3.4,-1.0,1376850600.0
2013-08-16,67.25,69.0,67.25,69.0,68.21991701244812,241,5,16441.0,151.0,62.66,1.75,1.75,1376591400.0
2013-08-14,70.85,70.85,67.1,67.1,68.58571428571429,350,5,24005.0,280.0,80.0,3.75,-3.75,1376418600.0
2013-08-13,70.0,70.0,68.5,70.0,69.25,200,3,13850.0,200.0,100.0,1.5,0.0,1376332200.0
2013-08-12,73.0,73.0,69.0,69.0,70.61764705882352,170,6,12005.0,120.0,70.59,4.0,-4.0,1376245800.0
2013-08-08,70.0,70.0,69.7,69.7,69.85,100,3,6985.0,100.0,100.0,0.3,-0.3,1375900200.0
2013-08-07,67.0,69.95,67.0,69.95,67.77804878048781,410,7,27789.0,250.0,60.98,2.95,2.95,1375813800.0
2013-08-06,71.5,71.5,67.0,67.0,68.62745098039215,714,10,49000.0,414.0,57.98,4.5,-4.5,1375727400.0
2013-08-05,72.9,72.9,70.0,70.0,72.29411764705881,170,4,12290.0,150.0,88.24,2.9,-2.9,1375641000.0
2013-08-02,74.45,74.45,71.0,72.95,72.13270142180095,422,10,30440.0,352.0,83.41,3.45,-1.5,1375381800.0
2013-08-01,74.95,74.95,70.8,71.5,73.428,250,5,18357.0,150.0,60.0,4.15,-3.45,1375295400.0
2013-07-31,74.8,74.8,68.55,72.95,72.03146853146853,858,10,61803.0,673.0,78.44,6.25,-1.85,1375209000.0
2013-07-30,77.4,77.4,71.3,71.3,74.29032258064515,620,7,46060.0,575.0,92.74,6.1,-6.1,1375122600.0
2013-07-29,76.35,78.4,75.0,75.0,76.64642857142857,280,5,21461.0,190.0,67.86,3.4,-1.35,1375036200.0
2013-07-26,78.2,78.2,76.25,77.45,77.1,150,4,11565.0,125.0,83.33,1.95,-0.75,1374777000.0
2013-07-25,75.0,78.9,75.0,78.7,77.46401515151516,528,9,40901.0,350.0,66.29,3.9,3.7,1374690600.0
2013-07-24,78.9,78.9,77.0,77.0,78.84466019417475,103,2,8121.0,103.0,100.0,1.9,-1.9,1374604200.0
2013-07-23,77.75,79.0,77.0,79.0,78.17241379310346,290,6,22670.0,250.0,86.21,2.0,1.25,1374517800.0
2013-07-22,79.75,79.75,75.5,75.5,79.27555555555556,225,2,17837.0,225.0,100.0,4.25,-4.25,1374431400.0
2013-07-19,79.75,79.75,77.15,78.9,78.90588235294116,595,4,46949.0,500.0,84.03,2.6,-0.85,1374172200.0
2013-07-18,79.75,79.75,79.0,79.0,79.35714285714285,420,6,33330.0,420.0,100.0,0.75,-0.75,1374085800.0
2013-07-17,77.0,79.65,77.0,79.0,78.79166666666666,600,7,47275.0,580.0,96.67,2.65,2.0,1373999400.0
2013-07-16,79.95,79.95,76.05,77.05,78.91780821917808,292,7,23044.0,285.0,97.6,3.9,-2.9,1373913000.0
2013-07-15,79.5,79.9,78.0,79.9,79.424317617866,403,8,32008.0,400.0,99.26,1.9,0.4,1373826600.0
2013-07-12,76.55,79.9,76.55,79.9,78.67832167832167,429,10,33753.0,334.0,77.86,3.35,3.35,1373567400.0
2013-07-11,79.0,79.0,75.1,78.65,78.41720430107526,465,11,36464.0,400.0,86.02,3.9,-0.35,1373481000.0
2013-07-10,75.5,77.95,75.5,77.95,76.86592178770948,179,3,13759.0,100.0,55.87,2.45,2.45,1373394600.0
2013-07-09,78.9,78.95,76.6,77.05,78.76593959731542,1192,9,93889.0,1192.0,100.0,2.35,-1.85,1373308200.0
2013-07-08,78.6,78.6,76.55,78.0,78.31496062992126,635,12,49730.0,455.0,71.65,2.05,-0.6,1373221800.0
2013-07-05,77.0,78.0,76.0,76.1,76.87857142857142,700,9,53815.0,700.0,100.0,2.0,-0.9,1372962600.0
2013-07-04,77.0,77.0,77.0,77.0,77.0,329,8,25333.0,329.0,100.0,0.0,0.0,1372876200.0
2013-07-03,77.0,77.0,77.0,77.0,77.0,400,4,30800.0,400.0,100.0,0.0,0.0,1372789800.0
2013-07-02,76.5,76.5,76.0,76.5,76.23584905660378,530,8,40405.0,400.0,75.47,0.5,0.0,1372703400.0
2013-07-01,75.0,76.7,71.05,75.0,75.24149659863946,882,15,66363.0,731.0,82.88,5.65,0.0,1372617000.0
2013-06-28,73.0,74.0,72.9,74.0,73.66,750,6,55245.0,750.0,100.0,1.1,1.0,1372357800.0
2013-06-26,72.95,73.0,68.55,73.0,72.48965517241379,435,8,31533.0,360.0,82.76,4.45,0.05,1372185000.0
2013-06-25,71.95,72.0,68.05,72.0,71.71984924623116,796,12,57089.0,500.0,62.81,3.95,0.05,1372098600.0
2013-06-24,69.95,71.0,69.95,71.0,70.82564102564103,390,8,27622.0,250.0,64.1,1.05,1.05,1372012200.0
2013-06-21,70.9,70.9,68.05,68.05,69.9219512195122,410,7,28668.0,390.0,95.12,2.85,-2.85,1371753000.0
2013-06-20,71.0,71.0,70.05,70.9,70.50522648083624,287,6,20235.0,247.0,86.06,0.95,-0.1,1371666600.0
2013-06-19,69.9,70.0,69.9,70.0,69.98502673796791,935,12,65436.0,845.0,90.37,0.1,0.1,1371580200.0
2013-06-18,68.0,69.9,68.0,68.0,68.1663747810858,2284,10,155692.0,2084.0,91.24,1.9,0.0,1371493800.0
2013-06-17,68.0,70.0,68.0,68.0,68.26008669556519,2999,13,204712.0,2998.0,99.97,2.0,0.0,1371407400.0
2013-06-14,69.0,69.0,68.0,68.0,68.11428571428571,1750,10,119200.0,1750.0,100.0,1.0,-1.0,1371148200.0
2013-06-13,69.8,69.8,68.1,69.8,68.68573943661973,1136,10,78027.0,935.0,82.31,1.7,0.0,1371061800.0
2013-06-12,68.0,69.0,68.0,69.0,68.5909090909091,550,9,37725.0,540.0,98.18,1.0,1.0,1370975400.0
2013-06-11,68.0,68.0,66.05,67.9,67.47826086956522,805,9,54320.0,705.0,87.58,1.95,-0.1,1370889000.0
2013-06-10,68.0,68.0,68.0,68.0,68.0,569,8,38692.0,569.0,100.0,0.0,0.0,1370802600.0
2013-06-07,68.0,68.0,66.0,66.95,67.37213114754097,2440,22,164388.0,2265.0,92.83,2.0,-1.05,1370543400.0
2013-06-06,67.0,67.9,66.9,66.9,67.20270270270271,518,8,34811.0,418.0,80.69,1.0,-0.1,1370457000.0
2013-06-05,67.0,68.2,67.0,68.2,67.23414634146341,1025,11,68915.0,835.0,81.46,1.2,1.2,1370370600.0
2013-06-04,67.95,67.95,65.0,65.0,66.21111111111111,900,5,59590.0,700.0,77.78,2.95,-2.95,1370284200.0
2013-06-03,65.0,68.0,65.0,65.0,66.3,2000,13,132600.0,2000.0,100.0,3.0,0.0,1370197800.0
2013-05-31,66.0,66.0,66.0,66.0,66.0,300,1,19800.0,300.0,100.0,0.0,0.0,1369938600.0
2013-05-30,65.0,66.0,65.0,66.0,65.38775510204081,490,5,32040.0,400.0,81.63,1.0,1.0,1369852200.0
2013-05-29,63.0,63.0,63.0,63.0,63.0,300,3,18900.0,300.0,100.0,0.0,0.0,1369765800.0
2013-05-24,60.0,60.0,60.0,60.0,60.0,2,1,120.0,2.0,100.0,0.0,0.0,1369333800.0
2013-05-23,66.0,66.0,63.1,63.1,65.275,400,5,26110.0,300.0,75.0,2.9,-2.9,1369247400.0
2013-05-22,65.95,66.0,60.6,63.0,65.09114927344783,757,7,49274.0,301.0,39.76,5.4,-2.95,1369161000.0
2013-05-20,66.0,66.0,62.5,63.0,64.12039045553145,922,11,59119.0,812.0,88.07,3.5,-3.0,1368988200.0
2013-05-17,65.0,66.0,63.0,65.75,65.30392156862744,510,7,33305.0,500.0,98.04,3.0,0.75,1368729000.0
2013-05-16,65.0,66.0,65.0,66.0,65.02439024390245,205,3,13330.0,205.0,100.0,1.0,1.0,1368642600.0
2013-05-15,64.0,65.0,64.0,65.0,64.625,800,5,51700.0,800.0,100.0,1.0,1.0,1368556200.0
2013-05-14,63.0,64.0,62.05,64.0,62.90561224489796,784,8,49318.0,784.0,100.0,1.95,1.0,1368469800.0
2013-05-13,60.05,63.0,60.05,63.0,62.285714285714285,455,6,28340.0,455.0,100.0,2.95,2.95,1368383400.0
2013-05-11,61.9,61.9,61.9,61.9,61.8974358974359,195,3,12070.0,195.0,100.0,0.0,0.0,1368210600.0
2013-05-10,59.0,59.0,59.0,59.0,59.0,1270,4,74930.0,1270.0,100.0,0.0,0.0,1368124200.0
2013-05-09,61.0,61.0,60.0,60.0,60.46153846153847,650,6,39300.0,650.0,100.0,1.0,-1.0,1368037800.0
2013-05-08,60.0,61.9,59.0,61.9,60.23076923076923,520,6,31320.0,470.0,90.38,2.9,1.9,1367951400.0
2013-05-07,62.0,62.0,62.0,62.0,62.0,100,1,6200.0,100.0,100.0,0.0,0.0,1367865000.0
2013-05-06,66.0,66.0,64.0,64.0,64.2,100,3,6420.0,100.0,100.0,2.0,-2.0,1367778600.0
2013-05-03,60.05,60.05,60.05,60.05,60.05,80,1,4804.0,80.0,100.0,0.0,0.0,1367519400.0
2013-04-29,60.0,64.0,60.0,64.0,63.96062992125984,508,6,32492.0,503.0,99.02,4.0,4.0,1367173800.0
2013-04-26,60.0,60.0,60.0,60.0,60.0,1,1,60.0,1.0,100.0,0.0,0.0,1366914600.0
2013-04-25,64.0,64.0,64.0,64.0,64.0,5,1,320.0,5.0,100.0,0.0,0.0,1366828200.0
2013-04-22,63.9,63.9,63.9,63.9,63.9,10,1,639.0,10.0,100.0,0.0,0.0,1366569000.0
2013-04-17,59.0,64.0,59.0,64.0,61.22222222222222,9,3,551.0,9.0,100.0,5.0,5.0,1366137000.0
2013-04-16,58.35,58.35,58.35,58.35,58.33783783783784,74,2,4317.0,74.0,100.0,0.0,0.0,1366050600.0
2013-04-15,60.0,64.0,60.0,64.0,60.1038961038961,154,4,9256.0,154.0,100.0,4.0,4.0,1365964200.0
2013-04-12,64.0,64.0,64.0,64.0,64.0,20,1,1280.0,20.0,100.0,0.0,0.0,1365705000.0
2013-04-11,61.0,64.0,61.0,64.0,61.05882352941176,510,5,31140.0,500.0,98.04,3.0,3.0,1365618600.0
2013-04-10,61.1,61.1,61.1,61.1,61.09913793103448,232,3,14175.0,232.0,100.0,0.0,0.0,1365532200.0
2013-04-09,66.9,66.9,66.9,66.9,66.0,1,1,66.0,1.0,100.0,0.0,0.0,1365445800.0
2013-04-08,61.5,67.0,61.5,67.0,65.0,3,2,195.0,3.0,100.0,5.5,5.5,1365359400.0
2013-04-05,60.0,65.05,60.0,63.65,64.0385109114249,1558,19,99772.0,1435.0,92.11,5.05,3.65,1365100200.0
2013-04-04,61.0,65.0,61.0,64.0,64.18929254302103,523,14,33571.0,473.0,90.44,4.0,3.0,1365013800.0
2013-04-03,64.95,66.0,64.95,66.0,65.03571428571429,112,4,7284.0,100.0,89.29,1.05,1.05,1364927400.0
2013-04-02,67.2,68.9,67.2,67.2,67.73617021276596,235,4,15918.0,230.0,97.87,1.7,0.0,1364841000.0
2013-04-01,69.0,69.0,65.0,65.0,65.13235294117648,544,8,35432.0,529.0,97.24,4.0,-4.0,1364754600.0
2013-03-28,55.0,69.95,55.0,64.0,64.02203856749311,363,13,23240.0,355.0,97.8,14.95,9.0,1364409000.0
2013-03-26,58.05,64.0,58.05,62.05,62.415929203539825,452,8,28212.0,450.0,99.56,5.95,4.0,1364236200.0
2013-03-25,69.95,69.95,62.0,62.0,63.95396561286744,1803,14,115309.0,1750.0,97.06,7.95,-7.95,1364149800.0
2013-03-22,64.05,64.05,62.25,62.25,62.8375,160,7,10054.0,156.0,97.5,1.8,-1.8,1363890600.0
2013-03-21,58.1,65.1,58.1,64.0,63.97745571658615,621,16,39730.0,611.0,98.39,7.0,5.9,1363804200.0
2013-03-20,60.0,63.15,60.0,62.0,62.407960199004975,201,6,12544.0,200.0,99.5,3.15,2.0,1363717800.0
2013-03-19,77.0,77.0,62.4,64.45,64.87996096291477,3074,42,199441.0,510.0,16.59,14.6,-12.55,1363631400.0
2013-03-18,62.0,65.0,62.0,64.25,64.19211822660098,203,5,13031.0,200.0,98.52,3.0,2.25,1363545000.0
2013-03-14,64.05,67.9,64.05,67.9,67.86138613861385,101,2,6854.0,101.0,100.0,3.85,3.85,1363199400.0
2013-03-13,67.9,67.9,65.0,67.0,66.37826685006877,727,9,48257.0,526.0,72.35,2.9,-0.9,1363113000.0
2013-03-12,67.9,67.9,67.9,67.9,67.88235294117648,34,2,2308.0,34.0,100.0,0.0,0.0,1363026600.0
2013-03-11,67.95,67.95,64.65,67.8,67.77966101694915,1062,9,71982.0,1060.0,99.81,3.3,-0.15,1362940200.0
2013-03-08,65.0,68.85,64.15,68.1,65.49652777777777,288,10,18863.0,139.0,48.26,4.7,3.1,1362681000.0
2013-03-07,65.0,65.0,64.0,65.0,64.37391304347825,115,6,7403.0,100.0,86.96,1.0,0.0,1362594600.0
2013-03-06,66.6,66.6,64.0,64.1,64.19907407407408,432,10,27734.0,430.0,99.54,2.6,-2.5,1362508200.0
2013-03-05,64.0,64.0,63.0,63.0,63.1,50,2,3155.0,50.0,100.0,1.0,-1.0,1362421800.0
2013-03-04,58.35,66.5,58.35,63.05,64.9971181556196,347,11,22554.0,335.0,96.54,8.15,4.7,1362335400.0
2013-03-01,58.2,65.1,58.2,64.55,64.23414634146341,205,10,13168.0,200.0,97.56,6.9,6.35,1362076200.0
2013-02-28,64.1,64.1,64.05,64.05,64.08,75,2,4806.0,75.0,100.0,0.05,-0.05,1361989800.0
2013-02-27,70.5,70.5,64.7,65.1,67.47646219686162,2103,5,141903.0,100.0,4.76,5.8,-5.4,1361903400.0
2013-02-26,71.0,71.0,58.2,65.05,66.0,4,4,264.0,2.0,50.0,12.8,-5.95,1361817000.0
2013-02-25,69.0,69.0,68.0,68.0,68.5,10,3,685.0,5.0,50.0,1.0,-1.0,1361730600.0
2013-02-22,70.9,70.9,67.0,67.0,69.58441558441558,154,7,10716.0,101.0,65.58,3.9,-3.9,1361471400.0
2013-02-21,70.9,70.9,70.9,70.9,70.9,20,4,1418.0,20.0,100.0,0.0,0.0,1361385000.0
2013-02-20,71.0,71.0,68.05,68.05,68.14864864864865,74,7,5043.0,74.0,100.0,2.95,-2.95,1361298600.0
2013-02-19,69.9,70.0,69.0,70.0,69.81102362204724,127,5,8866.0,127.0,100.0,1.0,0.1,1361212200.0
2013-02-18,67.0,69.0,66.05,68.15,67.24,50,7,3362.0,25.0,50.0,2.95,1.15,1361125800.0
2013-02-15,68.9,69.0,68.0,68.9,68.79545454545455,88,13,6054.0,61.0,69.32,1.0,0.0,1360866600.0
2013-02-14,65.0,67.0,64.05,64.75,64.89330922242314,553,25,35886.0,400.0,72.33,2.95,-0.25,1360780200.0
2013-02-13,65.05,71.5,65.05,69.25,69.21387283236993,1038,40,71844.0,961.0,92.58,6.45,4.2,1360693800.0
2013-02-12,69.0,69.0,65.0,65.0,68.0,125,8,8500.0,100.0,80.0,4.0,-4.0,1360607400.0
2013-02-11,68.05,69.9,68.0,68.2,68.44987775061125,818,15,55992.0,701.0,85.7,1.9,0.15,1360521000.0
2013-02-08,68.3,69.75,68.25,69.35,69.32292682926828,2050,29,142112.0,1837.0,89.61,1.5,1.05,1360261800.0
2013-02-07,72.0,74.0,69.0,69.8,70.5281045751634,2295,18,161862.0,1795.0,78.21,5.0,-2.2,1360175400.0
2013-02-06,69.2,69.95,69.2,69.95,69.29870129870129,231,3,16008.0,221.0,95.67,0.75,0.75,1360089000.0
2013-02-05,70.0,73.0,68.0,69.05,70.46469020652897,3002,80,211535.0,2410.0,80.28,5.0,-0.95,1360002600.0
2013-02-04,73.9,74.5,71.0,72.1,72.84844242212111,2857,78,208128.0,2382.0,83.37,3.5,-1.8,1359916200.0
2013-02-01,80.0,80.0,72.0,74.9,77.54175041110909,5473,79,424386.0,4649.0,84.94,8.0,-5.1,1359657000.0
2013-01-30,81.5,82.0,80.05,80.05,80.41626016260162,615,9,49456.0,605.0,98.37,1.95,-1.45,1359484200.0
2013-01-29,82.5,83.95,81.0,81.0,81.59333333333333,300,11,24478.0,295.0,98.33,2.95,-1.5,1359397800.0
2013-01-28,82.0,83.75,81.0,81.5,81.41176470588235,1020,11,83040.0,1020.0,100.0,2.75,-0.5,1359311400.0
2013-01-25,81.0,85.0,79.25,84.75,82.8785599140247,1861,32,154237.0,1224.0,65.77,5.75,3.75,1359052200.0
2013-01-24,80.0,80.3,80.0,80.05,80.0729411764706,425,5,34031.0,425.0,100.0,0.3,0.05,1358965800.0
2013-01-23,83.65,84.0,80.0,80.3,80.60606060606061,561,21,45220.0,381.0,67.91,4.0,-3.35,1358879400.0
2013-01-22,81.0,85.3,81.0,83.95,82.87708333333333,480,12,39781.0,180.0,37.5,4.3,2.95,1358793000.0
2013-01-21,81.1,81.5,81.1,81.5,81.15384615384615,117,2,9495.0,117.0,100.0,0.4,0.4,1358706600.0
2013-01-18,80.1,81.0,80.0,80.0,80.1723404255319,470,12,37681.0,465.0,98.94,1.0,-0.1,1358447400.0
2013-01-17,82.0,82.0,80.5,80.5,80.568,250,5,20142.0,250.0,100.0,1.5,-1.5,1358361000.0
2013-01-16,80.2,81.5,80.2,80.5,80.44936708860759,158,8,12711.0,102.0,64.56,1.3,0.3,1358274600.0
2013-01-15,81.1,81.1,81.1,81.1,81.1,100,1,8110.0,100.0,100.0,0.0,0.0,1358188200.0
2013-01-10,79.1,84.0,79.1,82.8,83.48155216284987,1572,48,131233.0,1244.0,79.13,4.9,3.7,1357756200.0
2013-01-09,83.5,83.5,80.1,80.1,83.32594936708861,316,3,26331.0,316.0,100.0,3.4,-3.4,1357669800.0
2013-01-08,82.0,83.0,82.0,83.0,82.60606060606061,165,3,13630.0,165.0,100.0,1.0,1.0,1357583400.0
2013-01-07,81.1,81.1,81.1,81.1,81.09887640449439,445,3,36089.0,445.0,100.0,0.0,0.0,1357497000.0
2013-01-04,81.65,81.65,81.3,81.45,81.45,360,3,29322.0,200.0,55.56,0.35,-0.2,1357237800.0
2013-01-03,83.0,84.0,83.0,83.6,83.75,160,4,13400.0,160.0,100.0,1.0,0.6,1357151400.0
2013-01-02,83.0,83.6,82.0,83.6,83.07396449704143,676,24,56158.0,612.0,90.53,1.6,0.6,1357065000.0
2013-01-01,80.8,82.8,79.5,82.4,82.06666666666666,135,9,11079.0,100.0,74.07,3.3,1.6,1356978600.0
2012-12-31,79.6,79.6,79.5,79.5,79.55,200,2,15910.0,200.0,100.0,0.1,-0.1,1356892200.0
2012-12-28,80.0,80.0,79.0,79.0,79.10714285714285,560,5,44300.0,560.0,100.0,1.0,-1.0,1356633000.0
2012-12-27,80.1,80.1,79.9,80.0,79.96711202466598,973,16,77808.0,958.0,98.46,0.2,-0.1,1356546600.0
2012-12-26,79.1,81.2,79.1,80.6,79.84878048780486,410,9,32738.0,270.0,65.85,2.1,1.5,1356460200.0
2012-12-24,81.9,81.9,78.45,78.95,79.54712041884817,1146,31,91161.0,790.0,68.94,3.45,-2.95,1356287400.0
2012-12-21,80.65,80.65,80.1,80.1,80.39805825242719,206,6,16562.0,116.0,56.31,0.55,-0.55,1356028200.0
2012-12-20,79.0,83.0,79.0,82.35,81.57865937072502,1462,27,119268.0,1110.0,75.92,4.0,3.35,1355941800.0
2012-12-19,84.1,84.1,83.9,83.9,83.91071428571428,56,5,4699.0,53.0,94.64,0.2,-0.2,1355855400.0
2012-12-17,82.0,82.0,81.1,81.35,81.46153846153847,260,5,21180.0,255.0,98.08,0.9,-0.65,1355682600.0
2012-12-14,81.05,81.05,81.05,81.05,81.05,20,1,1621.0,20.0,100.0,0.0,0.0,1355423400.0
2012-12-13,83.0,83.0,80.25,80.3,80.57627118644068,118,9,9508.0,113.0,95.76,2.75,-2.7,1355337000.0
2012-12-12,84.15,84.15,80.8,83.0,83.41137440758294,1055,28,87999.0,1001.0,94.88,3.35,-1.15,1355250600.0
2012-12-11,82.55,83.25,80.3,80.9,82.11036036036035,1332,24,109371.0,1000.0,75.08,2.95,-1.65,1355164200.0
2012-12-10,83.0,84.15,82.75,83.55,83.08487555839183,1567,20,130194.0,1565.0,99.87,1.4,0.55,1355077800.0
2012-12-07,85.2,85.2,83.0,83.75,83.96285714285713,700,13,58774.0,515.0,73.57,2.2,-1.45,1354818600.0
2012-12-06,83.5,83.55,83.5,83.5,83.5,406,5,33901.0,406.0,100.0,0.05,0.0,1354732200.0
2012-12-05,82.2,84.0,82.2,83.1,82.67770034843205,574,24,47457.0,336.0,58.54,1.8,0.9,1354645800.0
2012-12-04,83.05,85.4,82.3,83.0,83.42054380664653,1655,22,138061.0,1645.0,99.4,3.1,-0.05,1354559400.0
2012-12-03,82.55,85.5,82.55,83.0,83.87142857142858,350,4,29355.0,250.0,71.43,2.95,0.45,1354473000.0
2012-11-30,83.5,84.95,83.0,84.95,83.32038345105954,1982,43,165141.0,1936.0,97.68,1.95,1.45,1354213800.0
2012-11-29,84.0,84.0,83.5,83.5,83.72145454545455,1375,10,115117.0,1364.0,99.2,0.5,-0.5,1354127400.0
2012-11-27,82.5,84.25,82.0,83.55,83.05527994330262,1411,21,117191.0,1205.0,85.4,2.25,1.05,1353954600.0
2012-11-26,85.8,85.8,83.0,83.5,83.44152542372882,1180,16,98461.0,1130.0,95.76,2.8,-2.3,1353868200.0
2012-11-23,83.75,85.5,83.75,85.5,84.2410071942446,278,6,23419.0,278.0,100.0,1.75,1.75,1353609000.0
2012-11-22,86.0,86.0,83.5,84.05,83.85208333333333,1440,15,120747.0,1410.0,97.92,2.5,-1.95,1353522600.0
2012-11-21,83.5,83.5,83.5,83.5,83.5,50,2,4175.0,50.0,100.0,0.0,0.0,1353436200.0
2012-11-20,84.0,85.85,83.0,83.25,83.86158631415242,643,42,53923.0,594.0,92.38,2.85,-0.75,1353349800.0
2012-11-19,83.1,84.0,81.65,82.8,83.1524064171123,374,11,31099.0,362.0,96.79,2.35,-0.3,1353263400.0
2012-11-16,88.0,88.0,84.25,84.75,85.14068441064639,263,10,22392.0,255.0,96.96,3.75,-3.25,1353004200.0
2012-11-15,83.4,86.6,83.4,85.05,85.78260869565217,529,20,45379.0,371.0,70.13,3.2,1.65,1352917800.0
2012-11-13,85.6,87.9,85.55,86.6,86.54,1250,18,108175.0,1250.0,100.0,2.35,1.0,1352745000.0
2012-11-12,82.0,88.0,82.0,85.45,86.0833599488981,3131,57,269527.0,2880.0,91.98,6.0,3.45,1352658600.0
2012-11-09,84.0,85.0,82.0,82.15,83.25441329179648,1926,31,160348.0,1736.0,90.13,3.0,-1.85,1352399400.0
2012-11-08,87.85,87.85,84.05,84.1,84.64835164835165,182,6,15406.0,181.0,99.45,3.8,-3.75,1352313000.0
2012-11-07,87.95,87.95,85.05,85.3,85.84307795698925,2976,49,255469.0,2115.0,71.07,2.9,-2.65,1352226600.0
2012-11-06,85.1,86.35,84.4,84.6,84.95666666666665,1200,14,101948.0,1100.0,91.67,1.95,-0.5,1352140200.0
2012-11-05,84.0,88.0,84.0,85.0,85.07419620774938,1213,23,103195.0,1131.0,93.24,4.0,1.0,1352053800.0
2012-11-02,86.0,86.6,83.75,84.2,85.10377358490567,2756,38,234546.0,2555.0,92.71,2.85,-1.8,1351794600.0
2012-11-01,91.4,94.0,85.0,86.8,89.82260057668542,14566,129,1308356.0,12415.0,85.23,9.0,-4.6,1351708200.0
2012-10-31,90.0,93.9,90.0,92.6,92.18716577540107,2244,35,206868.0,1822.0,81.19,3.9,2.6,1351621800.0
2012-10-30,91.0,93.85,89.05,91.75,91.18546069315299,5915,36,539362.0,4143.0,70.04,4.8,0.75,1351535400.0
2012-10-29,87.0,93.0,87.0,92.4,91.04514510927984,5582,59,508214.0,3820.0,68.43,6.0,5.4,1351449000.0
2012-10-26,88.1,89.2,88.1,88.4,88.67294350842418,1009,23,89471.0,668.0,66.2,1.1,0.3,1351189800.0
2012-10-25,88.65,93.2,88.65,90.35,91.0357698289269,2572,25,234144.0,2457.0,95.53,4.55,1.7,1351103400.0
2012-10-23,93.8,95.4,87.75,88.4,91.70618941088739,5364,66,491912.0,3913.0,72.95,7.65,-5.4,1350930600.0
2012-10-22,84.0,97.7,83.5,92.35,92.22984427360537,20292,340,1871528.0,16681.0,82.2,14.2,8.35,1350844200.0
2012-10-19,86.6,86.6,83.0,83.5,84.1058282208589,1956,35,164511.0,1750.0,89.47,3.6,-3.1,1350585000.0
2012-10-18,83.95,86.6,82.55,83.6,84.50073917634636,4735,80,400111.0,2775.0,58.61,4.05,-0.35,1350498600.0
2012-10-17,81.85,84.0,81.65,82.2,82.64022662889518,4942,77,408408.0,2622.0,53.06,2.35,0.35,1350412200.0
2012-10-16,79.1,82.95,79.1,81.95,81.6952667405414,6317,111,516069.0,5228.0,82.76,3.85,2.85,1350325800.0
2012-10-15,75.0,81.0,75.0,78.85,79.05758697261288,6755,189,534034.0,3976.0,58.86,6.0,3.85,1350239400.0
2012-10-12,75.05,76.7,74.0,74.35,74.36571428571428,1050,16,78084.0,1025.0,97.62,2.7,-0.7,1349980200.0
2012-10-11,75.0,76.0,75.0,75.15,75.6896551724138,870,11,65850.0,800.0,91.95,1.0,0.15,1349893800.0
2012-10-10,74.0,75.55,74.0,74.05,74.56501182033098,423,10,31541.0,300.0,70.92,1.55,0.05,1349807400.0
2012-10-09,73.0,75.9,72.05,73.6,73.92057761732853,554,25,40952.0,379.0,68.41,3.85,0.6,1349721000.0
2012-10-08,74.5,74.5,73.0,73.15,73.49549549549549,555,8,40790.0,550.0,99.1,1.5,-1.35,1349634600.0
2012-10-05,76.0,76.0,72.5,74.5,75.17723880597016,2144,18,161180.0,2081.0,97.06,3.5,-1.5,1349375400.0
2012-10-04,76.7,76.7,73.9,76.0,75.11651234567901,1296,29,97351.0,1105.0,85.26,2.8,-0.7,1349289000.0
2012-10-03,76.25,77.9,75.0,76.6,76.01558654634945,1219,25,92663.0,1005.0,82.44,2.9,0.35,1349202600.0
2012-10-01,78.95,78.95,76.05,76.5,76.68,325,11,24921.0,274.0,84.31,2.9,-2.45,1349029800.0
2012-09-28,76.0,77.0,75.0,75.35,75.60857343640195,1423,28,107591.0,1215.0,85.38,2.0,-0.65,1348770600.0
2012-09-27,78.0,78.0,76.4,78.0,77.65333333333332,375,7,29120.0,300.0,80.0,1.6,0.0,1348684200.0
2012-09-26,76.5,78.7,75.3,75.75,75.92699115044246,1356,16,102957.0,1246.0,91.89,3.4,-0.75,1348597800.0
2012-09-25,78.95,80.9,77.05,78.8,79.12486002239642,1786,58,141317.0,1400.0,78.39,3.85,-0.15,1348511400.0
2012-09-24,78.0,82.9,75.0,75.25,77.80642434488588,1183,27,92045.0,707.0,59.76,7.9,-2.75,1348425000.0
2012-09-21,75.0,78.0,74.0,77.7,75.95323741007194,278,15,21115.0,211.0,75.9,4.0,2.7,1348165800.0
2012-09-20,79.9,79.9,75.0,75.7,76.3489409141583,897,42,68485.0,764.0,85.17,4.9,-4.2,1348079400.0
2012-09-18,73.5,80.9,73.0,76.2,75.74635163307853,8634,85,653994.0,5604.0,64.91,7.9,2.7,1347906600.0
2012-09-17,76.0,77.0,74.5,74.8,75.7134831460674,712,21,53908.0,708.0,99.44,2.5,-1.2,1347820200.0
2012-09-14,75.75,76.0,74.4,74.5,75.2560528246515,1363,23,102574.0,1337.0,98.09,1.6,-1.25,1347561000.0
2012-09-13,73.0,75.7,73.0,75.05,74.39841366687004,1639,28,121939.0,1626.0,99.21,2.7,2.05,1347474600.0
2012-09-12,72.55,74.95,72.55,74.95,72.76363636363635,55,2,4002.0,55.0,100.0,2.4,2.4,1347388200.0
2012-09-11,73.0,73.0,71.3,71.3,71.44257854821235,3692,33,263766.0,3141.0,85.08,1.7,-1.7,1347301800.0
2012-09-10,72.0,74.4,71.3,72.5,72.40558292282431,609,16,44095.0,489.0,80.3,3.1,0.5,1347215400.0
2012-09-07,70.15,70.15,70.15,70.15,70.14285714285714,7,2,491.0,7.0,100.0,0.0,0.0,1346956200.0
2012-09-06,71.0,71.0,71.0,71.0,71.0,155,6,11005.0,120.0,77.42,0.0,0.0,1346869800.0
2012-09-05,65.2,75.8,65.2,71.0,69.25053304904051,938,28,64957.0,590.0,62.9,10.6,5.8,1346783400.0
2012-09-04,74.0,74.0,70.25,73.45,71.38246891113133,3297,36,235348.0,2200.0,66.73,3.75,-0.55,1346697000.0
2012-09-03,71.2,74.9,69.65,71.45,71.88524590163935,1098,23,78930.0,1000.0,91.07,5.25,0.25,1346610600.0
2012-08-31,70.35,74.9,70.35,73.6,73.61641791044777,670,14,49323.0,579.0,86.42,4.55,3.25,1346351400.0
2012-08-30,73.0,75.35,70.5,73.0,73.97025016903314,1479,25,109402.0,1201.0,81.2,4.85,0.0,1346265000.0
2012-08-29,70.4,74.9,70.4,72.0,72.52759381898454,906,10,65710.0,201.0,22.19,4.5,1.6,1346178600.0
2012-08-28,75.1,75.1,72.1,72.1,74.92592592592592,54,3,4046.0,51.0,94.44,3.0,-3.0,1346092200.0
2012-08-27,73.0,77.9,73.0,77.85,76.66265060240963,166,15,12726.0,70.0,42.17,4.9,4.85,1346005800.0
2012-08-24,80.0,81.0,77.2,77.35,80.06435224386114,1181,28,94556.0,1031.0,87.3,3.8,-2.65,1345746600.0
2012-08-23,72.5,83.5,72.5,79.95,77.33091458805744,13230,147,1023088.0,12030.0,90.93,11.0,7.45,1345660200.0
2012-08-22,73.0,73.0,71.25,71.25,71.98907103825137,915,10,65870.0,915.0,100.0,1.75,-1.75,1345573800.0
2012-08-21,72.95,72.95,71.2,71.85,71.8925,400,6,28757.0,400.0,100.0,1.75,-1.1,1345487400.0
2012-08-17,70.3,72.85,70.25,72.5,70.97526315789473,1900,19,134853.0,1900.0,100.0,2.6,2.2,1345141800.0
2012-08-16,72.5,72.5,69.9,70.95,71.3907284768212,302,7,21560.0,277.0,91.72,2.6,-1.55,1345055400.0
2012-08-14,72.9,73.0,70.15,72.5,70.4969957081545,2330,21,164258.0,2215.0,95.06,2.85,-0.4,1344882600.0
2012-08-10,70.0,70.0,69.25,70.0,69.78571428571429,350,3,24425.0,350.0,100.0,0.75,0.0,1344537000.0
2012-08-09,69.0,71.0,69.0,71.0,70.6,125,2,8825.0,100.0,80.0,2.0,2.0,1344450600.0
2012-08-08,72.0,72.0,70.0,72.0,71.14285714285714,175,7,12450.0,100.0,57.14,2.0,0.0,1344364200.0
2012-08-07,74.0,74.0,71.0,72.0,72.29251700680273,735,10,53135.0,600.0,81.63,3.0,-2.0,1344277800.0
2012-08-06,72.0,74.0,72.0,74.0,72.76794097920857,1491,15,108497.0,1491.0,100.0,2.0,2.0,1344191400.0
2012-08-03,69.0,73.6,69.0,72.0,71.91171171171172,1110,20,79822.0,955.0,86.04,4.6,3.0,1343932200.0
2012-08-02,73.0,73.0,69.05,70.45,72.21833946400419,7612,37,549726.0,7361.0,96.7,3.95,-2.55,1343845800.0
2012-08-01,71.5,72.0,70.8,72.0,71.89004149377593,482,11,34651.0,482.0,100.0,1.2,0.5,1343759400.0
2012-07-31,70.5,72.95,70.5,71.5,71.89393939393939,1320,15,94900.0,1320.0,100.0,2.45,1.0,1343673000.0
2012-07-30,71.5,71.5,71.0,71.0,71.24,50,2,3562.0,25.0,50.0,0.5,-0.5,1343586600.0
2012-07-27,72.9,72.9,67.1,68.1,70.57025472473295,1217,30,85884.0,1148.0,94.33,5.8,-4.8,1343327400.0
2012-07-26,74.1,74.85,71.05,72.9,73.04979811574698,743,17,54276.0,593.0,79.81,3.8,-1.2,1343241000.0
2012-07-25,80.0,80.0,73.0,73.35,73.5388206564677,13923,67,1023881.0,13437.0,96.51,7.0,-6.65,1343154600.0
2012-07-24,72.0,72.05,70.0,72.0,71.92701664532649,781,11,56175.0,779.0,99.74,2.05,0.0,1343068200.0
2012-07-23,68.25,74.0,68.0,73.45,72.20765245117576,2509,24,181169.0,2459.0,98.01,6.0,5.2,1342981800.0
2012-07-20,68.0,68.0,68.0,68.0,68.0,250,1,17000.0,250.0,100.0,0.0,0.0,1342722600.0
2012-07-19,69.0,69.0,69.0,69.0,69.0,250,2,17250.0,250.0,100.0,0.0,0.0,1342636200.0
2012-07-17,65.0,68.1,65.0,68.0,67.66052934407365,869,11,58797.0,750.0,86.31,3.1,3.0,1342463400.0
2012-07-16,67.3,68.0,67.3,68.0,67.57312252964427,253,5,17096.0,250.0,98.81,0.7,0.7,1342377000.0
2012-07-13,71.0,71.0,66.75,67.25,68.35666666666667,900,12,61521.0,500.0,55.56,4.25,-3.75,1342117800.0
2012-07-12,67.15,71.95,67.15,70.5,69.625,8,3,557.0,6.0,75.0,4.8,3.35,1342031400.0
2012-07-11,72.0,72.0,72.0,72.0,72.0,600,5,43200.0,600.0,100.0,0.0,0.0,1341945000.0
2012-07-10,70.1,72.0,69.0,69.0,69.78975535168196,1308,14,91285.0,1008.0,77.06,3.0,-1.1,1341858600.0
2012-07-09,70.5,72.0,69.25,69.5,70.17919075144509,692,27,48564.0,547.0,79.05,2.75,-1.0,1341772200.0
2012-07-06,73.25,73.85,71.15,71.95,71.96603773584906,795,12,57213.0,702.0,88.3,2.7,-1.3,1341513000.0
2012-07-05,73.8,73.8,73.8,73.8,73.66666666666666,6,1,442.0,6.0,100.0,0.0,0.0,1341426600.0
2012-07-04,71.1,72.9,70.0,70.55,71.29615004935833,1013,16,72223.0,1013.0,100.0,2.9,-0.55,1341340200.0
2012-07-03,71.0,73.0,71.0,72.0,72.3215859030837,2270,8,164170.0,2270.0,100.0,2.0,1.0,1341253800.0
2012-07-02,68.0,73.05,68.0,71.0,72.51185185185186,1350,17,97891.0,1275.0,94.44,5.05,3.0,1341167400.0
2012-06-29,71.5,71.5,70.0,70.0,70.56872037914692,211,6,14890.0,211.0,100.0,1.5,-1.5,1340908200.0
2012-06-28,71.1,71.1,68.0,71.0,70.66157894736841,1900,19,134257.0,1900.0,100.0,3.1,-0.1,1340821800.0
2012-06-27,70.0,73.75,70.0,71.2,71.14285714285714,427,10,30378.0,417.0,97.66,3.75,1.2,1340735400.0
2012-06-26,73.8,74.0,70.0,71.15,71.03985239852399,1355,28,96259.0,1253.0,92.47,4.0,-2.65,1340649000.0
2012-06-25,73.0,74.0,71.5,74.0,73.23571428571427,560,6,41012.0,560.0,100.0,2.5,1.0,1340562600.0
2012-06-22,73.0,73.0,73.0,73.0,73.0,10,1,730.0,10.0,100.0,0.0,0.0,1340303400.0
2012-06-21,74.6,74.6,69.2,69.35,71.38680926916221,561,14,40048.0,522.0,93.05,5.4,-5.25,1340217000.0
2012-06-20,69.0,71.05,69.0,71.05,70.0,2,2,140.0,1.0,50.0,2.05,2.05,1340130600.0
2012-06-19,66.6,74.9,66.6,72.7,69.67076681496991,3821,91,266212.0,3463.0,90.63,8.3,6.1,1340044200.0
2012-06-18,68.5,68.5,64.0,65.25,65.28614916286149,1314,23,85786.0,1209.0,92.01,4.5,-3.25,1339957800.0
2012-06-15,65.75,68.0,65.75,66.65,66.65582655826559,1476,29,98384.0,1456.0,98.64,2.25,0.9,1339698600.0
2012-06-14,65.0,69.9,64.0,65.6,66.4553101997897,1902,41,126398.0,1327.0,69.77,5.9,0.6,1339612200.0
2012-06-13,61.0,67.0,61.0,64.55,64.28973509933775,604,19,38831.0,371.0,61.42,6.0,3.55,1339525800.0
2012-06-12,63.9,64.0,63.9,63.95,63.965811965811966,234,9,14968.0,234.0,100.0,0.1,0.05,1339439400.0
2012-06-11,62.0,63.9,60.0,63.65,62.89,100,7,6289.0,70.0,70.0,3.9,1.65,1339353000.0
2012-06-08,62.95,62.95,62.95,62.95,62.94117647058824,51,2,3210.0,51.0,100.0,0.0,0.0,1339093800.0
2012-06-07,62.9,62.9,58.25,62.7,59.047904191616766,167,8,9861.0,150.0,89.82,4.65,-0.2,1339007400.0
2012-06-06,59.95,63.0,59.25,59.95,60.31304347826087,920,33,55488.0,698.0,75.87,3.75,0.0,1338921000.0
2012-06-04,57.15,57.95,57.05,57.65,57.47630922693266,401,8,23048.0,220.0,54.86,0.9,0.5,1338748200.0
2012-06-01,59.3,59.3,58.55,59.0,59.004926108374384,203,4,11978.0,203.0,100.0,0.75,-0.3,1338489000.0
2012-05-30,58.6,58.85,58.55,58.85,58.599906410856335,2137,6,125228.0,2137.0,100.0,0.3,0.25,1338316200.0
2012-05-29,58.6,58.6,58.5,58.55,58.55757575757576,165,2,9662.0,165.0,100.0,0.1,-0.05,1338229800.0
2012-05-28,62.0,62.0,59.5,59.6,59.79933333333333,1500,10,89699.0,1500.0,100.0,2.5,-2.4,1338143400.0
2012-05-25,60.0,60.0,59.95,59.95,59.97957957957958,1665,9,99866.0,1665.0,100.0,0.05,-0.05,1337884200.0
2012-05-24,61.0,61.0,60.0,60.0,60.03791469194313,1055,7,63340.0,1055.0,100.0,1.0,-1.0,1337797800.0
2012-05-23,61.0,61.0,60.6,60.7,60.93714285714286,2100,12,127968.0,2100.0,100.0,0.4,-0.3,1337711400.0
2012-05-22,61.0,61.0,61.0,61.0,61.0,7845,24,478545.0,7675.0,97.83,0.0,0.0,1337625000.0
2012-05-18,63.0,63.0,59.0,60.55,59.62990654205608,2140,12,127608.0,1370.0,64.02,4.0,-2.45,1337279400.0
2012-05-17,62.45,62.45,60.05,62.0,61.7,820,14,50594.0,820.0,100.0,2.4,-0.45,1337193000.0
2012-05-16,64.0,64.0,63.75,63.75,63.74509803921569,51,2,3251.0,51.0,100.0,0.25,-0.25,1337106600.0
2012-05-15,64.05,64.05,63.0,63.0,63.345054945054954,455,7,28822.0,455.0,100.0,1.05,-1.05,1337020200.0
2012-05-14,69.0,72.0,63.85,63.95,66.62610251821552,7823,83,521216.0,6812.0,87.08,8.15,-5.05,1336933800.0
2012-05-11,60.0,60.0,60.0,60.0,60.0,250,3,15000.0,250.0,100.0,0.0,0.0,1336674600.0
2012-05-10,60.0,60.25,60.0,60.0,60.090521831735884,939,7,56425.0,939.0,100.0,0.25,0.0,1336588200.0
2012-05-09,60.0,62.9,57.25,59.45,59.52724077328647,569,11,33871.0,562.0,98.77,5.65,-0.55,1336501800.0
2012-05-08,62.0,62.95,59.0,59.25,59.8236559139785,3720,23,222544.0,3560.0,95.7,3.95,-2.75,1336415400.0
2012-05-07,64.95,64.95,60.35,60.45,62.475463917525765,2425,16,151503.0,1425.0,58.76,4.6,-4.5,1336329000.0
2012-05-04,60.0,60.0,60.0,60.0,60.0,500,6,30000.0,500.0,100.0,0.0,0.0,1336069800.0
2012-05-03,56.85,62.1,56.85,59.95,60.201137748882566,2461,21,148155.0,2100.0,85.33,5.25,3.1,1335983400.0
2012-05-02,65.0,65.0,61.1,62.5,62.39700374531835,801,15,49980.0,686.0,85.64,3.9,-2.5,1335897000.0
2012-04-27,68.0,68.0,63.05,63.05,64.7,150,2,9705.0,150.0,100.0,4.95,-4.95,1335465000.0
2012-04-26,66.0,67.0,66.0,67.0,66.66666666666666,300,3,20000.0,300.0,100.0,1.0,1.0,1335378600.0
2012-04-25,67.0,67.0,63.85,64.55,65.4857142857143,280,6,18336.0,200.0,71.43,3.15,-2.45,1335292200.0
2012-04-24,66.8,66.8,66.8,66.8,66.8,10,1,668.0,10.0,100.0,0.0,0.0,1335205800.0
2012-04-23,58.0,67.0,58.0,63.75,64.40625,320,5,20610.0,320.0,100.0,9.0,5.75,1335119400.0
2012-04-19,66.0,67.0,63.0,65.6,64.98019401778495,2474,27,160761.0,1300.0,52.55,4.0,-0.4,1334773800.0
2012-04-18,66.0,66.0,63.1,65.0,63.98857142857143,700,6,44792.0,700.0,100.0,2.9,-1.0,1334687400.0
2012-04-17,66.0,66.0,66.0,66.0,66.0,128,3,8448.0,128.0,100.0,0.0,0.0,1334601000.0
2012-04-16,62.55,64.0,62.55,64.0,63.25,20,2,1265.0,10.0,50.0,1.45,1.45,1334514600.0
2012-04-13,65.0,65.0,65.0,65.0,65.0,50,1,3250.0,50.0,100.0,0.0,0.0,1334255400.0
2012-04-12,63.5,67.9,63.5,67.85,65.74444444444445,450,5,29585.0,150.0,33.33,4.4,4.35,1334169000.0
2012-04-10,68.9,69.0,68.9,69.0,68.96,50,2,3448.0,50.0,100.0,0.1,0.1,1333996200.0
2012-04-09,70.0,70.0,68.0,69.05,69.79634831460673,712,34,49695.0,701.0,98.46,2.0,-0.95,1333909800.0
2012-04-04,66.0,69.0,66.0,66.1,66.6,5,5,333.0,1.0,20.0,3.0,0.1,1333477800.0
2012-04-03,65.3,66.1,65.3,66.1,65.96666666666667,60,2,3958.0,60.0,100.0,0.8,0.8,1333391400.0
2012-03-30,65.1,65.1,65.1,65.1,65.0,1,1,65.0,1.0,100.0,0.0,0.0,1333045800.0
2012-03-29,67.55,67.55,65.0,65.0,66.27222222222223,180,4,11929.0,90.0,50.0,2.55,-2.55,1332959400.0
2012-03-28,65.1,65.1,65.0,65.0,65.02,50,2,3251.0,50.0,100.0,0.1,-0.1,1332873000.0
2012-03-27,65.0,67.0,65.0,66.0,65.76923076923077,65,3,4275.0,65.0,100.0,2.0,1.0,1332786600.0
2012-03-26,63.05,67.0,63.05,67.0,66.09741248097413,657,7,43426.0,657.0,100.0,3.95,3.95,1332700200.0
2012-03-23,70.0,70.0,66.55,66.7,68.62608695652173,115,10,7892.0,110.0,95.65,3.45,-3.3,1332441000.0
2012-03-21,66.5,66.8,66.5,66.8,66.77419354838709,31,2,2070.0,31.0,100.0,0.3,0.3,1332268200.0
2012-03-20,65.05,67.05,65.05,67.0,66.59157894736842,950,6,63262.0,700.0,73.68,2.0,1.95,1332181800.0
2012-03-19,67.5,68.0,67.5,67.65,67.61611374407583,211,3,14267.0,211.0,100.0,0.5,0.15,1332095400.0
2012-03-16,66.1,67.0,66.1,67.0,66.55,20,2,1331.0,10.0,50.0,0.9,0.9,1331836200.0
2012-03-15,70.0,70.0,68.75,68.75,69.03448275862068,261,3,18018.0,261.0,100.0,1.25,-1.25,1331749800.0
2012-03-14,72.0,72.0,71.7,72.0,71.94253591505309,1601,18,115180.0,1600.0,99.94,0.3,0.0,1331663400.0
2012-03-13,68.55,72.0,68.55,70.25,70.6817610062893,795,15,56192.0,710.0,89.31,3.45,1.7,1331577000.0
2012-03-12,70.0,70.0,68.0,68.0,69.42857142857143,140,3,9720.0,140.0,100.0,2.0,-2.0,1331490600.0
2012-03-09,69.75,72.0,65.5,71.65,70.39779752704791,5176,49,364379.0,4496.0,86.86,6.5,1.9,1331231400.0
2012-03-07,63.1,69.8,63.1,68.0,67.30025445292621,786,10,52898.0,636.0,80.92,6.7,4.9,1331058600.0
2012-03-06,69.5,70.5,69.5,69.7,69.84099450708297,3459,23,241580.0,3456.0,99.91,1.0,0.2,1330972200.0
2012-03-05,72.0,72.0,69.0,69.0,69.80711825487944,1742,20,121604.0,1492.0,85.65,3.0,-3.0,1330885800.0
2012-03-03,69.0,81.45,69.0,71.1,72.799501867995,803,7,58458.0,400.0,49.81,12.45,2.1,1330713000.0
2012-03-02,69.1,71.0,69.05,69.05,69.27042253521127,710,8,49182.0,485.0,68.31,1.95,-0.05,1330626600.0
2012-03-01,72.0,72.0,69.0,70.15,70.34670034733186,3167,73,222788.0,2720.0,85.89,3.0,-1.85,1330540200.0
2012-02-29,70.0,70.0,68.25,69.9,69.92398449351087,5933,58,414859.0,5819.0,98.08,1.75,-0.1,1330453800.0
2012-02-28,67.9,70.0,67.9,69.7,69.74688796680498,5061,22,352989.0,5050.0,99.78,2.1,1.8,1330367400.0
2012-02-24,69.6,69.8,65.25,66.4,67.08387096774193,775,11,51990.0,100.0,12.9,4.55,-3.2,1330021800.0
2012-02-23,67.0,67.0,67.0,67.0,67.0,12,1,804.0,12.0,100.0,0.0,0.0,1329935400.0
2012-02-22,70.0,70.05,67.5,67.5,69.53856562922869,739,27,51389.0,705.0,95.4,2.55,-2.5,1329849000.0
2012-02-21,72.2,72.2,67.25,68.5,69.59324009324008,858,15,59711.0,4.0,0.47,4.95,-3.7,1329762600.0
2012-02-17,73.0,73.0,67.0,67.05,68.64688995215312,1045,35,71736.0,821.0,78.56,6.0,-5.95,1329417000.0
2012-02-16,69.8,69.8,67.1,67.1,67.31612903225806,310,3,20868.0,310.0,100.0,2.7,-2.7,1329330600.0
2012-02-15,70.0,70.0,70.0,70.0,70.0,1200,14,84000.0,1200.0,100.0,0.0,0.0,1329244200.0
2012-02-14,73.0,73.0,70.0,70.0,70.42857142857143,7,3,493.0,6.0,85.71,3.0,-3.0,1329157800.0
2012-02-10,70.0,71.4,67.2,67.4,70.58285905590894,2987,16,210831.0,2987.0,100.0,4.2,-2.6,1328812200.0
2012-02-09,70.0,70.0,69.0,70.0,69.99633027522935,10900,20,762960.0,10900.0,100.0,1.0,0.0,1328725800.0
2012-02-08,69.9,72.0,69.9,70.0,70.61650165016502,7575,30,534920.0,6979.0,92.13,2.1,0.1,1328639400.0
2012-02-07,71.9,71.9,69.5,69.5,70.64,25,2,1766.0,13.0,52.0,2.4,-2.4,1328553000.0
2012-02-06,68.55,69.0,68.0,68.0,68.08571428571429,1015,9,69107.0,1015.0,100.0,1.0,-0.55,1328466600.0
2012-02-02,67.0,67.0,67.0,67.0,67.0,50,1,3350.0,50.0,100.0,0.0,0.0,1328121000.0
2012-01-31,70.0,74.5,68.15,69.55,70.82258064516128,2232,39,158076.0,1867.0,83.65,6.35,-0.45,1327948200.0
2012-01-30,70.0,73.0,65.1,69.75,68.86557788944724,2388,89,164451.0,2217.0,92.84,7.9,-0.25,1327861800.0
2012-01-27,65.0,65.0,61.2,65.0,64.87172011661808,343,14,22251.0,250.0,72.89,3.8,0.0,1327602600.0
2012-01-25,64.0,64.0,62.6,63.0,63.125,72,6,4545.0,72.0,100.0,1.4,-1.0,1327429800.0
2012-01-24,61.0,62.25,61.0,62.0,61.339933993399335,303,9,18586.0,300.0,99.01,1.25,1.0,1327343400.0
2012-01-23,58.0,58.0,58.0,58.0,58.0,200,2,11600.0,200.0,100.0,0.0,0.0,1327257000.0
2012-01-20,58.1,63.85,58.1,59.45,59.10294117647059,408,7,24114.0,284.0,69.61,5.75,1.35,1326997800.0
2012-01-19,63.0,63.0,63.0,63.0,63.0,15,1,945.0,15.0,100.0,0.0,0.0,1326911400.0
2012-01-17,60.05,60.05,60.05,60.05,60.04939919893191,1498,1,89954.0,1498.0,100.0,0.0,0.0,1326738600.0
2012-01-16,60.5,62.75,60.5,62.65,62.58227848101266,79,14,4944.0,62.0,78.48,2.25,2.15,1326652200.0
2012-01-13,61.0,65.0,60.0,65.0,60.11920529801325,302,9,18156.0,301.0,99.67,5.0,4.0,1326393000.0
2012-01-11,62.9,63.0,62.0,62.0,62.32167832167832,715,12,44560.0,604.0,84.48,1.0,-0.9,1326220200.0
2012-01-10,59.15,59.15,59.15,59.15,59.15,100,1,5915.0,100.0,100.0,0.0,0.0,1326133800.0
2012-01-09,59.0,59.1,59.0,59.1,59.089285714285715,560,3,33090.0,560.0,100.0,0.1,0.1,1326047400.0
2012-01-07,62.0,62.0,60.05,60.05,61.8018018018018,111,3,6860.0,111.0,100.0,1.95,-1.95,1325874600.0
2012-01-05,59.0,59.0,59.0,59.0,59.0,76,2,4484.0,76.0,100.0,0.0,0.0,1325701800.0
2012-01-04,60.0,62.0,60.0,62.0,61.5,100,3,6150.0,100.0,100.0,2.0,2.0,1325615400.0
2012-01-03,59.0,59.0,59.0,59.0,59.0,100,1,5900.0,100.0,100.0,0.0,0.0,1325529000.0
2012-01-02,60.0,60.0,57.0,57.2,59.83783783783784,37,3,2214.0,35.0,94.59,3.0,-2.8,1325442600.0
2011-12-30,55.25,59.25,55.25,57.3,57.33967391304348,736,12,42202.0,156.0,21.2,4.0,2.05,1325183400.0
2011-12-29,59.45,59.45,59.45,59.45,59.44827586206897,29,1,1724.0,29.0,100.0,0.0,0.0,1325097000.0
2011-12-28,58.0,59.0,57.8,57.85,58.68181818181817,374,21,21947.0,364.0,97.33,1.2,-0.15,1325010600.0
2011-12-26,56.0,57.05,56.0,57.0,56.91428571428571,35,9,1992.0,25.0,71.43,1.05,1.0,1324837800.0
2011-12-22,55.75,56.5,55.25,55.9,55.99625468164793,267,28,14951.0,250.0,93.63,1.25,0.15,1324492200.0
2011-12-21,54.3,56.5,54.15,56.05,54.7103825136612,183,24,10012.0,100.0,54.64,2.35,1.75,1324405800.0
2011-12-20,55.0,58.4,53.75,56.4,56.43551088777219,597,20,33692.0,580.0,97.15,4.65,1.4,1324319400.0
2011-12-19,57.0,59.5,57.0,58.6,57.16203703703704,216,8,12347.0,215.0,99.54,2.5,1.6,1324233000.0
2011-12-16,60.0,61.0,59.05,59.65,60.39653600729262,1097,28,66255.0,1045.0,95.26,1.95,-0.35,1323973800.0
2011-12-15,59.0,60.0,59.0,59.05,59.86552567237164,409,7,24485.0,407.0,99.51,1.0,0.05,1323887400.0
2011-12-14,58.5,59.0,58.5,59.0,58.75,8,5,470.0,8.0,100.0,0.5,0.5,1323801000.0
2011-12-13,58.75,58.85,57.5,58.8,58.03146374829001,731,28,42421.0,700.0,95.76,1.35,0.05,1323714600.0
2011-12-12,61.95,61.95,58.0,58.85,60.16589861751152,651,27,39168.0,646.0,99.23,3.95,-3.1,1323628200.0
2011-12-09,61.0,61.8,59.95,61.7,61.14247311827957,372,37,22745.0,273.0,73.39,1.85,0.7,1323369000.0
2011-12-08,61.5,61.5,61.5,61.5,61.5,200,3,12300.0,200.0,100.0,0.0,0.0,1323282600.0
2011-12-07,60.25,63.0,60.0,61.95,60.99148029818956,939,14,57271.0,620.0,66.03,3.0,1.7,1323196200.0
2011-12-05,61.0,63.0,61.0,61.25,62.787610619469035,226,9,14190.0,222.0,98.23,2.0,0.25,1323023400.0
2011-12-02,61.15,63.0,61.15,62.0,61.990099009900995,101,13,6261.0,91.0,90.1,1.85,0.85,1322764200.0
2011-12-01,59.0,61.0,59.0,60.65,60.22742474916388,299,8,18008.0,280.0,94.0,2.0,1.65,1322677800.0
2011-11-30,57.0,60.0,56.5,59.95,58.13636363636364,176,6,10232.0,155.0,88.07,3.5,2.95,1322591400.0
2011-11-29,58.6,58.6,58.6,58.6,58.6,25,1,1465.0,25.0,100.0,0.0,0.0,1322505000.0
2011-11-28,57.15,59.85,57.1,58.05,58.72,425,8,24956.0,300.0,70.59,2.75,0.9,1322418600.0
2011-11-25,56.95,58.25,56.95,58.0,57.97424892703863,233,14,13508.0,200.0,85.84,1.3,1.05,1322159400.0
2011-11-24,57.4,57.9,56.25,56.55,57.13050075872535,659,21,37649.0,650.0,98.63,1.65,-0.85,1322073000.0
2011-11-23,58.15,58.35,58.0,58.0,58.146579804560254,307,19,17851.0,300.0,97.72,0.35,-0.15,1321986600.0
2011-11-22,58.8,58.95,56.8,58.15,57.968,250,30,14492.0,204.0,81.6,2.15,-0.65,1321900200.0
2011-11-21,59.95,59.95,57.0,59.0,59.016216216216215,555,25,32754.0,539.0,97.12,2.95,-0.95,1321813800.0
2011-11-18,55.9,58.4,55.3,56.75,56.09486166007905,506,38,28384.0,435.0,85.97,3.1,0.85,1321554600.0
2011-11-17,56.3,56.3,56.3,56.3,56.3,100,1,5630.0,100.0,100.0,0.0,0.0,1321468200.0
2011-11-16,57.0,57.0,57.0,57.0,57.0,200,1,11400.0,200.0,100.0,0.0,0.0,1321381800.0
2011-11-15,59.0,62.0,59.0,60.0,60.94929577464789,355,5,21637.0,345.0,97.18,3.0,1.0,1321295400.0
2011-11-14,63.05,63.15,63.0,63.0,63.04923076923077,650,9,40982.0,650.0,100.0,0.15,-0.05,1321209000.0
2011-11-11,64.1,66.0,64.0,64.9,64.19639934533552,611,12,39224.0,600.0,98.2,2.0,0.8,1320949800.0
2011-11-09,68.0,68.0,66.0,67.0,66.795,1000,13,66795.0,850.0,85.0,2.0,-1.0,1320777000.0
2011-11-08,68.75,68.75,67.3,67.3,68.025,200,2,13605.0,200.0,100.0,1.45,-1.45,1320690600.0
2011-11-03,70.0,70.0,66.15,67.15,68.85984624482555,1691,17,116442.0,1539.0,91.01,3.85,-2.85,1320258600.0
2011-11-02,66.3,66.3,66.25,66.3,66.28444444444445,450,4,29828.0,450.0,100.0,0.05,0.0,1320172200.0
2011-11-01,68.0,68.25,66.1,66.1,67.58701787394168,2126,24,143690.0,2116.0,99.53,2.15,-1.9,1320085800.0
2011-10-31,72.0,72.0,68.0,68.7,69.66649104320337,3796,87,264454.0,2573.0,67.78,4.0,-3.3,1319999400.0
2011-10-28,60.0,67.2,60.0,67.2,66.00703703703704,8100,114,534657.0,5523.0,68.19,7.2,7.2,1319740200.0
2011-10-25,56.0,56.0,56.0,56.0,56.0,100,1,5600.0,100.0,100.0,0.0,0.0,1319481000.0
2011-10-24,59.45,59.45,58.9,58.9,59.1,10,2,591.0,10.0,100.0,0.55,-0.55,1319394600.0
2011-10-21,62.35,62.35,55.25,55.25,58.56955380577428,381,10,22315.0,271.0,71.13,7.1,-7.1,1319135400.0
2011-10-20,53.1,55.0,53.1,55.0,54.95,40,2,2198.0,40.0,100.0,1.9,1.9,1319049000.0
2011-10-19,56.0,56.0,55.2,55.2,55.5,160,3,8880.0,160.0,100.0,0.8,-0.8,1318962600.0
2011-10-17,55.1,62.3,55.1,57.0,56.32142857142857,84,6,4731.0,43.0,51.19,7.2,1.9,1318789800.0
2011-10-14,58.0,59.5,55.15,55.25,57.75405007363769,679,13,39215.0,559.0,82.33,4.35,-2.75,1318530600.0
2011-10-13,58.65,58.65,58.65,58.65,58.625,8,3,469.0,4.0,50.0,0.0,0.0,1318444200.0
2011-10-12,55.25,55.25,50.75,55.0,55.007766990291266,515,6,28329.0,500.0,97.09,4.5,-0.25,1318357800.0
2011-10-11,55.5,57.0,55.5,56.4,55.64852809991079,1121,5,62382.0,1121.0,100.0,1.5,0.9,1318271400.0
2011-10-10,62.4,62.4,52.0,52.5,54.43133462282398,517,15,28141.0,512.0,99.03,10.4,-9.9,1318185000.0
2011-10-07,55.35,55.4,55.3,55.4,55.32347826086957,1150,6,63622.0,1150.0,100.0,0.1,0.05,1317925800.0
2011-10-05,55.0,55.0,55.0,55.0,55.0,50,1,2750.0,50.0,100.0,0.0,0.0,1317753000.0
2011-10-04,55.15,56.25,55.15,56.0,55.99671052631578,304,6,17023.0,304.0,100.0,1.1,0.85,1317666600.0
2011-10-03,56.6,56.9,56.6,56.75,56.5,2,2,113.0,2.0,100.0,0.3,0.15,1317580200.0
2011-09-30,57.5,57.5,57.25,57.25,57.0,2,2,114.0,0.0,0.0,0.25,-0.25,1317321000.0
2011-09-29,58.1,58.1,50.9,57.95,56.20411160058737,681,19,38275.0,313.0,45.96,7.2,-0.15,1317234600.0
2011-09-28,60.0,60.0,58.0,58.1,59.32098765432099,81,6,4805.0,80.0,98.77,2.0,-1.9,1317148200.0
2011-09-27,59.95,60.0,59.6,60.0,59.94831013916501,503,13,30154.0,500.0,99.4,0.4,0.05,1317061800.0
2011-09-26,59.5,61.5,56.0,60.1,59.39094650205761,486,26,28864.0,465.0,95.68,5.5,0.6,1316975400.0
2011-09-23,52.1,62.95,52.1,60.0,59.783783783783775,592,10,35392.0,502.0,84.8,10.85,7.9,1316716200.0
2011-09-22,61.75,61.75,55.25,60.6,58.51168335717692,2097,5,122699.0,97.0,4.63,6.5,-1.15,1316629800.0
2011-09-21,55.85,62.95,55.85,60.3,59.57932960893855,1790,14,106647.0,600.0,33.52,7.1,4.45,1316543400.0
2011-09-20,62.2,62.2,62.2,62.2,62.2,5,1,311.0,5.0,100.0,0.0,0.0,1316457000.0
2011-09-19,57.55,57.55,57.55,57.55,57.55,200,1,11510.0,200.0,100.0,0.0,0.0,1316370600.0
2011-09-16,60.0,60.0,60.0,60.0,60.0,30,1,1800.0,30.0,100.0,0.0,0.0,1316111400.0
2011-09-15,61.0,61.0,61.0,61.0,61.0,300,3,18300.0,300.0,100.0,0.0,0.0,1316025000.0
2011-09-14,60.0,61.65,60.0,61.65,60.127272727272725,110,6,6614.0,110.0,100.0,1.65,1.65,1315938600.0
2011-09-13,61.45,61.45,61.45,61.45,61.44615384615385,130,1,7988.0,130.0,100.0,0.0,0.0,1315852200.0
2011-09-12,62.0,62.0,58.0,58.0,58.10891089108911,101,5,5869.0,101.0,100.0,4.0,-4.0,1315765800.0
2011-09-09,61.05,61.8,57.4,61.8,60.404,2000,12,120808.0,1700.0,85.0,4.4,0.75,1315506600.0
2011-09-08,60.05,61.9,60.05,61.85,61.44307692307692,650,8,39938.0,650.0,100.0,1.85,1.8,1315420200.0
2011-09-07,60.0,64.0,60.0,63.75,61.87,1000,7,61870.0,500.0,50.0,4.0,3.75,1315333800.0
2011-09-06,58.0,63.25,57.15,63.0,60.0625,2032,10,122047.0,1008.0,49.61,6.1,5.0,1315247400.0
2011-09-02,56.05,64.0,56.05,63.65,58.37957610789981,519,6,30299.0,516.0,99.42,7.95,7.6,1314901800.0
2011-08-30,57.55,60.35,57.55,60.35,57.67153284671533,274,5,15802.0,274.0,100.0,2.8,2.8,1314642600.0
2011-08-29,57.0,57.0,56.5,56.5,56.94033412887828,838,3,47716.0,838.0,100.0,0.5,-0.5,1314556200.0
2011-08-26,54.0,54.0,54.0,54.0,54.0,236,2,12744.0,236.0,100.0,0.0,0.0,1314297000.0
2011-08-25,57.5,57.5,55.0,56.95,55.54788732394366,710,8,39439.0,690.0,97.18,2.5,-0.55,1314210600.0
2011-08-24,59.95,59.95,53.55,57.0,56.54411764705882,136,5,7690.0,123.0,90.44,6.4,-2.95,1314124200.0
2011-08-23,57.5,57.55,55.5,55.5,55.69662921348314,1602,37,89226.0,1552.0,96.88,2.05,-2.0,1314037800.0
2011-08-22,56.0,56.0,55.9,55.9,55.98,250,5,13995.0,200.0,80.0,0.1,-0.1,1313951400.0
2011-08-19,55.2,55.2,55.2,55.2,55.2,50,1,2760.0,50.0,100.0,0.0,0.0,1313692200.0
2011-08-18,51.55,60.0,51.55,52.1,54.389498806682575,2095,15,113946.0,1995.0,95.23,8.45,0.55,1313605800.0
2011-08-17,61.0,61.0,61.0,61.0,61.0,9,1,549.0,9.0,100.0,0.0,0.0,1313519400.0
2011-08-16,61.0,63.45,61.0,61.0,62.1469696969697,1320,10,82034.0,420.0,31.82,2.45,0.0,1313433000.0
2011-08-12,63.0,63.0,61.05,61.05,61.71153846153847,156,4,9627.0,156.0,100.0,1.95,-1.95,1313087400.0
2011-08-11,64.0,64.0,61.2,61.2,62.6,10,2,626.0,5.0,50.0,2.8,-2.8,1313001000.0
2011-08-10,63.2,63.45,61.05,63.45,63.32107023411371,299,7,18933.0,202.0,67.56,2.4,0.25,1312914600.0
2011-08-09,63.9,63.9,55.0,59.95,60.36943907156673,517,5,31211.0,417.0,80.66,8.9,-3.95,1312828200.0
2011-08-08,52.8,60.0,52.8,60.0,59.919929608446985,2273,11,136198.0,2233.0,98.24,7.2,7.2,1312741800.0
2011-08-05,63.8,66.1,63.0,63.1,63.641121495327106,1070,23,68096.0,920.0,85.98,3.1,-0.7,1312482600.0
2011-08-04,68.5,68.5,67.0,67.45,67.48763250883393,1415,10,95495.0,1050.0,74.2,1.5,-1.05,1312396200.0
2011-08-03,72.45,72.5,66.0,66.0,68.7859649122807,5415,16,372476.0,5300.0,97.88,6.5,-6.45,1312309800.0
2011-08-02,70.0,72.9,70.0,72.5,70.66698841698842,1036,8,73211.0,1036.0,100.0,2.9,2.5,1312223400.0
2011-08-01,77.95,77.95,70.1,70.8,73.98283191628515,6116,135,452479.0,2212.0,36.17,7.85,-7.15,1312137000.0
2011-07-29,73.0,79.25,69.5,75.8,75.43072625698323,7160,84,540084.0,4171.0,58.25,9.75,2.8,1311877800.0
2011-07-28,74.0,74.0,73.0,74.0,73.89154013015184,461,15,34064.0,461.0,100.0,1.0,0.0,1311791400.0
2011-07-27,72.05,74.0,72.05,73.95,73.4625,400,4,29385.0,300.0,75.0,1.95,1.9,1311705000.0
2011-07-26,76.0,76.9,75.0,76.9,75.96521739130434,345,7,26208.0,345.0,100.0,1.9,0.9,1311618600.0
2011-07-25,77.95,77.95,77.0,77.35,77.55066079295153,227,6,17604.0,227.0,100.0,0.95,-0.6,1311532200.0
2011-07-22,78.5,78.5,74.75,74.75,75.9111111111111,135,4,10248.0,105.0,77.78,3.75,-3.75,1311273000.0
2011-07-21,76.0,76.0,73.0,73.0,73.57121439280358,667,8,49072.0,667.0,100.0,3.0,-3.0,1311186600.0
2011-07-20,76.25,76.25,73.1,73.55,74.60952380952382,525,7,39170.0,425.0,80.95,3.15,-2.7,1311100200.0
2011-07-19,78.5,78.5,76.0,76.0,76.17962184873949,952,11,72523.0,952.0,100.0,2.5,-2.5,1311013800.0
2011-07-18,77.1,80.95,77.1,80.5,78.48066875653082,957,15,75106.0,875.0,91.43,3.85,3.4,1310927400.0
2011-07-15,86.55,86.55,79.55,80.1,80.02253032928944,577,16,46173.0,475.0,82.32,7.0,-6.45,1310668200.0
2011-07-14,78.5,81.7,78.5,80.0,80.10861330406767,28247,108,2262828.0,24547.0,86.9,3.2,1.5,1310581800.0
2011-07-13,73.05,77.95,73.0,77.05,75.8261186770428,8224,37,623594.0,7674.0,93.31,4.95,4.0,1310495400.0
2011-07-12,70.05,75.0,70.05,72.1,73.07311072056238,2845,33,207893.0,2345.0,82.43,4.95,2.05,1310409000.0
2011-07-11,67.6,67.9,65.25,67.9,66.74864864864865,370,9,24697.0,320.0,86.49,2.65,0.3,1310322600.0
2011-07-08,65.2,65.55,65.0,65.1,65.15,1700,9,110755.0,1700.0,100.0,0.55,-0.1,1310063400.0
2011-07-07,69.5,69.5,67.0,67.85,67.852701127089,2573,12,174585.0,2573.0,100.0,2.5,-1.65,1309977000.0
2011-07-06,70.0,70.0,67.55,68.2,68.87589498806682,2095,45,144295.0,1895.0,90.45,2.45,-1.8,1309890600.0
2011-07-05,69.15,69.15,66.4,67.0,68.00606060606061,495,12,33663.0,468.0,94.55,2.75,-2.15,1309804200.0
2011-07-04,70.1,73.95,68.0,68.5,69.79679064187162,6668,33,465405.0,6366.0,95.47,5.95,-1.6,1309717800.0
2011-07-01,72.0,72.0,70.5,70.6,70.89105263157896,1900,14,134693.0,1900.0,100.0,1.5,-1.4,1309458600.0
2011-06-30,68.0,72.0,68.0,70.0,71.05542521994136,3410,22,242299.0,3310.0,97.07,4.0,2.0,1309372200.0
2011-06-29,64.0,70.5,62.0,69.95,67.85628085573231,1823,21,123702.0,1405.0,77.07,8.5,5.95,1309285800.0
2011-06-28,62.0,62.0,60.0,62.0,60.20752226987793,6062,27,364978.0,6062.0,100.0,2.0,0.0,1309199400.0
2011-06-27,62.95,63.0,60.0,60.0,60.75374376039933,3606,14,219078.0,3606.0,100.0,3.0,-2.95,1309113000.0
2011-06-24,62.5,62.5,61.5,62.35,62.413496051687005,1393,10,86942.0,1393.0,100.0,1.0,-0.15,1308853800.0
2011-06-23,63.0,64.8,61.5,62.4,62.493556701030926,2328,8,145485.0,2328.0,100.0,3.3,-0.6,1308767400.0
2011-06-22,64.95,64.95,62.5,62.5,62.556321839080454,435,3,27212.0,435.0,100.0,2.45,-2.45,1308681000.0
2011-06-21,63.0,63.0,61.5,61.6,61.53080129689671,10795,17,664225.0,10795.0,100.0,1.5,-1.4,1308594600.0
2011-06-20,56.0,67.35,56.0,62.95,62.13894736842105,475,8,29516.0,365.0,76.84,11.35,6.95,1308508200.0
2011-06-17,65.7,65.7,65.0,65.2,65.4606692742286,2301,16,150625.0,2301.0,100.0,0.7,-0.5,1308249000.0
2011-06-16,69.9,69.9,65.0,65.6,67.7307535641548,2455,14,166279.0,2455.0,100.0,4.9,-4.3,1308162600.0
2011-06-15,72.85,72.85,67.2,67.5,68.96077112754988,4461,13,307634.0,4461.0,100.0,5.65,-5.35,1308076200.0
2011-06-14,69.1,71.9,68.1,71.15,68.9482405511078,5371,16,370321.0,4795.0,89.28,3.8,2.05,1307989800.0
2011-06-10,68.5,68.5,68.15,68.15,68.20099255583128,403,3,27485.0,403.0,100.0,0.35,-0.35,1307644200.0
2011-06-09,71.95,71.95,68.1,68.75,69.10643015521065,451,9,31167.0,210.0,46.56,3.85,-3.2,1307557800.0
2011-06-08,68.25,71.95,68.1,71.95,69.29090909090908,385,6,26677.0,200.0,51.95,3.85,3.7,1307471400.0
2011-06-07,68.1,68.1,68.1,68.1,68.1,200,2,13620.0,200.0,100.0,0.0,0.0,1307385000.0
2011-06-06,68.1,68.1,68.1,68.1,68.1,200,1,13620.0,200.0,100.0,0.0,0.0,1307298600.0
2011-06-03,67.3,73.0,67.3,72.5,69.92375231053605,2164,11,151315.0,2005.0,92.65,5.7,5.2,1307039400.0
2011-06-02,67.55,75.0,67.55,73.8,70.34787543448961,14097,19,991694.0,12312.0,87.34,7.45,6.25,1306953000.0
2011-06-01,72.6,72.6,72.6,72.6,72.6,100,1,7260.0,100.0,100.0,0.0,0.0,1306866600.0
2011-05-31,77.5,77.5,70.05,73.7,72.84945604234048,3401,14,247761.0,3400.0,99.97,7.45,-3.8,1306780200.0
2011-05-30,70.0,79.5,70.0,74.2,76.6692002643754,3026,36,232001.0,1980.0,65.43,9.5,4.2,1306693800.0
2011-05-27,66.25,66.25,66.25,66.25,66.25,20,1,1325.0,20.0,100.0,0.0,0.0,1306434600.0
2011-05-25,65.3,65.3,65.25,65.25,65.25433526011561,865,5,56445.0,865.0,100.0,0.05,-0.05,1306261800.0
2011-05-24,65.0,68.35,64.5,68.35,66.78378378378378,370,5,24710.0,320.0,86.49,3.85,3.35,1306175400.0
2011-05-20,52.7,70.8,52.7,65.0,64.87564234326824,1946,34,126248.0,1630.0,83.76,18.1,12.3,1305829800.0
2011-05-19,66.0,66.0,65.5,65.5,65.97619047619048,1050,2,69275.0,1050.0,100.0,0.5,-0.5,1305743400.0
2011-05-18,66.1,66.1,66.1,66.1,66.1,200,1,13220.0,200.0,100.0,0.0,0.0,1305657000.0
2011-05-17,70.0,74.9,70.0,73.5,73.94336109750121,10205,7,754592.0,10200.0,99.95,4.9,3.5,1305570600.0
2011-05-16,71.45,75.0,71.1,73.9,73.20413793103448,1450,15,106146.0,1450.0,100.0,3.9,2.45,1305484200.0
2011-05-13,76.0,76.0,71.1,71.1,73.49336492890995,2110,5,155071.0,2110.0,100.0,4.9,-4.9,1305225000.0
2011-05-12,70.05,70.15,70.05,70.15,70.0503144654088,159,2,11138.0,159.0,100.0,0.1,0.1,1305138600.0
2011-05-10,67.25,67.25,67.25,67.25,67.25,100,1,6725.0,100.0,100.0,0.0,0.0,1304965800.0
2011-05-09,74.8,74.8,72.4,72.4,73.6,200,2,14720.0,200.0,100.0,2.4,-2.4,1304879400.0
2011-05-06,66.5,71.8,64.0,70.75,65.60495867768596,1210,8,79382.0,1000.0,82.64,7.8,4.25,1304620200.0
2011-05-05,69.95,69.95,69.95,69.95,69.94,50,1,3497.0,50.0,100.0,0.0,0.0,1304533800.0
2011-05-04,70.0,70.0,70.0,70.0,70.0,60,2,4200.0,60.0,100.0,0.0,0.0,1304447400.0
2011-05-03,74.95,74.95,74.95,74.95,74.94,50,2,3747.0,50.0,100.0,0.0,0.0,1304361000.0
2011-05-02,69.65,75.0,69.35,75.0,69.97263157894737,950,4,66474.0,950.0,100.0,5.65,5.35,1304274600.0
2011-04-29,80.9,81.0,76.6,76.6,79.16470588235295,170,5,13458.0,100.0,58.82,4.4,-4.3,1304015400.0
2011-04-28,73.65,80.75,73.65,80.75,79.5,6,2,477.0,6.0,100.0,7.1,7.1,1303929000.0
2011-04-26,79.9,79.9,79.9,79.9,79.9,100,2,7990.0,50.0,50.0,0.0,0.0,1303756200.0
2011-04-25,77.9,77.9,76.7,76.7,77.02545454545455,275,4,21182.0,275.0,100.0,1.2,-1.2,1303669800.0
2011-04-21,80.4,80.4,79.25,79.5,79.4546553808948,827,8,65709.0,752.0,90.93,1.15,-0.9,1303324200.0
2011-04-20,78.5,80.0,78.5,80.0,79.17857142857143,1400,5,110850.0,1300.0,92.86,1.5,1.5,1303237800.0
2011-04-19,80.1,81.0,74.2,78.5,79.42881134540026,5359,15,425659.0,3358.0,62.66,6.8,-1.6,1303151400.0
2011-04-18,80.4,80.4,78.0,79.05,79.24375347029427,1801,15,142718.0,1801.0,100.0,2.4,-1.35,1303065000.0
2011-04-15,80.0,82.0,73.3,81.95,80.22477400439774,4093,40,328360.0,3671.0,89.69,8.7,1.95,1302805800.0
2011-04-13,79.5,79.5,78.0,79.5,79.3,750,5,59475.0,750.0,100.0,1.5,0.0,1302633000.0
2011-04-11,75.05,79.9,74.15,79.9,75.89051808406646,1023,10,77636.0,823.0,80.45,5.75,4.85,1302460200.0
2011-04-08,80.1,80.1,76.3,77.95,78.6415300546448,915,16,71957.0,815.0,89.07,3.8,-2.15,1302201000.0
2011-04-07,78.4,83.45,78.4,83.0,81.98038461538461,2600,30,213149.0,2500.0,96.15,5.05,4.6,1302114600.0
2011-04-06,75.9,79.8,72.85,77.65,77.95233799428658,19953,76,1555383.0,15027.0,75.31,6.95,1.75,1302028200.0
2011-04-05,71.0,74.0,71.0,72.55,72.60518234165067,5210,10,378273.0,5210.0,100.0,3.0,1.55,1301941800.0
2011-04-04,67.7,73.75,67.7,71.15,71.16438356164385,2190,16,155850.0,2140.0,97.72,6.05,3.45,1301855400.0
2011-04-01,71.0,74.9,70.95,74.5,71.79318504495977,2113,21,151699.0,2059.0,97.44,3.95,3.5,1301596200.0
2011-03-31,68.0,71.95,68.0,68.85,68.72699386503068,652,7,44810.0,651.0,99.85,3.95,0.85,1301509800.0
2011-03-30,70.0,72.0,70.0,70.95,70.46542553191489,376,6,26495.0,365.0,97.07,2.0,0.95,1301423400.0
2011-03-29,68.75,71.2,66.2,69.9,69.38349256900212,3768,26,261437.0,3459.0,91.8,5.0,1.15,1301337000.0
2011-03-28,67.0,70.0,65.0,68.1,67.64238803247287,21926,36,1483127.0,20210.0,92.17,5.0,1.1,1301250600.0
2011-03-25,65.15,68.0,65.15,67.95,65.82692307692308,260,5,17115.0,260.0,100.0,2.85,2.8,1300991400.0
2011-03-24,63.55,68.4,63.55,66.5,65.63607594936708,316,5,20741.0,116.0,36.71,4.85,2.95,1300905000.0
2011-03-23,63.0,63.3,63.0,63.3,63.20194174757282,1545,6,97647.0,1500.0,97.09,0.3,0.3,1300818600.0
2011-03-22,63.05,63.3,63.05,63.3,63.221538461538465,325,3,20547.0,325.0,100.0,0.25,0.25,1300732200.0
2011-03-21,64.0,64.0,64.0,64.0,64.0,1348,6,86272.0,1348.0,100.0,0.0,0.0,1300645800.0
2011-03-17,65.0,68.8,65.0,65.0,65.01429005776832,6578,9,427664.0,6578.0,100.0,3.8,0.0,1300300200.0
2011-03-16,68.0,68.5,63.5,65.3,65.9670390443535,9041,13,596408.0,3036.0,33.58,5.0,-2.7,1300213800.0
2011-03-15,65.5,68.85,65.0,68.85,66.14222222222223,1350,6,89292.0,1350.0,100.0,3.85,3.35,1300127400.0
2011-03-14,65.0,68.8,65.0,67.8,65.4136460554371,469,7,30679.0,450.0,95.95,3.8,2.8,1300041000.0
2011-03-11,64.15,69.35,64.15,69.35,65.01666666666667,60,2,3901.0,50.0,83.33,5.2,5.2,1299781800.0
2011-03-10,64.25,66.1,64.25,66.1,65.4,80,2,5232.0,80.0,100.0,1.85,1.85,1299695400.0
2011-03-09,65.0,68.0,64.5,68.0,65.92410714285714,1344,16,88602.0,1343.0,99.93,3.5,3.0,1299609000.0
2011-03-08,63.0,65.7,63.0,65.6,64.95545454545456,2200,8,142902.0,2200.0,100.0,2.7,2.6,1299522600.0
2011-03-07,59.0,64.85,59.0,61.0,60.54068241469816,381,6,23066.0,381.0,100.0,5.85,2.0,1299436200.0
2011-03-04,62.0,62.0,62.0,62.0,62.0,300,3,18600.0,300.0,100.0,0.0,0.0,1299177000.0
2011-03-03,67.85,67.85,63.0,63.0,64.46461538461537,650,6,41902.0,650.0,100.0,4.85,-4.85,1299090600.0
2011-03-01,64.9,65.05,64.85,65.0,64.94146341463416,410,9,26626.0,410.0,100.0,0.2,0.1,1298917800.0
2011-02-25,60.0,65.8,59.85,64.9,60.91585760517799,309,8,18823.0,309.0,100.0,5.95,4.9,1298572200.0
2011-02-24,66.25,66.25,62.95,62.95,62.98019801980198,101,2,6361.0,101.0,100.0,3.3,-3.3,1298485800.0
2011-02-23,66.35,66.35,66.25,66.25,66.34653465346535,101,2,6701.0,101.0,100.0,0.1,-0.1,1298399400.0
2011-02-22,61.0,63.75,58.1,63.75,60.97291228070176,7125,16,434432.0,7125.0,100.0,5.65,2.75,1298313000.0
2011-02-21,64.15,65.0,60.95,60.95,64.56622222222222,1125,11,72637.0,1125.0,100.0,4.05,-3.2,1298226600.0
2011-02-18,64.15,64.15,64.15,64.15,64.15,200,4,12830.0,200.0,100.0,0.0,0.0,1297967400.0
2011-02-17,65.6,67.5,65.6,67.5,66.14285714285714,140,2,9260.0,140.0,100.0,1.9,1.9,1297881000.0
2011-02-16,68.95,68.95,68.95,68.95,68.0,1,1,68.0,1.0,100.0,0.0,0.0,1297794600.0
2011-02-15,69.8,69.8,63.25,66.35,63.619856887298745,1118,14,71127.0,1118.0,100.0,6.55,-3.45,1297708200.0
2011-02-14,66.5,66.55,66.45,66.55,66.53210010881392,919,5,61143.0,919.0,100.0,0.1,0.05,1297621800.0
2011-02-11,63.35,63.4,63.35,63.4,63.375,200,4,12675.0,200.0,100.0,0.05,0.05,1297362600.0
2011-02-10,63.05,63.05,60.6,60.6,61.13417190775681,477,13,29161.0,477.0,100.0,2.45,-2.45,1297276200.0
2011-02-09,66.0,66.0,63.55,63.75,63.82101167315175,1285,10,82010.0,1285.0,100.0,2.45,-2.25,1297189800.0
2011-02-08,66.0,71.95,66.0,66.85,66.90780141843972,1551,11,103774.0,1551.0,100.0,5.95,0.85,1297103400.0
2011-02-07,74.85,74.85,68.5,69.05,69.21964696853415,6515,20,450966.0,6515.0,100.0,6.35,-5.8,1297017000.0
2011-02-04,74.95,74.95,70.8,72.0,70.91076923076923,325,5,23046.0,325.0,100.0,4.15,-2.95,1296757800.0
2011-02-03,69.0,73.9,69.0,73.9,71.89500860585197,1162,7,83542.0,1162.0,100.0,4.9,4.9,1296671400.0
2011-02-02,72.0,72.1,68.75,72.1,69.78738317757009,428,7,29869.0,428.0,100.0,3.35,0.1,1296585000.0
2011-02-01,72.0,72.05,68.45,68.7,69.1776595744681,4700,11,325135.0,4700.0,100.0,3.6,-3.3,1296498600.0
2011-01-31,76.0,76.0,71.3,72.0,72.44459279038719,749,16,54261.0,749.0,100.0,4.7,-4.0,1296412200.0
2011-01-28,82.1,82.3,75.05,75.05,81.57946080170274,5638,59,459945.0,5638.0,100.0,7.25,-7.05,1296153000.0
2011-01-27,78.0,78.4,78.0,78.4,78.304,1250,16,97880.0,1250.0,100.0,0.4,0.4,1296066600.0
2011-01-25,74.0,74.7,70.35,74.7,74.5293284789644,4944,44,368473.0,4944.0,100.0,4.35,0.7,1295893800.0
2011-01-24,69.0,71.3,65.0,71.15,69.33941378235112,6414,40,444743.0,6414.0,100.0,6.3,2.15,1295807400.0
2011-01-21,66.0,68.7,66.0,67.95,68.38619575253924,4332,37,296249.0,4332.0,100.0,2.7,1.95,1295548200.0
2011-01-20,65.45,65.45,64.25,65.45,65.34487179487179,1560,14,101938.0,1560.0,100.0,1.2,0.0,1295461800.0
2011-01-19,62.35,63.3,57.3,62.35,60.45958230958231,8140,34,492141.0,8140.0,100.0,6.0,0.0,1295375400.0
2011-01-18,61.5,61.5,60.3,60.3,60.51526032315978,557,4,33707.0,557.0,100.0,1.2,-1.2,1295289000.0
2011-01-17,63.3,63.3,63.3,63.3,63.0,1,1,63.0,1.0,100.0,0.0,0.0,1295202600.0
2011-01-14,65.95,65.95,60.0,60.35,60.338912133891206,239,12,14421.0,239.0,100.0,5.95,-5.6,1294943400.0
2011-01-13,60.15,63.0,60.15,63.0,61.24245810055866,895,15,54812.0,895.0,100.0,2.85,2.85,1294857000.0
2011-01-12,61.0,63.0,57.1,62.6,62.04821257362005,7301,25,453014.0,7301.0,100.0,5.9,1.6,1294770600.0
2011-01-11,62.9,63.0,60.0,60.0,61.02380952380952,840,12,51260.0,840.0,100.0,3.0,-2.9,1294684200.0
2011-01-10,65.0,65.0,60.0,63.0,60.34510169398608,18241,23,1100755.0,18241.0,100.0,5.0,-2.0,1294597800.0
2011-01-07,67.7,67.7,62.6,62.6,62.725,40,3,2509.0,40.0,100.0,5.1,-5.1,1294338600.0
2011-01-06,65.5,65.5,64.5,65.0,65.07941403238242,2594,21,168816.0,2594.0,100.0,1.0,-0.5,1294252200.0
2011-01-05,63.0,65.75,61.7,65.45,65.12641473239977,5213,35,339504.0,5213.0,100.0,4.05,2.45,1294165800.0
2011-01-04,60.0,62.7,60.0,62.65,62.25132914451426,2069,22,128798.0,2069.0,100.0,2.7,2.65,1294079400.0
2011-01-03,63.0,63.0,58.55,59.75,58.67063492063492,252,5,14785.0,252.0,100.0,4.45,-3.25,1293993000.0
2010-12-31,60.9,60.9,58.0,60.9,58.15042372881356,472,11,27447.0,472.0,100.0,2.9,0.0,1293733800.0
2010-12-30,60.0,60.6,58.0,58.0,60.175,1200,7,72210.0,1200.0,100.0,2.6,-2.0,1293647400.0
2010-12-29,55.0,57.75,55.0,57.75,57.49375520399666,1201,9,69050.0,1201.0,100.0,2.75,2.75,1293561000.0
2010-12-28,53.1,57.0,53.1,55.0,54.782764811490125,557,7,30514.0,557.0,100.0,3.9,1.9,1293474600.0
2010-12-27,59.0,59.0,55.0,55.0,57.0,2,2,114.0,2.0,100.0,4.0,-4.0,1293388200.0
2010-12-24,59.5,61.5,57.0,57.0,58.888888888888886,18,3,1060.0,18.0,100.0,4.5,-2.5,1293129000.0
2010-12-23,57.6,59.5,57.6,58.6,58.57425742574257,1010,5,59160.0,1010.0,100.0,1.9,1.0,1293042600.0
2010-12-22,56.7,56.7,56.7,56.7,56.5,2,2,113.0,2.0,100.0,0.0,0.0,1292956200.0
2010-12-21,56.0,56.0,54.0,54.0,54.28336755646817,1461,9,79308.0,1461.0,100.0,2.0,-2.0,1292869800.0
2010-12-20,58.0,58.0,53.45,54.5,54.23989218328841,742,8,40246.0,742.0,100.0,4.55,-3.5,1292783400.0
2010-12-16,56.2,56.2,51.0,56.2,52.49716389690517,10049,15,527544.0,10049.0,100.0,5.2,0.0,1292437800.0
2010-12-15,51.0,53.55,51.0,53.55,51.34001323945357,16617,17,853117.0,16617.0,100.0,2.55,2.55,1292351400.0
2010-12-14,51.0,53.25,51.0,51.0,52.23727034120735,1905,19,99512.0,1905.0,100.0,2.25,0.0,1292265000.0
2010-12-13,51.0,53.0,50.0,50.75,50.32904148783977,699,8,35180.0,699.0,100.0,3.0,-0.25,1292178600.0
2010-12-10,53.95,53.95,52.0,52.0,52.003322259136205,301,3,15653.0,301.0,100.0,1.95,-1.95,1291919400.0
2010-12-09,52.25,54.0,51.95,52.0,52.161300813008125,6150,21,320792.0,6150.0,100.0,2.05,-0.25,1291833000.0
2010-12-08,55.05,59.4,54.65,54.65,54.92847910383456,2321,13,127489.0,2321.0,100.0,4.75,-0.4,1291746600.0
2010-12-07,57.55,57.55,57.5,57.5,57.525,400,2,23010.0,400.0,100.0,0.05,-0.05,1291660200.0
2010-12-06,62.35,62.35,57.15,57.35,57.37513116474292,1906,9,109357.0,1906.0,100.0,5.2,-5.0,1291573800.0
2010-12-03,63.7,63.7,60.15,60.15,61.00079554494829,1257,8,76678.0,1257.0,100.0,3.55,-3.55,1291314600.0
2010-12-02,61.7,61.7,58.05,61.0,61.33450859409432,2269,18,139168.0,2269.0,100.0,3.65,-0.7,1291228200.0
2010-12-01,56.0,59.85,56.0,58.8,57.798898071625345,363,9,20981.0,363.0,100.0,3.85,2.8,1291141800.0
2010-11-30,56.85,57.1,56.55,57.0,56.6525,800,10,45322.0,800.0,100.0,0.55,0.15,1291055400.0
2010-11-29,58.3,64.3,58.3,59.5,59.21459854014599,2055,18,121686.0,2055.0,100.0,6.0,1.2,1290969000.0
2010-11-26,64.0,65.95,61.35,61.35,61.737721021611,1018,13,62849.0,1018.0,100.0,4.6,-2.65,1290709800.0
2010-11-25,71.05,71.05,64.35,64.55,67.17557621537865,10326,57,693655.0,10326.0,100.0,6.7,-6.5,1290623400.0
2010-11-24,67.7,67.7,67.7,67.7,67.69987577639752,4025,27,272492.0,4025.0,100.0,0.0,0.0,1290537000.0
2010-11-23,64.45,64.5,64.45,64.5,64.49937954263429,16923,42,1091523.0,16923.0,100.0,0.05,0.05,1290450600.0
2010-11-22,61.05,61.45,60.95,61.45,61.37625754527162,4970,25,305040.0,4970.0,100.0,0.5,0.4,1290364200.0
2010-11-19,58.75,59.3,57.5,58.55,58.16209987195903,3905,16,227123.0,3905.0,100.0,1.8,-0.2,1290105000.0
2010-11-18,61.0,61.0,58.75,58.75,59.95297504798464,1042,10,62471.0,1042.0,100.0,2.25,-2.25,1290018600.0
2010-11-16,62.95,63.0,58.95,59.7,60.03287197231833,1156,24,69398.0,1156.0,100.0,4.05,-3.25,1289845800.0
2010-11-15,61.95,62.0,60.0,62.0,61.92854307264788,5038,50,311996.0,5038.0,100.0,2.0,0.05,1289759400.0
2010-11-12,63.4,63.4,59.0,59.05,59.503956391770714,5687,29,338399.0,5687.0,100.0,4.4,-4.35,1289500200.0
2010-11-11,65.7,65.7,61.05,62.1,63.72068328716528,2166,25,138019.0,2166.0,100.0,4.65,-3.6,1289413800.0
2010-11-10,65.0,65.1,62.5,63.2,64.48621877691644,4644,50,299474.0,4644.0,100.0,2.6,-1.8,1289327400.0
2010-11-09,60.0,62.0,59.5,62.0,61.738005050505045,4752,44,293379.0,4752.0,100.0,2.5,2.0,1289241000.0
2010-11-08,59.05,59.05,56.95,59.05,59.01431311099677,21379,87,1261667.0,21379.0,100.0,2.1,0.0,1289154600.0
2010-11-05,56.25,56.25,56.25,56.25,56.249869315211704,1913,12,107606.0,1913.0,100.0,0.0,0.0,1288895400.0
2010-11-04,53.6,53.6,53.6,53.6,53.59998318197107,11892,23,637411.0,11892.0,100.0,0.0,0.0,1288809000.0
2010-11-03,51.05,51.05,51.05,51.05,51.04984423676013,1284,14,65548.0,1284.0,100.0,0.0,0.0,1288722600.0
2010-11-02,48.65,48.65,48.65,48.65,48.64950166112957,602,6,29287.0,602.0,100.0,0.0,0.0,1288636200.0
2010-11-01,46.35,46.35,46.35,46.35,46.34952380952381,1050,10,48667.0,1050.0,100.0,0.0,0.0,1288549800.0
2010-10-29,46.1,46.65,44.15,44.15,44.48161764705882,272,5,12099.0,272.0,100.0,2.5,-1.95,1288290600.0
2010-10-28,47.9,47.9,44.4,44.5,45.09872029250457,547,8,24669.0,547.0,100.0,3.5,-3.4,1288204200.0
2010-10-27,44.05,46.5,44.05,46.5,44.06930693069307,101,2,4451.0,101.0,100.0,2.45,2.45,1288117800.0
2010-10-26,48.0,48.0,44.0,45.1,45.66766605166052,4336,20,198015.0,4336.0,100.0,4.0,-2.9,1288031400.0
2010-10-25,49.0,49.0,46.0,46.05,46.52676056338028,1065,14,49551.0,1065.0,100.0,3.0,-2.95,1287945000.0
2010-10-22,47.7,47.75,45.0,47.75,47.50067750677506,1476,18,70111.0,1476.0,100.0,2.75,0.05,1287685800.0
2010-10-21,44.0,45.5,44.0,45.5,44.57655677655678,1365,5,60847.0,1365.0,100.0,1.5,1.5,1287599400.0
2010-10-20,45.5,46.0,45.0,45.05,45.37848605577689,251,6,11390.0,251.0,100.0,1.0,-0.45,1287513000.0
2010-10-19,45.75,46.0,45.0,45.0,45.23658536585366,410,5,18547.0,410.0,100.0,1.0,-0.75,1287426600.0
2010-10-18,45.95,45.95,43.25,44.2,44.28340425531914,1175,7,52033.0,1175.0,100.0,2.7,-1.75,1287340200.0
2010-10-15,45.0,45.15,43.15,45.0,44.990264255910986,719,10,32348.0,719.0,100.0,2.0,0.0,1287081000.0
2010-10-14,44.0,45.6,43.0,43.0,43.51980198019802,1010,9,43955.0,1010.0,100.0,2.6,-1.0,1286994600.0
2010-10-13,44.0,46.5,44.0,44.0,44.628600823045275,1944,19,86758.0,1944.0,100.0,2.5,0.0,1286908200.0
2010-10-12,42.25,44.5,42.25,44.5,44.3314479638009,884,8,39189.0,884.0,100.0,2.25,2.25,1286821800.0
2010-10-11,46.25,46.25,44.0,44.45,44.4719512195122,820,9,36467.0,820.0,100.0,2.25,-1.8,1286735400.0
2010-10-08,47.8,47.8,44.0,44.25,44.44509803921569,510,12,22667.0,510.0,100.0,3.8,-3.55,1286476200.0
2010-10-07,44.2,46.0,44.0,46.0,44.160784313725486,510,6,22522.0,510.0,100.0,2.0,1.8,1286389800.0
2010-10-06,46.95,46.95,44.2,45.1,45.64305949008499,353,10,16112.0,353.0,100.0,2.75,-1.85,1286303400.0
2010-10-05,46.0,46.0,44.75,44.75,45.58888888888889,450,7,20515.0,450.0,100.0,1.25,-1.25,1286217000.0
2010-10-04,47.9,48.3,46.45,46.5,47.34099127845139,4701,27,222550.0,4701.0,100.0,1.85,-1.4,1286130600.0
2010-10-01,42.5,46.0,41.85,46.0,42.717318146518245,3863,25,165017.0,3863.0,100.0,4.15,3.5,1285871400.0
2010-09-30,45.25,45.25,43.75,44.0,44.16916666666666,1200,13,53003.0,1200.0,100.0,1.5,-1.25,1285785000.0
2010-09-29,48.35,48.5,46.0,46.0,48.468411552346566,3324,15,161109.0,3324.0,100.0,2.5,-2.35,1285698600.0
2010-09-28,47.0,47.0,46.2,46.2,46.55555555555556,450,4,20950.0,450.0,100.0,0.8,-0.8,1285612200.0
2010-09-27,52.4,52.4,47.5,48.2,47.97185430463576,604,9,28975.0,604.0,100.0,4.9,-4.2,1285525800.0
2010-09-24,50.9,50.9,46.55,49.95,49.76075183179357,3139,13,156199.0,3139.0,100.0,4.35,-0.95,1285266600.0
2010-09-23,50.4,50.4,48.5,48.5,48.55573770491803,610,6,29619.0,610.0,100.0,1.9,-1.9,1285180200.0
2010-09-22,51.4,51.4,50.0,50.4,50.49030067895247,2062,9,104111.0,2062.0,100.0,1.4,-1.0,1285093800.0
2010-09-21,48.3,50.4,48.3,49.5,48.751578947368415,475,5,23157.0,475.0,100.0,2.1,1.2,1285007400.0
2010-09-20,48.15,52.0,48.15,49.75,51.35177595628415,2928,22,150358.0,2928.0,100.0,3.85,1.6,1284921000.0
2010-09-17,49.25,51.6,47.5,50.5,50.95985936126575,3413,29,173926.0,3413.0,100.0,4.1,1.25,1284661800.0
2010-09-16,50.05,52.0,49.15,49.15,50.00589390962672,3563,19,178171.0,3563.0,100.0,2.85,-0.9,1284575400.0
2010-09-15,54.7,54.7,51.0,51.0,52.690217391304344,736,14,38780.0,736.0,100.0,3.7,-3.7,1284489000.0
2010-09-14,51.55,54.1,51.0,52.1,53.3221695317131,16870,100,899545.0,16870.0,100.0,3.1,0.55,1284402600.0
2010-09-13,49.5,51.55,49.5,51.55,51.28632558139535,5375,41,275664.0,5375.0,100.0,2.05,2.05,1284316200.0
2010-09-09,47.5,49.1,47.5,49.1,49.025565800502925,4772,39,233950.0,4772.0,100.0,1.6,1.6,1283970600.0
2010-09-08,46.7,46.8,43.75,46.8,46.57044410413476,1306,19,60821.0,1306.0,100.0,3.05,0.1,1283884200.0
2010-09-07,47.2,47.2,43.75,44.6,45.804,500,6,22902.0,500.0,100.0,3.45,-2.6,1283797800.0
2010-09-06,45.7,45.7,43.0,45.5,43.98136645962733,1932,17,84972.0,1932.0,100.0,2.7,-0.2,1283711400.0
2010-09-03,43.0,45.85,43.0,43.6,43.52941176470588,51,4,2220.0,51.0,100.0,2.85,0.6,1283452200.0
2010-09-02,45.0,46.0,44.0,44.0,45.17065556711759,961,18,43409.0,961.0,100.0,2.0,-1.0,1283365800.0
2010-09-01,45.95,45.95,42.15,45.9,42.78846153846153,104,6,4450.0,104.0,100.0,3.8,-0.05,1283279400.0
2010-08-30,47.8,47.8,43.3,44.05,43.765625,576,7,25209.0,576.0,100.0,4.5,-3.75,1283106600.0
2010-08-27,48.0,48.0,45.55,45.55,45.57142857142857,1036,12,47212.0,1036.0,100.0,2.45,-2.45,1282847400.0
2010-08-26,48.5,48.5,44.7,47.9,46.6972972972973,370,5,17278.0,370.0,100.0,3.8,-0.6,1282761000.0
2010-08-25,46.65,49.95,45.7,47.05,46.11416490486258,1419,17,65436.0,1419.0,100.0,4.25,0.4,1282674600.0
2010-08-24,46.5,48.5,46.1,48.1,47.461937203791464,6752,26,320463.0,6752.0,100.0,2.4,1.6,1282588200.0
2010-08-23,51.3,51.3,48.5,48.5,48.82936229852839,2854,21,139359.0,2854.0,100.0,2.8,-2.8,1282501800.0
2010-08-20,52.0,52.0,48.65,51.0,49.91425260718424,1726,5,86152.0,1726.0,100.0,3.35,-1.0,1282242600.0
2010-08-19,49.8,51.9,47.5,50.0,49.877192982456144,1254,21,62546.0,1200.0,95.69,4.4,0.2,1282156200.0
2010-08-18,50.4,50.5,48.0,48.1,48.702301790281325,1955,30,95213.0,1802.0,92.17,2.5,-2.3,1282069800.0
2010-08-17,47.0,49.95,47.0,49.2,48.75067750677506,1476,24,71956.0,1472.0,99.73,2.95,2.2,1281983400.0
2010-08-16,45.05,49.65,41.5,47.65,46.83807439824945,914,49,42810.0,586.0,64.11,8.15,2.6,1281897000.0
2010-08-13,50.75,51.7,50.0,50.3,50.798040910400466,3471,24,176320.0,3271.0,94.24,1.7,-0.45,1281637800.0
2010-08-12,51.0,52.0,51.0,51.5,51.211016949152544,1180,15,60429.0,1095.0,92.8,1.0,0.5,1281551400.0
2010-08-11,52.0,53.4,51.45,52.15,52.50700694265878,15556,123,816799.0,11915.0,76.59,1.95,0.15,1281465000.0
2010-08-10,52.1,53.7,51.0,52.05,52.08326568479648,17246,139,898228.0,12010.0,69.64,2.7,-0.05,1281378600.0
2010-08-09,47.05,52.85,47.0,51.75,51.36694991055456,13416,74,689139.0,6109.0,45.54,5.85,4.7,1281292200.0
2010-08-06,50.0,50.0,47.65,48.0,48.18317921620432,4542,52,218848.0,3602.0,79.3,2.35,-2.0,1281033000.0
2010-08-05,46.7,51.0,46.6,50.4,48.469988230678695,10196,65,494200.0,6173.0,60.54,4.4,3.7,1280946600.0
2010-08-04,48.75,50.0,46.35,47.75,48.07411404928944,5559,59,267244.0,4799.0,86.33,3.65,-1.0,1280860200.0
2010-08-03,50.0,52.4,50.0,51.55,51.40695271666464,8227,98,422925.0,5271.0,64.07,2.4,1.55,1280773800.0
2010-08-02,49.4,52.0,48.15,51.1,50.04821825427236,65245,470,3265396.0,27788.0,42.59,3.85,1.7,1280687400.0
2010-07-30,40.1,46.85,39.3,46.85,45.45449382365469,21129,182,960408.0,16042.0,75.92,7.55,6.75,1280428200.0
2010-07-29,41.5,41.5,39.05,39.05,40.07121212121212,3300,23,132235.0,2700.0,81.82,2.45,-2.45,1280341800.0
2010-07-28,39.0,42.0,38.9,40.35,39.7025776602776,6052,35,240280.0,857.0,14.16,3.1,1.35,1280255400.0
2010-07-27,38.05,39.35,38.05,39.15,39.00688599846978,1307,13,50982.0,1305.0,99.85,1.3,1.1,1280169000.0
2010-07-26,42.0,42.0,36.0,38.35,39.38400933761307,3427,30,134969.0,3192.0,93.14,6.0,-3.65,1280082600.0
2010-07-23,42.8,44.1,41.15,42.25,42.92642036634586,6442,26,276532.0,572.0,8.88,2.95,-0.55,1279823400.0
2010-07-22,40.9,42.9,40.6,41.25,41.3529126996934,6197,48,256264.0,1085.0,17.51,2.3,0.35,1279737000.0
2010-07-21,44.7,44.7,43.1,43.1,43.3285055957867,1519,14,65816.0,1494.0,98.35,1.6,-1.6,1279650600.0
2010-07-20,43.55,45.6,42.15,44.5,44.19828132066937,11055,38,488612.0,1945.0,17.59,3.45,0.95,1279564200.0
2010-07-19,41.7,44.95,40.6,44.0,42.83208536128791,5342,71,228809.0,4047.0,75.76,4.35,2.3,1279477800.0
2010-07-16,38.65,41.75,38.65,41.05,40.54391440035666,2243,25,90940.0,1853.0,82.61,3.1,2.4,1279218600.0
2010-07-15,40.0,40.0,38.5,38.65,39.0167980802194,2917,23,113812.0,1565.0,53.65,1.5,-1.35,1279132200.0
2010-07-14,42.0,42.0,40.0,40.2,40.924812030075195,6650,53,272150.0,5174.0,77.8,2.0,-1.8,1279045800.0
2010-07-13,45.95,45.95,41.3,42.15,42.792236598890945,18935,154,810271.0,10671.0,56.36,4.65,-3.8,1278959400.0
2010-07-12,35.4,42.65,35.0,42.65,41.58950331239488,29133,225,1211627.0,14749.0,50.63,7.65,7.25,1278873000.0
2010-07-09,33.8,35.8,33.75,35.55,34.82849604221636,758,16,26400.0,224.0,29.55,2.05,1.75,1278613800.0
2010-07-08,35.4,36.0,34.3,36.0,35.64986498649865,1111,8,39607.0,1111.0,100.0,1.7,0.6,1278527400.0
2010-07-07,33.5,35.45,33.5,35.4,34.64940239043825,251,5,8697.0,201.0,80.08,1.95,1.9,1278441000.0
2010-07-06,35.7,35.7,33.75,35.35,35.357142857142854,14,3,495.0,12.0,85.71,1.95,-0.35,1278354600.0
2010-07-05,35.0,35.5,34.0,34.0,34.27459016393443,1464,13,50178.0,1464.0,100.0,1.5,-1.0,1278268200.0
2010-07-02,36.0,36.0,34.15,34.65,35.10253164556962,2370,23,83193.0,1756.0,74.09,1.85,-1.35,1278009000.0
2010-07-01,36.5,36.5,34.15,36.15,34.82967032967033,364,8,12678.0,309.0,84.89,2.35,-0.35,1277922600.0
2010-06-30,35.0,36.25,35.0,35.05,35.03137254901961,255,3,8933.0,250.0,98.04,1.25,0.05,1277836200.0
2010-06-29,37.4,37.4,35.2,35.95,36.03054806828392,1113,8,40102.0,710.0,63.79,2.2,-1.45,1277749800.0
2010-06-28,36.0,36.55,36.0,36.45,36.31495468277946,1324,12,48081.0,1324.0,100.0,0.55,0.45,1277663400.0
2010-06-25,35.4,36.0,35.35,36.0,35.39043824701195,251,3,8883.0,250.0,99.6,0.65,0.6,1277404200.0
2010-06-24,33.3,37.2,33.3,36.2,35.657559534797855,5417,17,193157.0,211.0,3.9,3.9,2.9,1277317800.0
2010-06-23,33.1,36.7,33.1,35.25,35.31259484066768,659,13,23271.0,227.0,34.45,3.6,2.15,1277231400.0
2010-06-22,37.0,37.0,33.75,35.0,35.643902439024394,1640,14,58456.0,400.0,24.39,3.25,-2.0,1277145000.0
2010-06-21,38.4,38.4,35.1,36.35,37.41232227488152,422,17,15788.0,400.0,94.79,3.3,-2.05,1277058600.0
2010-06-18,38.4,38.4,34.8,36.3,36.76985981308411,856,12,31475.0,233.0,27.22,3.6,-2.1,1276799400.0
2010-06-17,36.0,36.0,34.6,34.6,35.8,350,5,12530.0,350.0,100.0,1.4,-1.4,1276713000.0
2010-06-16,37.5,37.5,36.15,37.1,36.29117647058824,340,8,12339.0,340.0,100.0,1.35,-0.4,1276626600.0
2010-06-15,37.1,38.7,36.1,38.0,37.234265734265726,572,10,21298.0,450.0,78.67,2.6,0.9,1276540200.0
2010-06-14,37.7,39.3,37.5,39.0,38.61458333333333,2304,13,88968.0,2303.0,99.96,1.8,1.3,1276453800.0
2010-06-11,36.0,39.75,36.0,36.5,36.68687782805429,3315,13,121617.0,2715.0,81.9,3.75,0.5,1276194600.0
2010-06-10,35.1,36.95,32.0,36.0,35.9584359160029,6905,37,248293.0,792.0,11.47,4.95,0.9,1276108200.0
2010-06-09,39.0,39.0,35.0,36.65,36.45064377682403,1165,6,42465.0,1165.0,100.0,4.0,-2.35,1276021800.0
2010-06-08,36.95,36.95,35.15,35.15,35.78,150,4,5367.0,150.0,100.0,1.8,-1.8,1275935400.0
2010-06-07,38.0,38.05,35.7,36.0,37.602034883720926,3440,14,129351.0,2440.0,70.93,2.35,-2.0,1275849000.0
2010-06-04,36.75,39.7,36.75,38.85,38.73598476835202,4727,21,183105.0,2704.0,57.2,2.95,2.1,1275589800.0
2010-06-03,37.05,40.0,37.05,38.2,39.05082448610797,4427,32,172878.0,2654.0,59.95,2.95,1.15,1275503400.0
2010-06-02,30.5,39.0,30.5,37.7,36.99204344531447,7918,65,292903.0,4727.0,59.7,8.5,7.2,1275417000.0
2010-06-01,34.65,37.4,32.0,35.9,34.893858171236026,13058,40,455644.0,7841.0,60.05,5.4,1.25,1275330600.0
2010-05-31,34.15,34.15,27.85,34.0,33.236988150592474,6667,37,221591.0,2943.0,44.14,6.3,-0.15,1275244200.0
2010-05-28,34.2,34.2,29.15,31.6,32.57894736842105,19,4,619.0,16.0,84.21,5.05,-2.6,1274985000.0
2010-05-27,29.15,31.9,29.15,30.9,29.353424657534248,365,9,10714.0,363.0,99.45,2.75,1.75,1274898600.0
2010-05-26,29.1,32.9,28.55,28.7,28.853156609696544,2867,30,82722.0,2492.0,86.92,4.35,-0.4,1274812200.0
2010-05-25,30.0,30.0,28.5,29.85,29.058883248730965,985,15,28623.0,940.0,95.43,1.5,-0.15,1274725800.0
2010-05-24,29.0,30.05,28.95,30.05,29.768627450980393,765,6,22773.0,565.0,73.86,1.1,1.05,1274639400.0
2010-05-21,31.0,31.0,30.0,30.15,30.226666666666663,225,4,6801.0,225.0,100.0,1.0,-0.85,1274380200.0
2010-05-20,32.0,32.0,30.7,31.5,31.645631067961165,1442,8,45633.0,1442.0,100.0,1.3,-0.5,1274293800.0
2010-05-19,37.2,37.2,30.5,33.6,33.430601092896175,915,12,30589.0,810.0,88.52,6.7,-3.6,1274207400.0
2010-05-18,32.5,35.95,31.05,31.05,32.24294431731502,2622,20,84541.0,2000.0,76.28,4.9,-1.45,1274121000.0
2010-05-17,33.0,34.0,33.0,34.0,33.958702064896755,339,7,11512.0,339.0,100.0,1.0,1.0,1274034600.0
2010-05-14,30.7,38.45,30.7,36.0,35.81961902293637,7717,71,276420.0,3118.0,40.4,7.75,5.3,1273775400.0
2010-05-13,30.5,34.8,29.6,32.45,32.870877061469265,10672,119,350798.0,6156.0,57.68,5.2,1.95,1273689000.0
2010-05-12,30.5,30.7,28.65,29.05,29.908589951377635,3085,15,92268.0,3055.0,99.03,2.05,-1.45,1273602600.0
2010-05-11,29.0,29.75,28.7,28.85,29.521844660194173,1236,5,36489.0,1218.0,98.54,1.05,-0.15,1273516200.0
2010-05-10,29.9,29.9,29.9,29.9,29.833333333333332,6,2,179.0,6.0,100.0,0.0,0.0,1273429800.0
2010-05-07,29.6,29.6,28.3,28.3,28.47058823529412,442,7,12584.0,442.0,100.0,1.3,-1.3,1273170600.0
2010-05-06,29.0,29.7,28.55,29.7,28.691764705882353,850,4,24388.0,850.0,100.0,1.15,0.7,1273084200.0
2010-05-05,29.3,29.4,28.1,29.0,29.142405063291136,1580,9,46045.0,1338.0,84.68,1.3,-0.3,1272997800.0
2010-05-04,30.0,30.0,29.25,29.25,29.6578231292517,1470,4,43597.0,800.0,54.42,0.75,-0.75,1272911400.0
2010-05-03,28.5,30.2,28.5,29.1,28.675213675213676,702,4,20130.0,700.0,99.72,1.7,0.6,1272825000.0
2010-04-30,29.2,30.25,29.15,30.05,29.9214501510574,662,9,19808.0,612.0,92.45,1.1,0.85,1272565800.0
2010-04-29,30.15,30.15,29.1,29.1,29.975,1200,3,35970.0,1200.0,100.0,1.05,-1.05,1272479400.0
2010-04-28,28.9,28.9,28.9,28.9,28.9,500,3,14450.0,500.0,100.0,0.0,0.0,1272393000.0
2010-04-27,29.45,29.45,29.4,29.4,29.408376963350783,573,3,16851.0,573.0,100.0,0.05,-0.05,1272306600.0
2010-04-26,30.0,31.0,29.75,30.5,30.643342036553523,1915,16,58682.0,1915.0,100.0,1.25,0.5,1272220200.0
2010-04-23,30.45,30.85,29.4,30.8,30.203595154357167,2559,21,77291.0,2341.0,91.48,1.45,0.35,1271961000.0
2010-04-22,29.9,31.65,29.1,29.25,30.058326937835766,2606,15,78332.0,726.0,27.86,2.55,-0.65,1271874600.0
2010-04-21,29.05,30.45,29.0,30.0,29.50668647845468,2692,15,79432.0,2592.0,96.29,1.45,0.95,1271788200.0
2010-04-20,28.35,30.1,28.35,30.1,29.38,250,4,7345.0,150.0,60.0,1.75,1.75,1271701800.0
2010-04-19,29.5,29.75,29.5,29.6,29.62,200,3,5924.0,200.0,100.0,0.25,0.1,1271615400.0
2010-04-16,29.95,30.15,29.55,29.7,29.725541125541124,1155,16,34333.0,1153.0,99.83,0.6,-0.25,1271356200.0
2010-04-15,28.65,30.0,28.65,29.55,29.83720930232558,1247,22,37207.0,1242.0,99.6,1.35,0.9,1271269800.0
2010-04-13,28.15,29.5,28.15,29.05,28.71296296296296,540,9,15505.0,400.0,74.07,1.35,0.9,1271097000.0
2010-04-12,29.5,29.5,28.65,28.65,28.97796817625459,817,3,23675.0,817.0,100.0,0.85,-0.85,1271010600.0
2010-04-09,28.45,29.15,28.0,28.15,28.269517990495586,2946,24,83282.0,2824.0,95.86,1.15,-0.3,1270751400.0
2010-04-08,28.0,29.5,27.8,28.45,28.30491329479769,6920,50,195870.0,4715.0,68.14,1.7,0.45,1270665000.0
2010-04-07,30.0,30.05,28.6,29.0,29.344993324432576,3745,39,109897.0,3400.0,90.79,1.45,-1.0,1270578600.0
2010-04-06,29.1,31.0,29.1,30.1,29.37799043062201,418,6,12280.0,300.0,71.77,1.9,1.0,1270492200.0
2010-04-05,30.75,30.8,30.75,30.8,30.795,200,4,6159.0,200.0,100.0,0.05,0.05,1270405800.0
2010-04-01,29.1,29.9,29.05,29.1,29.1691042047532,1094,13,31911.0,1091.0,99.73,0.85,0.0,1270060200.0
2010-03-31,32.0,32.0,30.0,30.95,31.035968028419184,4504,28,139786.0,4395.0,97.58,2.0,-1.05,1269973800.0
2010-03-30,29.05,30.8,29.0,29.9,29.968569364161848,11072,42,331812.0,4692.0,42.38,1.8,0.85,1269887400.0
2010-03-29,28.0,28.4,26.35,28.0,27.540697674418603,860,11,23685.0,660.0,76.74,2.05,0.0,1269801000.0
2010-03-26,28.0,28.15,26.75,28.15,27.68933333333333,750,8,20767.0,650.0,86.67,1.4,0.15,1269541800.0
2010-03-25,28.95,28.95,26.1,28.65,28.17834586466165,9975,12,281079.0,3975.0,39.85,2.85,-0.3,1269455400.0
2010-03-23,29.95,29.95,27.0,27.05,27.56093979441997,1362,18,37538.0,950.0,69.75,2.95,-2.9,1269282600.0
2010-03-22,29.25,29.25,29.0,29.0,29.12,50,2,1456.0,50.0,100.0,0.25,-0.25,1269196200.0
2010-03-19,25.7,29.7,25.7,27.9,28.569086651053865,4697,29,134189.0,1151.0,24.51,4.0,2.2,1268937000.0
2010-03-18,28.2,30.0,27.05,27.3,27.5568247821878,5165,46,142331.0,5099.0,98.72,2.95,-0.9,1268850600.0
2010-03-17,29.95,30.05,28.1,30.0,29.65447368421053,11400,14,338061.0,5300.0,46.49,1.95,0.05,1268764200.0
2010-03-16,27.75,27.75,27.75,27.75,27.744444444444444,90,1,2497.0,90.0,100.0,0.0,0.0,1268677800.0
2010-03-15,29.95,29.95,28.0,29.95,29.46,200,4,5892.0,150.0,75.0,1.95,0.0,1268591400.0
2010-03-12,31.7,31.7,26.25,28.55,28.319509556437072,2773,34,78530.0,2413.0,87.02,5.45,-3.15,1268332200.0
2010-03-11,30.0,30.0,29.1,29.1,29.355,600,7,17613.0,600.0,100.0,0.9,-0.9,1268245800.0
2010-03-10,29.15,31.95,29.15,31.85,31.322222222222223,270,12,8457.0,270.0,100.0,2.8,2.7,1268159400.0
2010-03-09,30.3,31.75,30.3,31.65,31.45726495726496,702,14,22083.0,702.0,100.0,1.45,1.35,1268073000.0
2010-03-08,29.1,30.3,29.0,30.3,29.49090909090909,385,6,11354.0,385.0,100.0,1.3,1.2,1267986600.0
2010-03-05,29.5,29.85,28.65,29.1,28.966824644549764,211,9,6112.0,105.0,49.76,1.2,-0.4,1267727400.0
2010-03-04,29.5,30.3,29.5,29.9,29.588405797101448,1035,19,30624.0,1000.0,96.62,0.8,0.4,1267641000.0
2010-03-03,30.6,30.6,29.0,29.0,29.222021660649816,3878,38,113323.0,3811.0,98.27,1.6,-1.6,1267554600.0
2010-03-02,30.45,30.5,30.45,30.5,30.4975,400,2,12199.0,400.0,100.0,0.05,0.05,1267468200.0
2010-02-26,29.9,30.45,29.9,30.45,30.35,300,4,9105.0,300.0,100.0,0.55,0.55,1267122600.0
2010-02-25,28.35,29.0,28.3,29.0,28.49618320610687,131,7,3733.0,130.0,99.24,0.7,0.65,1267036200.0
2010-02-24,28.8,28.8,28.8,28.8,28.8,15,3,432.0,10.0,66.67,0.0,0.0,1266949800.0
2010-02-23,30.2,30.25,30.2,30.25,30.23,100,2,3023.0,100.0,100.0,0.05,0.05,1266863400.0
2010-02-22,28.1,30.2,28.1,29.4,28.462857142857143,350,10,9962.0,200.0,57.14,2.1,1.3,1266777000.0
2010-02-19,31.05,31.05,28.4,29.3,28.87533692722372,1484,40,42851.0,1354.0,91.24,2.65,-1.75,1266517800.0
2010-02-18,30.3,30.5,29.85,29.85,30.19617224880383,209,10,6311.0,204.0,97.61,0.65,-0.45,1266431400.0
2010-02-17,32.0,32.0,31.4,31.4,31.659434582511505,1521,23,48154.0,1521.0,100.0,0.6,-0.6,1266345000.0
2010-02-16,33.15,33.15,32.9,33.0,32.98019801980198,202,4,6662.0,202.0,100.0,0.25,-0.15,1266258600.0
2010-02-15,31.75,32.45,31.7,32.45,32.076086956521735,184,6,5902.0,90.0,48.91,0.75,0.7,1266172200.0
2010-02-11,30.05,33.15,30.05,33.15,32.29142441860465,1376,17,44433.0,1125.0,81.76,3.1,3.1,1265826600.0
2010-02-10,30.6,31.9,29.05,31.6,30.61006289308176,318,15,9734.0,300.0,94.34,2.85,1.0,1265740200.0
2010-02-09,30.55,30.55,30.4,30.4,30.398671096345517,301,2,9150.0,301.0,100.0,0.15,-0.15,1265653800.0
2010-02-08,29.55,29.6,29.55,29.55,29.587692307692308,650,5,19232.0,650.0,100.0,0.05,0.0,1265567400.0
2010-02-05,31.75,31.75,30.9,30.9,31.064,125,2,3883.0,125.0,100.0,0.85,-0.85,1265308200.0
2010-02-04,31.3,31.5,31.25,31.5,31.285185185185185,810,19,25341.0,750.0,92.59,0.25,0.2,1265221800.0
2010-02-03,32.0,32.9,31.1,32.85,31.45,160,8,5032.0,155.0,96.88,1.8,0.85,1265135400.0
2010-02-02,30.55,32.8,30.55,32.5,32.23741007194245,139,10,4481.0,129.0,92.81,2.25,1.95,1265049000.0
2010-02-01,30.0,32.4,30.0,31.3,30.802777777777777,360,6,11089.0,260.0,72.22,2.4,1.3,1264962600.0
2010-01-28,30.75,31.0,30.3,31.0,30.757142857142856,350,13,10765.0,275.0,78.57,0.7,0.25,1264617000.0
2010-01-27,31.85,32.9,31.75,31.85,31.89655172413793,928,14,29600.0,878.0,94.61,1.15,0.0,1264530600.0
2010-01-25,33.45,33.45,33.3,33.3,33.35,60,4,2001.0,60.0,100.0,0.15,-0.15,1264357800.0
2010-01-22,33.3,34.85,32.8,34.6,34.4655894673848,1671,19,57592.0,1521.0,91.02,2.05,1.3,1264098600.0
2010-01-21,36.8,36.8,34.5,34.5,34.556603773584904,530,10,18315.0,528.0,99.62,2.3,-2.3,1264012200.0
2010-01-20,36.75,36.75,34.0,35.75,35.3728813559322,177,8,6261.0,175.0,98.87,2.75,-1.0,1263925800.0
2010-01-19,35.45,35.45,35.45,35.45,35.45,100,1,3545.0,100.0,100.0,0.0,0.0,1263839400.0
2010-01-18,36.0,37.6,34.85,35.0,35.34242709313264,1063,19,37569.0,968.0,91.06,2.75,-1.0,1263753000.0
2010-01-15,36.15,36.15,36.0,36.0,36.06134969325153,163,8,5878.0,162.0,99.39,0.15,-0.15,1263493800.0
2010-01-14,35.5,37.5,35.5,37.0,36.48367952522255,337,18,12295.0,321.0,95.25,2.0,1.5,1263407400.0
2010-01-13,34.2,36.95,34.2,36.95,36.33333333333333,6,2,218.0,6.0,100.0,2.75,2.75,1263321000.0
2010-01-12,34.85,36.75,34.85,35.45,35.40627843494085,2198,19,77823.0,1776.0,80.8,1.9,0.6,1263234600.0
2010-01-11,35.1,36.45,35.05,36.0,35.62488479262673,1085,18,38653.0,985.0,90.78,1.4,0.9,1263148200.0
2010-01-08,34.5,37.45,34.25,36.4,35.72025227750525,7135,46,254864.0,2588.0,36.27,3.2,1.9,1262889000.0
2010-01-07,35.15,37.0,35.15,36.0,36.16379880873593,3022,19,109287.0,1510.0,49.97,1.85,0.85,1262802600.0
2010-01-06,36.95,37.95,35.15,36.0,36.37933247753529,1558,18,56679.0,1552.0,99.61,2.8,-0.95,1262716200.0
2010-01-05,35.55,37.1,34.55,36.95,36.421931735657225,6885,39,250765.0,3458.0,50.23,2.55,1.4,1262629800.0
2010-01-04,36.9,36.9,35.25,35.35,36.18777292576419,458,15,16574.0,411.0,89.74,1.65,-1.55,1262543400.0
2009-12-31,33.85,36.0,33.6,35.2,35.029066802651705,1961,24,68692.0,1690.0,86.18,2.4,1.35,1262197800.0
2009-12-30,32.6,35.3,32.6,34.85,33.96000837520938,4776,47,162193.0,4326.0,90.58,2.7,2.25,1262111400.0
2009-12-29,32.75,34.35,32.75,33.65,33.511107706450126,6527,56,218727.0,4462.0,68.36,1.6,0.9,1262025000.0
2009-12-24,32.75,32.75,32.75,32.75,32.75,1080,6,35370.0,1080.0,100.0,0.0,0.0,1261593000.0
2009-12-23,31.2,31.2,31.2,31.2,31.2,1505,12,46956.0,1505.0,100.0,0.0,0.0,1261506600.0
2009-12-22,29.4,29.75,29.4,29.75,29.640993788819877,805,14,23861.0,805.0,100.0,0.35,0.35,1261420200.0
2009-12-21,28.2,28.35,28.2,28.35,28.24352567014993,2201,25,62164.0,2057.0,93.46,0.15,0.15,1261333800.0
2009-12-18,28.2,28.2,27.0,27.0,27.144915254237286,1180,16,32031.0,1050.0,88.98,1.2,-1.2,1261074600.0
2009-12-17,27.2,27.2,27.0,27.0,27.001940240589835,2577,12,69584.0,2577.0,100.0,0.2,-0.2,1260988200.0
2009-12-16,25.15,27.35,25.15,27.0,27.007042253521128,3124,22,84370.0,3092.0,98.98,2.2,1.85,1260901800.0
2009-12-15,28.15,28.15,26.0,26.05,26.6712,5000,23,133356.0,4900.0,98.0,2.15,-2.1,1260815400.0
2009-12-14,28.2,28.35,27.0,27.0,27.335721017907638,5305,36,145016.0,3700.0,69.75,1.35,-1.2,1260729000.0
2009-12-11,28.25,28.35,27.0,27.0,27.21321038765525,5314,31,144611.0,5180.0,97.48,1.35,-1.25,1260469800.0
2009-12-10,27.0,28.0,26.0,27.0,27.25761316872428,6075,20,165590.0,5975.0,98.35,2.0,0.0,1260383400.0
2009-12-09,27.9,28.3,27.0,27.0,27.283214285714283,2800,21,76393.0,2550.0,91.07,1.3,-0.9,1260297000.0
2009-12-08,28.2,28.3,27.0,27.0,27.182178217821782,2525,17,68635.0,2520.0,99.8,1.3,-1.2,1260210600.0
2009-12-07,25.85,28.4,25.8,27.0,26.748532731376972,4430,26,118496.0,4405.0,99.44,2.6,1.15,1260124200.0
2009-12-04,27.0,28.35,27.0,27.1,27.16613333333333,3750,27,101873.0,3750.0,100.0,1.35,0.1,1259865000.0
2009-12-03,27.0,27.5,26.5,27.0,27.064516129032256,3100,13,83900.0,3100.0,100.0,1.0,0.0,1259778600.0
2009-12-02,27.0,27.0,27.0,27.0,27.0,900,9,24300.0,900.0,100.0,0.0,0.0,1259692200.0
2009-12-01,27.2,28.0,26.0,28.0,27.133333333333333,750,4,20350.0,750.0,100.0,2.0,0.8,1259605800.0
2009-11-30,26.5,27.85,26.5,27.0,27.032101756511203,1651,9,44630.0,1651.0,100.0,1.35,0.5,1259519400.0
2009-11-27,27.0,28.35,26.55,26.55,27.1125,800,6,21690.0,700.0,87.5,1.8,-0.45,1259260200.0
2009-11-26,27.5,28.25,27.4,27.5,27.49358059914408,701,7,19273.0,699.0,99.71,0.85,0.0,1259173800.0
2009-11-25,27.0,28.8,27.0,28.8,27.35833333333333,1200,5,32830.0,1200.0,100.0,1.8,1.8,1259087400.0
2009-11-24,26.5,28.0,26.5,27.5,27.23497267759563,915,5,24920.0,915.0,100.0,1.5,1.0,1259001000.0
2009-11-23,27.0,27.0,27.0,27.0,27.0,1500,4,40500.0,1500.0,100.0,0.0,0.0,1258914600.0
2009-11-20,26.0,27.3,26.0,26.9,27.00983020554066,1119,12,30224.0,1019.0,91.06,1.3,0.9,1258655400.0
2009-11-19,27.0,28.35,26.5,27.0,26.773684210526316,1710,7,45783.0,1700.0,99.42,1.85,0.0,1258569000.0
2009-11-18,27.45,27.5,27.0,27.0,27.083194675540764,601,3,16277.0,601.0,100.0,0.5,-0.45,1258482600.0
2009-11-17,27.5,27.5,25.7,26.2,26.864634146341466,4100,21,110145.0,3900.0,95.12,1.8,-1.3,1258396200.0
2009-11-16,28.0,28.0,27.0,27.0,27.641003460207607,1156,3,31953.0,1156.0,100.0,1.0,-1.0,1258309800.0
2009-11-13,27.0,27.0,27.0,27.0,27.0,9,1,243.0,9.0,100.0,0.0,0.0,1258050600.0
2009-11-12,26.2,26.2,26.2,26.2,26.2,250,1,6550.0,250.0,100.0,0.0,0.0,1257964200.0
2009-11-11,26.7,28.0,26.7,27.5,27.172131147540984,1220,9,33150.0,1220.0,100.0,1.3,0.8,1257877800.0
2009-11-10,28.0,28.0,28.0,28.0,28.0,3000,4,84000.0,3000.0,100.0,0.0,0.0,1257791400.0
2009-11-09,28.0,28.05,28.0,28.0,28.0,2501,7,70028.0,2501.0,100.0,0.05,0.0,1257705000.0
2009-11-06,28.0,28.0,28.0,28.0,28.0,888,4,24864.0,888.0,100.0,0.0,0.0,1257445800.0
2009-11-05,26.15,27.5,26.15,27.5,26.814814814814813,2349,5,62988.0,2349.0,100.0,1.35,1.35,1257359400.0
2009-11-03,27.5,27.5,27.5,27.5,27.499029126213593,515,2,14162.0,515.0,100.0,0.0,0.0,1257186600.0
2009-10-30,27.5,27.5,27.5,27.5,27.5,344,1,9460.0,344.0,100.0,0.0,0.0,1256841000.0
2009-10-28,27.55,27.55,27.5,27.5,27.51,100,2,2751.0,100.0,100.0,0.05,-0.05,1256668200.0
2009-10-27,27.2,27.5,27.2,27.5,27.35,200,2,5470.0,200.0,100.0,0.3,0.3,1256581800.0
2009-10-26,27.35,27.35,27.2,27.2,27.26,500,4,13630.0,500.0,100.0,0.15,-0.15,1256495400.0
2009-10-23,27.5,27.6,27.5,27.6,27.566666666666663,300,2,8270.0,300.0,100.0,0.1,0.1,1256236200.0
2009-10-21,27.65,27.65,27.65,27.65,27.65,100,1,2765.0,100.0,100.0,0.0,0.0,1256063400.0
2009-10-16,28.6,28.6,28.6,28.6,28.594202898550723,138,1,3946.0,138.0,100.0,0.0,0.0,1255631400.0
2009-10-15,28.7,28.7,27.25,27.25,28.282857142857143,1050,8,29697.0,750.0,71.43,1.45,-1.45,1255545000.0
2009-10-14,29.0,30.15,27.35,27.35,29.185714285714283,420,5,12258.0,420.0,100.0,2.8,-1.65,1255458600.0
2009-10-08,29.0,31.75,28.75,28.75,28.895454545454545,220,3,6357.0,220.0,100.0,3.0,-0.25,1254940200.0
2009-10-06,28.1,30.25,28.1,30.25,28.2,210,2,5922.0,210.0,100.0,2.15,2.15,1254767400.0
2009-10-05,30.5,30.5,29.0,29.0,29.4,750,5,22050.0,750.0,100.0,1.5,-1.5,1254681000.0
2009-10-01,30.0,31.95,29.5,29.5,30.551,2000,10,61102.0,1834.0,91.7,2.45,-0.5,1254335400.0
2009-09-30,30.8,31.0,29.5,31.0,30.846836847946722,901,5,27793.0,901.0,100.0,1.5,0.2,1254249000.0
2009-09-29,30.65,31.05,30.65,30.75,30.738271604938273,810,7,24898.0,810.0,100.0,0.4,0.1,1254162600.0
2009-09-25,32.25,32.25,32.25,32.25,32.0,2,2,64.0,1.0,50.0,0.0,0.0,1253817000.0
2009-09-24,31.65,31.65,31.65,31.65,31.0,1,1,31.0,1.0,100.0,0.0,0.0,1253730600.0
2009-09-23,31.55,31.55,28.6,30.2,29.488614800759013,1054,12,31081.0,928.0,88.05,2.95,-1.35,1253644200.0
2009-09-22,31.0,31.0,30.0,30.05,30.21747211895911,2152,13,65028.0,2152.0,100.0,1.0,-0.95,1253557800.0
2009-09-18,32.25,32.25,31.0,31.0,31.00990099009901,101,2,3132.0,101.0,100.0,1.25,-1.25,1253212200.0
2009-09-17,33.55,33.55,30.45,30.8,31.947828257613576,4006,22,127983.0,3803.0,94.93,3.1,-2.75,1253125800.0
2009-09-16,32.0,32.85,32.0,32.0,32.0,196,4,6272.0,196.0,100.0,0.85,0.0,1253039400.0
2009-09-15,32.35,32.35,32.35,32.35,32.3,10,1,323.0,10.0,100.0,0.0,0.0,1252953000.0
2009-09-14,31.5,31.5,28.75,31.35,28.81168831168831,308,7,8874.0,301.0,97.73,2.75,-0.15,1252866600.0
2009-09-11,31.5,31.5,28.75,30.0,30.116153846153846,1300,7,39151.0,1300.0,100.0,2.75,-1.5,1252607400.0
2009-09-10,28.6,30.4,28.6,30.0,29.3825,2400,11,70518.0,2351.0,97.96,1.8,1.4,1252521000.0
2009-09-09,29.0,29.0,29.0,29.0,29.0,8,1,232.0,8.0,100.0,0.0,0.0,1252434600.0
2009-09-08,31.5,31.5,29.0,29.4,29.934043970686208,1501,6,44931.0,1501.0,100.0,2.5,-2.1,1252348200.0
2009-09-07,31.05,31.2,29.9,30.0,30.32436260623229,706,12,21409.0,706.0,100.0,1.3,-1.05,1252261800.0
2009-09-04,32.0,32.0,30.0,30.0,30.03921568627451,51,2,1532.0,51.0,100.0,2.0,-2.0,1252002600.0
2009-09-03,32.1,32.1,30.2,30.5,30.563636363636363,55,5,1681.0,50.0,90.91,1.9,-1.6,1251916200.0
2009-09-02,32.05,32.05,29.1,30.6,30.476269775187344,1201,9,36602.0,1201.0,100.0,2.95,-1.45,1251829800.0
2009-08-31,31.05,32.85,30.1,30.55,30.73051948051948,1540,15,47325.0,1499.0,97.34,2.75,-0.5,1251657000.0
2009-08-28,33.6,33.6,31.55,31.55,33.413636363636364,1100,9,36755.0,1100.0,100.0,2.05,-2.05,1251397800.0
2009-08-27,32.5,32.5,31.0,32.0,31.8001998001998,1001,6,31832.0,1001.0,100.0,1.5,-0.5,1251311400.0
2009-08-26,29.75,32.0,29.75,32.0,31.777951933124346,1914,7,60823.0,1814.0,94.78,2.25,2.25,1251225000.0
2009-08-25,30.5,30.5,30.5,30.5,30.5,500,1,15250.0,500.0,100.0,0.0,0.0,1251138600.0
2009-08-24,30.55,30.55,30.55,30.55,30.540816326530607,98,1,2993.0,98.0,100.0,0.0,0.0,1251052200.0
2009-08-21,30.5,30.5,30.5,30.5,30.0,1,1,30.0,1.0,100.0,0.0,0.0,1250793000.0
2009-08-20,30.0,31.0,29.2,29.25,29.98095238095238,1050,12,31480.0,1050.0,100.0,1.8,-0.75,1250706600.0
2009-08-18,30.45,30.45,30.45,30.45,30.45,100,1,3045.0,100.0,100.0,0.0,0.0,1250533800.0
2009-08-13,30.0,32.5,30.0,32.0,32.01294498381877,309,5,9892.0,309.0,100.0,2.5,2.0,1250101800.0
2009-08-11,31.0,31.0,31.0,31.0,31.0,125,3,3875.0,125.0,100.0,0.0,0.0,1249929000.0
2009-08-10,32.4,33.9,32.4,32.4,33.32098765432099,162,3,5398.0,162.0,100.0,1.5,0.0,1249842600.0
2009-08-07,29.45,32.4,29.4,32.4,29.424474187380497,3138,8,92334.0,3138.0,100.0,3.0,2.95,1249583400.0
2009-08-06,34.1,34.1,30.9,30.9,31.415652173913045,1725,5,54192.0,1725.0,100.0,3.2,-3.2,1249497000.0
2009-08-05,32.5,32.5,32.5,32.5,32.5,220,2,7150.0,220.0,100.0,0.0,0.0,1249410600.0
2009-08-04,30.0,32.0,30.0,32.0,31.818181818181817,1100,4,35000.0,1100.0,100.0,2.0,2.0,1249324200.0
2009-08-03,30.65,30.65,30.65,30.65,30.65,100,1,3065.0,100.0,100.0,0.0,0.0,1249237800.0
2009-07-31,30.0,32.55,30.0,30.6,30.181176470588237,425,9,12827.0,417.0,98.12,2.55,0.6,1248978600.0
2009-07-30,31.0,31.0,31.0,31.0,31.0,222,4,6882.0,222.0,100.0,0.0,0.0,1248892200.0
2009-07-29,33.0,33.0,32.35,32.35,32.53982300884956,339,2,11031.0,239.0,70.5,0.65,-0.65,1248805800.0
2009-07-24,32.0,34.0,31.55,34.0,32.607287449392715,247,4,8054.0,200.0,80.97,2.45,2.0,1248373800.0
2009-07-23,33.2,33.2,33.2,33.2,33.2,150,1,4980.0,150.0,100.0,0.0,0.0,1248287400.0
2009-07-21,33.9,33.9,33.9,33.9,33.9,200,2,6780.0,200.0,100.0,0.0,0.0,1248114600.0
2009-07-17,32.35,32.35,32.35,32.35,32.35,200,1,6470.0,200.0,100.0,0.0,0.0,1247769000.0
2009-07-10,34.0,34.0,34.0,34.0,34.0,50,1,1700.0,50.0,100.0,0.0,0.0,1247164200.0
2009-07-08,34.0,34.0,34.0,34.0,34.0,10,1,340.0,10.0,100.0,0.0,0.0,1246991400.0
2009-07-02,35.0,35.0,35.0,35.0,35.0,35,1,1225.0,35.0,100.0,0.0,0.0,1246473000.0
2009-07-01,37.0,37.0,37.0,37.0,37.0,100,1,3700.0,100.0,100.0,0.0,0.0,1246386600.0
2009-06-30,36.0,36.0,36.0,36.0,36.0,1109,7,39924.0,1109.0,100.0,0.0,0.0,1246300200.0
2009-06-26,35.25,35.45,35.25,35.45,35.4430501930502,1036,2,36719.0,1036.0,100.0,0.2,0.2,1245954600.0
2009-06-24,33.8,33.8,33.8,33.8,33.8,3630,4,122694.0,3630.0,100.0,0.0,0.0,1245781800.0
2009-06-23,33.8,33.8,33.8,33.8,33.5,2,1,67.0,2.0,100.0,0.0,0.0,1245695400.0
2009-06-22,34.0,34.0,34.0,34.0,34.0,11,2,374.0,11.0,100.0,0.0,0.0,1245609000.0
2009-06-18,34.25,35.95,34.25,35.75,34.26123614153887,15063,11,516077.0,15049.0,99.91,1.7,1.5,1245263400.0
2009-06-17,36.0,36.75,36.0,36.0,36.33117483811286,1081,6,39274.0,1081.0,100.0,0.75,0.0,1245177000.0
2009-06-16,34.9,35.9,34.9,35.9,34.983539094650205,1215,4,42505.0,1215.0,100.0,1.0,1.0,1245090600.0
2009-06-15,35.0,35.0,35.0,35.0,35.0,500,4,17500.0,500.0,100.0,0.0,0.0,1245004200.0
2009-06-12,34.7,34.7,34.7,34.7,34.699470899470896,945,7,32791.0,945.0,100.0,0.0,0.0,1244745000.0
2009-06-11,39.0,39.0,36.5,36.5,37.75,20,2,755.0,20.0,100.0,2.5,-2.5,1244658600.0
2009-06-10,37.3,37.3,37.3,37.3,37.2970297029703,101,2,3767.0,101.0,100.0,0.0,0.0,1244572200.0
2009-06-09,36.5,36.5,36.5,36.5,36.0,1,1,36.0,1.0,100.0,0.0,0.0,1244485800.0
2009-06-08,33.75,35.0,33.75,35.0,34.06,200,3,6812.0,100.0,50.0,1.25,1.25,1244399400.0
2009-06-05,35.5,35.5,35.5,35.5,35.5,50,1,1775.0,50.0,100.0,0.0,0.0,1244140200.0
2009-06-04,35.4,35.7,33.5,33.95,34.023696682464454,211,10,7179.0,186.0,88.15,2.2,-1.45,1244053800.0
2009-06-03,32.05,34.0,32.05,34.0,32.8444347063979,2282,18,74951.0,1781.0,78.05,1.95,1.95,1243967400.0
2009-06-02,32.5,32.5,32.5,32.5,32.5,400,2,13000.0,400.0,100.0,0.0,0.0,1243881000.0
2009-06-01,32.5,32.5,32.5,32.5,32.5,300,3,9750.0,300.0,100.0,0.0,0.0,1243794600.0
2009-05-29,33.45,33.45,33.45,33.45,33.44,50,2,1672.0,50.0,100.0,0.0,0.0,1243535400.0
2009-05-27,32.0,32.0,32.0,32.0,32.0,1050,3,33600.0,1050.0,100.0,0.0,0.0,1243362600.0
2009-05-26,31.55,31.6,31.55,31.55,31.555168408826944,861,6,27169.0,861.0,100.0,0.05,0.0,1243276200.0
2009-05-25,29.5,30.6,29.5,30.6,30.250793650793646,315,6,9529.0,315.0,100.0,1.1,1.1,1243189800.0
2009-05-22,29.5,29.55,29.5,29.5,29.5125,400,7,11805.0,400.0,100.0,0.05,0.0,1242930600.0
2009-05-21,31.0,31.0,30.5,31.0,30.669736842105262,760,8,23309.0,760.0,100.0,0.5,0.0,1242844200.0
2009-05-20,30.5,30.5,30.5,30.5,30.5,10,1,305.0,10.0,100.0,0.0,0.0,1242757800.0
2009-05-19,31.0,31.0,30.45,30.45,30.941071428571426,560,5,17327.0,560.0,100.0,0.55,-0.55,1242671400.0
2009-05-13,32.0,32.0,32.0,32.0,32.0,100,1,3200.0,100.0,100.0,0.0,0.0,1242153000.0
2009-05-12,33.4,33.4,33.4,33.4,33.4,100,2,3340.0,100.0,100.0,0.0,0.0,1242066600.0
2009-05-07,35.0,35.0,33.4,33.4,34.85480943738657,551,10,19205.0,551.0,100.0,1.6,-1.6,1241634600.0
2009-05-06,34.25,35.0,34.25,35.0,34.55,500,2,17275.0,300.0,60.0,0.75,0.75,1241548200.0
2009-05-05,32.6,36.0,32.6,36.0,34.86666666666667,600,8,20920.0,400.0,66.67,3.4,3.4,1241461800.0
2009-05-04,34.3,34.3,34.3,34.3,34.3,50,1,1715.0,50.0,100.0,0.0,0.0,1241375400.0
2009-04-29,34.25,34.25,34.25,34.25,34.24804177545692,383,4,13117.0,383.0,100.0,0.0,0.0,1240943400.0
2009-04-28,36.0,36.0,36.0,36.0,36.0,55,2,1980.0,55.0,100.0,0.0,0.0,1240857000.0
2009-04-23,34.5,34.5,34.45,34.45,34.45910780669145,538,3,18539.0,538.0,100.0,0.05,-0.05,1240425000.0
2009-04-22,36.25,36.25,36.25,36.25,36.0,3,2,108.0,3.0,100.0,0.0,0.0,1240338600.0
2009-04-21,36.25,36.25,36.25,36.25,36.24,50,1,1812.0,50.0,100.0,0.0,0.0,1240252200.0
2009-04-20,38.5,38.5,38.05,38.05,38.401041666666664,192,6,7373.0,192.0,100.0,0.45,-0.45,1240165800.0
2009-04-17,37.0,40.0,37.0,40.0,38.979166666666664,480,3,18710.0,480.0,100.0,3.0,3.0,1239906600.0
2009-04-16,40.0,40.0,38.5,38.5,39.24363636363636,825,7,32376.0,825.0,100.0,1.5,-1.5,1239820200.0
2009-04-15,44.0,44.0,40.35,40.5,41.8037037037037,270,9,11287.0,270.0,100.0,3.65,-3.5,1239733800.0
2009-04-13,42.4,42.4,42.4,42.4,42.4,10,1,424.0,10.0,100.0,0.0,0.0,1239561000.0
2009-04-08,40.5,40.5,40.5,40.5,40.499966543994645,14945,4,605272.0,14945.0,100.0,0.0,0.0,1239129000.0
2009-04-06,39.4,39.4,39.4,39.4,39.0,1,1,39.0,1.0,100.0,0.0,0.0,1238956200.0
2009-03-30,38.3,38.3,38.3,38.3,38.3,1300,3,49790.0,1300.0,100.0,0.0,0.0,1238351400.0
2009-03-27,38.5,39.0,38.5,39.0,38.776,1250,3,48470.0,1250.0,100.0,0.5,0.5,1238092200.0
2009-03-26,38.0,38.5,38.0,38.05,38.03346720214191,747,6,28411.0,747.0,100.0,0.5,0.05,1238005800.0
2009-03-25,37.0,38.0,37.0,37.95,37.5,2244,13,84150.0,2244.0,100.0,1.0,0.95,1237919400.0
2009-03-24,37.5,37.5,36.8,37.3,37.28651354534746,3396,14,126625.0,3396.0,100.0,0.7,-0.2,1237833000.0
2009-03-23,37.0,37.0,37.0,37.0,37.0,200,1,7400.0,200.0,100.0,0.0,0.0,1237746600.0
2009-03-20,37.3,37.5,37.3,37.3,37.39345029239767,4275,4,159857.0,4275.0,100.0,0.2,0.0,1237487400.0
2009-03-19,37.2,37.3,37.1,37.1,37.26410256410256,9750,10,363325.0,9750.0,100.0,0.2,-0.1,1237401000.0
2009-03-18,37.0,37.2,36.4,37.0,37.12412723041117,5156,10,191412.0,5156.0,100.0,0.8,0.0,1237314600.0
2009-03-17,36.6,37.0,36.25,37.0,36.65285154549412,11485,16,420958.0,11485.0,100.0,0.75,0.4,1237228200.0
2009-03-16,36.5,36.5,36.25,36.25,36.470467836257306,10260,11,374187.0,10260.0,100.0,0.25,-0.25,1237141800.0
2009-03-13,36.25,36.5,36.25,36.5,36.272795105208175,6701,10,243064.0,6701.0,100.0,0.25,0.25,1236882600.0
2009-03-12,36.0,36.25,36.0,36.0,36.151125401929264,7775,10,281075.0,7775.0,100.0,0.25,0.0,1236796200.0
2009-03-09,33.3,36.75,33.3,35.5,34.14,900,6,30726.0,800.0,88.89,3.45,2.2,1236537000.0
2009-03-06,35.1,35.1,34.0,35.05,34.91208791208791,455,7,15885.0,455.0,100.0,1.1,-0.05,1236277800.0
2009-03-05,33.0,34.0,31.0,33.5,33.30469798657718,1490,10,49624.0,1429.0,95.91,3.0,0.5,1236191400.0
2009-03-04,31.0,34.0,31.0,32.5,32.61882352941176,425,9,13863.0,374.0,88.0,3.0,1.5,1236105000.0
2009-03-03,32.45,32.5,32.45,32.5,32.48148148148148,135,2,4385.0,135.0,100.0,0.05,0.05,1236018600.0
2009-03-02,31.95,32.0,30.45,31.9,31.920508744038155,629,3,20078.0,629.0,100.0,1.55,-0.05,1235932200.0
2009-02-27,31.5,32.0,31.5,32.0,31.583333333333332,1200,4,37900.0,1200.0,100.0,0.5,0.5,1235673000.0
2009-02-26,31.5,32.8,31.5,32.8,31.776,1250,6,39720.0,1250.0,100.0,1.3,1.3,1235586600.0
2009-02-25,30.0,31.5,30.0,31.5,30.625,2000,4,61250.0,2000.0,100.0,1.5,1.5,1235500200.0
2009-02-24,30.5,30.5,30.5,30.5,30.5,1500,5,45750.0,1500.0,100.0,0.0,0.0,1235413800.0
2009-02-20,30.5,30.5,30.5,30.5,30.5,750,4,22875.0,750.0,100.0,0.0,0.0,1235068200.0
2009-02-19,30.0,30.0,29.8,30.0,29.989189189189187,1850,7,55480.0,1850.0,100.0,0.2,0.0,1234981800.0
2009-02-18,29.8,29.8,29.8,29.8,29.8,50,1,1490.0,50.0,100.0,0.0,0.0,1234895400.0
2009-02-17,31.35,31.35,31.35,31.35,31.34,50,1,1567.0,50.0,100.0,0.0,0.0,1234809000.0
2009-02-16,32.5,33.0,32.5,32.95,32.979166666666664,2400,5,79150.0,2400.0,100.0,0.5,0.45,1234722600.0
2009-02-13,33.0,33.0,33.0,33.0,33.0,2233,8,73689.0,2233.0,100.0,0.0,0.0,1234463400.0
2009-02-12,33.0,34.0,33.0,33.0,33.05263157894737,1900,5,62800.0,1900.0,100.0,1.0,0.0,1234377000.0
2009-02-10,33.9,34.45,33.0,33.0,33.53913043478261,1150,15,38570.0,1050.0,91.3,1.45,-0.9,1234204200.0
2009-02-09,32.95,33.0,32.0,33.0,32.449586776859505,1210,10,39264.0,1210.0,100.0,1.0,0.05,1234117800.0
2009-02-06,31.0,31.5,31.0,31.5,31.33684210526316,950,8,29770.0,950.0,100.0,0.5,0.5,1233858600.0
2009-02-05,31.85,31.85,30.5,30.5,30.56221198156682,1085,6,33160.0,1085.0,100.0,1.35,-1.35,1233772200.0
2009-02-04,29.0,30.4,29.0,30.4,29.155555555555555,450,2,13120.0,450.0,100.0,1.4,1.4,1233685800.0
2009-02-03,29.0,30.0,29.0,29.0,29.19238168526356,2599,9,75871.0,2599.0,100.0,1.0,0.0,1233599400.0
2009-02-02,29.0,30.0,29.0,29.0,29.25,2000,4,58500.0,2000.0,100.0,1.0,0.0,1233513000.0
2009-01-30,27.2,29.4,27.1,29.4,27.354267770482444,3503,12,95822.0,3403.0,97.15,2.3,2.2,1233253800.0
2009-01-29,28.9,28.9,28.0,28.0,28.15,1200,4,33780.0,1200.0,100.0,0.9,-0.9,1233167400.0
2009-01-28,26.55,28.85,26.55,28.85,27.79237023139462,1599,5,44440.0,1599.0,100.0,2.3,2.3,1233081000.0
2009-01-27,27.5,27.5,27.5,27.5,27.5,628,4,17270.0,628.0,100.0,0.0,0.0,1232994600.0
2009-01-23,24.45,26.25,23.85,26.2,26.203980099502488,201,5,5267.0,199.0,99.0,2.4,1.75,1232649000.0
2009-01-22,25.0,25.0,25.0,25.0,25.0,110,2,2750.0,110.0,100.0,0.0,0.0,1232562600.0
2009-01-21,26.55,26.55,26.15,26.3,26.304,500,4,13152.0,500.0,100.0,0.4,-0.25,1232476200.0
2009-01-20,26.05,27.5,26.05,27.5,26.5,2,2,53.0,1.0,50.0,1.45,1.45,1232389800.0
2009-01-19,27.6,27.6,27.2,27.25,27.32934131736527,501,5,13692.0,500.0,99.8,0.4,-0.35,1232303400.0
2009-01-15,28.55,28.6,28.55,28.6,28.55,20,2,571.0,19.0,95.0,0.05,0.05,1231957800.0
2009-01-13,31.0,31.1,30.0,30.0,30.50461796809404,1191,12,36331.0,1191.0,100.0,1.1,-1.0,1231785000.0
2009-01-12,29.0,30.35,29.0,29.65,29.25941176470588,1700,8,49741.0,1700.0,100.0,1.35,0.65,1231698600.0
2009-01-09,29.05,29.05,29.0,29.0,29.00333333333333,300,3,8701.0,300.0,100.0,0.05,-0.05,1231439400.0
2009-01-07,29.5,29.5,29.5,29.5,29.5,4050,4,119475.0,4050.0,100.0,0.0,0.0,1231266600.0
2009-01-06,31.0,31.0,30.1,31.0,30.995520716685327,893,9,27679.0,893.0,100.0,0.9,0.0,1231180200.0
2009-01-05,29.0,31.0,29.0,30.9,30.187363834422655,1836,9,55424.0,1836.0,100.0,2.0,1.9,1231093800.0
2009-01-02,31.1,31.1,29.55,29.55,30.620503597122305,556,5,17025.0,556.0,100.0,1.55,-1.55,1230834600.0
2009-01-01,31.1,31.1,31.1,31.1,31.1,100,1,3110.0,100.0,100.0,0.0,0.0,1230748200.0
2008-12-31,31.0,31.85,31.0,31.6,31.607690374465943,3979,17,125767.0,3970.0,99.77,0.85,0.6,1230661800.0
2008-12-30,27.65,30.4,27.6,30.35,29.209084836339343,2994,26,87452.0,2282.0,76.22,2.8,2.7,1230575400.0
2008-12-29,28.5,29.0,28.3,29.0,28.734492753623186,1725,15,49567.0,1640.0,95.07,0.7,0.5,1230489000.0
2008-12-26,32.5,32.85,29.75,29.75,29.838463737729917,31479,71,939285.0,31360.0,99.62,3.1,-2.75,1230229800.0
2008-12-24,30.85,31.35,30.0,31.3,30.833973655323817,3644,29,112359.0,3627.0,99.53,1.35,0.45,1230057000.0
2008-12-23,29.0,29.9,28.0,29.9,29.20669363736668,2719,42,79413.0,2640.0,97.09,1.9,0.9,1229970600.0
2008-12-22,28.5,28.5,28.5,28.5,28.499248120300752,665,7,18952.0,665.0,100.0,0.0,0.0,1229884200.0
2008-12-19,27.0,27.15,26.6,27.15,27.074387151310226,1183,20,32029.0,1017.0,85.97,0.55,0.15,1229625000.0
2008-12-18,24.9,25.95,23.75,25.9,25.232178217821783,2020,37,50969.0,1874.0,92.77,2.2,1.0,1229538600.0
2008-12-17,22.7,24.75,22.7,24.75,24.336283185840706,1017,11,24750.0,816.0,80.24,2.05,2.05,1229452200.0
2008-12-16,24.2,24.35,23.6,23.6,24.152518978605933,1449,21,34997.0,1435.0,99.03,0.75,-0.6,1229365800.0
2008-12-15,23.4,23.5,22.0,23.2,22.981213872832367,1384,16,31806.0,1383.0,99.93,1.5,-0.2,1229279400.0
2008-12-12,22.0,22.45,22.0,22.0,22.001049317943338,2859,10,62901.0,2854.0,99.83,0.45,0.0,1229020200.0
2008-12-11,22.0,22.95,21.95,21.95,21.955561072492554,4028,31,88437.0,4022.0,99.85,1.0,-0.05,1228933800.0
2008-12-10,21.95,22.05,21.95,22.05,22.00061500615006,1626,9,35773.0,1626.0,100.0,0.1,0.1,1228847400.0
2008-12-08,21.7,21.7,20.05,20.05,21.545454545454543,110,3,2370.0,110.0,100.0,1.65,-1.65,1228674600.0
2008-12-05,19.0,19.85,19.0,19.8,19.722409909909906,1776,9,35027.0,1776.0,100.0,0.85,0.8,1228415400.0
2008-12-03,18.05,18.05,18.05,18.05,18.0,10,1,180.0,10.0,100.0,0.0,0.0,1228242600.0
2008-11-28,18.0,18.0,18.0,18.0,18.0,34,1,612.0,34.0,100.0,0.0,0.0,1227810600.0
2008-11-26,19.35,19.35,19.35,19.35,19.343434343434343,99,1,1915.0,99.0,100.0,0.0,0.0,1227637800.0
2008-11-25,17.7,17.7,17.7,17.7,17.69918699186992,123,1,2177.0,123.0,100.0,0.0,0.0,1227551400.0
2008-11-20,16.0,16.1,16.0,16.1,16.0,13,3,208.0,11.0,84.62,0.1,0.1,1227119400.0
2008-11-19,16.0,16.5,16.0,16.5,16.4983922829582,3110,4,51310.0,3110.0,100.0,0.5,0.5,1227033000.0
2008-11-18,16.95,17.95,16.5,16.5,16.503091190108194,1294,9,21355.0,1293.0,99.92,1.45,-0.45,1226946600.0
2008-11-17,18.5,19.9,18.2,18.3,18.350649350649352,1001,4,18369.0,1001.0,100.0,1.7,-0.2,1226860200.0
2008-11-14,18.65,19.9,18.65,19.9,19.152680652680647,858,8,16433.0,857.0,99.88,1.25,1.25,1226601000.0
2008-11-12,20.7,20.7,20.7,20.7,20.0,1,1,20.0,1.0,100.0,0.0,0.0,1226428200.0
2008-11-11,22.45,22.45,18.5,19.5,19.424107142857142,1120,17,21755.0,1100.0,98.21,3.95,-2.95,1226341800.0
2008-11-10,18.4,22.35,18.4,20.5,19.88050314465409,159,9,3161.0,102.0,64.15,3.95,2.1,1226255400.0
2008-11-07,21.4,21.4,20.4,20.4,20.9,200,2,4180.0,200.0,100.0,1.0,-1.0,1225996200.0
2008-11-06,20.4,20.4,20.4,20.4,20.4,400,6,8160.0,400.0,100.0,0.0,0.0,1225909800.0
2008-11-05,21.45,22.95,21.45,21.45,21.45373665480427,562,6,12057.0,562.0,100.0,1.5,0.0,1225823400.0
2008-11-04,24.8,24.8,22.55,22.55,22.788359788359788,756,15,17228.0,653.0,86.38,2.25,-2.25,1225737000.0
2008-11-03,23.7,23.7,23.7,23.7,23.7,1200,3,28440.0,1200.0,100.0,0.0,0.0,1225650600.0
2008-10-31,24.85,24.85,22.6,22.6,23.25,4,3,93.0,4.0,100.0,2.25,-2.25,1225391400.0
2008-10-29,23.75,23.75,23.75,23.75,23.5,2,1,47.0,2.0,100.0,0.0,0.0,1225218600.0
2008-10-27,25.0,26.9,24.75,24.95,24.933774834437088,453,7,11295.0,450.0,99.34,2.15,-0.05,1225045800.0
2008-10-24,25.9,25.9,25.9,25.9,25.0,1,1,25.0,1.0,100.0,0.0,0.0,1224786600.0
2008-10-23,26.85,26.9,26.85,26.85,26.884615384615383,52,3,1398.0,50.0,96.15,0.05,0.0,1224700200.0
2008-10-21,27.4,27.4,27.3,27.3,27.346153846153847,78,5,2133.0,49.0,62.82,0.1,-0.1,1224527400.0
2008-10-20,26.1,27.4,26.1,27.4,26.108910891089106,202,2,5274.0,202.0,100.0,1.3,1.3,1224441000.0
2008-10-17,26.4,26.4,26.4,26.4,26.0,1,1,26.0,1.0,100.0,0.0,0.0,1224181800.0
2008-10-16,28.2,28.2,26.95,26.95,27.214285714285715,28,6,762.0,24.0,85.71,1.25,-1.25,1224095400.0
2008-10-15,26.9,26.9,26.9,26.9,26.9,20,1,538.0,20.0,100.0,0.0,0.0,1224009000.0
2008-10-14,26.0,27.0,26.0,26.95,26.09760956175299,502,8,13101.0,502.0,100.0,1.0,0.95,1223922600.0
2008-10-13,25.95,26.0,25.95,25.95,25.948529411764703,136,5,3529.0,111.0,81.62,0.05,0.0,1223836200.0
2008-10-10,26.95,26.95,26.9,26.9,26.909090909090907,44,2,1184.0,22.0,50.0,0.05,-0.05,1223577000.0
2008-10-07,28.65,28.65,28.3,28.3,28.0,2,2,56.0,0.0,0.0,0.35,-0.35,1223317800.0
2008-10-06,27.5,27.5,26.2,27.35,26.448,125,8,3306.0,120.0,96.0,1.3,-0.15,1223231400.0
2008-10-03,25.45,27.85,25.45,27.55,25.519230769230766,52,3,1327.0,50.0,96.15,2.4,2.1,1222972200.0
2008-10-01,26.7,29.0,26.7,26.75,27.973684210526315,38,4,1063.0,29.0,76.32,2.3,0.05,1222799400.0
2008-09-30,29.0,29.0,28.05,28.05,28.5,2,2,57.0,1.0,50.0,0.95,-0.95,1222713000.0
2008-09-29,31.0,31.0,29.5,29.5,30.323529411764703,34,6,1031.0,18.0,52.94,1.5,-1.5,1222626600.0
2008-09-26,32.0,32.0,31.0,31.0,31.6,5,5,158.0,3.0,60.0,1.0,-1.0,1222367400.0
2008-09-25,33.0,33.0,29.9,30.9,30.047016274864376,2212,16,66464.0,2100.0,94.94,3.1,-2.1,1222281000.0
2008-09-24,32.35,32.35,29.4,31.45,29.820895522388057,268,11,7992.0,213.0,79.48,2.95,-0.9,1222194600.0
2008-09-23,28.45,31.05,28.45,30.9,28.928571428571427,1120,15,32400.0,1063.0,94.91,2.6,2.45,1222108200.0
2008-09-22,31.45,31.95,29.9,29.9,31.082142857142856,560,7,17406.0,559.0,99.82,2.05,-1.55,1222021800.0
2008-09-19,31.0,31.85,30.5,31.45,30.87550200803213,249,6,7688.0,156.0,62.65,1.35,0.45,1221762600.0
2008-09-18,33.45,33.45,31.5,32.0,32.25373134328358,67,13,2161.0,50.0,74.63,1.95,-1.45,1221676200.0
2008-09-17,33.65,33.65,32.1,32.1,32.151234567901234,648,20,20834.0,545.0,84.1,1.55,-1.55,1221589800.0
2008-09-16,33.8,33.8,33.0,33.75,33.43362831858407,226,15,7556.0,226.0,100.0,0.8,-0.05,1221503400.0
2008-09-15,35.6,35.6,32.4,32.55,32.47545582047685,713,13,23155.0,608.0,85.27,3.2,-3.05,1221417000.0
2008-09-12,37.0,37.0,34.0,34.1,34.111111111111114,1539,9,52497.0,1539.0,100.0,3.0,-2.9,1221157800.0
2008-09-11,38.0,38.0,34.45,35.55,35.63855421686747,1245,28,44370.0,1236.0,99.28,3.55,-2.45,1221071400.0
2008-09-10,35.75,36.35,34.2,36.25,36.01329373497384,7071,105,254650.0,6709.0,94.88,2.15,0.5,1220985000.0
2008-09-09,31.85,33.05,30.0,33.05,32.15906661916637,5614,43,180541.0,5577.0,99.34,3.05,1.2,1220898600.0
2008-09-08,31.7,31.7,30.0,30.05,30.15625,32,8,965.0,25.0,78.12,1.7,-1.65,1220812200.0
2008-09-05,30.35,30.35,29.05,29.05,29.4,5,4,147.0,1.0,20.0,1.3,-1.3,1220553000.0
2008-09-04,31.75,31.75,28.0,28.0,29.267175572519083,1048,19,30672.0,822.0,78.44,3.75,-3.75,1220466600.0
2008-09-02,26.35,30.8,26.35,28.95,29.358389261744968,745,17,21872.0,528.0,70.87,4.45,2.6,1220293800.0
2008-09-01,26.05,28.0,26.05,28.0,27.869565217391305,23,4,641.0,22.0,95.65,1.95,1.95,1220207400.0
2008-08-29,28.95,28.95,28.0,28.0,28.01190476190476,168,6,4706.0,168.0,100.0,0.95,-0.95,1219948200.0
2008-08-28,26.4,29.0,26.4,29.0,28.0,7,4,196.0,4.0,57.14,2.6,2.6,1219861800.0
2008-08-25,31.2,31.2,28.15,29.0,29.02803738317757,214,8,6212.0,214.0,100.0,3.05,-2.2,1219602600.0
2008-08-22,34.95,34.95,29.7,29.7,29.951020408163263,980,32,29352.0,929.0,94.8,5.25,-5.25,1219343400.0
2008-08-21,32.95,32.95,32.95,32.95,32.95,100,1,3295.0,100.0,100.0,0.0,0.0,1219257000.0
2008-08-20,32.35,32.35,28.25,30.0,30.285714285714285,7,7,212.0,0.0,0.0,4.1,-2.35,1219170600.0
2008-08-18,29.75,29.75,29.75,29.75,29.75,100,1,2975.0,100.0,100.0,0.0,0.0,1218997800.0
2008-08-14,28.0,29.0,28.0,28.75,28.113402061855673,679,10,19089.0,673.0,99.12,1.0,0.75,1218652200.0
2008-08-13,30.1,32.95,27.05,27.45,28.283920094936708,10112,98,286007.0,8653.0,85.57,5.9,-2.65,1218565800.0
2008-08-12,30.5,30.5,30.0,30.0,30.106382978723403,94,2,2830.0,94.0,100.0,0.5,-0.5,1218479400.0
2008-08-11,34.75,34.75,33.0,33.15,33.114285714285714,35,6,1159.0,35.0,100.0,1.75,-1.6,1218393000.0
2008-08-08,35.5,35.8,32.5,32.5,35.14516129032258,124,8,4358.0,124.0,100.0,3.3,-3.0,1218133800.0
2008-08-07,33.65,35.45,33.65,35.45,33.86725663716814,452,7,15308.0,452.0,100.0,1.8,1.8,1218047400.0
2008-08-06,33.0,34.0,32.0,33.1,33.64312736443884,793,24,26679.0,761.0,95.96,2.0,0.1,1217961000.0
2008-08-05,32.0,33.0,32.0,33.0,32.5,200,2,6500.0,200.0,100.0,1.0,1.0,1217874600.0
2008-08-04,33.0,33.2,31.8,33.1,32.56460674157304,1068,35,34779.0,725.0,67.88,1.4,0.1,1217788200.0
2008-08-01,34.0,34.0,33.05,33.05,33.33333333333333,3,3,100.0,1.0,33.33,0.95,-0.95,1217529000.0
2008-07-31,34.0,34.0,32.0,32.75,32.18798043326345,1431,15,46061.0,1410.0,98.53,2.0,-1.25,1217442600.0
2008-07-30,32.0,32.0,31.05,31.05,31.98562300319489,1878,13,60069.0,1877.0,99.95,0.95,-0.95,1217356200.0
2008-07-29,35.6,35.6,29.45,30.05,30.984894259818727,331,16,10256.0,319.0,96.37,6.15,-5.55,1217269800.0
2008-07-28,36.2,36.2,32.6,32.6,33.08653846153846,104,8,3441.0,103.0,99.04,3.6,-3.6,1217183400.0
2008-07-24,33.85,33.9,32.75,33.0,33.03508771929825,171,8,5649.0,171.0,100.0,1.15,-0.85,1216837800.0
2008-07-23,32.45,37.15,32.4,32.4,32.45816733067729,502,9,16294.0,500.0,99.6,4.75,-0.05,1216751400.0
2008-07-22,35.9,35.9,35.9,35.9,35.9,10,1,359.0,10.0,100.0,0.0,0.0,1216665000.0
2008-07-21,35.0,35.0,34.8,34.8,34.82587064676617,201,5,7000.0,200.0,99.5,0.2,-0.2,1216578600.0
2008-07-18,35.9,35.9,32.45,35.65,33.34054054054054,370,6,12336.0,350.0,94.59,3.45,-0.25,1216319400.0
2008-07-17,36.85,36.85,36.0,36.0,36.33333333333333,3,3,109.0,2.0,66.67,0.85,-0.85,1216233000.0
2008-07-16,36.3,36.3,36.15,36.15,36.25,8,3,290.0,8.0,100.0,0.15,-0.15,1216146600.0
2008-07-14,36.0,36.0,33.1,33.1,33.291139240506325,79,8,2630.0,79.0,100.0,2.9,-2.9,1215973800.0
2008-07-11,37.85,37.85,34.5,36.0,34.52709359605912,203,4,7009.0,200.0,98.52,3.35,-1.85,1215714600.0
2008-07-10,35.5,38.15,35.0,36.5,35.522167487684726,203,4,7211.0,200.0,98.52,3.15,1.0,1215628200.0
2008-07-09,38.45,38.45,36.2,36.2,36.51851851851852,108,8,3944.0,100.0,92.59,2.25,-2.25,1215541800.0
2008-07-08,36.7,36.7,36.7,36.7,36.7,100,1,3670.0,100.0,100.0,0.0,0.0,1215455400.0
2008-07-07,33.0,36.0,33.0,36.0,33.88805970149254,804,5,27246.0,803.0,99.88,3.0,3.0,1215369000.0
2008-07-04,33.1,33.1,33.1,33.1,33.0,1,1,33.0,1.0,100.0,0.0,0.0,1215109800.0
2008-07-03,33.5,33.75,31.7,31.7,31.910211267605636,568,7,18125.0,560.0,98.59,2.05,-1.8,1215023400.0
2008-07-02,33.35,33.35,33.35,33.35,33.348,250,3,8337.0,250.0,100.0,0.0,0.0,1214937000.0
2008-07-01,32.65,35.6,32.65,33.5,33.42209631728045,706,14,23596.0,600.0,84.99,2.95,0.85,1214850600.0
2008-06-30,36.1,37.3,34.25,34.3,34.5855421686747,830,17,28706.0,705.0,84.94,3.05,-1.8,1214764200.0
2008-06-27,38.65,38.65,36.0,36.0,36.581395348837205,43,7,1573.0,43.0,100.0,2.65,-2.65,1214505000.0
2008-06-26,38.95,38.95,36.5,37.85,38.25,56,9,2142.0,25.0,44.64,2.45,-1.1,1214418600.0
2008-06-25,36.0,37.25,36.0,37.25,36.645454545454555,550,7,20155.0,500.0,90.91,1.25,1.25,1214332200.0
2008-06-24,34.0,36.5,34.0,35.5,34.405797101449274,690,6,23740.0,670.0,97.1,2.5,1.5,1214245800.0
2008-06-23,35.9,35.9,35.1,35.1,35.11702127659574,2350,11,82525.0,2350.0,100.0,0.8,-0.8,1214159400.0
2008-06-20,36.9,36.9,36.9,36.9,36.9,650,2,23985.0,650.0,100.0,0.0,0.0,1213900200.0
2008-06-19,37.0,37.0,36.9,36.95,36.96663489037178,1049,3,38778.0,1049.0,100.0,0.1,-0.05,1213813800.0
2008-06-18,37.0,37.0,37.0,37.0,37.0,290,3,10730.0,290.0,100.0,0.0,0.0,1213727400.0
2008-06-17,35.7,36.4,35.7,36.3,35.751666666666665,1200,6,42902.0,1100.0,91.67,0.7,0.6,1213641000.0
2008-06-16,36.85,37.9,36.85,37.5,36.90909090909091,22,3,812.0,20.0,90.91,1.05,0.65,1213554600.0
2008-06-13,36.8,36.85,36.8,36.85,36.809338521400775,514,3,18920.0,514.0,100.0,0.05,0.05,1213295400.0
2008-06-11,35.35,37.0,35.0,35.15,35.28333333333333,600,7,21170.0,500.0,83.33,2.0,-0.2,1213122600.0
2008-06-10,36.5,36.5,36.5,36.5,36.5,154,1,5621.0,154.0,100.0,0.0,0.0,1213036200.0
2008-06-09,37.5,38.85,35.65,36.8,37.55795148247977,742,19,27868.0,676.0,91.11,3.2,-0.7,1212949800.0
2008-06-06,38.95,38.95,37.0,37.0,37.402706185567006,3104,27,116098.0,3004.0,96.78,1.95,-1.95,1212690600.0
2008-06-05,37.0,37.5,37.0,37.5,37.25,100,2,3725.0,100.0,100.0,0.5,0.5,1212604200.0
2008-06-04,38.0,39.0,38.0,38.2,38.1708984375,1024,14,39087.0,1024.0,100.0,1.0,0.2,1212517800.0
2008-06-03,38.9,38.9,35.25,38.5,36.19117647058824,816,34,29532.0,600.0,73.53,3.65,-0.4,1212431400.0
2008-06-02,38.0,38.05,37.1,37.1,37.41916167664671,835,15,31245.0,835.0,100.0,0.95,-0.9,1212345000.0
2008-05-30,37.8,40.85,37.8,39.0,38.237450199203195,1255,18,47988.0,1240.0,98.8,3.05,1.2,1212085800.0
2008-05-29,37.8,40.9,37.8,39.75,39.62926829268293,615,31,24372.0,592.0,96.26,3.1,1.95,1211999400.0
2008-05-28,37.25,39.7,37.25,39.7,38.83333333333333,6,6,233.0,1.0,16.67,2.45,2.45,1211913000.0
2008-05-26,38.5,39.8,37.3,38.0,38.64883720930233,860,12,33238.0,857.0,99.65,2.5,-0.5,1211740200.0
2008-05-23,39.0,39.0,39.0,39.0,39.0,425,6,16575.0,425.0,100.0,0.0,0.0,1211481000.0
2008-05-22,37.3,39.0,37.3,38.9,38.9533073929961,514,11,20022.0,511.0,99.42,1.7,1.6,1211394600.0
2008-05-21,39.0,39.0,38.0,38.9,38.565789473684205,1140,10,43965.0,1140.0,100.0,1.0,-0.1,1211308200.0
2008-05-20,40.75,41.0,39.0,39.0,39.24089635854342,357,15,14009.0,357.0,100.0,2.0,-1.75,1211221800.0
2008-05-16,41.05,41.05,39.15,39.85,40.783464566929126,254,14,10359.0,216.0,85.04,1.9,-1.2,1210876200.0
2008-05-15,37.75,41.65,37.75,39.85,38.58246073298429,764,26,29477.0,608.0,79.58,3.9,2.1,1210789800.0
2008-05-14,36.55,39.75,36.55,39.7,39.32629107981221,426,22,16753.0,400.0,93.9,3.2,3.15,1210703400.0
2008-05-13,39.4,39.5,37.55,38.05,38.26327769347496,1318,17,50431.0,1316.0,99.85,1.95,-1.35,1210617000.0
2008-05-12,36.05,38.0,36.05,37.65,36.7791771620487,3573,23,131412.0,3364.0,94.15,1.95,1.6,1210530600.0
2008-05-09,35.25,37.6,35.2,36.2,35.784625158831005,1574,22,56325.0,1558.0,98.98,2.4,0.95,1210271400.0
2008-05-08,37.0,37.45,35.5,35.85,36.66324200913242,876,25,32117.0,875.0,99.89,1.95,-1.15,1210185000.0
2008-05-07,39.75,40.0,37.1,37.35,38.01800720288115,833,25,31669.0,817.0,98.08,2.9,-2.4,1210098600.0
2008-05-06,40.9,40.9,38.15,39.0,39.72285067873303,884,40,35115.0,784.0,88.69,2.75,-1.9,1210012200.0
2008-05-05,40.85,40.85,39.0,39.0,39.44736842105263,38,6,1499.0,21.0,55.26,1.85,-1.85,1209925800.0
2008-05-02,39.5,39.5,39.0,39.0,39.471698113207545,212,4,8368.0,212.0,100.0,0.5,-0.5,1209666600.0
2008-04-30,38.0,39.45,38.0,39.2,38.685667752443,614,33,23753.0,524.0,85.34,1.45,1.2,1209493800.0
2008-04-29,39.4,39.45,36.95,38.0,37.87689848121503,1251,20,47384.0,1101.0,88.01,2.5,-1.4,1209407400.0
2008-04-28,38.7,38.85,38.7,38.85,38.7930174563591,401,8,15556.0,401.0,100.0,0.15,0.15,1209321000.0
2008-04-25,35.75,37.5,35.75,37.5,37.284892086330935,6950,26,259130.0,6640.0,95.54,1.75,1.75,1209061800.0
2008-04-24,36.85,36.85,35.75,35.75,35.80289855072464,1035,16,37056.0,1010.0,97.58,1.1,-1.1,1208975400.0
2008-04-23,35.1,35.1,33.85,35.1,35.0520998415214,5048,50,176943.0,4056.0,80.35,1.25,0.0,1208889000.0
2008-04-22,33.45,33.45,33.45,33.45,33.44857142857143,350,3,11707.0,350.0,100.0,0.0,0.0,1208802600.0
2008-04-21,31.9,31.9,31.9,31.9,31.8988603988604,702,5,22393.0,702.0,100.0,0.0,0.0,1208716200.0
2008-04-17,30.4,30.4,30.4,30.4,30.4,450,2,13680.0,450.0,100.0,0.0,0.0,1208370600.0
2008-04-16,26.2,27.65,26.2,27.65,27.58278145695364,302,11,8330.0,291.0,96.36,1.45,1.45,1208284200.0
2008-04-15,24.05,27.95,24.05,25.15,25.5,4,4,102.0,2.0,50.0,3.9,1.1,1208197800.0
2008-04-11,29.15,29.15,25.55,25.55,25.623846153846156,1300,12,33311.0,1300.0,100.0,3.6,-3.6,1207852200.0
2008-04-09,25.75,29.9,25.75,26.7,27.736517719568567,649,23,18001.0,575.0,88.6,4.15,0.95,1207679400.0
2008-04-08,24.35,29.65,24.35,28.55,27.25,4,4,109.0,0.0,0.0,5.3,4.2,1207593000.0
2008-04-07,27.0,27.0,27.0,27.0,27.0,100,1,2700.0,100.0,100.0,0.0,0.0,1207506600.0
2008-04-04,23.65,26.0,23.65,26.0,24.58,50,3,1229.0,40.0,80.0,2.35,2.35,1207247400.0
2008-04-02,26.0,26.0,26.0,26.0,26.0,100,1,2600.0,100.0,100.0,0.0,0.0,1207074600.0
2008-04-01,24.5,26.4,24.5,26.4,24.711111111111112,225,4,5560.0,200.0,88.89,1.9,1.9,1206988200.0
2008-03-31,23.0,24.25,23.0,24.25,23.137777777777774,225,3,5206.0,200.0,88.89,1.25,1.25,1206901800.0
2008-03-28,21.15,23.1,21.15,22.05,22.167548500881836,1134,15,25138.0,1100.0,97.0,1.95,0.9,1206642600.0
2008-03-26,22.0,22.0,21.0,21.0,21.24137931034483,145,4,3080.0,145.0,100.0,1.0,-1.0,1206469800.0
2008-03-24,22.05,22.1,22.0,22.0,22.08755234107347,5254,6,116048.0,5254.0,100.0,0.1,-0.05,1206297000.0
2008-03-19,24.3,24.3,24.3,24.3,24.3,100,1,2430.0,100.0,100.0,0.0,0.0,1205865000.0
2008-03-18,25.0,25.05,25.0,25.05,25.045653761869975,2738,3,68575.0,2738.0,100.0,0.05,0.05,1205778600.0
2008-03-17,26.5,26.5,26.5,26.5,26.5,612,1,16218.0,612.0,100.0,0.0,0.0,1205692200.0
2008-03-14,26.5,26.5,26.5,26.5,26.5,200,2,5300.0,200.0,100.0,0.0,0.0,1205433000.0
2008-03-13,26.5,29.0,26.5,29.0,27.15406976744186,688,5,18682.0,688.0,100.0,2.5,2.5,1205346600.0
2008-03-12,27.0,27.0,27.0,27.0,27.0,2,1,54.0,2.0,100.0,0.0,0.0,1205260200.0
2008-03-11,27.5,27.5,24.9,27.5,26.401785714285715,112,5,2957.0,110.0,98.21,2.6,0.0,1205173800.0
2008-03-10,26.5,27.6,26.5,27.6,27.58452418757277,9447,5,260591.0,9447.0,100.0,1.1,1.1,1205087400.0
2008-03-07,27.0,27.0,26.4,26.4,26.504950495049503,606,6,16062.0,606.0,100.0,0.6,-0.6,1204828200.0
2008-03-05,27.5,27.5,27.5,27.5,27.49966688874084,1501,2,41277.0,1501.0,100.0,0.0,0.0,1204655400.0
2008-03-04,27.95,27.95,27.95,27.95,27.9,10,1,279.0,10.0,100.0,0.0,0.0,1204569000.0
2008-02-29,27.0,29.4,27.0,29.4,28.356521739130436,230,5,6522.0,55.0,23.91,2.4,2.4,1204223400.0
2008-02-28,28.2,28.2,28.0,28.0,28.07,100,2,2807.0,100.0,100.0,0.2,-0.2,1204137000.0
2008-02-26,29.0,29.0,28.2,28.2,28.280390107976316,2871,10,81193.0,2871.0,100.0,0.8,-0.8,1203964200.0
2008-02-25,29.75,29.75,29.65,29.65,29.657396449704144,6760,8,200484.0,6760.0,100.0,0.1,-0.1,1203877800.0
2008-02-22,31.25,31.25,31.0,31.2,31.240663900414937,6025,3,188225.0,6025.0,100.0,0.25,-0.05,1203618600.0
2008-02-21,31.05,31.25,31.0,31.25,31.119696969696967,6600,9,205390.0,6590.0,99.85,0.25,0.2,1203532200.0
2008-02-20,31.0,31.0,31.0,31.0,31.0,250,1,7750.0,250.0,100.0,0.0,0.0,1203445800.0
2008-02-19,30.5,31.5,30.5,31.5,31.08490566037736,106,6,3295.0,106.0,100.0,1.0,1.0,1203359400.0
2008-02-15,30.5,32.7,30.45,30.45,30.66181818181818,1100,10,33728.0,1100.0,100.0,2.25,-0.05,1203013800.0
2008-02-14,31.0,32.0,29.5,32.0,30.2375415282392,602,13,18203.0,583.0,96.84,2.5,1.0,1202927400.0
2008-02-13,31.0,31.0,31.0,31.0,31.0,100,2,3100.0,100.0,100.0,0.0,0.0,1202841000.0
2008-02-11,32.65,32.65,32.55,32.55,32.625504032258064,1984,8,64729.0,1984.0,100.0,0.1,-0.1,1202668200.0
2008-02-08,34.25,34.25,34.25,34.25,34.24701195219124,251,2,8596.0,251.0,100.0,0.0,0.0,1202409000.0
2008-02-07,36.25,38.85,36.0,36.05,36.27591706539074,1881,15,68235.0,1781.0,94.68,2.85,-0.2,1202322600.0
2008-02-06,37.0,37.8,35.25,37.6,36.7497975708502,1235,17,45386.0,1230.0,99.6,2.55,0.6,1202236200.0
2008-02-05,34.35,36.0,34.3,36.0,34.8,700,3,24360.0,700.0,100.0,1.7,1.65,1202149800.0
2008-02-04,35.0,36.0,34.1,35.0,34.77904400126622,3159,17,109867.0,2678.0,84.77,1.9,0.0,1202063400.0
2008-02-01,32.0,35.2,32.0,35.2,35.07798165137614,218,7,7647.0,218.0,100.0,3.2,3.2,1201804200.0
2008-01-31,33.05,35.6,33.05,33.55,34.09666080843585,1138,16,38802.0,1100.0,96.66,2.55,0.5,1201717800.0
2008-01-30,33.3,36.6,33.3,34.65,34.894444444444446,900,26,31405.0,756.0,84.0,3.3,1.35,1201631400.0
2008-01-29,36.0,37.0,34.9,34.9,35.59281437125748,1002,8,35664.0,1002.0,100.0,2.1,-1.1,1201545000.0
2008-01-28,40.0,40.0,36.55,36.6,38.97076023391813,171,5,6664.0,171.0,100.0,3.45,-3.4,1201458600.0
2008-01-25,37.25,41.1,37.2,38.45,37.46303724928367,1745,35,65373.0,1650.0,94.56,3.9,1.2,1201199400.0
2008-01-24,39.15,39.2,39.15,39.15,39.185792349726775,549,3,21513.0,549.0,100.0,0.05,0.0,1201113000.0
2008-01-23,43.8,43.8,41.2,41.2,41.33892355694228,2564,15,105993.0,2560.0,99.84,2.6,-2.6,1201026600.0
2008-01-21,43.4,45.5,43.35,43.35,43.48888888888889,180,7,7828.0,171.0,95.0,2.15,-0.05,1200853800.0
2008-01-18,47.2,47.2,45.6,45.6,46.62803738317757,535,8,24946.0,535.0,100.0,1.6,-1.6,1200594600.0
2008-01-17,47.0,49.5,47.0,47.9,48.05749522320653,5757,14,276667.0,5657.0,98.26,2.5,0.9,1200508200.0
2008-01-16,49.0,49.0,46.0,47.45,47.277872340425525,2350,15,111103.0,2350.0,100.0,3.0,-1.55,1200421800.0
2008-01-15,47.0,47.5,46.5,47.5,47.25,1100,7,51975.0,1100.0,100.0,1.0,0.5,1200335400.0
2008-01-14,47.25,49.0,47.25,48.0,47.39402375649592,5388,12,255359.0,5387.0,99.98,1.75,0.75,1200249000.0
2008-01-11,46.9,47.25,42.95,47.25,46.593280524446875,3661,33,170578.0,3361.0,91.81,4.3,0.35,1199989800.0
2008-01-10,47.0,47.0,45.0,45.0,46.81147540983607,6100,11,285550.0,6100.0,100.0,2.0,-2.0,1199903400.0
2008-01-09,45.0,46.9,44.5,46.9,45.852413793103445,1450,19,66486.0,1350.0,93.1,2.4,1.9,1199817000.0
2008-01-08,48.9,48.9,44.6,44.7,45.544493692465046,2933,34,133582.0,2521.0,85.95,4.3,-4.2,1199730600.0
2008-01-07,50.0,50.8,46.3,46.85,49.0234154218813,4954,30,242862.0,4854.0,97.98,4.5,-3.15,1199644200.0
2008-01-04,49.05,50.5,47.0,48.55,48.69379615952733,6770,34,329657.0,2270.0,33.53,3.5,-0.5,1199385000.0
2008-01-03,48.0,49.75,47.0,49.15,48.7349902261938,3581,22,174520.0,3181.0,88.83,2.75,1.15,1199298600.0
2008-01-02,48.1,50.2,48.1,49.35,49.38041527813381,3901,32,192633.0,3901.0,100.0,2.1,1.25,1199212200.0
2008-01-01,47.75,51.5,47.75,47.85,48.30795551753636,4676,44,225888.0,4325.0,92.49,3.75,0.1,1199125800.0
2007-12-31,48.0,50.25,48.0,50.25,50.09396581003057,8833,45,442480.0,8830.0,99.97,2.25,2.25,1199039400.0
2007-12-28,49.0,49.3,46.5,47.9,48.288702928870286,2151,16,103869.0,2151.0,100.0,2.8,-1.1,1198780200.0
2007-12-27,44.1,48.65,44.1,48.65,48.39294990723562,2695,33,130419.0,2443.0,90.65,4.55,4.55,1198693800.0
2007-12-26,46.35,48.0,46.35,46.35,47.07488986784141,227,7,10686.0,225.0,99.12,1.65,0.0,1198607400.0
2007-12-24,45.1,48.75,44.45,48.75,46.534523809523805,3360,19,156356.0,2960.0,88.1,4.3,3.65,1198434600.0
2007-12-20,48.0,48.0,46.0,46.75,46.990124740124735,3848,33,180818.0,3848.0,100.0,2.0,-1.25,1198089000.0
2007-12-19,47.35,49.7,47.35,48.15,49.24166219053665,20479,125,1008420.0,16711.0,81.6,2.35,0.8,1198002600.0
2007-12-18,43.5,47.35,43.0,47.35,46.568867924528305,4240,31,197452.0,3940.0,92.92,4.35,3.85,1197916200.0
2007-12-17,45.9,47.3,44.25,45.1,45.37460995237313,6089,30,276286.0,5609.0,92.12,3.05,-0.8,1197829800.0
2007-12-14,43.0,45.05,43.0,45.05,44.57242263321736,5461,25,243410.0,5456.0,99.91,2.05,2.05,1197570600.0
2007-12-13,41.0,42.95,41.0,42.95,42.76625,7200,26,307917.0,7200.0,100.0,1.95,1.95,1197484200.0
2007-12-12,44.7,44.7,40.5,40.95,41.64043715846994,12810,57,533414.0,11870.0,92.66,4.2,-3.75,1197397800.0
2007-12-11,41.25,42.6,41.25,42.6,42.43412438625205,2444,8,103709.0,2444.0,100.0,1.35,1.35,1197311400.0
2007-12-10,39.5,40.6,39.0,40.6,40.37982126058325,4252,29,171695.0,4140.0,97.37,1.6,1.1,1197225000.0
2007-12-07,37.5,38.7,37.1,38.7,38.31565579599716,9843,45,377141.0,9537.0,96.89,1.6,1.2,1196965800.0
2007-12-06,36.0,36.9,36.0,36.9,36.67538940809969,1605,12,58864.0,1605.0,100.0,0.9,0.9,1196879400.0
2007-12-05,37.5,37.5,34.15,35.9,35.2984,1250,17,44123.0,1035.0,82.8,3.35,-1.6,1196793000.0
2007-12-04,36.3,36.75,33.75,35.9,35.235326842837274,3595,14,126671.0,2984.0,83.0,3.0,-0.4,1196706600.0
2007-12-03,35.05,35.05,33.6,35.0,34.565,1800,12,62217.0,1800.0,100.0,1.45,-0.05,1196620200.0
2007-11-30,35.5,36.05,35.25,35.3,35.751672862453525,2690,32,96172.0,2690.0,100.0,0.8,-0.2,1196361000.0
2007-11-29,33.1,35.5,33.0,34.35,33.82120582120582,2405,15,81340.0,2405.0,100.0,2.5,1.25,1196274600.0
2007-11-28,33.1,34.75,33.05,34.5,33.439473684210526,1900,8,63535.0,1900.0,100.0,1.7,1.4,1196188200.0
2007-11-27,33.75,33.75,33.75,33.75,33.75,600,2,20250.0,600.0,100.0,0.0,0.0,1196101800.0
2007-11-26,35.5,35.5,35.5,35.5,35.5,600,4,21300.0,600.0,100.0,0.0,0.0,1196015400.0
2007-11-22,36.85,36.9,36.85,36.85,36.855,1000,5,36855.0,1000.0,100.0,0.05,0.0,1195669800.0
2007-11-21,34.25,35.25,34.25,35.2,34.698947368421045,475,4,16482.0,475.0,100.0,1.0,0.95,1195583400.0
2007-11-20,33.45,36.0,33.45,36.0,34.06559332140728,1677,13,57128.0,1677.0,100.0,2.55,2.55,1195497000.0
2007-11-19,36.0,36.0,34.0,35.0,35.0,420,4,14700.0,420.0,100.0,2.0,-1.0,1195410600.0
2007-11-16,33.55,37.0,33.55,34.5,35.93683060109289,4575,15,164411.0,4575.0,100.0,3.45,0.95,1195151400.0
2007-11-15,34.5,35.25,32.15,35.25,35.005147058823525,1360,13,47607.0,1360.0,100.0,3.1,0.75,1195065000.0
2007-11-14,33.5,33.6,33.0,33.6,33.195744680851064,470,6,15602.0,470.0,100.0,0.6,0.1,1194978600.0
2007-11-13,31.25,34.0,31.25,32.0,32.338587273788676,3426,17,110792.0,3426.0,100.0,2.75,0.75,1194892200.0
2007-11-12,34.0,34.0,32.5,32.5,32.92423428264374,1861,11,61272.0,1861.0,100.0,1.5,-1.5,1194805800.0
2007-11-09,34.0,34.0,34.0,34.0,34.0,100,1,3400.0,100.0,100.0,0.0,0.0,1194546600.0
2007-11-08,32.55,32.55,32.55,32.55,32.547892720306514,261,2,8495.0,261.0,100.0,0.0,0.0,1194460200.0
2007-11-07,33.6,33.6,30.75,31.0,31.07619047619048,1050,7,32630.0,1050.0,100.0,2.85,-2.6,1194373800.0
2007-11-06,31.0,33.5,31.0,32.0,31.553587245349867,1129,8,35624.0,1129.0,100.0,2.5,1.0,1194287400.0
2007-11-05,33.5,33.5,32.0,32.0,32.35055350553505,2710,11,87670.0,2710.0,100.0,1.5,-1.5,1194201000.0
2007-11-02,35.0,35.0,33.5,33.5,33.792866941015085,1458,7,49270.0,1458.0,100.0,1.5,-1.5,1193941800.0
2007-11-01,34.6,34.7,34.6,34.7,34.6875,400,4,13875.0,400.0,100.0,0.1,0.1,1193855400.0
2007-10-31,37.0,37.0,34.7,34.7,34.73770491803278,915,7,31785.0,915.0,100.0,2.3,-2.3,1193769000.0
2007-10-30,37.0,38.0,36.5,36.5,37.0,700,6,25900.0,700.0,100.0,1.5,-0.5,1193682600.0
2007-10-29,38.0,38.0,36.5,37.45,37.5615671641791,2680,15,100665.0,2680.0,100.0,1.5,-0.55,1193596200.0
2007-10-26,36.5,37.15,36.5,37.15,37.045798898071624,2904,11,107581.0,2904.0,100.0,0.65,0.65,1193337000.0
2007-10-25,35.5,35.5,35.0,35.4,35.4375,3200,10,113400.0,3200.0,100.0,0.5,-0.1,1193250600.0
2007-10-24,35.7,35.7,35.7,35.7,35.69860279441117,501,4,17885.0,501.0,100.0,0.0,0.0,1193164200.0
2007-10-23,35.8,35.8,34.0,34.0,34.521428571428565,700,3,24165.0,700.0,100.0,1.8,-1.8,1193077800.0
2007-10-22,31.0,34.1,31.0,34.1,33.89957264957265,4680,9,158650.0,4680.0,100.0,3.1,3.1,1192991400.0
2007-10-19,32.6,32.6,32.5,32.5,32.528888888888886,675,5,21957.0,675.0,100.0,0.1,-0.1,1192732200.0
2007-10-18,36.15,36.15,34.05,34.05,34.65095238095238,2100,15,72767.0,2100.0,100.0,2.1,-2.1,1192645800.0
2007-10-17,34.45,34.45,34.45,34.45,34.45,300,4,10335.0,300.0,100.0,0.0,0.0,1192559400.0
2007-10-16,38.0,38.0,36.25,36.25,36.29642857142857,1960,14,71141.0,1960.0,100.0,1.75,-1.75,1192473000.0
2007-10-15,40.0,40.0,37.5,38.15,38.78350515463917,970,11,37620.0,970.0,100.0,2.5,-1.85,1192386600.0
2007-10-12,41.0,41.9,39.0,39.0,40.06666666666666,1200,8,48080.0,1200.0,100.0,2.9,-2.0,1192127400.0
2007-10-11,43.95,43.95,41.0,41.0,41.59,500,4,20795.0,500.0,100.0,2.95,-2.95,1192041000.0
2007-10-10,42.1,43.0,42.0,43.0,42.245175936435864,881,17,37218.0,881.0,100.0,1.0,0.9,1191954600.0
2007-10-09,44.0,47.3,43.75,44.0,46.78926212031178,28609,40,1338594.0,28609.0,100.0,3.55,0.0,1191868200.0
2007-10-08,45.0,46.5,42.45,45.05,43.96661868531085,14589,50,641429.0,14589.0,100.0,4.05,0.05,1191781800.0
2007-10-05,45.0,46.0,42.8,44.65,45.00639053254437,8450,34,380304.0,8450.0,100.0,3.2,-0.35,1191522600.0
2007-10-04,44.6,45.95,44.6,45.0,44.83850391417801,3449,27,154648.0,3449.0,100.0,1.35,0.4,1191436200.0
2007-10-03,46.5,46.9,46.0,46.9,46.85670628183362,11780,33,551972.0,11780.0,100.0,0.9,0.4,1191349800.0
2007-10-01,42.5,44.7,42.5,44.7,44.40588499550764,22260,35,988475.0,22260.0,100.0,2.2,2.2,1191177000.0
2007-09-28,41.95,42.65,40.0,42.6,42.51445507487521,9616,51,408819.0,9616.0,100.0,2.65,0.65,1190917800.0
2007-09-27,40.65,40.65,39.5,40.65,40.40132596685083,4525,22,182816.0,4525.0,100.0,1.15,0.0,1190831400.0
2007-09-26,38.75,42.75,38.75,38.75,40.49906432748538,8550,34,346267.0,8550.0,100.0,4.0,0.0,1190745000.0
2007-09-25,43.3,43.5,39.95,40.75,41.406666666666666,1800,13,74532.0,1800.0,100.0,3.55,-2.55,1190658600.0
2007-09-24,42.3,42.3,42.0,42.0,42.26053748231966,7070,37,298782.0,7070.0,100.0,0.3,-0.3,1190572200.0
2007-09-21,39.85,40.3,39.85,40.3,40.284118291347205,9130,34,367794.0,9130.0,100.0,0.45,0.45,1190313000.0
2007-09-20,35.1,38.4,35.1,38.4,37.87247157390784,16710,37,632849.0,16710.0,100.0,3.3,3.3,1190226600.0
2007-09-19,36.4,38.0,36.4,36.6,37.1109375,3200,20,118755.0,3200.0,100.0,1.6,0.2,1190140200.0
2007-09-18,38.0,38.0,36.0,36.25,36.33988585922638,1577,9,57308.0,1577.0,100.0,2.0,-1.75,1190053800.0
2007-09-17,35.05,37.95,35.05,36.8,36.617612977983775,863,9,31601.0,863.0,100.0,2.9,1.75,1189967400.0
2007-09-14,36.15,37.0,36.15,36.65,36.65582124656997,2551,19,93509.0,2551.0,100.0,0.85,0.5,1189708200.0
2007-09-13,42.05,42.05,38.05,38.05,39.99848975188781,4635,25,185393.0,4635.0,100.0,4.0,-4.0,1189621800.0
2007-09-12,40.05,40.05,40.05,40.05,40.05,4700,24,188235.0,4700.0,100.0,0.0,0.0,1189535400.0
2007-09-11,38.15,38.15,38.15,38.15,38.1498127340824,801,12,30558.0,801.0,100.0,0.0,0.0,1189449000.0
2007-09-10,36.0,36.35,36.0,36.35,36.26609982679893,6351,36,230326.0,6351.0,100.0,0.35,0.35,1189362600.0
2007-09-07,34.0,34.65,33.2,34.65,34.48069590085796,4196,21,144681.0,4196.0,100.0,1.45,0.65,1189103400.0
2007-09-06,32.65,33.5,32.65,33.0,33.135774647887324,1775,6,58816.0,1775.0,100.0,0.85,0.35,1189017000.0
2007-09-05,34.7,34.7,32.6,32.65,34.047058823529404,2125,12,72350.0,2125.0,100.0,2.1,-2.05,1188930600.0
2007-09-04,34.0,34.3,33.05,33.1,33.654244306418214,966,10,32510.0,966.0,100.0,1.25,-0.9,1188844200.0
2007-09-03,33.0,34.3,33.0,34.3,33.50727650727651,962,5,32234.0,962.0,100.0,1.3,1.3,1188757800.0
2007-08-31,33.0,33.25,33.0,33.25,33.2175,400,5,13287.0,400.0,100.0,0.25,0.25,1188498600.0
2007-08-30,33.1,33.95,33.05,33.95,33.47666666666667,1200,6,40172.0,1200.0,100.0,0.9,0.85,1188412200.0
2007-08-29,33.0,34.45,33.0,34.45,33.388,250,3,8347.0,250.0,100.0,1.45,1.45,1188325800.0
2007-08-28,33.1,33.1,33.1,33.1,33.1,200,1,6620.0,200.0,100.0,0.0,0.0,1188239400.0
2007-08-27,34.4,34.4,33.0,33.0,33.29041487839771,699,8,23270.0,699.0,100.0,1.4,-1.4,1188153000.0
2007-08-24,32.0,33.35,32.0,33.1,32.78636363636364,2200,12,72130.0,2100.0,95.45,1.35,1.1,1187893800.0
2007-08-23,33.0,33.2,33.0,33.0,33.022593764121105,2213,11,73079.0,2213.0,100.0,0.2,0.0,1187807400.0
2007-08-22,34.8,36.0,33.0,33.1,33.559100642398285,4670,29,156721.0,4165.0,89.19,3.0,-1.7,1187721000.0
2007-08-21,34.0,34.0,32.3,32.85,33.022666666666666,3750,29,123835.0,3450.0,92.0,1.7,-1.15,1187634600.0
2007-08-20,34.0,34.0,31.15,33.7,33.08421709295072,4809,28,159102.0,4384.0,91.16,2.85,-0.3,1187548200.0
2007-08-17,30.6,34.7,30.6,32.9,32.70875232774674,5370,42,175646.0,3695.0,68.81,4.1,2.3,1187289000.0
2007-08-16,31.0,33.75,31.0,31.55,32.604651162790695,3225,17,105150.0,3025.0,93.8,2.75,0.55,1187202600.0
2007-08-14,35.0,35.0,32.5,33.75,34.37869198312236,948,12,32591.0,873.0,92.09,2.5,-1.25,1187029800.0
2007-08-13,33.0,36.0,32.8,34.45,34.21498726809749,2749,24,94057.0,1801.0,65.51,3.2,1.45,1186943400.0
2007-08-10,33.0,33.3,32.5,33.3,32.919230769230765,1300,10,42795.0,1200.0,92.31,0.8,0.3,1186684200.0
2007-08-09,35.95,36.0,34.0,34.1,34.54437022900763,4192,22,144810.0,4117.0,98.21,2.0,-1.85,1186597800.0
2007-08-08,33.5,35.0,33.1,34.1,34.347771500313875,3186,23,109432.0,2600.0,81.61,1.9,0.6,1186511400.0
2007-08-07,35.0,35.0,33.0,33.2,33.53098982423682,2162,12,72494.0,1831.0,84.69,2.0,-1.8,1186425000.0
2007-08-06,32.1,34.0,32.0,33.25,32.82508038585209,4665,27,153129.0,3465.0,74.28,2.0,1.15,1186338600.0
2007-08-03,33.6,35.0,33.0,33.1,34.480667320902846,5095,34,175679.0,4595.0,90.19,2.0,-0.5,1186079400.0
2007-08-02,36.85,37.45,34.0,34.7,35.79603165229715,8467,71,303085.0,6993.0,82.59,3.45,-2.15,1185993000.0
