Date,Open Price,High Price,Low Price,Close Price,WAP,No.of Shares,No. of Trades,Total Turnover (Rs.),Deliverable Quantity,% Deli. Qty to Traded Qty,Spread High-Low,Spread Close-Open,Unix Date,Dividend Value,% Return of Company,Close Price of SP500,% Return of SP500,Beta,Rate,% YTD of Company,% YTD of SP500,Alpha,Lower Band,Upper Band,Band Area,Revenue,Income,Expenditure,Net Profit,EPS,year,Revenue last 2 quarters,Income last 2 quarters,Expenditure  last 2 quarters,Net Profit  last 2 quarters,EPS last 2 quarters,Revenue last 4 quarters,Income last 4 quarters,Expenditure  last 4 quarters,Net Profit  last 4 quarters,EPS last 4 quarters,Revenue last 8 quarters,Income last 8 quarters,Expenditure  last 8 quarters,Net Profit  last 8 quarters,EPS last 8 quarters,p/e,Next Day Open Price,Next Day High Price,Next Day Low Price,Next Day Close Price
2021-03-12,6799.0,6847.65,6613.85,6640.15,6703.317809088026,22073,3432,147962334.0,6757.0,30.61,233.8,-158.85,1615487400.0,0.0,,,,0.49114477071285756,0.04,-86.46039622598887,,,259.85,6810.25,6550.4,,,,,,2021,30976.4,31512.699999999997,-5375.4,5478.9,44.01,61516.700000000004,45816.9,-10426.099999999999,9504.4,76.35,132226.7,62814.79999999999,-22374.5,21246.0,170.67,,,,,
2021-03-10,6735.0,6786.5,6688.1,6767.15,6749.22514423722,14906,1948,100603950.0,2385.0,16.0,98.4,32.15,1615314600.0,0.0,1.912607395917254,,,0.49114477071285756,0.04,-86.71449576261794,,,259.85,6810.25,6550.4,,,,,,2021,30976.4,31512.699999999997,-5375.4,5478.9,44.01,61516.700000000004,45816.9,-10426.099999999999,9504.4,76.35,132226.7,62814.79999999999,-22374.5,21246.0,170.67,,6799.0,6847.65,6613.85,6640.15
2021-03-09,6779.7,6820.0,6660.0,6696.25,6743.186280063863,19417,2642,130932448.0,3482.0,17.93,160.0,-83.45,1615228200.0,0.0,-1.0477084149161708,,,0.4911435125430785,0.05,-86.57382863543029,,,259.85,6810.25,6550.4,,,,,,2021,30976.4,31512.699999999997,-5375.4,5478.9,44.01,61516.700000000004,45816.9,-10426.099999999999,9504.4,76.35,132226.7,62814.79999999999,-22374.5,21246.0,170.67,,6735.0,6786.5,6688.1,6767.15
2021-03-08,6809.0,6848.9,6636.0,6658.9,6702.053790231748,29299,3176,196363474.0,4917.0,16.78,212.9,-150.1,1615141800.0,0.0,-0.5577748739966415,,,0.49103616249265875,0.05,-86.49852077670485,,,259.85,6810.25,6550.4,,,,,,2021,30976.4,31512.699999999997,-5375.4,5478.9,44.01,61516.700000000004,45816.9,-10426.099999999999,9504.4,76.35,132226.7,62814.79999999999,-22374.5,21246.0,170.67,,6779.7,6820.0,6660.0,6696.25
2021-03-05,6700.0,6945.7,6686.6,6810.25,6874.638483335349,115754,10647,795766903.0,51106.0,44.15,259.1,110.25,1614882600.0,0.0,2.2728979260838944,,,0.4909005119211993,0.04,-86.79857567637018,,,259.85,6810.25,6550.4,,,,,,2021,30976.4,31512.699999999997,-5375.4,5478.9,44.01,61516.700000000004,45816.9,-10426.099999999999,9504.4,76.35,132226.7,62814.79999999999,-22374.5,21246.0,170.67,,6809.0,6848.9,6636.0,6658.9
2021-03-04,6405.1,6830.4,6397.55,6776.5,6559.17418532628,72974,5109,478649177.0,42293.0,57.96,432.85,371.4,1614796200.0,0.0,-0.49557652068573654,,,0.4909574577582602,0.04,-86.73282668043976,,,259.85,6776.5,6516.65,,,,,,2021,30976.4,31512.699999999997,-5375.4,5478.9,44.01,61516.700000000004,45816.9,-10426.099999999999,9504.4,76.35,132226.7,62814.79999999999,-22374.5,21246.0,170.67,,6700.0,6945.7,6686.6,6810.25
2021-03-03,6420.05,6536.25,6420.05,6499.5,6503.33048462741,19190,2165,124798912.0,3907.0,20.36,116.2,79.45,1614709800.0,0.0,-4.087655869549178,,,0.4908194354941725,0.05,-86.16739749211477,,,259.85,6499.5,6239.65,,,,,,2021,30976.4,31512.699999999997,-5375.4,5478.9,44.01,61516.700000000004,45816.9,-10426.099999999999,9504.4,76.35,132226.7,62814.79999999999,-22374.5,21246.0,170.67,,6405.1,6830.4,6397.55,6776.5
2021-03-02,6390.0,6473.2,5727.9,6420.05,6407.494918699187,12792,2033,81964675.0,1854.0,14.49,745.3,30.05,1614623400.0,0.0,-1.2224017232094764,,,0.4912948671317485,0.04,-85.99621498274935,,,259.85,6457.7,6197.849999999999,,,,,,2021,30976.4,31512.699999999997,-5375.4,5478.9,44.01,61516.700000000004,45816.9,-10426.099999999999,9504.4,76.35,132226.7,62814.79999999999,-22374.5,21246.0,170.67,,6420.05,6536.25,6420.05,6499.5
2021-03-01,6200.4,6388.0,6200.4,6362.45,6300.253623554367,19801,3560,124751322.0,2507.0,12.66,187.6,162.05,1614537000.0,0.0,-0.8971892742268395,,,0.49120195768893904,0.05,-85.86943708791425,,,259.85,6457.7,6197.849999999999,,,,,,2021,30976.4,31512.699999999997,-5375.4,5478.9,44.01,61516.700000000004,45816.9,-10426.099999999999,9504.4,76.35,132226.7,62814.79999999999,-22374.5,21246.0,170.67,,6390.0,6473.2,5727.9,6420.05
2021-02-26,6380.0,6487.4,6065.55,6114.6,6319.485004037374,34676,5859,219134462.0,6886.0,19.86,421.85,-265.4,1614277800.0,0.0,-3.8955119490133416,19371.25,-3.0984485246852933,0.49108385043258057,0.04,-85.29666699375265,0.0,-85.31702363973535,259.85,6457.7,6197.849999999999,,,,,,2021,30976.4,31512.699999999997,-5375.4,5478.9,44.01,61516.700000000004,45816.9,-10426.099999999999,9504.4,76.35,132226.7,62814.79999999999,-22374.5,21246.0,170.67,,6200.4,6388.0,6200.4,6362.45
2021-02-25,6440.0,6466.0,6301.0,6400.75,6418.24486882995,55348,2880,355237017.0,44571.0,80.53,165.0,-39.25,1614191400.0,0.0,4.679782814902023,19990.65,0.8979575767914971,0.4908842674195926,0.04,-85.95398976682421,-3.0984485246852933,-84.45337476194996,259.85,6457.7,6197.849999999999,,,,,,2021,30976.4,31512.699999999997,-5375.4,5478.9,44.01,61516.700000000004,45816.9,-10426.099999999999,9504.4,76.35,132226.7,62814.79999999999,-22374.5,21246.0,170.67,,6380.0,6487.4,6065.55,6114.6
2021-02-24,6302.0,6474.0,6128.8,6416.0,6278.902718906635,62047,6136,389587077.0,28011.0,45.14,345.2,114.0,1614105000.0,0.0,0.2382533296879208,19812.74,1.5785825466909875,0.4916751977877873,0.03,-85.9873753117207,-2.2283137011841925,-84.90701847602409,259.85,6457.7,6197.849999999999,,,,,,2021,30976.4,31512.699999999997,-5375.4,5478.9,44.01,61516.700000000004,45816.9,-10426.099999999999,9504.4,76.35,132226.7,62814.79999999999,-22374.5,21246.0,170.67,,6440.0,6466.0,6301.0,6400.75
2021-02-23,6227.7,6348.95,6133.55,6268.1,6247.209227780475,10295,1880,64315019.0,1639.0,15.92,215.4,40.4,1614018600.0,0.0,-2.305174563591017,19504.84,0.4426102624815353,0.4914959390615928,0.04,-85.65673808650149,-0.6849069256656293,-85.34044927633921,259.85,6457.7,6197.849999999999,,,,,,2021,30976.4,31512.699999999997,-5375.4,5478.9,44.01,61516.700000000004,45816.9,-10426.099999999999,9504.4,76.35,132226.7,62814.79999999999,-22374.5,21246.0,170.67,,6302.0,6474.0,6128.8,6416.0
2021-02-22,6220.0,6280.0,6109.35,6174.75,6199.045038319895,20094,3811,124563611.0,5398.0,26.86,170.65,-45.25,1613932200.0,0.0,-1.4892870247762535,19418.89,-1.8130731584980355,0.4916794693909238,0.03,-85.43989635207903,-0.2453281315255351,-85.33452316246216,259.85,6457.7,6197.849999999999,,,,,,2021,30976.4,31512.699999999997,-5375.4,5478.9,44.01,61516.700000000004,45816.9,-10426.099999999999,9504.4,76.35,132226.7,62814.79999999999,-22374.5,21246.0,170.67,,6227.7,6348.95,6133.55,6268.1
2021-02-19,6315.0,6316.05,6179.2,6207.4,6244.4567818028645,11870,2236,74121702.0,2805.0,23.63,136.85,-107.6,1613673000.0,0.0,0.5287663468156456,19777.47,-1.0404590148513249,0.49149180546639487,0.04,-85.5164803299288,-2.05395331152064,-84.52731943628719,259.85,6457.7,6197.849999999999,,,,,,2021,30976.4,31512.699999999997,-5375.4,5478.9,44.01,61516.700000000004,45816.9,-10426.099999999999,9504.4,76.35,132226.7,62814.79999999999,-22374.5,21246.0,170.67,,6220.0,6280.0,6109.35,6174.75
2021-02-18,6458.0,6479.0,6300.1,6325.2,6369.261703938714,12923,2373,82309969.0,3428.0,26.53,178.9,-132.8,1613586600.0,0.0,1.8977349614975658,19985.41,-0.2373588326437969,0.4914125062676483,0.03,-85.78622019857079,-3.073041783981412,-84.29134665845125,259.85,6457.7,6197.849999999999,,,,,,2021,30976.4,31512.699999999997,-5375.4,5478.9,44.01,61516.700000000004,45816.9,-10426.099999999999,9504.4,76.35,132226.7,62814.79999999999,-22374.5,21246.0,170.67,,6315.0,6316.05,6179.2,6207.4
2021-02-17,6470.0,6544.1,6395.0,6419.8,6455.050298979952,11372,2189,73406832.0,2162.0,19.01,149.1,-50.2,1613500200.0,0.0,1.495604882059065,20032.96,-0.3714011191765953,0.49154923980294374,0.04,-85.9956696470295,-3.3031064805201016,-84.39236819794955,259.85,6457.7,6197.849999999999,,,,,,2021,30976.4,31512.699999999997,-5375.4,5478.9,44.01,61516.700000000004,45816.9,-10426.099999999999,9504.4,76.35,132226.7,62814.79999999999,-22374.5,21246.0,170.67,,6458.0,6479.0,6300.1,6325.2
2021-02-16,6445.0,6549.95,6410.05,6457.7,6497.286706094112,27223,3718,176875636.0,7568.0,27.8,139.9,12.7,1613413800.0,0.0,0.5903610704383278,20107.64,0.1120231175884223,0.4916255579064299,0.04,-86.07786053858185,-3.662239825260449,-84.29774481898477,259.85,6457.7,6197.849999999999,,,,,,2021,30976.4,31512.699999999997,-5375.4,5478.9,44.01,61516.700000000004,45816.9,-10426.099999999999,9504.4,76.35,132226.7,62814.79999999999,-22374.5,21246.0,170.67,,6470.0,6544.1,6395.0,6419.8
2021-02-15,6465.0,6465.0,6385.0,6408.2,6420.722952370938,9511,1870,61067496.0,2894.0,30.43,80.0,-56.8,1613327400.0,0.0,-0.7665267819812027,20085.14,0.9895752936520896,0.4916403581646877,,-85.97031927842453,-3.5543192628978426,,259.85,6433.1,6173.25,,,,,,2021,30976.4,31512.699999999997,-5375.4,5478.9,44.01,61516.700000000004,45816.9,-10426.099999999999,9504.4,76.35,132226.7,62814.79999999999,-22374.5,21246.0,170.67,,6445.0,6549.95,6410.05,6457.7
2021-02-12,6465.0,6476.45,6367.3,6399.8,6422.363372272699,16179,2368,103907417.0,2952.0,18.25,109.15,-65.2,1613068200.0,0.0,-0.131082051121989,19888.33,-0.0337269992922828,0.4915914515359145,0.04,-85.95190474702335,-2.599916634528898,-84.69414429672148,259.85,6433.1,6173.25,,,,,,2021,30976.4,31512.699999999997,-5375.4,5478.9,44.01,61516.700000000004,45816.9,-10426.099999999999,9504.4,76.35,132226.7,62814.79999999999,-22374.5,21246.0,170.67,,6465.0,6465.0,6385.0,6408.2
2021-02-11,6395.05,6465.75,6371.0,6433.1,6426.667083776513,15983,2459,102717420.0,2501.0,15.65,94.75,38.05,1612981800.0,0.0,0.5203287602737694,19895.04,0.4775134352735577,0.49159127902105604,0.05,-86.02462265470768,-2.632766759956251,-84.75579791186561,259.85,6433.1,6173.25,,,,,,2021,30976.4,31512.699999999997,-5375.4,5478.9,44.01,61516.700000000004,45816.9,-10426.099999999999,9504.4,76.35,132226.7,62814.79999999999,-22374.5,21246.0,170.67,,6465.0,6476.45,6367.3,6399.8
2021-02-10,6423.3,6586.05,6324.8,6392.8,6456.832884239447,37854,4934,244416952.0,4022.0,10.62,261.25,-30.5,1612895400.0,0.0,-0.6264475913634215,19800.49,0.1806242312718753,0.4915887790036643,0.05,-85.93652233762982,-2.16782513968089,-84.89626438517047,259.85,6417.6,6157.75,,,,,,2021,30976.4,31512.699999999997,-5375.4,5478.9,44.01,61516.700000000004,45816.9,-10426.099999999999,9504.4,76.35,132226.7,62814.79999999999,-22374.5,21246.0,170.67,,6395.05,6465.75,6371.0,6433.1
2021-02-09,6460.0,6479.0,6371.05,6417.6,6439.485598673674,35587,4481,229161974.0,4874.0,13.7,107.95,-42.4,1612809000.0,0.0,0.3879364284820497,19764.79,-0.0967451866236812,0.4916005200946009,0.04,-85.99086886063326,-1.991116525902881,-85.03237092012667,259.85,6417.6,6157.75,,,,,,2021,30976.4,31512.699999999997,-5375.4,5478.9,44.01,61516.700000000004,45816.9,-10426.099999999999,9504.4,76.35,132226.7,62814.79999999999,-22374.5,21246.0,170.67,,6423.3,6586.05,6324.8,6392.8
2021-02-08,6380.0,6485.7,6318.8,6369.4,6423.180050496194,57034,5982,366339651.0,6392.0,11.21,166.9,-10.6,1612722600.0,0.0,-0.7510595861381364,19783.93,1.338135267219842,0.491605907912975,0.05,-85.88485571639401,-2.085935403127692,-84.88481725329596,259.85,6369.4,6109.549999999999,,,,,,2021,30976.4,31512.699999999997,-5375.4,5478.9,44.01,61516.700000000004,45816.9,-10426.099999999999,9504.4,76.35,132226.7,62814.79999999999,-22374.5,21246.0,170.67,,6460.0,6479.0,6371.05,6417.6
2021-02-05,6183.0,6400.45,6121.35,6352.25,6298.047051140073,35217,5476,221798323.0,5050.0,14.34,279.1,169.25,1612463400.0,0.0,-0.2692561308757391,19522.69,-0.0796897983750821,0.4914955840689174,0.03,-85.84674721555355,-0.7757127731885194,-85.48074294550347,259.85,6352.25,6092.4,,,,,,2021,30976.4,31512.699999999997,-5375.4,5478.9,44.01,61516.700000000004,45816.9,-10426.099999999999,9504.4,76.35,132226.7,62814.79999999999,-22374.5,21246.0,170.67,,6380.0,6485.7,6318.8,6369.4
2021-02-04,6071.65,6205.45,6036.8,6182.6,6099.723921280236,62551,2630,381543831.0,46078.0,73.66,168.65,110.95,1612377000.0,0.0,-2.670707229721747,19538.26,0.8936649247103023,0.4914963860102598,0.04,-85.45838320447709,-0.8547844076186806,-85.05859990187417,259.85,6182.6,5922.75,,,,,,2021,30976.4,31512.699999999997,-5375.4,5478.9,44.01,61516.700000000004,45816.9,-10426.099999999999,9504.4,76.35,132226.7,62814.79999999999,-22374.5,21246.0,170.67,,6183.0,6400.45,6121.35,6352.25
2021-02-03,6150.0,6231.9,6037.3,6071.65,6116.246231155778,39800,5563,243426600.0,9432.0,23.7,194.6,-78.35,1612290600.0,0.0,-1.7945524536602808,19365.2,1.0358085155115715,0.4917049299829053,0.04,-85.19265767954344,0.0312416086588385,-85.22835113534228,259.85,6126.95,5867.099999999999,,,,,,2021,30976.4,31512.699999999997,-5375.4,5478.9,44.01,61516.700000000004,45816.9,-10426.099999999999,9504.4,76.35,132226.7,62814.79999999999,-22374.5,21246.0,170.67,,6071.65,6205.45,6036.8,6182.6
2021-02-02,5766.0,6196.85,5766.0,6126.95,6066.694713395478,77668,10705,471188045.0,10853.0,13.97,430.85,360.95,1612204200.0,0.0,0.9107903123533267,19166.67,2.369652299311009,0.4917465371429972,0.07,-85.32630427863782,1.0673737274132788,-85.88675935533071,259.85,6126.95,5867.099999999999,,,,,,2021,30976.4,31512.699999999997,-5375.4,5478.9,44.01,61516.700000000004,45816.9,-10426.099999999999,9504.4,76.35,132226.7,62814.79999999999,-22374.5,21246.0,170.67,,6150.0,6231.9,6037.3,6071.65
2021-02-01,5320.0,5793.25,5261.8,5742.15,5597.065431781151,58305,7772,326336900.0,12787.0,21.93,531.45,422.15,1612117800.0,0.0,-6.280449489550266,18723.0,4.159596780025932,0.49136097923397715,0.07,-84.34297257995699,3.46231907279817,-86.0798258014412,259.85,5742.15,5482.299999999999,,,,,,2021,30976.4,31512.699999999997,-5375.4,5478.9,44.01,61516.700000000004,45816.9,-10426.099999999999,9504.4,76.35,132226.7,62814.79999999999,-22374.5,21246.0,170.67,,5766.0,6196.85,5766.0,6126.95
2021-01-29,5495.0,5508.0,5289.85,5325.2,5417.699437039489,24158,4309,130880783.0,5676.0,23.5,218.15,-169.8,1611858600.0,0.0,-7.261217488223048,17975.3,-1.2385766944512655,0.4915333393415015,0.06,-83.11706602568918,7.765934365490423,-86.96478967710513,259.85,5653.0,5393.15,,,,,,2021,30976.4,31512.699999999997,-5375.4,5478.9,44.01,61516.700000000004,45816.9,-10426.099999999999,9504.4,76.35,132226.7,62814.79999999999,-22374.5,21246.0,170.67,,5320.0,5793.25,5261.8,5742.15
2021-01-28,5359.0,5466.0,5340.0,5444.05,5388.334699407662,89307,5581,481216007.0,57898.0,64.83,126.0,85.05,1611772200.0,0.0,2.231841057612871,18200.73,-0.8603019717659199,0.49341293149329124,0.07,-83.48564028618401,6.4311706178818095,-86.69432412848207,259.85,5653.0,5393.15,,,,,,2021,30976.4,31512.699999999997,-5375.4,5478.9,44.01,61516.700000000004,45816.9,-10426.099999999999,9504.4,76.35,132226.7,62814.79999999999,-22374.5,21246.0,170.67,,5495.0,5508.0,5289.85,5325.2
2021-01-27,5372.0,5517.9,5331.35,5406.0,5440.703081736128,27809,5333,151300512.0,2365.0,8.5,186.55,34.0,1611685800.0,0.0,-0.6989281876544129,18358.67,-1.6569539623708995,0.49354733625987274,0.08,-83.3694043655198,5.515541158482629,-86.1321012254198,259.85,5653.0,5393.15,,,,,,2021,30976.4,31512.699999999997,-5375.4,5478.9,44.01,61516.700000000004,45816.9,-10426.099999999999,9504.4,76.35,132226.7,62814.79999999999,-22374.5,21246.0,170.67,,5359.0,5466.0,5340.0,5444.05
2021-01-25,5800.0,5829.9,5330.0,5363.25,5616.328211571336,97102,16583,545356702.0,19758.0,20.35,499.9,-436.75,1611513000.0,0.0,-0.790788013318533,18667.99,-0.946127356563342,0.4933379081889392,0.09,-83.23684333193494,3.767197218340046,-85.140944115629,259.85,5653.0,5393.15,,,,,,2021,30976.4,31512.699999999997,-5375.4,5478.9,44.01,61516.700000000004,45816.9,-10426.099999999999,9504.4,76.35,132226.7,62814.79999999999,-22374.5,21246.0,170.67,,5372.0,5517.9,5331.35,5406.0
2021-01-22,5569.6,5592.7,5474.0,5531.15,5539.734840976665,11099,2233,61485517.0,2263.0,20.39,118.7,-38.45,1611253800.0,0.0,3.1305644898149465,18846.3,-1.3372087240265729,0.49328319429477774,0.08,-83.74569483742079,2.785427378318284,-85.16023669653018,259.85,5653.0,5393.15,,,,,,2021,30976.4,31512.699999999997,-5375.4,5478.9,44.01,61516.700000000004,45816.9,-10426.099999999999,9504.4,76.35,132226.7,62814.79999999999,-22374.5,21246.0,170.67,,5800.0,5829.9,5330.0,5363.25
2021-01-21,5565.9,5645.0,5512.25,5543.3,5604.260318994682,20690,2694,115952146.0,3517.0,17.0,132.75,-22.6,1611167400.0,0.0,0.2196649882935775,19101.73,-0.5268993084902251,0.4935207804599304,0.09,-83.78132159543954,1.410971676387418,-84.52324856813571,259.85,5653.0,5393.15,,,,,,2021,30976.4,31512.699999999997,-5375.4,5478.9,44.01,61516.700000000004,45816.9,-10426.099999999999,9504.4,76.35,132226.7,62814.79999999999,-22374.5,21246.0,170.67,,5569.6,5592.7,5474.0,5531.15
2021-01-20,5510.2,5556.9,5464.0,5545.9,5508.508018483283,7358,1398,40531602.0,2364.0,32.13,92.9,35.7,1611081000.0,0.0,0.04690346905271703,19202.91,0.8060638257663122,0.49349766642877657,0.08,-83.78892515191403,0.876637967891325,-84.26206413005696,259.85,5653.0,5393.15,,,,,,2021,30976.4,31512.699999999997,-5375.4,5478.9,44.01,61516.700000000004,45816.9,-10426.099999999999,9504.4,76.35,132226.7,62814.79999999999,-22374.5,21246.0,170.67,,5565.9,5645.0,5512.25,5543.3
2021-01-19,5392.2,5534.7,5392.2,5488.35,5453.310744556352,225584,2873,1230179651.0,213666.0,94.72,142.5,96.15,1610994600.0,0.0,-1.037703528732925,19049.36,1.7945295224740976,0.4934525539285833,0.09,-83.61893829657365,1.6897680551997585,-84.49834792910534,259.85,5653.0,5393.15,,,,,,2021,30976.4,31512.699999999997,-5375.4,5478.9,44.01,61516.700000000004,45816.9,-10426.099999999999,9504.4,76.35,132226.7,62814.79999999999,-22374.5,21246.0,170.67,,5510.2,5556.9,5464.0,5545.9
2021-01-18,5445.0,5461.4,5333.6,5391.15,5386.324048044979,15652,2229,84306744.0,2299.0,14.69,127.8,-53.85,1610908200.0,0.0,-1.7710240782749076,18713.54,-1.3453193756250317,0.49325149619719216,,-83.3235951513128,3.5146209642857418,,259.85,5653.0,5393.15,,,,,,2021,30976.4,31512.699999999997,-5375.4,5478.9,44.01,61516.700000000004,45816.9,-10426.099999999999,9504.4,76.35,132226.7,62814.79999999999,-22374.5,21246.0,170.67,,5392.2,5534.7,5392.2,5488.35
2021-01-15,5551.3,5653.25,5428.0,5449.2,5496.553710055967,16617,3424,91336233.0,4426.0,26.64,225.25,-102.1,1610649000.0,0.0,1.0767646976990175,18968.73,-1.1320796020834023,0.49321662106160313,0.09,-83.50124788959847,2.1220187118484057,-84.59347329259029,259.85,5653.0,5393.15,,,,,,2021,30976.4,31512.699999999997,-5375.4,5478.9,44.01,61516.700000000004,45816.9,-10426.099999999999,9504.4,76.35,132226.7,62814.79999999999,-22374.5,21246.0,170.67,,5445.0,5461.4,5333.6,5391.15
2021-01-14,5650.0,5665.0,5559.85,5582.5,5637.986991171184,51196,1992,288642382.0,42118.0,82.27,105.15,-67.5,1610562600.0,0.0,2.4462306393599142,19185.93,0.2218512222973423,0.4931557924575682,0.09,-83.89520824003583,0.9659161687757712,-84.41717137237484,259.85,5653.0,5393.15,,,,,,2021,30976.4,31512.699999999997,-5375.4,5478.9,44.01,61516.700000000004,45816.9,-10426.099999999999,9504.4,76.35,132226.7,62814.79999999999,-22374.5,21246.0,170.67,,5551.3,5653.25,5428.0,5449.2
2021-01-13,5632.3,5670.4,5601.9,5653.0,5635.916334231806,9275,1922,52273124.0,1751.0,18.88,68.5,20.7,1610476200.0,0.0,1.2628750559785074,19143.46,-0.13834130239051,0.4933914660593267,0.09,-84.09605519193349,1.189910287899898,-84.72874154141415,259.85,5653.0,5393.15,,,,,,2021,30976.4,31512.699999999997,-5375.4,5478.9,44.01,61516.700000000004,45816.9,-10426.099999999999,9504.4,76.35,132226.7,62814.79999999999,-22374.5,21246.0,170.67,,5650.0,5665.0,5559.85,5582.5
2021-01-12,5623.75,5693.2,5551.0,5637.9,5614.0463370333,24775,5060,139087998.0,10822.0,43.68,142.2,14.15,1610389800.0,0.0,-0.2671148062975526,19169.98,0.466011846302039,0.4934540889252449,0.09,-84.05345962149026,1.049922848119822,-84.61713747594776,259.85,5637.9,5378.049999999999,,,,,,2021,30976.4,31512.699999999997,-5375.4,5478.9,44.01,61516.700000000004,45816.9,-10426.099999999999,9504.4,76.35,132226.7,62814.79999999999,-22374.5,21246.0,170.67,,5632.3,5670.4,5601.9,5653.0
2021-01-11,5596.0,5695.1,5525.25,5623.75,5621.747582472233,18097,2696,101736766.0,3210.0,17.74,169.85,27.75,1610303400.0,0.0,-0.2509799748133146,19081.06,0.6711034058497933,0.493442261551673,0.08,-84.01333629695488,1.5208274592711346,-84.80430145696337,259.85,5623.75,5363.9,,,,,,2021,30976.4,31512.699999999997,-5375.4,5478.9,44.01,61516.700000000004,45816.9,-10426.099999999999,9504.4,76.35,132226.7,62814.79999999999,-22374.5,21246.0,170.67,,5623.75,5693.2,5551.0,5637.9
2021-01-08,5442.7,5611.1,5428.25,5590.25,5529.963560190488,33178,5172,183473131.0,12003.0,36.18,182.85,147.55,1610044200.0,0.0,-0.5956879306512564,18953.86,1.3159301420593073,0.4934133025288261,0.08,-83.9175349939627,2.2021371899971776,-85.04462571329846,259.85,5590.25,5330.4,,,,,,2021,30976.4,31512.699999999997,-5375.4,5478.9,44.01,61516.700000000004,45816.9,-10426.099999999999,9504.4,76.35,132226.7,62814.79999999999,-22374.5,21246.0,170.67,,5596.0,5695.1,5525.25,5623.75
2021-01-07,5450.3,5515.4,5386.25,5398.8,5463.829282725389,23659,3444,129268737.0,4326.0,18.28,129.15,-51.5,1609957800.0,0.0,-3.424712669379726,18707.68,0.2627198308988943,0.49329868508004343,0.09,-83.347225309328,3.547045919109149,-85.14258151548587,259.85,5446.7,5186.849999999999,,,,,,2021,30976.4,31512.699999999997,-5375.4,5478.9,44.01,61516.700000000004,45816.9,-10426.099999999999,9504.4,76.35,132226.7,62814.79999999999,-22374.5,21246.0,170.67,,5442.7,5611.1,5428.25,5590.25
2021-01-06,5365.0,5465.95,5301.0,5446.7,5373.692469720907,24687,4358,132660346.0,6825.0,27.65,164.95,81.7,1609871400.0,0.0,0.8872342001926325,18658.66,-0.2304062454048461,0.4937398056159127,0.09,-83.49367506930803,3.819084543048645,-85.42487254671816,259.85,5446.7,5186.849999999999,,,,,,2021,30976.4,31512.699999999997,-5375.4,5478.9,44.01,61516.700000000004,45816.9,-10426.099999999999,9504.4,76.35,132226.7,62814.79999999999,-22374.5,21246.0,170.67,,5450.3,5515.4,5386.25,5398.8
2021-01-05,5320.3,5367.35,5248.0,5342.7,5312.425847728727,15630,1749,83033216.0,1809.0,11.57,119.35,22.4,1609785000.0,0.0,-1.9094130390878927,18701.75,0.6395123261103919,0.49376683090878104,0.09,-83.17236603215603,3.5798788883393278,-84.9855524711068,259.85,5355.3,5095.45,,,,,,2021,30976.4,31512.699999999997,-5375.4,5478.9,44.01,61516.700000000004,45816.9,-10426.099999999999,9504.4,76.35,132226.7,62814.79999999999,-22374.5,21246.0,170.67,,5365.0,5465.95,5301.0,5446.7
2021-01-04,5364.7,5386.0,5295.0,5326.8,5327.481210986267,16020,2021,85346249.0,2453.0,15.31,91.0,-37.9,1609698600.0,0.0,-0.29760233589757323,18582.91,1.0540494684889046,0.49387528414098547,0.09,-83.12213711796952,4.242284981200473,-85.26284804289425,259.85,5355.3,5095.45,,,,,,2021,30976.4,31512.699999999997,-5375.4,5478.9,44.01,61516.700000000004,45816.9,-10426.099999999999,9504.4,76.35,132226.7,62814.79999999999,-22374.5,21246.0,170.67,,5320.3,5367.35,5248.0,5342.7
2021-01-01,5285.3,5349.0,5284.0,5289.9,5314.881089949354,14019,1765,74509318.0,1879.0,13.4,65.0,4.6,1609439400.0,0.0,-0.6927235863933401,18389.08,0.4862268512194179,0.4937978847755692,,-83.00440462012514,5.3410502319855,,259.85,5355.3,5095.45,,,,,,2021,30976.4,31512.699999999997,-5375.4,5478.9,44.01,61516.700000000004,45816.9,-10426.099999999999,9504.4,76.35,132226.7,62814.79999999999,-22374.5,21246.0,170.67,,5364.7,5386.0,5295.0,5326.8
2020-12-31,5387.7,5387.7,5265.0,5284.65,5299.45261627907,27520,3450,145840936.0,5367.0,19.5,122.7,-103.05,1609353000.0,0.0,-0.0992457324335061,18300.1,0.0863581945394598,0.49379933545284477,0.09,-82.98752046020077,5.853246703569925,-85.9234078524744,259.85,5355.3,5095.45,,,,,,2020,30976.4,31512.699999999997,-5375.4,5478.9,44.01,61516.700000000004,45816.9,-10426.099999999999,9504.4,76.35,132226.7,62814.79999999999,-22374.5,21246.0,170.67,,5285.3,5349.0,5284.0,5289.9
2020-12-30,5166.0,5397.95,5123.1,5355.3,5251.422345545883,38021,3845,199664329.0,7957.0,20.93,274.85,189.3,1609266600.0,0.0,1.3368908063920992,18284.31,0.3589676879681702,0.493799357931619,0.08,-83.2119582469703,5.944659656284523,-86.18792341973106,259.85,5355.3,5095.45,,,,,,2020,30976.4,31512.699999999997,-5375.4,5478.9,44.01,61516.700000000004,45816.9,-10426.099999999999,9504.4,76.35,132226.7,62814.79999999999,-22374.5,21246.0,170.67,,5387.7,5387.7,5265.0,5284.65
2020-12-29,5150.1,5169.95,5082.1,5143.8,5136.07913216644,9541,1313,49003331.0,1453.0,15.23,87.85,-6.3,1609180200.0,0.0,-3.949358579351292,18218.91,0.297497312119499,0.49386447762127267,0.1,-82.5216765815156,6.324966751578454,-85.69596653449369,259.85,5215.35,4955.5,,,,,,2020,30976.4,31512.699999999997,-5375.4,5478.9,44.01,61516.700000000004,45816.9,-10426.099999999999,9504.4,76.35,132226.7,62814.79999999999,-22374.5,21246.0,170.67,,5166.0,5397.95,5123.1,5355.3
2020-12-28,5081.1,5152.4,5055.45,5140.7,5104.178695484368,20728,1900,105799416.0,4258.0,20.54,96.95,59.6,1609093800.0,0.0,-0.060266728877489406,18164.87,0.960759803935196,0.4944547471609431,0.11,-82.511136615636,6.641280669776339,-85.85055934784742,259.85,5215.35,4955.5,,,,,,2020,30976.4,31512.699999999997,-5375.4,5478.9,44.01,61516.700000000004,45816.9,-10426.099999999999,9504.4,76.35,132226.7,62814.79999999999,-22374.5,21246.0,170.67,,5150.1,5169.95,5082.1,5143.8
2020-12-24,5040.0,5118.3,5015.0,5041.8,5058.612372522608,10394,1635,52579217.0,3121.0,30.03,103.3,1.8,1608748200.0,0.0,-1.9238625089968209,17992.01,0.9098256345139166,0.49438862261821487,0.09,-82.16807489388711,7.665847228853262,-86.00348757052589,259.85,5215.35,4955.5,,,,,,2020,30976.4,31512.699999999997,-5375.4,5478.9,44.01,61516.700000000004,45816.9,-10426.099999999999,9504.4,76.35,132226.7,62814.79999999999,-22374.5,21246.0,170.67,,5081.1,5152.4,5055.45,5140.7
2020-12-23,5090.0,5090.0,4984.95,5033.25,5021.036918533103,16252,1129,81601892.0,6818.0,41.95,105.05,-56.75,1608661800.0,0.0,-0.16958229203856146,17829.79,1.3714588508332517,0.49446857927954957,0.09,-82.13778373814135,8.645418706557951,-86.45816947111474,259.85,5215.35,4955.5,,,,,,2020,30976.4,31512.699999999997,-5375.4,5478.9,44.01,61516.700000000004,45816.9,-10426.099999999999,9504.4,76.35,132226.7,62814.79999999999,-22374.5,21246.0,170.67,,5040.0,5118.3,5015.0,5041.8
2020-12-22,5000.0,5086.0,4894.6,5015.3,4982.072545046675,27638,4029,137694521.0,15643.0,56.6,191.4,15.3,1608575400.0,0.0,-0.35662842100034897,17588.57,1.1029684382488858,0.49433048511748284,0.09,-82.07385400673938,10.135445917433872,-87.1296241603259,259.85,5215.35,4955.5,,,,,,2020,30976.4,31512.699999999997,-5375.4,5478.9,44.01,61516.700000000004,45816.9,-10426.099999999999,9504.4,76.35,132226.7,62814.79999999999,-22374.5,21246.0,170.67,,5090.0,5090.0,4984.95,5033.25
2020-12-21,5140.0,5188.05,4865.45,5011.55,5066.599038713053,30584,5112,154956865.0,8937.0,29.22,322.6,-128.45,1608489000.0,0.0,-0.07477120012761018,17396.69,-3.497708743939032,0.49424612324398765,0.09,-82.06044038271592,11.350205125227864,-87.71575311279187,259.85,5215.35,4955.5,,,,,,2020,30976.4,31512.699999999997,-5375.4,5478.9,44.01,61516.700000000004,45816.9,-10426.099999999999,9504.4,76.35,132226.7,62814.79999999999,-22374.5,21246.0,170.67,,5000.0,5086.0,4894.6,5015.3
2020-12-18,5178.0,5213.5,5117.05,5152.6,5156.263276924276,12823,2190,66118764.0,1811.0,14.12,96.45,-25.4,1608229800.0,0.0,2.8144985084454843,18027.23,0.1024500271534334,0.4932601478204821,0.08,-82.5515273842332,7.455499264168708,-86.26956724152691,259.85,5215.35,4955.5,,,,,,2020,30976.4,31512.699999999997,-5375.4,5478.9,44.01,61516.700000000004,45816.9,-10426.099999999999,9504.4,76.35,132226.7,62814.79999999999,-22374.5,21246.0,170.67,,5140.0,5188.05,4865.45,5011.55
2020-12-17,5144.0,5220.0,5124.55,5169.5,5181.7275007464905,33490,5195,173536054.0,9680.0,28.9,95.45,25.5,1608143400.0,0.0,0.3279897527461717,18008.78,0.2059898418407479,0.4935746698431523,0.08,-82.60856949414837,7.565587452342704,-86.38326584952047,259.85,5215.35,4955.5,,,,,,2020,30976.4,31512.699999999997,-5375.4,5478.9,44.01,61516.700000000004,45816.9,-10426.099999999999,9504.4,76.35,132226.7,62814.79999999999,-22374.5,21246.0,170.67,,5178.0,5213.5,5117.05,5152.6
2020-12-16,5150.0,5224.2,5100.0,5114.15,5155.9823472772,18694,2622,96385934.0,3558.0,19.03,124.2,-35.85,1608057000.0,0.0,-1.0707031627817054,17971.76,0.8593248418510058,0.49357766830253835,0.09,-82.42034355660276,7.7871616358108575,-86.30949064935403,259.85,5215.35,4955.5,,,,,,2020,30976.4,31512.699999999997,-5375.4,5478.9,44.01,61516.700000000004,45816.9,-10426.099999999999,9504.4,76.35,132226.7,62814.79999999999,-22374.5,21246.0,170.67,,5144.0,5220.0,5124.55,5169.5
2020-12-15,5085.0,5230.0,5072.25,5156.45,5161.531687987672,40883,5154,211018900.0,10622.0,25.98,157.75,71.45,1607970600.0,0.0,0.8271169207004103,17818.64,0.0800364404509146,0.4935670527645661,0.08,-82.56455507180327,8.713403492073478,-86.90571858871328,259.85,5215.35,4955.5,,,,,,2020,30976.4,31512.699999999997,-5375.4,5478.9,44.01,61516.700000000004,45816.9,-10426.099999999999,9504.4,76.35,132226.7,62814.79999999999,-22374.5,21246.0,170.67,,5150.0,5224.2,5100.0,5114.15
2020-12-14,5030.0,5080.0,4994.95,5073.35,5051.657217761756,18309,2105,92490792.0,2617.0,14.29,85.05,43.35,1607884200.0,0.0,-1.6115738541050417,17804.39,0.3978835931098823,0.49359571724342327,0.09,-82.27896754609874,8.80041383052157,-86.66839050826206,259.85,5215.35,4955.5,,,,,,2020,30976.4,31512.699999999997,-5375.4,5478.9,44.01,61516.700000000004,45816.9,-10426.099999999999,9504.4,76.35,132226.7,62814.79999999999,-22374.5,21246.0,170.67,,5085.0,5230.0,5072.25,5156.45
2020-12-11,4986.0,5040.25,4958.5,5013.45,4995.832106430156,22550,2890,112656014.0,3730.0,16.54,81.75,27.45,1607625000.0,0.0,-1.180679432721976,17733.83,0.2744653890323523,0.4936826092143076,0.08,-82.06723912674904,9.233312826388884,-86.66607048583549,259.85,5215.35,4955.5,,,,,,2020,30976.4,31512.699999999997,-5375.4,5478.9,44.01,61516.700000000004,45816.9,-10426.099999999999,9504.4,76.35,132226.7,62814.79999999999,-22374.5,21246.0,170.67,,5030.0,5080.0,4994.95,5073.35
2020-12-10,5065.0,5102.4,4951.6,4962.9,5005.978578521776,35245,6825,176435715.0,10540.0,29.9,150.8,-102.1,1607538600.0,0.0,-1.0082877060706763,17685.29,-0.3588375219308326,0.49372960215809264,0.08,-81.88458361038909,9.533120463390766,-86.63186901593153,259.85,5215.35,4955.5,,,,,,2020,30976.4,31512.699999999997,-5375.4,5478.9,44.01,61516.700000000004,45816.9,-10426.099999999999,9504.4,76.35,132226.7,62814.79999999999,-22374.5,21246.0,170.67,,4986.0,5040.25,4958.5,5013.45
2020-12-09,5230.25,5257.9,5119.15,5147.95,5208.61475564977,52834,5617,275191952.0,5922.0,11.21,138.75,-82.3,1607452200.0,0.0,3.7286667069657,17748.98,0.7906415480060769,0.49375389690619087,0.08,-82.53576666440038,9.140074528226403,-87.08921376897268,259.85,5215.35,4955.5,,,,,,2020,30976.4,31512.699999999997,-5375.4,5478.9,44.01,61516.700000000004,45816.9,-10426.099999999999,9504.4,76.35,132226.7,62814.79999999999,-22374.5,21246.0,170.67,,5065.0,5102.4,4951.6,4962.9
2020-12-08,5083.7,5233.0,5083.0,5215.35,5183.375102901316,49805,7623,258157997.0,8127.0,16.32,150.0,131.65,1607365800.0,0.0,1.309259025437326,17609.75,0.1619336021040585,0.4942606257666348,0.09,-82.7614637560279,10.00298130297137,-87.75106009804747,259.85,5215.35,4955.5,,,,,,2020,30976.4,31512.699999999997,-5375.4,5478.9,44.01,61516.700000000004,45816.9,-10426.099999999999,9504.4,76.35,132226.7,62814.79999999999,-22374.5,21246.0,170.67,,5230.25,5257.9,5119.15,5147.95
2020-12-07,5115.0,5176.8,5037.05,5056.0,5078.513312422496,27418,3884,139242678.0,5058.0,18.45,139.75,-59.0,1607279400.0,0.0,-3.055403760054465,17581.28,0.8550254327759577,0.4943298008271341,0.08,-82.21815664556962,10.181113093017125,-87.29143786897313,259.85,5091.25,4831.4,,,,,,2020,30976.4,31512.699999999997,-5375.4,5478.9,44.01,61516.700000000004,45816.9,-10426.099999999999,9504.4,76.35,132226.7,62814.79999999999,-22374.5,21246.0,170.67,,5083.7,5233.0,5083.0,5215.35
2020-12-04,4985.0,5198.3,4962.45,5091.25,5091.913247125793,89242,13317,454412522.0,13005.0,14.57,235.85,106.25,1607020200.0,0.0,0.6971914556962,17432.23,0.7938742741369742,0.49463391318450367,0.09,-82.3412717898355,11.123189632078056,-87.88866155245697,259.85,5091.25,4831.4,,,,,,2020,30976.4,31512.699999999997,-5375.4,5478.9,44.01,61516.700000000004,45816.9,-10426.099999999999,9504.4,76.35,132226.7,62814.79999999999,-22374.5,21246.0,170.67,,5115.0,5176.8,5037.05,5056.0
2020-12-03,4950.0,4952.35,4841.85,4892.25,4932.080539125376,51565,1717,254322733.0,44536.0,86.37,110.5,-57.75,1606933800.0,0.0,-3.908666830346186,17294.93,0.3612905022843282,0.4946101840469004,0.08,-81.62297511370025,12.005368047167586,-87.60138359833684,259.85,4931.65,4671.799999999999,,,,,,2020,30976.4,31512.699999999997,-5375.4,5478.9,44.01,61516.700000000004,45816.9,-10426.099999999999,9504.4,76.35,132226.7,62814.79999999999,-22374.5,21246.0,170.67,,4985.0,5198.3,4962.45,5091.25
2020-12-02,4911.1,4998.35,4876.85,4931.65,4940.360143142086,17046,2168,84213379.0,2042.0,11.98,121.5,20.55,1606847400.0,0.0,0.8053554090653448,17232.67,0.2580823827356804,0.49518916101262944,0.09,-81.76979307128445,12.410032803970616,-87.96053977913074,259.85,4931.65,4671.799999999999,,,,,,2020,30976.4,31512.699999999997,-5375.4,5478.9,44.01,61516.700000000004,45816.9,-10426.099999999999,9504.4,76.35,132226.7,62814.79999999999,-22374.5,21246.0,170.67,,4950.0,4952.35,4841.85,4892.25
2020-12-01,4802.75,4936.0,4802.75,4909.8,4902.455510598018,26939,3870,132067249.0,7542.0,28.0,133.25,107.05,1606761000.0,0.0,-0.4430565834963818,17188.31,1.1373926817342506,0.4952129272523956,0.09,-81.68866348934783,12.700143295065056,-88.02336946356917,259.85,4926.9,4667.049999999999,,,,,,2020,30976.4,31512.699999999997,-5375.4,5478.9,44.01,61516.700000000004,45816.9,-10426.099999999999,9504.4,76.35,132226.7,62814.79999999999,-22374.5,21246.0,170.67,,4911.1,4998.35,4876.85,4931.65
2020-11-27,4850.0,4861.55,4771.0,4802.75,4808.196493791088,8214,1381,39494526.0,2919.0,35.54,90.55,-47.25,1606415400.0,0.0,-2.180333211128771,16995.01,0.3136607706233141,0.4951247388550655,0.09,-81.28051637082922,13.981986477207142,-88.2487825475345,259.85,4926.9,4667.049999999999,,,,,,2020,30976.4,31512.699999999997,-5375.4,5478.9,44.01,61516.700000000004,45816.9,-10426.099999999999,9504.4,76.35,132226.7,62814.79999999999,-22374.5,21246.0,170.67,,4802.75,4936.0,4802.75,4909.8
2020-11-26,4819.0,4870.15,4792.3,4833.55,4820.242534218167,9644,1689,46486419.0,3523.0,36.53,77.85,14.55,1606329000.0,0.0,0.6412992556347863,16941.87,0.9832561538447804,0.4952995188943964,,-81.39979931934086,14.339503254363306,,259.85,4926.9,4667.049999999999,,,,,,2020,30976.4,31512.699999999997,-5375.4,5478.9,44.01,61516.700000000004,45816.9,-10426.099999999999,9504.4,76.35,132226.7,62814.79999999999,-22374.5,21246.0,170.67,,4850.0,4861.55,4771.0,4802.75
2020-11-25,4875.0,4932.05,4803.9,4823.85,4884.572067097861,19017,3027,92889907.0,4233.0,22.26,128.15,-51.15,1606242600.0,0.0,-0.20068065914286004,16776.91,-1.4653126908800496,0.4952471741640727,0.09,-81.36239725530437,15.463753456387376,-89.06620521087537,259.85,4926.9,4667.049999999999,,,,,,2020,30976.4,31512.699999999997,-5375.4,5478.9,44.01,61516.700000000004,45816.9,-10426.099999999999,9504.4,76.35,132226.7,62814.79999999999,-22374.5,21246.0,170.67,,4819.0,4870.15,4792.3,4833.55
2020-11-24,4920.0,4920.0,4841.05,4871.45,4871.923230853193,5497,933,26780962.0,1957.0,35.6,78.95,-48.55,1606156200.0,0.0,0.9867636846087491,17026.4,0.9188939605971668,0.4950687814152202,0.09,-81.54450933500293,13.771848423624489,-88.40796536159445,259.85,4926.9,4667.049999999999,,,,,,2020,30976.4,31512.699999999997,-5375.4,5478.9,44.01,61516.700000000004,45816.9,-10426.099999999999,9504.4,76.35,132226.7,62814.79999999999,-22374.5,21246.0,170.67,,4875.0,4932.05,4803.9,4823.85
2020-11-23,4869.0,4911.0,4864.45,4887.55,4894.354933614967,13256,1808,64879569.0,3435.0,25.91,46.55,18.55,1606069800.0,0.0,0.3304970799248741,16871.37,0.7244166129851681,0.49504858495213344,0.08,-81.60530327055477,14.817291067648933,-88.98097835962209,259.85,4926.9,4667.049999999999,,,,,,2020,30976.4,31512.699999999997,-5375.4,5478.9,44.01,61516.700000000004,45816.9,-10426.099999999999,9504.4,76.35,132226.7,62814.79999999999,-22374.5,21246.0,170.67,,4920.0,4920.0,4841.05,4871.45
2020-11-20,4781.0,4875.0,4767.2,4868.4,4826.664457521568,17503,3175,84481108.0,7334.0,41.9,107.8,87.4,1605810600.0,0.0,-0.39181184847214556,16750.03,0.7581813992910025,0.495016876373256,0.07,-81.53294716950128,15.649046598722528,-89.3148381536743,259.85,4926.9,4667.049999999999,,,,,,2020,30976.4,31512.699999999997,-5375.4,5478.9,44.01,61516.700000000004,45816.9,-10426.099999999999,9504.4,76.35,132226.7,62814.79999999999,-22374.5,21246.0,170.67,,4869.0,4911.0,4864.45,4887.55
2020-11-19,4940.0,4940.0,4762.05,4778.3,4840.965782969032,20633,2342,99883647.0,4481.0,21.72,177.95,-161.7,1605724200.0,0.0,-1.8507107057760153,16623.99,-1.073529000457607,0.4949813260710673,0.07,-81.18473097126594,16.525876158491414,-89.40008237385727,259.85,4926.9,4667.049999999999,,,,,,2020,30976.4,31512.699999999997,-5375.4,5478.9,44.01,61516.700000000004,45816.9,-10426.099999999999,9504.4,76.35,132226.7,62814.79999999999,-22374.5,21246.0,170.67,,4781.0,4875.0,4767.2,4868.4
2020-11-18,4899.0,4938.8,4860.8,4926.9,4915.324744994333,13235,1765,65054323.0,3076.0,23.24,78.0,27.9,1605637800.0,0.0,3.109892639641698,16804.39,0.6089441933869288,0.4950125159629289,0.09,-81.75221741866082,15.274937084892692,-89.35895132979233,259.85,4926.9,4667.049999999999,,,,,,2020,30976.4,31512.699999999997,-5375.4,5478.9,44.01,61516.700000000004,45816.9,-10426.099999999999,9504.4,76.35,132226.7,62814.79999999999,-22374.5,21246.0,170.67,,4940.0,4940.0,4762.05,4778.3
2020-11-17,4901.0,4977.35,4895.05,4907.7,4935.082883737476,16867,2639,83240043.0,5260.0,31.19,82.3,6.7,1605551400.0,0.0,-0.3896973756317368,16702.68,0.7697695759118162,0.4953736929780843,0.09,-81.68082808647635,15.976897120701585,-89.6407789831212,259.85,4911.45,4651.599999999999,,,,,,2020,30976.4,31512.699999999997,-5375.4,5478.9,44.01,61516.700000000004,45816.9,-10426.099999999999,9504.4,76.35,132226.7,62814.79999999999,-22374.5,21246.0,170.67,,4899.0,4938.8,4860.8,4926.9
2020-11-14,4949.7,4949.7,4880.6,4911.45,4916.487272727273,2200,506,10816272.0,969.0,44.05,69.1,-38.25,1605292200.0,0.0,0.07641053854148261,16575.09,0.5139982037957846,0.4953367099341029,,-81.69481517678079,16.869651989823286,,259.85,4911.45,4651.599999999999,,,,,,2020,30976.4,31512.699999999997,-5375.4,5478.9,44.01,61516.700000000004,45816.9,-10426.099999999999,9504.4,76.35,132226.7,62814.79999999999,-22374.5,21246.0,170.67,,4901.0,4977.35,4895.05,4907.7
2020-11-13,4833.0,4915.8,4815.75,4897.4,4839.8454168868575,58661,2059,283910172.0,47939.0,81.72,100.05,64.4,1605205800.0,0.0,-0.28606623298619294,16490.33,0.4321113221083861,0.4953194817885632,0.09,-81.6422999959162,17.470359901833366,-90.34113085579104,259.85,4897.4,4637.549999999999,,,,,,2020,30976.4,31512.699999999997,-5375.4,5478.9,44.01,61516.700000000004,45816.9,-10426.099999999999,9504.4,76.35,132226.7,62814.79999999999,-22374.5,21246.0,170.67,,4949.7,4949.7,4880.6,4911.45
2020-11-12,4850.0,4859.5,4785.2,4846.65,4824.335579104175,29537,3260,142496400.0,5580.0,18.89,74.3,-3.35,1605119400.0,0.0,-1.0362641401559958,16419.38,-0.1260940468159832,0.4953099019424998,0.1,-81.4500737622894,17.977962627090662,-90.40520567804536,259.85,4846.65,4586.799999999999,,,,,,2020,30976.4,31512.699999999997,-5375.4,5478.9,44.01,61516.700000000004,45816.9,-10426.099999999999,9504.4,76.35,132226.7,62814.79999999999,-22374.5,21246.0,170.67,,4833.0,4915.8,4815.75,4897.4
2020-11-11,4727.0,4854.0,4726.25,4823.95,4782.534057728208,20891,2652,99911919.0,4188.0,20.05,127.75,96.95,1605033000.0,0.0,-0.46836474678385587,16440.11,0.8468873546578548,0.495347212303559,,-81.36278361094125,17.8291994396631,,259.85,4837.45,4577.599999999999,,,,,,2020,30976.4,31512.699999999997,-5375.4,5478.9,44.01,61516.700000000004,45816.9,-10426.099999999999,9504.4,76.35,132226.7,62814.79999999999,-22374.5,21246.0,170.67,,4850.0,4859.5,4785.2,4846.65
2020-11-10,4645.2,4783.75,4645.2,4717.05,4730.312233919673,30301,3482,143333191.0,5242.0,17.3,138.55,71.85,1604946600.0,0.0,-2.2160262855129065,16302.05,0.9110565420829664,0.4953032691208783,0.1,-80.94041826989327,18.827080029812212,-90.31600222974757,259.85,4837.45,4577.599999999999,,,,,,2020,30976.4,31512.699999999997,-5375.4,5478.9,44.01,61516.700000000004,45816.9,-10426.099999999999,9504.4,76.35,132226.7,62814.79999999999,-22374.5,21246.0,170.67,,4727.0,4854.0,4726.25,4823.95
2020-11-09,4572.0,4647.7,4572.0,4623.55,4623.576054640417,12445,1907,57540404.0,3986.0,32.03,75.7,51.55,1604860200.0,0.0,-1.9821710603025178,16154.87,1.4282951747242922,0.4954304064018994,0.11,-80.5549848060473,19.909661916189968,-90.47433935580551,259.85,4837.45,4577.599999999999,,,,,,2020,30976.4,31512.699999999997,-5375.4,5478.9,44.01,61516.700000000004,45816.9,-10426.099999999999,9504.4,76.35,132226.7,62814.79999999999,-22374.5,21246.0,170.67,,4645.2,4783.75,4645.2,4717.05
2020-11-06,4599.0,4613.55,4540.7,4555.85,4565.931825852177,5926,1252,27057712.0,1668.0,28.15,72.85,-43.15,1604601000.0,0.0,-1.4642428437023458,15927.38,0.9575110038335888,0.4954272198921651,0.1,-80.26603158576336,21.62232583136712,-91.0287776380109,259.85,4837.45,4577.599999999999,,,,,,2020,30976.4,31512.699999999997,-5375.4,5478.9,44.01,61516.700000000004,45816.9,-10426.099999999999,9504.4,76.35,132226.7,62814.79999999999,-22374.5,21246.0,170.67,,4572.0,4647.7,4572.0,4623.55
2020-11-05,4580.0,4632.75,4545.0,4617.4,4584.009483848718,34796,4275,159505194.0,8625.0,24.79,87.75,37.4,1604514600.0,0.0,1.3510102395820622,15776.32,1.7285638289297631,0.49544120924230334,0.1,-80.5290856326071,22.786872984320805,-91.86909741788554,259.85,4837.45,4577.599999999999,,,,,,2020,30976.4,31512.699999999997,-5375.4,5478.9,44.01,61516.700000000004,45816.9,-10426.099999999999,9504.4,76.35,132226.7,62814.79999999999,-22374.5,21246.0,170.67,,4599.0,4613.55,4540.7,4555.85
2020-11-04,4550.0,4610.0,4501.0,4535.4,4530.528713996519,28157,2872,127566097.0,4744.0,16.85,109.0,-14.6,1604428200.0,0.0,-1.7758911941785471,15508.25,0.7363482298347046,0.49529011678116386,0.1,-80.17705163822374,24.909322457401693,-92.56486385541177,259.85,4837.45,4577.599999999999,,,,,,2020,30976.4,31512.699999999997,-5375.4,5478.9,44.01,61516.700000000004,45816.9,-10426.099999999999,9504.4,76.35,132226.7,62814.79999999999,-22374.5,21246.0,170.67,,4580.0,4632.75,4545.0,4617.4
2020-11-03,4530.0,4583.85,4514.95,4550.15,4546.742384428224,10275,1790,46717778.0,2384.0,23.2,68.9,20.15,1604341800.0,0.0,0.32521938528025096,15394.89,1.036492843716852,0.49537118127536955,0.1,-80.24131072602002,25.82909004221532,-93.08676045337256,259.85,4837.45,4577.599999999999,,,,,,2020,30976.4,31512.699999999997,-5375.4,5478.9,44.01,61516.700000000004,45816.9,-10426.099999999999,9504.4,76.35,132226.7,62814.79999999999,-22374.5,21246.0,170.67,,4550.0,4610.0,4501.0,4535.4
2020-11-02,4536.0,4588.5,4519.0,4551.3,4551.562827595976,7059,1311,32129482.0,1297.0,18.37,69.5,15.3,1604255400.0,0.0,0.025273892069499482,15236.96,0.1442654326221149,0.49529728645953564,0.09,-80.24630325401534,27.133299555816915,-93.73077614092382,259.85,4837.45,4577.599999999999,,,,,,2020,30976.4,31512.699999999997,-5375.4,5478.9,44.01,61516.700000000004,45816.9,-10426.099999999999,9504.4,76.35,132226.7,62814.79999999999,-22374.5,21246.0,170.67,,4530.0,4583.85,4514.95,4550.15
2020-10-30,4569.95,4670.0,4544.1,4573.85,4621.599436302143,26610,3984,122980761.0,4217.0,15.85,125.9,3.9,1603996200.0,0.0,0.49546283479446895,15215.01,-0.1365860189999623,0.4952965250051493,0.09,-80.34369295014048,27.31670896042788,-93.91898728556697,259.85,4837.45,4577.599999999999,,,,,,2020,30976.4,31512.699999999997,-5375.4,5478.9,44.01,61516.700000000004,45816.9,-10426.099999999999,9504.4,76.35,132226.7,62814.79999999999,-22374.5,21246.0,170.67,,4536.0,4588.5,4519.0,4551.3
2020-10-29,4450.0,4612.05,4447.4,4575.25,4544.923253777097,27402,3530,124539987.0,5163.0,18.84,164.65,125.25,1603909800.0,0.0,0.030608786908170593,15235.82,-0.3627555294550055,0.4953049358410331,0.09,-80.34970766624775,27.142812136137078,-93.83909904565665,259.85,4837.45,4577.599999999999,,,,,,2020,30976.4,31512.699999999997,-5375.4,5478.9,44.01,61516.700000000004,45816.9,-10426.099999999999,9504.4,76.35,132226.7,62814.79999999999,-22374.5,21246.0,170.67,,4569.95,4670.0,4544.1,4573.85
2020-10-28,4560.0,4571.25,4452.95,4465.2,4546.054644524268,57627,2324,261975491.0,47948.0,83.2,118.3,-94.8,1603823400.0,0.0,-2.4053330419102847,15291.29,-1.246424601967544,0.4952923018110429,0.1,-79.86540356534981,26.68159455480865,-93.13106271820887,259.85,4837.45,4577.599999999999,,,,,,2020,30976.4,31512.699999999997,-5375.4,5478.9,44.01,61516.700000000004,45816.9,-10426.099999999999,9504.4,76.35,132226.7,62814.79999999999,-22374.5,21246.0,170.67,,4450.0,4612.05,4447.4,4575.25
2020-10-27,4532.6,4628.0,4484.2,4567.45,4560.742452248922,22722,3194,103629190.0,3319.0,14.61,143.8,34.85,1603737000.0,0.0,2.2899310221266678,15484.29,1.0059308235834452,0.4953828259102286,0.1,-80.31615014942692,25.102603994112727,-92.80201077114485,259.85,4837.45,4577.599999999999,,,,,,2020,30976.4,31512.699999999997,-5375.4,5478.9,44.01,61516.700000000004,45816.9,-10426.099999999999,9504.4,76.35,132226.7,62814.79999999999,-22374.5,21246.0,170.67,,4560.0,4571.25,4452.95,4465.2
2020-10-26,4510.0,4542.5,4460.3,4482.15,4494.952182952183,15873,2487,71348376.0,4614.0,29.07,82.2,-27.85,1603650600.0,0.0,-1.8675628633044727,15330.08,-1.3463926946516214,0.49552014612864553,0.11,-79.941545909887,26.36104964879504,-93.05946986788824,259.85,4837.45,4577.599999999999,,,,,,2020,30976.4,31512.699999999997,-5375.4,5478.9,44.01,61516.700000000004,45816.9,-10426.099999999999,9504.4,76.35,132226.7,62814.79999999999,-22374.5,21246.0,170.67,,4532.6,4628.0,4484.2,4567.45
2020-10-23,4644.0,4644.0,4487.95,4503.55,4560.976532113089,30595,3955,139543077.0,9403.0,30.73,156.05,-140.45,1603391400.0,0.0,0.4774494383275929,15539.3,0.3327789170286754,0.4955005637261351,0.1,-80.03685981059387,24.65973370743857,-92.30622170759344,259.85,4837.45,4577.599999999999,,,,,,2020,30976.4,31512.699999999997,-5375.4,5478.9,44.01,61516.700000000004,45816.9,-10426.099999999999,9504.4,76.35,132226.7,62814.79999999999,-22374.5,21246.0,170.67,,4510.0,4542.5,4460.3,4482.15
2020-10-22,4654.15,4731.8,4533.2,4612.4,4620.6076755938575,40961,6647,189264711.0,8535.0,20.84,198.6,-41.75,1603305000.0,0.0,2.4169821585193763,15487.76,-0.0779362883745915,0.49550385169056477,0.09,-80.50797849275865,25.074575019241,-92.97793164764444,259.85,4837.45,4577.599999999999,,,,,,2020,30976.4,31512.699999999997,-5375.4,5478.9,44.01,61516.700000000004,45816.9,-10426.099999999999,9504.4,76.35,132226.7,62814.79999999999,-22374.5,21246.0,170.67,,4644.0,4644.0,4487.95,4503.55
2020-10-21,4545.0,4656.9,4439.5,4629.6,4573.834628431682,50704,8926,231911711.0,10828.0,21.36,217.4,84.6,1603218600.0,0.0,0.3729078137195474,15499.84,0.2361069704908347,0.4957382961934968,0.1,-80.58039571453257,24.97709653777072,-93.01292516640817,259.85,4837.45,4577.599999999999,,,,,,2020,30976.4,31512.699999999997,-5375.4,5478.9,44.01,61516.700000000004,45816.9,-10426.099999999999,9504.4,76.35,132226.7,62814.79999999999,-22374.5,21246.0,170.67,,4654.15,4731.8,4533.2,4612.4
2020-10-20,4550.0,4588.8,4484.0,4547.4,4538.303614320026,34972,4970,158713554.0,9663.0,27.63,104.8,-2.6,1603132200.0,0.0,-1.7755313634007397,15463.33,0.2489476451432715,0.4957416345506788,0.1,-80.22936183313541,25.272176174213445,-92.80825759493764,259.85,4837.45,4577.599999999999,,,,,,2020,30976.4,31512.699999999997,-5375.4,5478.9,44.01,61516.700000000004,45816.9,-10426.099999999999,9504.4,76.35,132226.7,62814.79999999999,-22374.5,21246.0,170.67,,4545.0,4656.9,4439.5,4629.6
2020-10-19,4520.0,4549.0,4465.2,4516.4,4520.507081238179,21677,2698,97991032.0,5587.0,25.77,83.8,-3.6,1603045800.0,0.0,-0.6817082288780418,15424.93,0.8895324918094305,0.49585798072655934,0.11,-80.09365866619432,25.5840383068189,-92.83516386196456,259.85,4837.45,4577.599999999999,,,,,,2020,30976.4,31512.699999999997,-5375.4,5478.9,44.01,61516.700000000004,45816.9,-10426.099999999999,9504.4,76.35,132226.7,62814.79999999999,-22374.5,21246.0,170.67,,4550.0,4588.8,4484.0,4547.4
2020-10-16,4381.05,4493.95,4380.5,4479.75,4449.706022716426,20954,2410,93239140.0,6185.0,29.52,113.45,98.7,1602786600.0,0.0,-0.8114870250642059,15288.93,0.799264225953844,0.49581727713250734,0.11,-79.93079970980523,26.701149132084456,-93.22515086829978,259.85,4837.45,4577.599999999999,,,,,,2020,30976.4,31512.699999999997,-5375.4,5478.9,44.01,61516.700000000004,45816.9,-10426.099999999999,9504.4,76.35,132226.7,62814.79999999999,-22374.5,21246.0,170.67,,4520.0,4549.0,4465.2,4516.4
2020-10-15,4460.0,4472.2,4368.8,4382.15,4423.608180248077,63690,2535,281739605.0,48556.0,76.24,103.4,-77.85,1602700200.0,0.0,-2.1786930074222943,15167.7,-2.1984505421168143,0.49579541614173056,0.11,-79.4838150223064,27.71382609096962,-93.27966546618265,259.85,4837.45,4577.599999999999,,,,,,2020,30976.4,31512.699999999997,-5375.4,5478.9,44.01,61516.700000000004,45816.9,-10426.099999999999,9504.4,76.35,132226.7,62814.79999999999,-22374.5,21246.0,170.67,,4381.05,4493.95,4380.5,4479.75
2020-10-14,4401.0,4461.95,4320.0,4448.9,4400.206115734469,15501,2448,68207595.0,2396.0,15.46,141.95,47.9,1602613800.0,0.0,1.5232249010189047,15508.65,0.2597541967628292,0.49557965860112263,0.12,-79.79163388702825,24.90610078891457,-92.19512125405156,259.85,4837.45,4577.599999999999,,,,,,2020,30976.4,31512.699999999997,-5375.4,5478.9,44.01,61516.700000000004,45816.9,-10426.099999999999,9504.4,76.35,132226.7,62814.79999999999,-22374.5,21246.0,170.67,,4460.0,4472.2,4368.8,4382.15
2020-10-13,4300.0,4524.0,4300.0,4382.2,4442.010781573966,55465,7818,246376128.0,7047.0,12.71,224.0,82.2,1602527400.0,0.0,-1.4992470048776019,15468.47,-0.0777106682600781,0.4956707059447304,0.11,-79.48404910775409,25.2305496277266,-92.04556967544897,259.85,4837.45,4577.599999999999,,,,,,2020,30976.4,31512.699999999997,-5375.4,5478.9,44.01,61516.700000000004,45816.9,-10426.099999999999,9504.4,76.35,132226.7,62814.79999999999,-22374.5,21246.0,170.67,,4401.0,4461.95,4320.0,4448.9
2020-10-12,4225.0,4355.0,4225.0,4304.4,4292.693224829673,5284,1178,22682591.0,1359.0,25.72,130.0,79.4,1602441000.0,0.0,-1.775363972433941,15480.5,-0.1140779110837542,0.49575469445009296,,-79.11323297091349,25.13323213074512,,259.85,4837.45,4577.599999999999,,,,,,2020,30976.4,31512.699999999997,-5375.4,5478.9,44.01,61516.700000000004,45816.9,-10426.099999999999,9504.4,76.35,132226.7,62814.79999999999,-22374.5,21246.0,170.67,,4300.0,4524.0,4300.0,4382.2
2020-10-09,4338.0,4372.0,4277.0,4298.0,4306.061266874352,10593,1670,45614107.0,2738.0,25.85,95.0,-40.0,1602181800.0,0.0,-0.14868506644363233,15498.18,0.4068574923325574,0.4958729846286465,0.1,-79.08213122382503,24.990482753458785,-91.52464919563049,259.85,4837.45,4577.599999999999,,,,,,2020,30976.4,31512.699999999997,-5375.4,5478.9,44.01,61516.700000000004,45816.9,-10426.099999999999,9504.4,76.35,132226.7,62814.79999999999,-22374.5,21246.0,170.67,,4225.0,4355.0,4225.0,4304.4
2020-10-08,4216.3,4358.65,4216.3,4344.4,4303.145156471731,26778,3782,115229621.0,8163.0,30.48,142.35,128.1,1602095400.0,0.0,1.0795718939041299,15435.38,0.5997382581129473,0.495862822161215,0.09,-79.30554276770094,25.499015897243883,-91.99492909884748,259.85,4837.45,4577.599999999999,,,,,,2020,30976.4,31512.699999999997,-5375.4,5478.9,44.01,61516.700000000004,45816.9,-10426.099999999999,9504.4,76.35,132226.7,62814.79999999999,-22374.5,21246.0,170.67,,4338.0,4372.0,4277.0,4298.0
2020-10-07,4091.0,4288.25,4091.0,4210.6,4221.229958376128,36998,6081,156177066.0,15148.0,40.94,197.25,119.6,1602009000.0,0.0,-3.0798269036000248,15343.36,0.3136894931672351,0.49588627129117757,0.1,-78.64793616111719,26.251681509134883,-91.71619599267652,259.85,4837.45,4577.599999999999,,,,,,2020,30976.4,31512.699999999997,-5375.4,5478.9,44.01,61516.700000000004,45816.9,-10426.099999999999,9504.4,76.35,132226.7,62814.79999999999,-22374.5,21246.0,170.67,,4216.3,4358.65,4216.3,4344.4
2020-10-06,4069.25,4148.35,4059.05,4136.75,4109.008935663225,10072,1504,41385938.0,3708.0,36.81,89.3,67.5,1601922600.0,0.0,-1.7539068066308894,15295.38,1.1194594755405296,0.49624749632007314,0.1,-78.26675530307608,26.647719768976,-91.54099477143733,259.85,4837.45,4577.599999999999,,,,,,2020,30976.4,31512.699999999997,-5375.4,5478.9,44.01,61516.700000000004,45816.9,-10426.099999999999,9504.4,76.35,132226.7,62814.79999999999,-22374.5,21246.0,170.67,,4091.0,4288.25,4091.0,4210.6
2020-10-05,4135.0,4135.0,4029.9,4047.0,4056.811179767208,20877,2777,84694047.0,12449.0,59.63,105.1,-88.0,1601836200.0,0.0,-2.1695775669305584,15126.05,0.5839114151656055,0.4962722406580151,0.1,-77.78477884852978,28.06548966848583,-91.76327506740782,259.85,4837.45,4577.599999999999,,,,,,2020,30976.4,31512.699999999997,-5375.4,5478.9,44.01,61516.700000000004,45816.9,-10426.099999999999,9504.4,76.35,132226.7,62814.79999999999,-22374.5,21246.0,170.67,,4069.25,4148.35,4059.05,4136.75
2020-10-01,4070.0,4119.2,4064.95,4100.7,4099.095289521329,31483,2899,129051817.0,21043.0,66.84,54.25,30.7,1601490600.0,0.0,1.3269088213491376,15038.24,1.2607905191569513,0.4964298616554,0.09,-78.0756943936401,28.81327868154784,-92.4247876558104,259.85,4837.45,4577.599999999999,,,,,,2020,30976.4,31512.699999999997,-5375.4,5478.9,44.01,61516.700000000004,45816.9,-10426.099999999999,9504.4,76.35,132226.7,62814.79999999999,-22374.5,21246.0,170.67,,4135.0,4135.0,4029.9,4047.0
2020-09-30,4078.05,4103.8,4021.05,4047.0,4059.040448350452,66109,3190,268339105.0,51655.0,78.14,82.75,-31.05,1601404200.0,13.0,-1.3095325188382412,14851.0,0.2120844262013088,0.49638336567104163,0.1,-77.78477884852978,30.437344286580025,-92.94373191102352,259.85,4837.45,4577.599999999999,100185.8,101650.4,-11978.3,12086.7,41.9,2020,0.0,0.0,0.0,0.0,0.0,0.0,0.0,0.0,0.0,0.0,0.0,0.0,0.0,0.0,0.0,96.58711217183772,4070.0,4119.2,4064.95,4100.7
2020-09-29,3950.0,4075.0,3946.0,4064.6,4029.747014861266,23282,4594,93820570.0,10927.0,46.93,129.0,114.6,1601317800.0,13.0,0.43489004200643055,14819.57,-0.0990275214267533,0.49644594977423906,0.09,-77.88097229739704,30.71398157976244,-93.174123918631,259.85,4837.45,4577.599999999999,100185.8,101650.4,-11978.3,12086.7,41.9,2020,0.0,0.0,0.0,0.0,0.0,0.0,0.0,0.0,0.0,0.0,0.0,0.0,0.0,0.0,0.0,97.0071599045346,4078.05,4103.8,4021.05,4047.0
2020-09-28,3900.0,3950.0,3883.2,3928.4,3916.3189003436414,14550,1492,56982440.0,2140.0,14.71,66.8,28.4,1601231400.0,13.0,-3.350883235742752,14834.26,1.8999606393055977,0.49645288063593646,0.11,-77.11409225129825,30.58453876364577,-92.3532648065617,259.85,4837.45,4577.599999999999,100185.8,101650.4,-11978.3,12086.7,41.9,2020,0.0,0.0,0.0,0.0,0.0,0.0,0.0,0.0,0.0,0.0,0.0,0.0,0.0,0.0,0.0,93.7565632458234,3950.0,4075.0,3946.0,4064.6
2020-09-25,3820.25,3870.0,3762.3,3859.5,3832.504761904762,10290,1121,39436474.0,985.0,9.57,107.7,39.25,1600972200.0,13.0,-1.7538947154057682,14557.67,2.366046723234838,0.49661377897626857,0.1,-76.7055318046379,33.0655936011738,-93.17669981911271,259.85,4837.45,4577.599999999999,100185.8,101650.4,-11978.3,12086.7,41.9,2020,0.0,0.0,0.0,0.0,0.0,0.0,0.0,0.0,0.0,0.0,0.0,0.0,0.0,0.0,0.0,92.11217183770883,3900.0,3950.0,3883.2,3928.4
2020-09-24,3871.2,3871.2,3755.0,3775.95,3801.265278710543,16379,2130,62260924.0,10859.0,66.3,116.2,-95.25,1600885800.0,13.0,-2.1647881849980566,14221.19,-2.7119344407191104,0.4962997703060535,0.1,-76.19009785616865,36.21398771832736,-94.21346166561015,259.85,4837.45,4577.599999999999,100185.8,101650.4,-11978.3,12086.7,41.9,2020,0.0,0.0,0.0,0.0,0.0,0.0,0.0,0.0,0.0,0.0,0.0,0.0,0.0,0.0,0.0,90.118138424821,3820.25,3870.0,3762.3,3859.5
2020-09-23,3895.5,3917.3,3838.1,3867.15,3873.388959026742,8713,1240,33748838.0,2867.0,32.9,79.2,-28.35,1600799400.0,13.0,2.415286219362023,14617.61,-0.2362099395176842,0.49587830144058115,0.11,-76.75161294493361,32.51995367231715,-92.93300572173017,259.85,4837.45,4577.599999999999,100185.8,101650.4,-11978.3,12086.7,41.9,2020,0.0,0.0,0.0,0.0,0.0,0.0,0.0,0.0,0.0,0.0,0.0,0.0,0.0,0.0,0.0,92.2947494033413,3871.2,3871.2,3755.0,3775.95
2020-09-22,3883.0,3943.75,3794.65,3878.3,3884.8843537414978,29400,5842,114215600.0,7573.0,25.76,149.1,-4.7,1600713000.0,13.0,0.2883260282119826,14652.22,-1.02660055930075,0.4961078892538587,0.1,-76.81845138333806,32.20692836989891,-92.84695184735344,259.85,4837.45,4577.599999999999,100185.8,101650.4,-11978.3,12086.7,41.9,2020,0.0,0.0,0.0,0.0,0.0,0.0,0.0,0.0,0.0,0.0,0.0,0.0,0.0,0.0,0.0,92.56085918854416,3895.5,3917.3,3838.1,3867.15
2020-09-21,4000.0,4003.15,3851.1,3888.95,3892.5136020706,36318,4549,141368309.0,25786.0,71.0,152.05,-111.05,1600626600.0,13.0,0.2746048526416134,14804.2,-2.620860587371654,0.49602138316954003,0.1,-76.88193471245452,30.84969130381918,-92.23443912501129,259.85,4837.45,4577.599999999999,100185.8,101650.4,-11978.3,12086.7,41.9,2020,0.0,0.0,0.0,0.0,0.0,0.0,0.0,0.0,0.0,0.0,0.0,0.0,0.0,0.0,0.0,92.81503579952268,3883.0,3943.75,3794.65,3878.3
2020-09-18,4014.8,4019.1,3953.0,4004.7,3988.537510879025,5745,1115,22914148.0,2177.0,37.89,66.1,-10.1,1600367400.0,13.0,2.976381799714578,15202.64,-0.0589681171158207,0.4954607956024886,0.1,-77.5501285988963,27.4203033157399,-91.18626781581409,259.85,4837.45,4577.599999999999,100185.8,101650.4,-11978.3,12086.7,41.9,2020,0.0,0.0,0.0,0.0,0.0,0.0,0.0,0.0,0.0,0.0,0.0,0.0,0.0,0.0,0.0,95.57756563245823,4000.0,4003.15,3851.1,3888.95
2020-09-17,3973.4,4021.0,3947.15,3965.25,3978.684567901235,9720,1586,38672814.0,1882.0,19.36,73.85,-8.15,1600281000.0,13.0,-0.985092516293351,15211.61,-0.6634794403002298,0.4958165882209158,0.09,-77.32677636971187,27.345165962051343,-90.93033976841099,259.85,4837.45,4577.599999999999,100185.8,101650.4,-11978.3,12086.7,41.9,2020,0.0,0.0,0.0,0.0,0.0,0.0,0.0,0.0,0.0,0.0,0.0,0.0,0.0,0.0,0.0,94.63603818615752,4014.8,4019.1,3953.0,4004.7
2020-09-16,3943.65,3983.15,3929.15,3974.9,3969.458713823258,20697,3179,82155887.0,12701.0,61.37,54.0,31.25,1600194600.0,13.0,0.24336422671962232,15313.21,0.6300049811596375,0.4958135479524858,0.12,-77.38182092631261,26.50025696767693,-90.58150972935479,259.85,4837.45,4577.599999999999,100185.8,101650.4,-11978.3,12086.7,41.9,2020,0.0,0.0,0.0,0.0,0.0,0.0,0.0,0.0,0.0,0.0,0.0,0.0,0.0,0.0,0.0,94.86634844868736,3973.4,4021.0,3947.15,3965.25
2020-09-15,3927.0,3953.0,3888.0,3931.2,3924.992670870972,5867,1225,23027932.0,2105.0,35.88,65.0,4.2,1600108200.0,13.0,-1.099398727012002,15217.34,0.854764298595545,0.49578855963086,0.11,-77.13039275539275,27.29721488775305,-90.7195028649665,259.85,4837.45,4577.599999999999,100185.8,101650.4,-11978.3,12086.7,41.9,2020,0.0,0.0,0.0,0.0,0.0,0.0,0.0,0.0,0.0,0.0,0.0,0.0,0.0,0.0,0.0,93.82338902147971,3943.65,3983.15,3929.15,3974.9
2020-09-14,3865.0,3969.0,3865.0,3910.9,3898.6373567003902,135119,1665,526779981.0,128996.0,95.47,104.0,45.9,1600021800.0,13.0,-0.5163817663817571,15088.37,0.5076551275765784,0.4957810027298769,0.11,-77.011685289831,28.385306033720003,-91.14004486772284,259.85,4837.45,4577.599999999999,100185.8,101650.4,-11978.3,12086.7,41.9,2020,0.0,0.0,0.0,0.0,0.0,0.0,0.0,0.0,0.0,0.0,0.0,0.0,0.0,0.0,0.0,93.33890214797137,3927.0,3953.0,3888.0,3931.2
2020-09-11,3900.0,3941.0,3872.8,3896.9,3907.7284610138663,8798,1309,34380195.0,3196.0,36.33,68.2,-3.1,1599762600.0,13.0,-0.35797386790764607,15012.16,0.2599973419228796,0.4957729638567739,0.11,-76.92909748774667,29.037060622855076,-91.38035206840411,259.85,4837.45,4577.599999999999,100185.8,101650.4,-11978.3,12086.7,41.9,2020,0.0,0.0,0.0,0.0,0.0,0.0,0.0,0.0,0.0,0.0,0.0,0.0,0.0,0.0,0.0,93.00477326968975,3865.0,3969.0,3865.0,3910.9
2020-09-10,3865.0,3938.25,3826.65,3917.3,3874.413333333332,8325,1575,32254491.0,1431.0,17.19,111.6,52.3,1599676200.0,13.0,0.5234930329236054,14973.23,1.416201688686236,0.49577341552630555,0.12,-77.04924310111556,29.37255355056991,-91.67188148774777,259.85,4837.45,4577.599999999999,100185.8,101650.4,-11978.3,12086.7,41.9,2020,0.0,0.0,0.0,0.0,0.0,0.0,0.0,0.0,0.0,0.0,0.0,0.0,0.0,0.0,0.0,93.49164677804296,3900.0,3941.0,3872.8,3896.9
2020-09-09,3824.9,3859.1,3776.0,3831.45,3827.4014523355822,19417,3369,74316654.0,12499.0,64.37,83.1,6.55,1599589800.0,13.0,-2.191560513619084,14764.14,-0.3835776152605219,0.4956337970791081,0.12,-76.53499327930679,31.20472983864959,-92.06163596041493,259.85,4837.45,4577.599999999999,100185.8,101650.4,-11978.3,12086.7,41.9,2020,0.0,0.0,0.0,0.0,0.0,0.0,0.0,0.0,0.0,0.0,0.0,0.0,0.0,0.0,0.0,91.44272076372314,3865.0,3938.25,3826.65,3917.3
2020-09-08,3850.0,3861.55,3815.0,3823.15,3840.2267811704833,12576,2173,48294692.0,5524.0,43.92,46.55,-26.85,1599503400.0,13.0,-0.2166281694919614,14820.99,-0.5259289834791514,0.49580528279226066,0.13,-76.48405110968703,30.7014578648255,-91.77154142172851,259.85,4837.45,4577.599999999999,100185.8,101650.4,-11978.3,12086.7,41.9,2020,0.0,0.0,0.0,0.0,0.0,0.0,0.0,0.0,0.0,0.0,0.0,0.0,0.0,0.0,0.0,91.24463007159905,3824.9,3859.1,3776.0,3831.45
2020-09-07,3923.0,3985.45,3821.75,3848.75,3859.9235577223576,15999,3310,61754917.0,6095.0,38.1,163.7,-74.25,1599417000.0,13.0,0.6696049069484511,14899.35,0.0151036107698843,0.4957812963696702,,-76.6404676843131,30.014061016084597,,259.85,4837.45,4577.599999999999,100185.8,101650.4,-11978.3,12086.7,41.9,2020,0.0,0.0,0.0,0.0,0.0,0.0,0.0,0.0,0.0,0.0,0.0,0.0,0.0,0.0,0.0,91.85560859188544,3850.0,3861.55,3815.0,3823.15
2020-09-04,3900.0,3951.5,3877.35,3926.05,3907.74201661013,17098,2487,66814573.0,3256.0,19.04,74.15,26.05,1599157800.0,13.0,2.008444300097434,14897.1,-1.6387922325737936,0.49580038240842983,0.11,-77.10039352529895,30.033697833806585,-92.04657435437457,259.85,4837.45,4577.599999999999,100185.8,101650.4,-11978.3,12086.7,41.9,2020,0.0,0.0,0.0,0.0,0.0,0.0,0.0,0.0,0.0,0.0,0.0,0.0,0.0,0.0,0.0,93.70047732696898,3923.0,3985.45,3821.75,3848.75
2020-09-03,3979.0,3983.1,3929.4,3949.65,3954.527715508457,9814,1765,38809735.0,2807.0,28.6,53.7,-29.35,1599071400.0,13.0,0.60111307803008,15145.3,0.1517621269180979,0.49573947228382637,0.11,-77.23722355145392,27.902715693977687,-91.12516976292083,259.85,4837.45,4577.599999999999,100185.8,101650.4,-11978.3,12086.7,41.9,2020,0.0,0.0,0.0,0.0,0.0,0.0,0.0,0.0,0.0,0.0,0.0,0.0,0.0,0.0,0.0,94.263723150358,3900.0,3951.5,3877.35,3926.05
2020-09-02,3893.8,4044.7,3893.2,3944.2,3956.336083005736,15517,2693,61390467.0,4959.0,31.96,151.5,50.4,1598985000.0,13.0,-0.13798691023255705,15122.35,0.7747521173070426,0.4957540468015516,0.12,-77.20577049845343,28.096823575700867,-91.1953940027602,259.85,4837.45,4577.599999999999,100185.8,101650.4,-11978.3,12086.7,41.9,2020,0.0,0.0,0.0,0.0,0.0,0.0,0.0,0.0,0.0,0.0,0.0,0.0,0.0,0.0,0.0,94.13365155131265,3979.0,3983.1,3929.4,3949.65
2020-09-01,3920.0,3968.7,3852.15,3911.5,3890.486893929104,29452,2820,114582620.0,2576.0,8.75,116.55,-8.5,1598898600.0,13.0,-0.8290654632117977,15006.09,0.7792446773216444,0.49571126908532276,0.12,-77.01521155566918,29.089256428556663,-91.49559842432714,259.85,4837.45,4577.599999999999,100185.8,101650.4,-11978.3,12086.7,41.9,2020,0.0,0.0,0.0,0.0,0.0,0.0,0.0,0.0,0.0,0.0,0.0,0.0,0.0,0.0,0.0,93.35322195704057,3893.8,4044.7,3893.2,3944.2
2020-08-31,4068.0,4083.5,3886.3,3906.1,3986.792096831613,22472,3608,89591192.0,11419.0,50.81,197.2,-161.9,1598812200.0,13.0,-0.1380544548127305,14890.06,-2.740244996923502,0.4956929714574324,0.11,-76.9834361639487,30.095177588270296,-91.95687794235721,259.85,4837.45,4577.599999999999,100185.8,101650.4,-11978.3,12086.7,41.9,2020,0.0,0.0,0.0,0.0,0.0,0.0,0.0,0.0,0.0,0.0,0.0,0.0,0.0,0.0,0.0,93.22434367541766,3920.0,3968.7,3852.15,3911.5
2020-08-28,4032.05,4088.35,4032.05,4062.45,4075.551061486461,52662,5792,214626670.0,40065.0,76.08,56.3,30.4,1598553000.0,13.0,4.00271370420624,15309.58,0.607935693270778,0.49507627461176806,0.1,-77.86926608327487,26.53025099316899,-91.05425628202696,259.85,4837.45,4577.599999999999,100185.8,101650.4,-11978.3,12086.7,41.9,2020,0.0,0.0,0.0,0.0,0.0,0.0,0.0,0.0,0.0,0.0,0.0,0.0,0.0,0.0,0.0,96.95584725536993,4068.0,4083.5,3886.3,3906.1
2020-08-27,4060.0,4115.0,4027.55,4049.6,4052.319340060485,33397,3355,135335309.0,24301.0,72.76,87.45,-10.4,1598466600.0,13.0,-0.31631158537335224,15217.07,0.1685156209372706,0.49569353093094937,0.11,-77.79904188067958,27.29947355174156,-91.38668802969602,259.85,4837.45,4577.599999999999,100185.8,101650.4,-11978.3,12086.7,41.9,2020,0.0,0.0,0.0,0.0,0.0,0.0,0.0,0.0,0.0,0.0,0.0,0.0,0.0,0.0,0.0,96.6491646778043,4032.05,4088.35,4032.05,4062.45
2020-08-26,4160.9,4178.0,4071.1,4079.15,4105.169945583927,28668,3625,117687012.0,20218.0,70.52,106.9,-81.75,1598380200.0,13.0,0.7297016989332272,15191.47,0.5855778608663265,0.4956955065545613,0.11,-77.95986909037423,27.51399305004718,-91.65390530693504,259.85,4837.45,4577.599999999999,100185.8,101650.4,-11978.3,12086.7,41.9,2020,0.0,0.0,0.0,0.0,0.0,0.0,0.0,0.0,0.0,0.0,0.0,0.0,0.0,0.0,0.0,97.35441527446301,4060.0,4115.0,4027.55,4049.6
2020-08-25,4185.0,4201.4,4145.0,4174.65,4181.696557877759,58278,5205,243700912.0,50301.0,86.31,56.4,-10.35,1598293800.0,13.0,2.341174019097103,15103.03,0.1398361218782229,0.4956943379661945,0.11,-78.46406285556873,28.26068676285487,-92.5281988937758,259.85,4837.45,4577.599999999999,100185.8,101650.4,-11978.3,12086.7,41.9,2020,0.0,0.0,0.0,0.0,0.0,0.0,0.0,0.0,0.0,0.0,0.0,0.0,0.0,0.0,0.0,99.63365155131264,4160.9,4178.0,4071.1,4079.15
2020-08-24,4205.1,4220.85,4173.95,4186.45,4198.303378121089,18383,1868,77177411.0,3344.0,18.19,46.9,-18.65,1598207400.0,13.0,0.2826584264549181,15081.94,0.776574732121138,0.49591621393439206,0.12,-78.52476441854077,28.44004153311841,-92.68913219410959,259.85,4837.45,4577.599999999999,100185.8,101650.4,-11978.3,12086.7,41.9,2020,0.0,0.0,0.0,0.0,0.0,0.0,0.0,0.0,0.0,0.0,0.0,0.0,0.0,0.0,0.0,99.91527446300717,4185.0,4201.4,4145.0,4174.65
2020-08-21,4165.0,4200.0,4142.6,4190.75,4182.013198163734,10456,2278,43727130.0,4084.0,39.06,57.4,25.75,1597948200.0,13.0,0.10271232189564827,14965.72,0.5843897042564494,0.4958764817318778,0.1,-78.54679949889638,29.437474441590528,-93.19456310789117,259.85,4837.45,4577.599999999999,100185.8,101650.4,-11978.3,12086.7,41.9,2020,0.0,0.0,0.0,0.0,0.0,0.0,0.0,0.0,0.0,0.0,0.0,0.0,0.0,0.0,0.0,100.01789976133652,4205.1,4220.85,4173.95,4186.45
2020-08-20,4195.6,4195.8,4134.1,4148.0,4170.740605368361,17510,2023,73029668.0,9726.0,55.55,61.7,-47.6,1597861800.0,13.0,-1.0201038000357876,14878.77,-0.4943592089450166,0.4958533198961156,0.11,-78.32569913211186,30.19389371567676,-93.35289770643207,259.85,4837.45,4577.599999999999,100185.8,101650.4,-11978.3,12086.7,41.9,2020,0.0,0.0,0.0,0.0,0.0,0.0,0.0,0.0,0.0,0.0,0.0,0.0,0.0,0.0,0.0,98.99761336515513,4165.0,4200.0,4142.6,4190.75
2020-08-19,4170.9,4215.0,4170.9,4195.6,4196.9398527964,21331,4445,89524924.0,6868.0,32.2,44.1,24.7,1597775400.0,13.0,1.1475409836065653,14952.69,0.3604944768031082,0.4958696377913787,0.11,-78.57159881780913,29.55026821260922,-93.28013395287671,259.85,4837.45,4577.599999999999,100185.8,101650.4,-11978.3,12086.7,41.9,2020,0.0,0.0,0.0,0.0,0.0,0.0,0.0,0.0,0.0,0.0,0.0,0.0,0.0,0.0,0.0,100.13365155131267,4195.6,4195.8,4134.1,4148.0
2020-08-18,4050.0,4180.1,4035.4,4170.05,4140.47387159349,84544,8821,350052223.0,34214.0,40.47,144.7,120.05,1597689000.0,13.0,-0.6089713032701005,14898.98,1.2023526742684698,0.49591622669997887,0.09,-78.44030647114543,30.017289774199305,-93.37173509132322,259.85,4837.45,4577.599999999999,100185.8,101650.4,-11978.3,12086.7,41.9,2020,0.0,0.0,0.0,0.0,0.0,0.0,0.0,0.0,0.0,0.0,0.0,0.0,0.0,0.0,0.0,99.52386634844869,4170.9,4215.0,4170.9,4195.6
2020-08-17,4055.0,4055.0,3985.65,4036.05,4020.0857461024502,8082,1371,32490333.0,1167.0,14.44,69.35,-18.95,1597602600.0,13.0,-3.2133907267298922,14721.97,0.5951539029728226,0.49582114749478684,0.1,-77.72450787279642,31.580556134810767,-93.43323333933235,259.85,4837.45,4577.599999999999,100185.8,101650.4,-11978.3,12086.7,41.9,2020,0.0,0.0,0.0,0.0,0.0,0.0,0.0,0.0,0.0,0.0,0.0,0.0,0.0,0.0,0.0,96.3257756563246,4050.0,4180.1,4035.4,4170.05
2020-08-14,4047.0,4091.0,3966.25,4010.05,4040.7404739297353,48446,5332,195757713.0,14910.0,30.78,124.75,-36.95,1597343400.0,13.0,-0.6441941997745282,14634.87,-1.0031008255339091,0.4961995211362943,0.1,-77.58008004887719,32.363662950200435,-93.68929415486946,259.85,4837.45,4577.599999999999,100185.8,101650.4,-11978.3,12086.7,41.9,2020,0.0,0.0,0.0,0.0,0.0,0.0,0.0,0.0,0.0,0.0,0.0,0.0,0.0,0.0,0.0,95.70525059665871,4055.0,4055.0,3985.65,4036.05
2020-08-13,4020.0,4074.0,4009.45,4047.45,4025.9474563683616,145422,3069,585461331.0,15917.0,10.95,64.55,27.45,1597257000.0,13.0,0.9326567000411456,14783.16,0.2492811804915007,0.49612776256504165,0.1,-77.78724876156593,31.03592195444005,-93.23541850370903,259.85,4837.45,4577.599999999999,100185.8,101650.4,-11978.3,12086.7,41.9,2020,0.0,0.0,0.0,0.0,0.0,0.0,0.0,0.0,0.0,0.0,0.0,0.0,0.0,0.0,0.0,96.59785202863962,4047.0,4091.0,3966.25,4010.05
2020-08-12,3980.0,4014.05,3928.2,3999.6,3974.490109194493,18957,3449,75344409.0,3705.0,19.54,85.85,19.6,1597170600.0,13.0,-1.1822258459029733,14746.4,-0.0756222573379372,0.4961608265788868,0.11,-77.52150215021503,31.36256984755601,-93.13780303849282,259.85,4837.45,4577.599999999999,100185.8,101650.4,-11978.3,12086.7,41.9,2020,0.0,0.0,0.0,0.0,0.0,0.0,0.0,0.0,0.0,0.0,0.0,0.0,0.0,0.0,0.0,95.45584725536993,4020.0,4074.0,4009.45,4047.45
2020-08-11,3980.0,4077.0,3961.75,3969.6,4019.472181946228,72417,6220,291078117.0,48309.0,66.71,115.25,-10.4,1597084200.0,13.0,-0.7500750075007501,14757.56,0.2705578437993905,0.4962128468114279,0.11,-77.35162232970576,31.26323050694017,-92.92025552692716,259.85,4837.45,4577.599999999999,100185.8,101650.4,-11978.3,12086.7,41.9,2020,0.0,0.0,0.0,0.0,0.0,0.0,0.0,0.0,0.0,0.0,0.0,0.0,0.0,0.0,0.0,94.73985680190931,3980.0,4014.05,3928.2,3999.6
2020-08-10,4010.0,4040.0,3962.05,3970.0,3992.426316565866,13558,2878,54129316.0,4453.0,32.84,77.95,-40.0,1596997800.0,13.0,0.010076582023388347,14717.74,0.7447494479407846,0.4962293299377426,0.11,-77.35390428211588,31.61837347310117,-93.09928333810102,259.85,4837.45,4577.599999999999,100185.8,101650.4,-11978.3,12086.7,41.9,2020,0.0,0.0,0.0,0.0,0.0,0.0,0.0,0.0,0.0,0.0,0.0,0.0,0.0,0.0,0.0,94.74940334128878,3980.0,4077.0,3961.75,3969.6
2020-08-07,4037.35,4070.0,3984.25,4005.15,4009.6027465158327,34298,3998,137521355.0,24092.0,70.24,85.75,-32.2,1596738600.0,13.0,0.8853904282115854,14608.94,0.3097399516473365,0.49618936934168173,0.1,-77.55265096188657,32.598600582930715,-93.77811108961816,259.85,4837.45,4577.599999999999,100185.8,101650.4,-11978.3,12086.7,41.9,2020,0.0,0.0,0.0,0.0,0.0,0.0,0.0,0.0,0.0,0.0,0.0,0.0,0.0,0.0,0.0,95.58830548926015,4010.0,4040.0,3962.05,3970.0
2020-08-06,4058.2,4082.9,4002.8,4030.1,4046.343647769697,25983,2851,105136147.0,13515.0,52.01,80.1,-28.1,1596652200.0,13.0,0.6229479545085681,14563.83,0.8906663267582271,0.49621655300730705,0.1,-77.69162055532121,33.009311424261334,-94.12176563211216,259.85,4837.45,4577.599999999999,100185.8,101650.4,-11978.3,12086.7,41.9,2020,0.0,0.0,0.0,0.0,0.0,0.0,0.0,0.0,0.0,0.0,0.0,0.0,0.0,0.0,0.0,96.18377088305489,4037.35,4070.0,3984.25,4005.15
2020-08-05,4049.0,4112.5,4014.4,4042.25,4066.2936773956567,21779,3309,88559810.0,4185.0,19.22,98.1,-6.75,1596565800.0,13.0,0.3014813528200211,14435.26,0.1559031943155986,0.4961750630449071,0.1,-77.7586740058136,34.19398057257021,-94.77525696586046,259.85,4837.45,4577.599999999999,100185.8,101650.4,-11978.3,12086.7,41.9,2020,0.0,0.0,0.0,0.0,0.0,0.0,0.0,0.0,0.0,0.0,0.0,0.0,0.0,0.0,0.0,96.47374701670644,4058.2,4082.9,4002.8,4030.1
2020-08-04,4050.0,4066.8,3984.7,4003.35,4003.047309402162,15071,2237,60329926.0,2038.0,13.52,82.1,-46.65,1596479400.0,13.0,-0.9623353330447171,14412.79,1.6236183696550333,0.4961782419373503,0.09,-77.54255810758491,34.40319327486212,-94.6580180219625,259.85,4837.45,4577.599999999999,100185.8,101650.4,-11978.3,12086.7,41.9,2020,0.0,0.0,0.0,0.0,0.0,0.0,0.0,0.0,0.0,0.0,0.0,0.0,0.0,0.0,0.0,95.5453460620525,4049.0,4112.5,4014.4,4042.25
2020-08-03,4100.0,4155.2,4028.5,4043.9,4079.875644833516,12794,2433,52197929.0,3087.0,24.13,126.7,-56.1,1596393000.0,13.0,1.0129016948305924,14182.52,-1.1407914859565382,0.49601133114514245,0.1,-77.7677489552165,36.58538821027575,-95.96491492874267,259.85,4837.45,4577.599999999999,100185.8,101650.4,-11978.3,12086.7,41.9,2020,0.0,0.0,0.0,0.0,0.0,0.0,0.0,0.0,0.0,0.0,0.0,0.0,0.0,0.0,0.0,96.51312649164679,4050.0,4066.8,3984.7,4003.35
2020-07-31,4001.0,4205.0,4001.0,4124.55,4147.220712373894,9714,1907,40286102.0,1657.0,17.06,204.0,123.55,1596133800.0,13.0,1.9943618783847317,14346.18,0.0583771161704715,0.49594305748198153,0.09,-78.20247057254731,35.02723373051224,-95.61934908882017,259.85,4837.45,4577.599999999999,100185.8,101650.4,-11978.3,12086.7,41.9,2020,0.0,0.0,0.0,0.0,0.0,0.0,0.0,0.0,0.0,0.0,0.0,0.0,0.0,0.0,0.0,98.43794749403342,4100.0,4155.2,4028.5,4043.9
2020-07-30,4190.0,4218.2,4129.75,4154.9,4185.243539250067,18535,3125,77573489.0,4964.0,26.78,88.45,-35.1,1596047400.0,13.0,0.7358378489774609,14337.81,-0.6891865589919499,0.4961056488750745,0.09,-78.36169342222436,35.106058735608855,-95.82335796230132,259.85,4837.45,4577.599999999999,100185.8,101650.4,-11978.3,12086.7,41.9,2020,0.0,0.0,0.0,0.0,0.0,0.0,0.0,0.0,0.0,0.0,0.0,0.0,0.0,0.0,0.0,99.16229116945107,4001.0,4205.0,4001.0,4124.55
2020-07-29,4150.0,4285.6,4150.0,4184.45,4224.729256085215,70129,8957,296276038.0,8327.0,11.87,135.6,34.45,1595961000.0,13.0,0.7112084526703422,14437.31,-0.4835443282283691,0.49608649422697776,0.11,-78.51450011351552,34.174925938419285,-95.52364979840759,259.85,4837.45,4577.599999999999,100185.8,101650.4,-11978.3,12086.7,41.9,2020,0.0,0.0,0.0,0.0,0.0,0.0,0.0,0.0,0.0,0.0,0.0,0.0,0.0,0.0,0.0,99.86754176610978,4190.0,4218.2,4129.75,4154.9
2020-07-28,3867.0,4209.5,3867.0,4135.7,4068.090557618933,78889,11324,320927596.0,17836.0,22.61,342.5,268.7,1595874600.0,13.0,-1.1650276619388444,14507.46,1.3049043370419788,0.49608644887907033,0.11,-78.26123751722804,33.52613069413943,-94.94852712856257,259.85,4837.45,4577.599999999999,100185.8,101650.4,-11978.3,12086.7,41.9,2020,0.0,0.0,0.0,0.0,0.0,0.0,0.0,0.0,0.0,0.0,0.0,0.0,0.0,0.0,0.0,98.70405727923628,4150.0,4285.6,4150.0,4184.45
2020-07-27,3765.0,3900.0,3765.0,3859.05,3843.5877250409167,36660,4537,140905926.0,9065.0,24.73,135.0,94.05,1595788200.0,13.0,-6.6893149889982295,14320.59,-0.6608004384063393,0.49600907108994025,0.11,-76.70281545976341,35.2685189646516,-94.2517597923183,259.85,4837.45,4577.599999999999,100185.8,101650.4,-11978.3,12086.7,41.9,2020,0.0,0.0,0.0,0.0,0.0,0.0,0.0,0.0,0.0,0.0,0.0,0.0,0.0,0.0,0.0,92.10143198090692,3867.0,4209.5,3867.0,4135.7
2020-07-24,3837.6,3837.6,3736.8,3783.85,3780.7346508990777,18519,2103,70015425.0,12827.0,69.26,100.8,-53.75,1595529000.0,13.0,-1.9486661224912938,14415.85,-0.3098752062492216,0.49774216627750123,0.11,-76.23980866049129,34.37466399830742,-93.40477674577953,259.85,4837.45,4577.599999999999,100185.8,101650.4,-11978.3,12086.7,41.9,2020,0.0,0.0,0.0,0.0,0.0,0.0,0.0,0.0,0.0,0.0,0.0,0.0,0.0,0.0,0.0,90.30668257756564,3765.0,3900.0,3765.0,3859.05
2020-07-23,3827.0,3889.35,3827.0,3837.6,3859.9843422340286,7153,1362,27610468.0,2065.0,28.87,62.35,10.6,1595442600.0,13.0,1.4205108553457357,14460.66,0.72075435426735,0.4978806451461642,0.12,-76.5725974567438,33.958270231095945,-93.54001727003208,259.85,4837.45,4577.599999999999,100185.8,101650.4,-11978.3,12086.7,41.9,2020,0.0,0.0,0.0,0.0,0.0,0.0,0.0,0.0,0.0,0.0,0.0,0.0,0.0,0.0,0.0,91.58949880668258,3837.6,3837.6,3736.8,3783.85
2020-07-22,3880.0,3910.3,3841.5,3863.35,3875.3392077478775,12597,2086,48817648.0,2807.0,22.28,68.8,-16.65,1595356200.0,13.0,0.6709922868459506,14357.18,-0.2449897307197357,0.4979269401770706,0.13,-76.72874577762823,34.92378029668779,-94.18350633795123,259.85,4837.45,4577.599999999999,100185.8,101650.4,-11978.3,12086.7,41.9,2020,0.0,0.0,0.0,0.0,0.0,0.0,0.0,0.0,0.0,0.0,0.0,0.0,0.0,0.0,0.0,92.20405727923628,3827.0,3889.35,3827.0,3837.6
2020-07-21,3879.8,3953.0,3848.1,3862.35,3907.868016497938,21336,3238,83378272.0,6654.0,31.19,104.9,-17.45,1595269800.0,13.0,-0.025884271422471627,14392.44,0.96323218378227,0.4979399843390296,0.13,-76.72272062345463,34.59323089066204,-94.01334127342325,259.85,4837.45,4577.599999999999,100185.8,101650.4,-11978.3,12086.7,41.9,2020,0.0,0.0,0.0,0.0,0.0,0.0,0.0,0.0,0.0,0.0,0.0,0.0,0.0,0.0,0.0,92.18019093078759,3880.0,3910.3,3841.5,3863.35
2020-07-20,3841.0,3888.95,3830.0,3865.75,3864.579481970544,11814,2011,45656142.0,4505.0,38.13,58.95,24.75,1595183400.0,13.0,0.08802930858156088,14255.13,0.9979255052329884,0.49787097651756007,0.13,-76.74319342947682,35.889676207793265,-94.6768983430026,259.85,4837.45,4577.599999999999,100185.8,101650.4,-11978.3,12086.7,41.9,2020,0.0,0.0,0.0,0.0,0.0,0.0,0.0,0.0,0.0,0.0,0.0,0.0,0.0,0.0,0.0,92.26133651551314,3879.8,3953.0,3848.1,3862.35
2020-07-17,3850.0,3870.0,3817.6,3864.35,3855.783133789929,19127,2484,73749564.0,12643.0,66.1,52.4,14.35,1594924200.0,13.0,-0.0362154821186067,14114.28,1.501493295094236,0.49779717546822827,0.11,-76.73476781347446,37.245753945649376,-95.33084123650184,259.85,4837.45,4577.599999999999,100185.8,101650.4,-11978.3,12086.7,41.9,2020,0.0,0.0,0.0,0.0,0.0,0.0,0.0,0.0,0.0,0.0,0.0,0.0,0.0,0.0,0.0,92.22792362768496,3841.0,3888.95,3830.0,3865.75
2020-07-16,3808.5,3830.55,3737.0,3815.45,3797.3038342074433,39278,3836,149150500.0,22997.0,58.55,93.55,6.95,1594837800.0,13.0,-1.2654133295379566,13905.49,0.909129831838551,0.49762441822153025,0.11,-76.43659332450956,39.30648973894484,-96.05172372717817,259.85,4837.45,4577.599999999999,100185.8,101650.4,-11978.3,12086.7,41.9,2020,0.0,0.0,0.0,0.0,0.0,0.0,0.0,0.0,0.0,0.0,0.0,0.0,0.0,0.0,0.0,91.06085918854416,3850.0,3870.0,3817.6,3864.35
2020-07-15,3780.0,3829.0,3773.15,3818.35,3807.668921299232,14193,2345,54042245.0,5918.0,41.7,55.85,38.35,1594751400.0,13.0,0.07600676198089573,13780.21,-0.0018141629524737,0.4976246747280889,0.16,-76.45448950462897,40.5729665948487,-96.72497886118768,259.85,4837.45,4577.599999999999,100185.8,101650.4,-11978.3,12086.7,41.9,2020,0.0,0.0,0.0,0.0,0.0,0.0,0.0,0.0,0.0,0.0,0.0,0.0,0.0,0.0,0.0,91.13007159904535,3808.5,3830.55,3737.0,3815.45
2020-07-14,3788.0,3818.05,3745.0,3771.2,3774.869798234553,22204,2483,83817209.0,10385.0,46.77,73.05,-16.8,1594665000.0,13.0,-1.2348265612109999,13780.46,-1.586771075475002,0.4976249717785373,0.15,-76.16010818837505,40.57041637216757,-96.42431674485167,259.85,4837.45,4577.599999999999,100185.8,101650.4,-11978.3,12086.7,41.9,2020,0.0,0.0,0.0,0.0,0.0,0.0,0.0,0.0,0.0,0.0,0.0,0.0,0.0,0.0,0.0,90.00477326968974,3780.0,3829.0,3773.15,3818.35
2020-07-13,3812.0,3835.0,3780.0,3788.1,3802.060368877868,12904,2126,49061787.0,2209.0,17.12,55.0,-23.9,1594578600.0,13.0,0.4481332201951682,14002.65,0.2434739530834839,0.49747125207249754,0.14,-76.26646603838336,38.33988566449922,-95.40981098892803,259.85,4837.45,4577.599999999999,100185.8,101650.4,-11978.3,12086.7,41.9,2020,0.0,0.0,0.0,0.0,0.0,0.0,0.0,0.0,0.0,0.0,0.0,0.0,0.0,0.0,0.0,90.40811455847255,3788.0,3818.05,3745.0,3771.2
2020-07-10,3842.15,3842.15,3784.7,3800.45,3803.850315691171,49257,7778,187366255.0,38908.0,78.99,57.45,-41.7,1594319400.0,13.0,0.32602096037590567,13968.64,-0.4189654398067843,0.49747680447654996,0.13,-76.34359089055243,38.67670725281776,-95.64968363777726,259.85,4837.45,4577.599999999999,100185.8,101650.4,-11978.3,12086.7,41.9,2020,0.0,0.0,0.0,0.0,0.0,0.0,0.0,0.0,0.0,0.0,0.0,0.0,0.0,0.0,0.0,90.70286396181385,3812.0,3835.0,3780.0,3788.1
2020-07-09,3788.0,3858.8,3769.0,3842.15,3831.021321216358,20027,3343,76723864.0,6796.0,33.93,89.8,54.15,1594233000.0,13.0,1.0972384849162742,14027.41,0.794722353757793,0.4974650111645422,0.13,-76.60034095493408,38.09569977636642,-95.61694821805386,259.85,4837.45,4577.599999999999,100185.8,101650.4,-11978.3,12086.7,41.9,2020,0.0,0.0,0.0,0.0,0.0,0.0,0.0,0.0,0.0,0.0,0.0,0.0,0.0,0.0,0.0,91.69809069212411,3842.15,3842.15,3784.7,3800.45
2020-07-08,3924.0,3924.0,3779.6,3789.5,3801.276437917024,26827,3921,101976843.0,14215.0,52.99,144.4,-134.5,1594146600.0,13.0,-1.370326509896802,13916.81,-0.7632003787835573,0.4974692954388857,0.15,-76.2752341997625,39.19317717206745,-95.84801603924647,259.85,4837.45,4577.599999999999,100185.8,101650.4,-11978.3,12086.7,41.9,2020,0.0,0.0,0.0,0.0,0.0,0.0,0.0,0.0,0.0,0.0,0.0,0.0,0.0,0.0,0.0,90.44152744630073,3788.0,3858.8,3769.0,3842.15
2020-07-07,3931.0,3947.1,3828.0,3860.9,3863.840156822418,15559,2930,60117489.0,4442.0,28.55,119.1,-70.1,1594060200.0,13.0,1.8841535822667899,14023.84,0.4009209727488194,0.4974901768127093,0.15,-76.7139786060245,38.13085431664936,-95.75908053551214,259.85,4837.45,4577.599999999999,100185.8,101650.4,-11978.3,12086.7,41.9,2020,0.0,0.0,0.0,0.0,0.0,0.0,0.0,0.0,0.0,0.0,0.0,0.0,0.0,0.0,0.0,92.14558472553699,3924.0,3924.0,3779.6,3789.5
2020-07-06,3890.0,3943.0,3890.0,3931.6,3928.491647426321,7363,1406,28925484.0,2107.0,28.62,53.0,41.6,1593973800.0,13.0,1.8311792587220488,13967.84,1.2267946800245788,0.49762580435515613,0.15,-77.13271950351002,38.684649881441935,-96.45855564630688,259.85,4837.45,4577.599999999999,100185.8,101650.4,-11978.3,12086.7,41.9,2020,0.0,0.0,0.0,0.0,0.0,0.0,0.0,0.0,0.0,0.0,0.0,0.0,0.0,0.0,0.0,93.83293556085918,3931.0,3947.1,3828.0,3860.9
2020-07-03,3925.0,3960.95,3875.35,3886.2,3914.7546830211327,15001,2177,58725235.0,3367.0,22.45,85.6,-38.8,1593714600.0,13.0,-1.154746159324449,13798.56,0.5626264451920049,0.49765007702315983,,-76.86557562657609,40.38602578819819,,259.85,4837.45,4577.599999999999,100185.8,101650.4,-11978.3,12086.7,41.9,2020,0.0,0.0,0.0,0.0,0.0,0.0,0.0,0.0,0.0,0.0,0.0,0.0,0.0,0.0,0.0,92.74940334128878,3890.0,3943.0,3890.0,3931.6
2020-07-02,3860.0,3944.85,3860.0,3915.0,3914.502936041897,6301,1334,24665283.0,1193.0,18.93,84.85,55.0,1593628200.0,13.0,0.7410838351088467,13721.36,1.1197236138317024,0.49767883198375074,0.14,-77.03575989782887,41.17587469463668,-97.59844608528721,259.85,4837.45,4577.599999999999,100185.8,101650.4,-11978.3,12086.7,41.9,2020,0.0,0.0,0.0,0.0,0.0,0.0,0.0,0.0,0.0,0.0,0.0,0.0,0.0,0.0,0.0,93.43675417661098,3925.0,3960.95,3875.35,3886.2
2020-07-01,3890.0,3932.6,3862.8,3898.0,3897.944745621351,9592,1668,37389086.0,1862.0,19.41,69.8,8.0,1593541800.0,13.0,-0.43422733077905784,13569.42,0.9769209131621048,0.4976078070516532,0.14,-76.93560800410467,42.75665430062596,-98.28198789451756,259.85,4837.45,4577.599999999999,100185.8,101650.4,-11978.3,12086.7,41.9,2020,0.0,0.0,0.0,0.0,0.0,0.0,0.0,0.0,0.0,0.0,0.0,0.0,0.0,0.0,0.0,93.0310262529833,3860.0,3944.85,3860.0,3915.0
2020-06-30,3839.95,3903.7,3831.45,3894.75,3879.3935219657474,18802,2995,72940357.0,5357.0,28.49,72.25,54.8,1593455400.0,0.0,-0.08337609030272253,13438.14,-0.2078548179766604,0.4975430650114941,0.16,-76.91636176904808,44.15127391141929,-98.96391502469581,259.85,4837.45,4577.599999999999,73736.3,76697.4,-7849.7,8055.7,27.93,2020,0.0,0.0,0.0,0.0,0.0,0.0,0.0,0.0,0.0,0.0,0.0,0.0,0.0,0.0,0.0,139.4468313641246,3890.0,3932.6,3862.8,3898.0
2020-06-29,3849.0,3849.0,3757.9,3808.4,3798.457270875764,12275,2119,46626063.0,1804.0,14.7,91.1,-40.6,1593369000.0,0.0,-2.2170871044354556,13466.13,-0.8173321254170696,0.49753840659368764,0.14,-76.39297342716101,43.85164854341967,-98.28119739303732,259.85,4837.45,4577.599999999999,73736.3,76697.4,-7849.7,8055.7,27.93,2020,0.0,0.0,0.0,0.0,0.0,0.0,0.0,0.0,0.0,0.0,0.0,0.0,0.0,0.0,0.0,136.35517364840675,3839.95,3903.7,3831.45,3894.75
2020-06-26,3825.0,3874.7,3781.95,3860.55,3840.110344827584,13920,2360,53454336.0,3367.0,24.19,92.75,35.55,1593109800.0,0.0,1.3693414557294448,13577.1,0.7233899547389733,0.49767234350149275,0.14,-76.71186748002228,42.67590280693226,-98.02080991289998,259.85,4837.45,4577.599999999999,73736.3,76697.4,-7849.7,8055.7,27.93,2020,0.0,0.0,0.0,0.0,0.0,0.0,0.0,0.0,0.0,0.0,0.0,0.0,0.0,0.0,0.0,138.22234156820625,3849.0,3849.0,3757.9,3808.4
2020-06-25,3837.0,3875.0,3784.0,3811.35,3827.020187586064,38489,4486,147298180.0,25954.0,67.43,91.0,-25.65,1593023400.0,0.0,-1.2744298092240758,13479.59,0.0740184207126848,0.49771240585893894,0.16,-76.41124535925591,43.70800595567075,-98.24562817381221,259.85,4837.45,4577.599999999999,73736.3,76697.4,-7849.7,8055.7,27.93,2020,0.0,0.0,0.0,0.0,0.0,0.0,0.0,0.0,0.0,0.0,0.0,0.0,0.0,0.0,0.0,136.46079484425348,3825.0,3874.7,3781.95,3860.55
2020-06-24,3997.0,4015.65,3808.05,3820.85,3899.958690957417,18059,3038,70429354.0,5908.0,32.71,207.6,-176.15,1592937000.0,0.0,0.24925551313839112,13469.62,-1.4528613862834885,0.4977748853214754,0.15,-76.46989544211367,43.81437635211682,-98.35492537342236,259.85,4837.45,4577.599999999999,73736.3,76697.4,-7849.7,8055.7,27.93,2020,0.0,0.0,0.0,0.0,0.0,0.0,0.0,0.0,0.0,0.0,0.0,0.0,0.0,0.0,0.0,136.80093089867526,3837.0,3875.0,3784.0,3811.35
2020-06-23,3841.0,3953.45,3835.0,3941.55,3907.206343202938,18508,3701,72314575.0,8936.0,48.28,118.45,100.55,1592850600.0,0.0,3.158982948820288,13668.2,1.5691415051155344,0.497599006425534,0.16,-77.19044538316145,41.724952810172496,-98.03312460362748,259.85,4837.45,4577.599999999999,73736.3,76697.4,-7849.7,8055.7,27.93,2020,0.0,0.0,0.0,0.0,0.0,0.0,0.0,0.0,0.0,0.0,0.0,0.0,0.0,0.0,0.0,141.12244897959184,3997.0,4015.65,3808.05,3820.85
2020-06-22,3850.0,3850.0,3795.0,3825.6,3821.24730950192,18491,2193,70658684.0,9040.0,48.89,55.0,-24.4,1592764200.0,0.0,-2.941736119039473,13457.04,0.947585726802469,0.49781699001558943,0.16,-76.4991112505228,43.94881786782234,-98.45792875782298,259.85,4837.45,4577.599999999999,73736.3,76697.4,-7849.7,8055.7,27.93,2020,0.0,0.0,0.0,0.0,0.0,0.0,0.0,0.0,0.0,0.0,0.0,0.0,0.0,0.0,0.0,136.97099892588614,3841.0,3953.45,3835.0,3941.55
2020-06-19,3850.0,3902.5,3812.6,3831.85,3855.520073386576,9266,1418,35725249.0,2912.0,31.43,89.9,-18.15,1592505000.0,0.0,0.16337306566289733,13330.72,1.4539166859466768,0.49809173339896295,0.15,-76.53744274958572,45.3128563198387,-99.18268813918249,259.85,4837.45,4577.599999999999,73736.3,76697.4,-7849.7,8055.7,27.93,2020,0.0,0.0,0.0,0.0,0.0,0.0,0.0,0.0,0.0,0.0,0.0,0.0,0.0,0.0,0.0,137.19477264590046,3850.0,3850.0,3795.0,3825.6
2020-06-18,3791.75,3881.8,3780.0,3844.15,3836.366573179599,9627,1712,36932701.0,2351.0,24.42,101.8,52.4,1592418600.0,0.0,0.3209937758523962,13139.68,1.7285762839674534,0.4979305391833111,0.16,-76.61251512037772,47.42558418469856,-100.30749293827886,259.85,4837.45,4577.599999999999,73736.3,76697.4,-7849.7,8055.7,27.93,2020,0.0,0.0,0.0,0.0,0.0,0.0,0.0,0.0,0.0,0.0,0.0,0.0,0.0,0.0,0.0,137.63515932688867,3850.0,3902.5,3812.6,3831.85
2020-06-17,3730.0,3842.05,3712.75,3807.5,3798.2349267155214,12008,2927,45609205.0,4662.0,38.82,129.3,77.5,1592332200.0,0.0,-0.9533967196909576,12916.41,-0.0824626152716723,0.49770353658997185,0.17,-76.38739330269205,49.97394786941574,-101.34499429344285,259.85,4837.45,4577.599999999999,73736.3,76697.4,-7849.7,8055.7,27.93,2020,0.0,0.0,0.0,0.0,0.0,0.0,0.0,0.0,0.0,0.0,0.0,0.0,0.0,0.0,0.0,136.32295023272468,3791.75,3881.8,3780.0,3844.15
2020-06-16,3760.0,3828.95,3736.6,3782.75,3788.5985905567295,21285,3903,80640321.0,4345.0,20.41,92.35,22.75,1592245800.0,0.0,-0.6500328299409053,12927.07,0.7693099206602882,0.49773702471789844,0.17,-76.2328993457141,49.85027542977642,-101.13061182529673,259.85,4837.45,4577.599999999999,73736.3,76697.4,-7849.7,8055.7,27.93,2020,0.0,0.0,0.0,0.0,0.0,0.0,0.0,0.0,0.0,0.0,0.0,0.0,0.0,0.0,0.0,135.43680630146795,3730.0,3842.05,3712.75,3807.5
2020-06-15,3734.7,3770.1,3690.0,3747.65,3732.531666494473,9679,1923,36127174.0,1925.0,19.89,80.1,12.95,1592159400.0,0.0,-0.9278963716872646,12828.38,-1.3363195107263248,0.4977090613501984,0.18,-76.01029978786707,51.00308846479447,-101.48541144259802,259.85,4837.45,4577.599999999999,73736.3,76697.4,-7849.7,8055.7,27.93,2020,0.0,0.0,0.0,0.0,0.0,0.0,0.0,0.0,0.0,0.0,0.0,0.0,0.0,0.0,0.0,134.18009308986754,3760.0,3828.95,3736.6,3782.75
2020-06-12,3627.0,3804.0,3614.25,3791.25,3716.378916309012,18640,3372,69273303.0,3716.0,19.94,189.75,164.25,1591900200.0,0.0,1.1633957279895357,13002.13,0.7135548307088735,0.4975898855153686,0.16,-76.28618529508738,48.98520473184009,-100.74111332786812,259.85,4837.45,4577.599999999999,73736.3,76697.4,-7849.7,8055.7,27.93,2020,0.0,0.0,0.0,0.0,0.0,0.0,0.0,0.0,0.0,0.0,0.0,0.0,0.0,0.0,0.0,135.74113856068743,3734.7,3770.1,3690.0,3747.65
2020-06-11,3760.0,3818.2,3690.0,3704.45,3754.0138161721934,13752,2477,51625198.0,4255.0,30.94,128.2,-55.55,1591813800.0,0.0,-2.28948236069898,12910.01,-1.909607988244355,0.4976095042371516,0.17,-75.73054029613033,50.04829585724566,-100.72045436984831,259.85,4837.45,4577.599999999999,73736.3,76697.4,-7849.7,8055.7,27.93,2020,0.0,0.0,0.0,0.0,0.0,0.0,0.0,0.0,0.0,0.0,0.0,0.0,0.0,0.0,0.0,132.63336913712854,3627.0,3804.0,3614.25,3791.25
2020-06-10,3794.1,3864.75,3781.1,3790.5,3823.161998592541,14210,2397,54327132.0,3650.0,25.69,83.65,-3.6,1591727400.0,0.0,2.3228819392892452,13161.34,0.6876049041193655,0.4975099758421653,0.17,-76.28149320670097,47.18296161333115,-99.84091060321799,259.85,4837.45,4577.599999999999,73736.3,76697.4,-7849.7,8055.7,27.93,2020,0.0,0.0,0.0,0.0,0.0,0.0,0.0,0.0,0.0,0.0,0.0,0.0,0.0,0.0,0.0,135.71428571428572,3760.0,3818.2,3690.0,3704.45
2020-06-09,3800.0,3832.0,3763.3,3794.1,3795.835250894324,10343,1890,39260324.0,2748.0,26.57,68.7,-5.9,1591641000.0,0.0,0.0949742777997642,13071.46,-1.038038182785872,0.49769753040236603,0.19,-76.30399831317045,48.194998875412544,-100.38596770043164,259.85,4837.45,4577.599999999999,73736.3,76697.4,-7849.7,8055.7,27.93,2020,0.0,0.0,0.0,0.0,0.0,0.0,0.0,0.0,0.0,0.0,0.0,0.0,0.0,0.0,0.0,135.84317937701397,3794.1,3864.75,3781.1,3790.5
2020-06-08,3869.0,3908.75,3763.85,3779.75,3847.099094085273,32343,3762,124426726.0,6866.0,21.23,144.9,-89.25,1591554600.0,0.0,-0.37821881342083863,13208.57,0.3007068889973929,0.4976049139726702,0.17,-76.21403531979628,46.65667820210666,-99.51603482743077,259.85,4837.45,4577.599999999999,73736.3,76697.4,-7849.7,8055.7,27.93,2020,0.0,0.0,0.0,0.0,0.0,0.0,0.0,0.0,0.0,0.0,0.0,0.0,0.0,0.0,0.0,135.3293949158611,3800.0,3832.0,3763.3,3794.1
2020-06-05,3831.0,3928.5,3821.8,3871.3,3880.239995207286,33384,4189,129537932.0,8825.0,26.43,106.7,40.3,1591295400.0,0.0,2.422117864938156,13168.97,1.3398374434199225,0.4976042165386594,0.15,-76.77653501407796,47.097684936635154,-100.28790099527612,259.85,4837.45,4577.599999999999,73736.3,76697.4,-7849.7,8055.7,27.93,2020,0.0,0.0,0.0,0.0,0.0,0.0,0.0,0.0,0.0,0.0,0.0,0.0,0.0,0.0,0.0,138.60723236663088,3869.0,3908.75,3763.85,3779.75
2020-06-04,3730.0,3869.15,3730.0,3805.95,3793.986815652906,21389,2936,81149584.0,4855.0,22.7,139.15,75.95,1591209000.0,0.0,-1.6880634412212991,12994.86,-0.1660204341115467,0.4977078594714703,0.15,-76.37777690195615,49.06855479782006,-100.874926098817,259.85,4837.45,4577.599999999999,73736.3,76697.4,-7849.7,8055.7,27.93,2020,0.0,0.0,0.0,0.0,0.0,0.0,0.0,0.0,0.0,0.0,0.0,0.0,0.0,0.0,0.0,136.2674543501611,3831.0,3928.5,3821.8,3871.3
2020-06-03,3908.0,3915.0,3845.2,3855.95,3868.428051317614,17304,2754,66939279.0,4608.0,26.63,69.8,-52.05,1591122600.0,0.0,1.313732445250193,13016.47,0.794182397120613,0.49781588717811986,0.16,-76.68408563389049,48.82107053602092,-101.06833963381682,259.85,4837.45,4577.599999999999,73736.3,76697.4,-7849.7,8055.7,27.93,2020,0.0,0.0,0.0,0.0,0.0,0.0,0.0,0.0,0.0,0.0,0.0,0.0,0.0,0.0,0.0,138.05764411027567,3730.0,3869.15,3730.0,3805.95
2020-06-02,3815.0,3854.95,3772.0,3833.3,3814.399887249836,21286,2727,81193316.0,2948.0,13.85,82.95,18.3,1591036200.0,0.0,-0.5874038823117433,12913.91,1.4744304497704253,0.49784157390614947,0.15,-76.54631779406778,50.00298128142444,-101.51520445912593,259.85,4837.45,4577.599999999999,73736.3,76697.4,-7849.7,8055.7,27.93,2020,0.0,0.0,0.0,0.0,0.0,0.0,0.0,0.0,0.0,0.0,0.0,0.0,0.0,0.0,0.0,137.2466881489438,3908.0,3915.0,3845.2,3855.95
2020-06-01,3900.0,3954.3,3802.65,3817.35,3883.404739289106,20003,3588,77679745.0,6300.0,31.5,151.65,-82.65,1590949800.0,0.0,-0.416090574700656,12726.27,2.5084475446743197,0.4976863417735635,0.14,-76.44832147956043,52.21467091300121,-102.5051739453142,259.85,4837.45,4577.599999999999,73736.3,76697.4,-7849.7,8055.7,27.93,2020,0.0,0.0,0.0,0.0,0.0,0.0,0.0,0.0,0.0,0.0,0.0,0.0,0.0,0.0,0.0,136.67561761546725,3815.0,3854.95,3772.0,3833.3
2020-05-29,3830.0,3936.35,3800.0,3901.8,3873.460647916457,29973,4537,116099236.0,7356.0,24.54,136.35,71.8,1590690600.0,0.0,2.212267672600099,12414.85,1.1681538524222823,0.4971965281385424,0.14,-76.95807063406633,56.0328960881525,-104.88782451670407,259.85,4837.45,4577.599999999999,73736.3,76697.4,-7849.7,8055.7,27.93,2020,0.0,0.0,0.0,0.0,0.0,0.0,0.0,0.0,0.0,0.0,0.0,0.0,0.0,0.0,0.0,139.69924812030075,3900.0,3954.3,3802.65,3817.35
2020-05-28,3780.0,3819.6,3718.35,3810.6,3775.222229869235,14530,2421,54853979.0,2834.0,19.5,101.25,30.6,1590604200.0,0.0,-2.337382746424732,12271.5,1.7939087069191562,0.49729407984323143,0.15,-76.40660263475569,57.85560037485229,-105.25325607496909,259.85,4837.45,4577.599999999999,73736.3,76697.4,-7849.7,8055.7,27.93,2020,0.0,0.0,0.0,0.0,0.0,0.0,0.0,0.0,0.0,0.0,0.0,0.0,0.0,0.0,0.0,136.43394199785178,3830.0,3936.35,3800.0,3901.8
2020-05-27,3783.5,3809.55,3692.0,3729.8,3725.664919660712,14501,2446,54025867.0,2908.0,20.05,117.55,-53.7,1590517800.0,0.0,-2.120400986721249,12055.24,2.3539670181414563,0.4972579585945159,0.15,-75.89549037481903,60.687385734336274,-106.14818722372385,259.85,4837.45,4577.599999999999,73736.3,76697.4,-7849.7,8055.7,27.93,2020,0.0,0.0,0.0,0.0,0.0,0.0,0.0,0.0,0.0,0.0,0.0,0.0,0.0,0.0,0.0,133.54099534550664,3780.0,3819.6,3718.35,3810.6
2020-05-26,3710.0,3848.85,3669.8,3783.75,3780.62699163906,38034,6163,143792367.0,8293.0,21.8,179.05,73.75,1590431400.0,0.0,1.4464582551343197,11777.99,0.1259013294024225,0.4969977619989482,0.14,-76.2391807069706,64.46991379683631,-108.35100389358351,259.85,4837.45,4577.599999999999,73736.3,76697.4,-7849.7,8055.7,27.93,2020,0.0,0.0,0.0,0.0,0.0,0.0,0.0,0.0,0.0,0.0,0.0,0.0,0.0,0.0,0.0,135.47261009667025,3783.5,3809.55,3692.0,3729.8
2020-05-22,3571.0,3667.85,3531.65,3638.4,3611.0745382793993,31675,4426,114380786.0,6011.0,18.98,136.2,67.4,1590085800.0,0.0,-3.841427155599597,11763.18,-0.6817838335755111,0.49708439420303535,0.12,-75.28996262093229,64.67698360477354,-107.50023170768642,259.85,4837.45,4577.599999999999,73736.3,76697.4,-7849.7,8055.7,27.93,2020,0.0,0.0,0.0,0.0,0.0,0.0,0.0,0.0,0.0,0.0,0.0,0.0,0.0,0.0,0.0,130.26852846401718,3710.0,3848.85,3669.8,3783.75
2020-05-21,3585.0,3587.15,3497.5,3570.6,3547.114455364456,14652,2670,51972321.0,2462.0,16.8,89.65,-14.4,1589999400.0,0.0,-1.8634564643799534,11843.93,0.5074621546096392,0.49763081264084447,0.12,-74.8207584159525,63.5542425529364,-106.50759208682668,259.85,4837.45,4577.599999999999,73736.3,76697.4,-7849.7,8055.7,27.93,2020,0.0,0.0,0.0,0.0,0.0,0.0,0.0,0.0,0.0,0.0,0.0,0.0,0.0,0.0,0.0,127.84103114930183,3571.0,3667.85,3531.65,3638.4
2020-05-20,3440.0,3590.0,3434.25,3529.55,3522.6555862157475,31166,5289,109787084.0,4143.0,13.29,155.75,89.55,1589913000.0,0.0,-1.1496667226796542,11784.13,1.9592150334539091,0.49774914271105747,0.12,-74.52791432335567,64.384218436151,-106.63537395694597,259.85,4837.45,4577.599999999999,73736.3,76697.4,-7849.7,8055.7,27.93,2020,0.0,0.0,0.0,0.0,0.0,0.0,0.0,0.0,0.0,0.0,0.0,0.0,0.0,0.0,0.0,126.37128535624777,3585.0,3587.15,3497.5,3570.6
2020-05-19,3390.0,3491.0,3336.45,3439.25,3425.5035343258005,18674,3043,63967853.0,3288.0,17.61,154.55,49.25,1589826600.0,0.0,-2.558399796007993,11557.69,0.5050606064031626,0.49749855568581997,0.13,-73.85912626299339,67.60485875637778,-107.55777103939604,259.85,4837.45,4577.599999999999,73736.3,76697.4,-7849.7,8055.7,27.93,2020,0.0,0.0,0.0,0.0,0.0,0.0,0.0,0.0,0.0,0.0,0.0,0.0,0.0,0.0,0.0,123.13820264948085,3440.0,3590.0,3434.25,3529.55
2020-05-18,3579.9,3582.0,3280.8,3308.25,3407.2214850539817,40847,5083,139174776.0,20572.0,50.36,301.2,-271.65,1589740200.0,0.0,-3.8089699789198184,11499.61,-3.426623579483412,0.4977401362937434,0.13,-72.82400060454923,68.45136487237393,-106.9602860678992,259.85,4837.45,4577.599999999999,73736.3,76697.4,-7849.7,8055.7,27.93,2020,0.0,0.0,0.0,0.0,0.0,0.0,0.0,0.0,0.0,0.0,0.0,0.0,0.0,0.0,0.0,118.44790547798067,3390.0,3491.0,3336.45,3439.25
2020-05-15,3611.25,3625.4,3547.6,3579.9,3583.2550123109386,14215,1899,50935970.0,2547.0,17.92,77.8,-31.35,1589481000.0,0.0,8.21128995692586,11907.64,-0.1558749076615129,0.4973477249707806,0.12,-74.88617000474873,62.67917068369553,-106.11983122034346,259.85,4837.45,4577.599999999999,73736.3,76697.4,-7849.7,8055.7,27.93,2020,0.0,0.0,0.0,0.0,0.0,0.0,0.0,0.0,0.0,0.0,0.0,0.0,0.0,0.0,0.0,128.17400644468313,3579.9,3582.0,3280.8,3308.25
2020-05-14,3551.0,3633.7,3492.8,3611.25,3566.977303152001,32868,3793,117239410.0,5377.0,16.36,140.9,60.25,1589394600.0,0.0,0.8757227855526573,11926.23,-2.0131851591371874,0.5001038395702178,0.12,-75.10418830044998,62.42559467660777,-106.38345542492725,259.85,4837.45,4577.599999999999,73736.3,76697.4,-7849.7,8055.7,27.93,2020,0.0,0.0,0.0,0.0,0.0,0.0,0.0,0.0,0.0,0.0,0.0,0.0,0.0,0.0,0.0,129.29645542427497,3611.25,3625.4,3547.6,3579.9
2020-05-13,3425.0,3571.7,3425.0,3552.7,3524.3514704845206,28358,3924,99943559.0,7932.0,27.97,146.7,127.7,1589308200.0,0.0,-1.6213222568362773,12171.26,1.9355703236559,0.49979456408969813,0.13,-74.6938947842486,59.15566670993799,-104.32460214764586,259.85,4837.45,4577.599999999999,73736.3,76697.4,-7849.7,8055.7,27.93,2020,0.0,0.0,0.0,0.0,0.0,0.0,0.0,0.0,0.0,0.0,0.0,0.0,0.0,0.0,0.0,127.2001432151808,3551.0,3633.7,3492.8,3611.25
2020-05-12,3360.95,3406.85,3278.05,3346.8,3326.650977877524,15595,3146,51879122.0,7341.0,47.07,128.8,-14.15,1589221800.0,0.0,-5.795592084893175,11940.15,-0.4804218110168734,0.4996025174100155,0.13,-73.13702641329031,62.23623656319226,-104.2954585471231,259.85,4837.45,4577.599999999999,73736.3,76697.4,-7849.7,8055.7,27.93,2020,0.0,0.0,0.0,0.0,0.0,0.0,0.0,0.0,0.0,0.0,0.0,0.0,0.0,0.0,0.0,119.82814178302901,3425.0,3571.7,3425.0,3552.7
2020-05-11,3325.0,3448.5,3325.0,3360.95,3399.693472002972,10769,1857,36611299.0,3045.0,28.28,123.5,35.95,1589135400.0,0.0,0.42279192064060833,11997.79,0.0739015074739724,0.5009470045528509,0.12,-73.2501227331558,61.45681829736975,-104.09661812802568,259.85,4837.45,4577.599999999999,73736.3,76697.4,-7849.7,8055.7,27.93,2020,0.0,0.0,0.0,0.0,0.0,0.0,0.0,0.0,0.0,0.0,0.0,0.0,0.0,0.0,0.0,120.33476548514142,3360.95,3406.85,3278.05,3346.8
2020-05-08,3335.0,3335.0,3265.05,3307.75,3294.889477167439,16621,2113,54764358.0,5774.0,34.74,69.95,-27.25,1588876200.0,0.0,-1.5828857912197347,11988.93,0.4230878122900794,0.5009550107335615,0.12,-72.81989267629054,61.57613732001104,-103.7266526070799,259.85,4837.45,4577.599999999999,73736.3,76697.4,-7849.7,8055.7,27.93,2020,0.0,0.0,0.0,0.0,0.0,0.0,0.0,0.0,0.0,0.0,0.0,0.0,0.0,0.0,0.0,118.43000358037952,3325.0,3448.5,3325.0,3360.95
2020-05-07,3329.0,3375.0,3235.0,3251.85,3274.171493301813,10152,1678,33239389.0,4453.0,43.86,140.0,-77.15,1588789800.0,0.0,-1.6899705237699347,11938.42,-0.708770389000335,0.501042634450396,0.11,-72.35266079308703,62.25974626458108,-103.60233339191639,259.85,4837.45,4577.599999999999,73736.3,76697.4,-7849.7,8055.7,27.93,2020,0.0,0.0,0.0,0.0,0.0,0.0,0.0,0.0,0.0,0.0,0.0,0.0,0.0,0.0,0.0,116.42857142857143,3335.0,3335.0,3265.05,3307.75
2020-05-06,3349.95,3385.0,3250.0,3328.0,3335.440672638692,6363,1218,21223409.0,1334.0,20.96,135.0,-21.95,1588703400.0,0.0,2.341743930378093,12023.64,0.7139985257655912,0.5011120119878953,0.12,-72.98527644230771,61.10969722979065,-103.66794633166067,259.85,4837.45,4577.599999999999,73736.3,76697.4,-7849.7,8055.7,27.93,2020,0.0,0.0,0.0,0.0,0.0,0.0,0.0,0.0,0.0,0.0,0.0,0.0,0.0,0.0,0.0,119.15503043322592,3329.0,3375.0,3235.0,3251.85
2020-05-05,3366.4,3386.25,3272.95,3285.9,3340.9254939300167,12603,1820,42105684.0,6445.0,51.14,113.3,-80.5,1588617000.0,0.0,-1.2650240384615374,11938.4,-0.93814359422012,0.5013037913691907,0.13,-72.63915517818558,62.26001809287678,-103.91516880598111,259.85,4837.45,4577.599999999999,73736.3,76697.4,-7849.7,8055.7,27.93,2020,0.0,0.0,0.0,0.0,0.0,0.0,0.0,0.0,0.0,0.0,0.0,0.0,0.0,0.0,0.0,117.64769065520946,3349.95,3385.0,3250.0,3328.0
2020-05-04,3500.0,3500.0,3326.5,3347.4,3372.447795823666,12068,1878,40698700.0,4848.0,40.17,173.5,-152.6,1588530600.0,0.0,1.8716333424632525,12051.46,-5.263265466551381,0.5012900252713447,0.13,-73.1418414291689,60.73778612715805,-103.65392006849223,259.85,4837.45,4577.599999999999,73736.3,76697.4,-7849.7,8055.7,27.93,2020,0.0,0.0,0.0,0.0,0.0,0.0,0.0,0.0,0.0,0.0,0.0,0.0,0.0,0.0,0.0,119.84962406015038,3366.4,3386.25,3272.95,3285.9
2020-04-30,3479.0,3565.95,3449.55,3532.5,3513.8717469592984,29434,3636,103427301.0,8365.0,28.42,116.4,53.5,1588185000.0,0.0,5.529664814482871,12721.0,2.7976209716520817,0.4991323898755665,0.09,-74.54918612880397,52.27772973822813,-100.68777239522595,259.85,4837.45,4577.599999999999,73736.3,76697.4,-7849.7,8055.7,27.93,2020,0.0,0.0,0.0,0.0,0.0,0.0,0.0,0.0,0.0,0.0,0.0,0.0,0.0,0.0,0.0,126.47690655209452,3500.0,3500.0,3326.5,3347.4
2020-04-29,3430.0,3451.95,3365.95,3434.15,3424.9399902818272,8232,1403,28194106.0,3202.0,38.9,86.0,4.15,1588098600.0,0.0,-2.7841472045293636,12374.8,1.6058499641192103,0.4997710469329866,0.1,-73.82030487893655,56.53788344054047,-102.12632497269733,259.85,4837.45,4577.599999999999,73736.3,76697.4,-7849.7,8055.7,27.93,2020,0.0,0.0,0.0,0.0,0.0,0.0,0.0,0.0,0.0,0.0,0.0,0.0,0.0,0.0,0.0,122.95560329394917,3479.0,3565.95,3449.55,3532.5
2020-04-28,3435.0,3435.0,3366.6,3392.05,3397.692212589965,67943,989,230849402.0,63350.0,93.24,68.4,-42.95,1588012200.0,0.0,-1.2259219894297013,12179.22,0.90187865150666,0.49988109981084833,0.11,-73.4953789006648,59.05164698560335,-103.06919422049097,259.85,4837.45,4577.599999999999,73736.3,76697.4,-7849.7,8055.7,27.93,2020,0.0,0.0,0.0,0.0,0.0,0.0,0.0,0.0,0.0,0.0,0.0,0.0,0.0,0.0,0.0,121.4482635159327,3430.0,3451.95,3365.95,3434.15
2020-04-27,3350.0,3370.0,3318.15,3361.7,3348.062127305505,7211,1141,24142876.0,1700.0,23.58,51.85,11.7,1587925800.0,0.0,-0.8947391695287576,12070.36,1.4703941422981035,0.4998784615045269,0.12,-73.25609066841182,60.48609983463624,-103.55180378077846,259.85,4837.45,4577.599999999999,73736.3,76697.4,-7849.7,8055.7,27.93,2020,0.0,0.0,0.0,0.0,0.0,0.0,0.0,0.0,0.0,0.0,0.0,0.0,0.0,0.0,0.0,120.36161833154314,3435.0,3435.0,3366.6,3392.05
2020-04-24,3435.0,3435.0,3297.0,3306.5,3340.9141196728365,13938,2350,46565661.0,5110.0,36.66,138.0,-128.5,1587666600.0,0.0,-1.6420263557128778,11895.45,-1.7162445871618748,0.4997393298242235,0.12,-72.80961742023287,62.84587804580741,-104.27620567748065,259.85,4837.45,4577.599999999999,73736.3,76697.4,-7849.7,8055.7,27.93,2020,0.0,0.0,0.0,0.0,0.0,0.0,0.0,0.0,0.0,0.0,0.0,0.0,0.0,0.0,0.0,118.38524883637666,3350.0,3370.0,3318.15,3361.7
2020-04-23,3480.0,3480.0,3403.05,3445.7,3440.9135491102707,7137,1176,24557800.0,864.0,12.11,76.95,-34.3,1587580200.0,0.0,4.209889611371542,12103.17,1.221447974094092,0.49959525128169624,0.11,-73.90805932031228,60.05104447843004,-103.96432049860087,259.85,4837.45,4577.599999999999,73736.3,76697.4,-7849.7,8055.7,27.93,2020,0.0,0.0,0.0,0.0,0.0,0.0,0.0,0.0,0.0,0.0,0.0,0.0,0.0,0.0,0.0,123.36913712853561,3435.0,3435.0,3297.0,3306.5
2020-04-22,3426.3,3458.0,3378.55,3438.7,3422.20332099991,11081,1830,37921435.0,1352.0,12.2,79.45,12.4,1587493800.0,0.0,-0.2031517543605088,11957.12,1.91398978569044,0.500217708458804,0.12,-73.85494518277255,62.00598471872824,-104.93141064449136,259.85,4837.45,4577.599999999999,73736.3,76697.4,-7849.7,8055.7,27.93,2020,0.0,0.0,0.0,0.0,0.0,0.0,0.0,0.0,0.0,0.0,0.0,0.0,0.0,0.0,0.0,123.11851056211958,3480.0,3480.0,3403.05,3445.7
2020-04-21,3525.0,3525.0,3377.5,3403.8,3418.7186756337296,9665,1834,33041916.0,2886.0,29.86,147.5,-121.2,1587407400.0,0.0,-1.0149184284758639,11732.56,-2.932888560162683,0.4999265689126834,0.11,-73.58687349432986,65.1067627184519,-106.19048207059734,259.85,4837.45,4577.599999999999,73736.3,76697.4,-7849.7,8055.7,27.93,2020,0.0,0.0,0.0,0.0,0.0,0.0,0.0,0.0,0.0,0.0,0.0,0.0,0.0,0.0,0.0,121.86895810955963,3426.3,3458.0,3378.55,3438.7
2020-04-20,3640.0,3640.0,3493.25,3515.85,3523.066117304896,10315,1669,36340427.0,3754.0,36.39,146.75,-124.15,1587321000.0,0.0,3.2919090428344733,12087.06,0.0049642327033749,0.49924099912530306,0.12,-74.42865878805979,60.26436536262747,-104.5751918434552,259.85,4837.45,4577.599999999999,73736.3,76697.4,-7849.7,8055.7,27.93,2020,0.0,0.0,0.0,0.0,0.0,0.0,0.0,0.0,0.0,0.0,0.0,0.0,0.0,0.0,0.0,125.88077336197637,3525.0,3525.0,3377.5,3403.8
2020-04-17,3620.0,3657.85,3518.75,3534.65,3589.122015081693,9548,1851,34268937.0,1576.0,16.51,139.1,-85.35,1587061800.0,0.0,0.5347213333902312,12086.46,2.7087706178777315,0.4996946114945414,0.12,-74.56466694014966,60.27232125866466,-104.74245774199295,259.85,4837.45,4577.599999999999,73736.3,76697.4,-7849.7,8055.7,27.93,2020,0.0,0.0,0.0,0.0,0.0,0.0,0.0,0.0,0.0,0.0,0.0,0.0,0.0,0.0,0.0,126.55388471177945,3640.0,3640.0,3493.25,3515.85
2020-04-16,3580.0,3580.0,3481.0,3549.25,3538.241142954195,247289,2321,874968114.0,234689.0,94.9,99.0,-30.75,1586975400.0,0.0,0.41305362624304287,11767.7,0.9916624828894438,0.4991153307354596,0.14,-74.66929633021061,64.61373080550999,-106.98912380495173,259.85,4837.45,4577.599999999999,73736.3,76697.4,-7849.7,8055.7,27.93,2020,0.0,0.0,0.0,0.0,0.0,0.0,0.0,0.0,0.0,0.0,0.0,0.0,0.0,0.0,0.0,127.0766201217329,3620.0,3657.85,3518.75,3534.65
2020-04-15,3600.0,3673.65,3528.2,3598.15,3607.691449086162,15320,2752,55269833.0,2589.0,16.9,145.45,-1.85,1586889000.0,0.0,1.377755863914909,11652.15,-0.1906734473091198,0.49904705226751295,0.14,-75.01354862915666,66.24614341559283,-108.14362463748172,259.85,4837.45,4577.599999999999,73736.3,76697.4,-7849.7,8055.7,27.93,2020,0.0,0.0,0.0,0.0,0.0,0.0,0.0,0.0,0.0,0.0,0.0,0.0,0.0,0.0,0.0,128.82742570712497,3580.0,3580.0,3481.0,3549.25
2020-04-13,3367.0,3630.0,3292.9,3463.85,3484.082291496654,30635,5996,106734861.0,3581.0,11.69,337.1,96.85,1586716200.0,0.0,-3.732473632283262,11674.41,-1.106477493068636,0.4991241219940568,0.26,-74.04477676573755,65.92915616292387,-107.08183667764753,259.85,4837.45,4577.599999999999,73736.3,76697.4,-7849.7,8055.7,27.93,2020,0.0,0.0,0.0,0.0,0.0,0.0,0.0,0.0,0.0,0.0,0.0,0.0,0.0,0.0,0.0,124.01897601145721,3600.0,3673.65,3528.2,3598.15
2020-04-09,3280.0,3388.25,3260.0,3367.0,3316.813174544101,13435,2819,44561385.0,4239.0,31.55,128.25,87.0,1586370600.0,0.0,-2.796021767686241,11805.03,3.880574162005757,0.4995849856086229,0.25,-73.29818829818831,64.0931873955424,-105.44328615439898,259.85,4837.45,4577.599999999999,73736.3,76697.4,-7849.7,8055.7,27.93,2020,0.0,0.0,0.0,0.0,0.0,0.0,0.0,0.0,0.0,0.0,0.0,0.0,0.0,0.0,0.0,120.5513784461153,3367.0,3630.0,3292.9,3463.85
2020-04-08,3270.0,3383.6,3200.75,3259.7,3284.739445375426,18499,4609,60764395.0,4104.0,22.18,182.85,-10.3,1586284200.0,0.0,-3.1868131868131977,11364.04,0.1551147320216772,0.4986759100630433,0.22,-72.41924103445102,70.46094522722552,-107.66670831932609,259.85,4837.45,4577.599999999999,73736.3,76697.4,-7849.7,8055.7,27.93,2020,0.0,0.0,0.0,0.0,0.0,0.0,0.0,0.0,0.0,0.0,0.0,0.0,0.0,0.0,0.0,116.70963122090942,3280.0,3388.25,3260.0,3367.0
2020-04-07,3148.0,3344.75,3081.7,3273.15,3222.402563507713,17242,3396,55560665.0,4280.0,24.82,263.05,125.15,1586197800.0,0.0,0.4126146577906109,11346.44,7.781204849491186,0.4990886112409257,0.14,-72.53257565342255,70.72535526561634,-107.90092258688637,259.85,4837.45,4577.599999999999,73736.3,76697.4,-7849.7,8055.7,27.93,2020,0.0,0.0,0.0,0.0,0.0,0.0,0.0,0.0,0.0,0.0,0.0,0.0,0.0,0.0,0.0,117.19119226638024,3270.0,3383.6,3200.75,3259.7
2020-04-03,3248.95,3248.95,3029.0,3040.7,3083.715539894888,16744,2854,51633733.0,4395.0,26.25,219.95,-208.25,1585852200.0,0.0,-7.101721583184406,10527.29,-1.878947289931454,0.4941150165330899,0.1,-70.43279508008024,84.00984488885553,-111.9939094746261,259.85,4837.45,4577.599999999999,73736.3,76697.4,-7849.7,8055.7,27.93,2020,0.0,0.0,0.0,0.0,0.0,0.0,0.0,0.0,0.0,0.0,0.0,0.0,0.0,0.0,0.0,108.86860007160759,3148.0,3344.75,3081.7,3273.15
2020-04-01,3254.0,3256.8,3106.0,3140.55,3152.681805438745,10701,1912,33736848.0,4158.0,38.86,150.8,-113.45,1585679400.0,0.0,3.283783339362656,10728.88,-3.32800815985973,0.4958745099106836,0.09,-71.3728487048447,80.5523968951093,-111.36210033144593,259.85,4837.45,4577.599999999999,73736.3,76697.4,-7849.7,8055.7,27.93,2020,0.0,0.0,0.0,0.0,0.0,0.0,0.0,0.0,0.0,0.0,0.0,0.0,0.0,0.0,0.0,112.4436090225564,3248.95,3248.95,3029.0,3040.7
2020-03-31,3191.3,3279.4,3101.6,3254.25,3236.7397000789256,25340,7300,82018984.0,14179.0,55.96,177.8,62.95,1585593000.0,0.0,3.620384964417056,11098.23,3.578701569234255,0.49538629177360377,0.11,-72.37305062610433,74.54359839361773,-109.35643491768428,259.85,4837.45,4577.599999999999,103603.1,105842.2,-13117.1,29063.2,100.77,2020,0.0,0.0,0.0,0.0,0.0,0.0,0.0,0.0,0.0,0.0,0.0,0.0,0.0,0.0,0.0,32.29383745162251,3254.0,3256.8,3106.0,3140.55
2020-03-30,3154.0,3154.0,3005.0,3091.3,3098.511251939989,7732,1535,23957689.0,3135.0,40.55,149.0,-62.7,1585506600.0,0.0,-5.007298148574934,10714.78,-3.526683095528993,0.49488350239091045,0.12,-70.91676640895417,80.78999288832807,-110.9590150273798,259.85,4837.45,4577.599999999999,103603.1,105842.2,-13117.1,29063.2,100.77,2020,0.0,0.0,0.0,0.0,0.0,0.0,0.0,0.0,0.0,0.0,0.0,0.0,0.0,0.0,0.0,30.676788726803615,3191.3,3279.4,3101.6,3254.25
2020-03-27,3300.05,3377.0,3103.85,3147.95,3200.380673424685,19631,3350,62826673.0,7477.0,38.09,273.15,-152.1,1585247400.0,0.0,1.8325623524083623,11106.47,-0.375750334578373,0.49485490803177784,0.03,-71.44014358550803,74.41410277072735,-108.27948192114262,259.85,4837.45,4577.599999999999,103603.1,105842.2,-13117.1,29063.2,100.77,2020,0.0,0.0,0.0,0.0,0.0,0.0,0.0,0.0,0.0,0.0,0.0,0.0,0.0,0.0,0.0,31.23896000793887,3154.0,3154.0,3005.0,3091.3
2020-03-26,3235.0,3393.75,3160.0,3237.6,3250.0804107424965,25320,3544,82292036.0,6089.0,24.05,233.75,2.6,1585161000.0,0.0,2.847885131593575,11148.36,4.513294828033931,0.4949832362217989,0.0,-72.23097356066222,73.75874119601447,-108.74031397751159,259.85,4837.45,4577.599999999999,103603.1,105842.2,-13117.1,29063.2,100.77,2020,0.0,0.0,0.0,0.0,0.0,0.0,0.0,0.0,0.0,0.0,0.0,0.0,0.0,0.0,0.0,32.128609705269426,3300.05,3377.0,3103.85,3147.95
2020-03-25,3020.0,3270.5,2913.15,3226.7,3105.614959276694,13383,2968,41562445.0,3098.0,23.15,357.35,206.7,1585074600.0,0.0,-0.3366691376328168,10666.93,5.612122652250973,0.4936419772998583,0.0,-72.13716800446277,81.60098547567107,-112.41883982429005,259.85,4837.45,4577.599999999999,103603.1,105842.2,-13117.1,29063.2,100.77,2020,0.0,0.0,0.0,0.0,0.0,0.0,0.0,0.0,0.0,0.0,0.0,0.0,0.0,0.0,0.0,32.020442592041285,3235.0,3393.75,3160.0,3237.6
2020-03-24,3070.05,3221.0,2975.0,3011.95,3084.01605726446,20676,3962,63765116.0,6992.0,33.82,246.0,-58.1,1584988200.0,0.0,-6.655406452412683,10100.1,2.059871163319449,0.49103681401758864,0.01,-70.15056690848121,91.7926555182622,-115.22922965624252,259.85,4837.45,4577.599999999999,103603.1,105842.2,-13117.1,29063.2,100.77,2020,0.0,0.0,0.0,0.0,0.0,0.0,0.0,0.0,0.0,0.0,0.0,0.0,0.0,0.0,0.0,29.88935198967947,3020.0,3270.5,2913.15,3226.7
2020-03-23,3400.0,3500.0,3038.0,3057.5,3092.098234683281,72225,6105,223326795.0,31287.0,43.32,462.0,-342.5,1584901800.0,0.0,1.5123093012832323,9896.25,-12.88067524574318,0.4925048764797927,0.02,-70.59525756336878,95.74333712264746,-117.75946788919182,259.85,4837.45,4577.599999999999,103603.1,105842.2,-13117.1,29063.2,100.77,2020,0.0,0.0,0.0,0.0,0.0,0.0,0.0,0.0,0.0,0.0,0.0,0.0,0.0,0.0,0.0,30.341371439912674,3070.05,3221.0,2975.0,3011.95
2020-03-20,3200.0,3657.2,3144.7,3580.45,3377.21618839804,24289,6164,82029204.0,3812.0,15.69,512.5,380.45,1584642600.0,0.0,17.10384300899428,11359.42,5.344073536885285,0.4786045753734436,0.05,-74.89002778980296,70.53027355269899,-108.6722091856966,259.85,4837.45,4577.599999999999,103603.1,105842.2,-13117.1,29063.2,100.77,2020,0.0,0.0,0.0,0.0,0.0,0.0,0.0,0.0,0.0,0.0,0.0,0.0,0.0,0.0,0.0,35.53091197777116,3400.0,3500.0,3038.0,3057.5
2020-03-19,3237.7,3389.0,2954.2,3168.15,3153.068106935813,23977,4326,75601114.0,6075.0,25.34,434.8,-69.55,1584556200.0,0.0,-11.515312321076953,10783.16,-2.9914499157946306,0.4882620518598094,0.04,-71.62224010858071,79.64353677400689,-110.5296263091551,259.85,4837.45,4577.599999999999,103603.1,105842.2,-13117.1,29063.2,100.77,2020,0.0,0.0,0.0,0.0,0.0,0.0,0.0,0.0,0.0,0.0,0.0,0.0,0.0,0.0,0.0,31.439416493003872,3200.0,3657.2,3144.7,3580.45
2020-03-18,3490.0,3558.1,3272.9,3307.45,3329.8732198810435,53297,7401,177472253.0,37706.0,70.75,285.2,-182.55,1584469800.0,0.0,4.396887773621816,11115.68,-5.443452859448139,0.49308390234252564,0.02,-72.81742732316437,74.26959034445035,-109.44870507753987,259.85,4837.45,4577.599999999999,103603.1,105842.2,-13117.1,29063.2,100.77,2020,0.0,0.0,0.0,0.0,0.0,0.0,0.0,0.0,0.0,0.0,0.0,0.0,0.0,0.0,0.0,32.8217723528828,3237.7,3389.0,2954.2,3168.15
2020-03-17,3525.0,3575.0,3455.25,3473.2,3516.1097658721787,23705,2992,83349382.0,8976.0,37.87,119.75,-51.8,1584383400.0,0.0,5.011413626812189,11755.59,-2.233830303746032,0.4913096438018899,0.19,-74.11464931475297,64.78330734569681,-106.03996413875328,259.85,4837.45,4577.599999999999,103603.1,105842.2,-13117.1,29063.2,100.77,2020,0.0,0.0,0.0,0.0,0.0,0.0,0.0,0.0,0.0,0.0,0.0,0.0,0.0,0.0,0.0,34.46660712513645,3490.0,3558.1,3272.9,3307.45
2020-03-16,3735.0,3735.0,3410.0,3531.95,3533.7479773676696,18911,3282,66826708.0,6421.0,33.95,325.0,-203.05,1584297000.0,0.0,1.6915236669353906,12024.19,-7.089922151177386,0.4919502281516135,0.24,-74.54522289386883,61.10232789069367,-104.72645898553388,259.85,4837.45,4577.599999999999,103603.1,105842.2,-13117.1,29063.2,100.77,2020,0.0,0.0,0.0,0.0,0.0,0.0,0.0,0.0,0.0,0.0,0.0,0.0,0.0,0.0,0.0,35.04961794184777,3525.0,3575.0,3455.25,3473.2
2020-03-13,3537.7,3994.0,3250.0,3789.7,3594.6980662553788,38578,5310,138676262.0,9265.0,24.02,744.0,252.0,1584037800.0,0.0,7.2976684267897385,12941.75,3.389255042939876,0.48763864733597195,0.28,-76.2764862654036,49.68029825950895,-100.64598088666412,259.85,4837.45,4577.599999999999,103603.1,105842.2,-13117.1,29063.2,100.77,2020,0.0,0.0,0.0,0.0,0.0,0.0,0.0,0.0,0.0,0.0,0.0,0.0,0.0,0.0,0.0,37.60742284410043,3735.0,3735.0,3410.0,3531.95
2020-03-12,3950.0,3950.0,3616.0,3663.8,3725.5615041636606,30502,5629,113637077.0,11456.0,37.56,334.0,-286.2,1583951400.0,0.0,-3.322162704171827,12517.5,-8.315376062604107,0.48894824439743284,0.33,-75.46126971996287,54.753345316556825,-102.40146886672858,259.85,4837.45,4577.599999999999,103603.1,105842.2,-13117.1,29063.2,100.77,2020,0.0,0.0,0.0,0.0,0.0,0.0,0.0,0.0,0.0,0.0,0.0,0.0,0.0,0.0,0.0,36.358043068373526,3537.7,3994.0,3250.0,3789.7
2020-03-11,4100.0,4110.6,3965.0,3994.1,4025.422407012025,17798,4280,71644468.0,6560.0,36.86,145.6,-105.9,1583865000.0,0.0,9.015230088978644,13652.78,-0.1135474053100882,0.4832816324036876,0.42,-77.4905485591247,41.88502268402479,-97.94983240951615,259.85,4837.45,4577.599999999999,103603.1,105842.2,-13117.1,29063.2,100.77,2020,0.0,0.0,0.0,0.0,0.0,0.0,0.0,0.0,0.0,0.0,0.0,0.0,0.0,0.0,0.0,39.63580430683735,3950.0,3950.0,3616.0,3663.8
2020-03-09,4131.0,4160.05,3999.15,4093.5,4091.702945220349,13819,2602,56543243.0,3731.0,27.0,160.9,-37.5,1583692200.0,0.0,2.4886707894143933,13668.3,-4.789137785232756,0.4867818385962401,0.33,-78.03713203859778,41.72391592224345,-98.51693853792563,259.85,4837.45,4577.599999999999,103603.1,105842.2,-13117.1,29063.2,100.77,2020,0.0,0.0,0.0,0.0,0.0,0.0,0.0,0.0,0.0,0.0,0.0,0.0,0.0,0.0,0.0,40.622208990771064,4100.0,4110.6,3965.0,3994.1
2020-03-06,4153.0,4193.55,4012.0,4168.8,4113.496633511859,13070,1985,53763401.0,2834.0,21.68,181.55,15.8,1583433000.0,0.0,1.8395016489556548,14355.82,-2.384457474217161,0.4849907991019391,0.45,-78.43384187296105,34.93656231409978,-95.60950728795513,259.85,4837.45,4577.599999999999,103603.1,105842.2,-13117.1,29063.2,100.77,2020,0.0,0.0,0.0,0.0,0.0,0.0,0.0,0.0,0.0,0.0,0.0,0.0,0.0,0.0,0.0,41.369455194998515,4131.0,4160.05,3999.15,4093.5
2020-03-05,4175.0,4221.4,4153.05,4206.2,4200.666201267319,9311,1330,39112403.0,1645.0,17.67,68.35,31.2,1583346600.0,0.0,0.8971406639800339,14706.49,0.2062520185715399,0.484620823742431,0.62,-78.62560030431268,31.719057368549542,-94.31685110387228,259.85,4837.45,4577.599999999999,103603.1,105842.2,-13117.1,29063.2,100.77,2020,0.0,0.0,0.0,0.0,0.0,0.0,0.0,0.0,0.0,0.0,0.0,0.0,0.0,0.0,0.0,41.740597400019844,4153.0,4193.55,4012.0,4168.8
2020-03-04,4307.1,4324.1,4120.4,4174.8,4222.695143009639,31851,2072,134497063.0,17835.0,56.0,203.7,-132.3,1583260200.0,0.0,-0.7465170462650272,14676.22,-0.7262782585285454,0.4846553674806675,0.72,-78.46483663888091,31.990730583215576,-94.3403640610782,259.85,4837.45,4577.599999999999,103603.1,105842.2,-13117.1,29063.2,100.77,2020,0.0,0.0,0.0,0.0,0.0,0.0,0.0,0.0,0.0,0.0,0.0,0.0,0.0,0.0,0.0,41.42899672521584,4175.0,4221.4,4153.05,4206.2
2020-03-03,4178.95,4326.3,4160.1,4301.1,4254.58420962883,17593,2218,74850900.0,4942.0,28.09,166.2,122.15,1583173800.0,0.0,3.0252946248922052,14783.59,1.607454719028767,0.4846254900118526,0.95,-79.09720769105579,31.03211060371669,-94.62576528297274,259.85,4837.45,4577.599999999999,103603.1,105842.2,-13117.1,29063.2,100.77,2020,0.0,0.0,0.0,0.0,0.0,0.0,0.0,0.0,0.0,0.0,0.0,0.0,0.0,0.0,0.0,42.68234593629057,4307.1,4324.1,4120.4,4174.8
2020-03-02,4269.0,4315.25,4085.05,4125.85,4233.952822175893,12951,1699,54833923.0,4366.0,33.71,230.2,-143.15,1583087400.0,0.0,-4.07453907140034,14549.71,-0.532622531895155,0.48480893448045725,1.13,-78.2093386817262,33.13839244905914,-94.85729331938687,259.85,4837.45,4577.599999999999,103603.1,105842.2,-13117.1,29063.2,100.77,2020,0.0,0.0,0.0,0.0,0.0,0.0,0.0,0.0,0.0,0.0,0.0,0.0,0.0,0.0,0.0,40.94323707452615,4178.95,4326.3,4160.1,4301.1
2020-02-28,4303.9,4303.9,4200.0,4219.7,4237.641276844222,15413,1921,65314765.0,4361.0,28.29,103.9,-84.2,1582828200.0,0.0,2.274682792636651,14627.62,-3.663300151147431,0.4854844818785595,1.27,-78.69398298457236,32.42926737227245,-95.09132376051555,259.85,4837.45,4577.599999999999,103603.1,105842.2,-13117.1,29063.2,100.77,2020,0.0,0.0,0.0,0.0,0.0,0.0,0.0,0.0,0.0,0.0,0.0,0.0,0.0,0.0,0.0,41.87456584300883,4269.0,4315.25,4085.05,4125.85
2020-02-27,4350.0,4365.85,4280.0,4320.5,4319.030490293243,17153,1900,74084330.0,1904.0,11.1,85.85,-29.5,1582741800.0,0.0,2.388795411996125,15183.85,-0.4793868253174405,0.4844950620654427,1.45,-79.19106584886009,27.57798582046056,-93.29994596058914,259.85,4837.45,4577.599999999999,103603.1,105842.2,-13117.1,29063.2,100.77,2020,0.0,0.0,0.0,0.0,0.0,0.0,0.0,0.0,0.0,0.0,0.0,0.0,0.0,0.0,0.0,42.87486355065992,4303.9,4303.9,4200.0,4219.7
2020-02-26,4349.7,4424.25,4290.0,4346.3,4372.7873129205,14566,1800,63694020.0,2242.0,15.39,134.25,-3.4,1582655400.0,0.0,0.597153107279258,15256.99,-1.0488555787092402,0.48472374773921467,1.53,-79.31458942088673,26.966393764431903,-93.17421353535255,259.85,4837.45,4577.599999999999,103603.1,105842.2,-13117.1,29063.2,100.77,2020,0.0,0.0,0.0,0.0,0.0,0.0,0.0,0.0,0.0,0.0,0.0,0.0,0.0,0.0,0.0,43.130892130594425,4350.0,4365.85,4280.0,4320.5
2020-02-25,4401.0,4401.4,4333.0,4344.45,4358.6915682504805,7282,1007,31739992.0,1608.0,22.08,68.4,-56.55,1582569000.0,0.0,-0.04256494029405422,15418.71,-0.3269704039422727,0.48463538174599247,1.53,-79.30578093889906,25.634699660347728,-92.51777126066418,259.85,4837.45,4577.599999999999,103603.1,105842.2,-13117.1,29063.2,100.77,2020,0.0,0.0,0.0,0.0,0.0,0.0,0.0,0.0,0.0,0.0,0.0,0.0,0.0,0.0,0.0,43.11253349211075,4349.7,4424.25,4290.0,4346.3
2020-02-24,4410.0,4454.1,4327.6,4397.2,4412.811681896765,8098,1371,35734949.0,2094.0,25.86,126.5,-12.8,1582482600.0,0.0,1.2141928207253017,15469.29,-2.0152716239798085,0.4846234011344506,1.53,-79.55403438551805,25.22391137537663,-92.56665830243132,259.85,4837.45,4577.599999999999,103603.1,105842.2,-13117.1,29063.2,100.77,2020,0.0,0.0,0.0,0.0,0.0,0.0,0.0,0.0,0.0,0.0,0.0,0.0,0.0,0.0,0.0,43.63600277860474,4401.0,4401.4,4333.0,4344.45
2020-02-20,4470.0,4505.6,4420.05,4431.2,4457.419248439158,8489,1336,37839032.0,2108.0,24.83,85.55,-38.8,1582137000.0,0.0,0.7732193213863425,15787.45,-0.134735510397721,0.4843143594748856,1.58,-79.71091352229645,22.70030942299104,-91.51978265240375,259.85,4837.45,4577.599999999999,103603.1,105842.2,-13117.1,29063.2,100.77,2020,0.0,0.0,0.0,0.0,0.0,0.0,0.0,0.0,0.0,0.0,0.0,0.0,0.0,0.0,0.0,43.97340478316959,4410.0,4454.1,4327.6,4397.2
2020-02-19,4480.0,4525.0,4455.15,4472.65,4479.552945986464,22013,1292,98608399.0,2940.0,13.36,69.85,-7.35,1582050600.0,0.0,0.9354125293374205,15808.75,1.2455921702341222,0.48433964241821004,1.58,-79.89894134349882,22.534988534830404,-91.62827299733627,259.85,4837.45,4577.599999999999,103603.1,105842.2,-13117.1,29063.2,100.77,2020,0.0,0.0,0.0,0.0,0.0,0.0,0.0,0.0,0.0,0.0,0.0,0.0,0.0,0.0,0.0,44.38473752108762,4470.0,4505.6,4420.05,4431.2
2020-02-18,4464.0,4486.4,4371.95,4469.4,4453.256118016429,23251,2056,103542658.0,14689.0,63.18,114.45,5.4,1581964200.0,0.0,-0.07266385699753464,15614.26,-0.447322884748047,0.4842508539914384,1.58,-79.88432451783237,24.061274757817543,-92.35090101812168,259.85,4837.45,4577.599999999999,103603.1,105842.2,-13117.1,29063.2,100.77,2020,0.0,0.0,0.0,0.0,0.0,0.0,0.0,0.0,0.0,0.0,0.0,0.0,0.0,0.0,0.0,44.352485858886574,4480.0,4525.0,4455.15,4472.65
2020-02-17,4434.0,4460.2,4401.05,4450.75,4448.64000786009,10178,1359,45278258.0,5487.0,53.91,59.15,16.75,1581877800.0,0.0,-0.4172819617845769,15684.42,-0.7166264813139644,0.48422973873417324,,-79.80003370218502,23.506320284715663,,259.85,4837.45,4577.599999999999,103603.1,105842.2,-13117.1,29063.2,100.77,2020,0.0,0.0,0.0,0.0,0.0,0.0,0.0,0.0,0.0,0.0,0.0,0.0,0.0,0.0,0.0,44.167410935794386,4464.0,4486.4,4371.95,4469.4
2020-02-14,4480.0,4539.0,4395.15,4432.4,4474.108768364452,23619,2900,105673975.0,5845.0,24.75,143.85,-47.6,1581618600.0,0.0,-0.41229006347245356,15797.63,-0.587002254748159,0.48418503746078295,1.58,-79.71640646151069,22.62124128745895,-91.48426066250038,259.85,4837.45,4577.599999999999,103603.1,105842.2,-13117.1,29063.2,100.77,2020,0.0,0.0,0.0,0.0,0.0,0.0,0.0,0.0,0.0,0.0,0.0,0.0,0.0,0.0,0.0,43.98531308921306,4434.0,4460.2,4401.05,4450.75
2020-02-13,4451.0,4471.95,4416.7,4452.85,4443.678944974989,4398,789,19543300.0,914.0,20.78,55.25,1.85,1581532200.0,0.0,0.4613753271365484,15890.91,-0.1900614088034991,0.4841561311357284,1.59,-79.80956016932976,21.90145183630139,-91.23347410814313,259.85,4837.45,4577.599999999999,103603.1,105842.2,-13117.1,29063.2,100.77,2020,0.0,0.0,0.0,0.0,0.0,0.0,0.0,0.0,0.0,0.0,0.0,0.0,0.0,0.0,0.0,44.18825047137045,4480.0,4539.0,4395.15,4432.4
2020-02-12,4469.0,4495.55,4439.55,4450.95,4464.333292186149,16202,1358,72331128.0,9610.0,59.31,56.0,-18.05,1581445800.0,0.0,-0.04266930168320693,15921.17,0.5034905352490737,0.48416192458996127,1.58,-79.80094137206663,21.669764219589396,-91.10764028118157,259.85,4837.45,4577.599999999999,103603.1,105842.2,-13117.1,29063.2,100.77,2020,0.0,0.0,0.0,0.0,0.0,0.0,0.0,0.0,0.0,0.0,0.0,0.0,0.0,0.0,0.0,44.16939565346829,4451.0,4471.95,4416.7,4452.85
2020-02-11,4440.0,4519.0,4434.5,4469.45,4482.361139222207,13834,1499,62008984.0,4028.0,29.12,84.5,29.45,1581359400.0,0.0,0.4156416046012579,15841.41,0.3901813960090816,0.4841428878092551,1.57,-79.884549553077,22.28235996669488,-91.48229132069746,259.85,4837.45,4577.599999999999,103603.1,105842.2,-13117.1,29063.2,100.77,2020,0.0,0.0,0.0,0.0,0.0,0.0,0.0,0.0,0.0,0.0,0.0,0.0,0.0,0.0,0.0,44.35298203830505,4469.0,4495.55,4439.55,4450.95
2020-02-10,4472.3,4474.25,4394.0,4410.85,4425.498048189528,7429,1437,32877025.0,2379.0,32.02,80.25,-61.45,1581273000.0,0.0,-1.3111232925751337,15779.84,-0.5465582961902249,0.48414071948295456,1.58,-79.61730732171803,22.759482985885796,-91.45115745278177,259.85,4837.45,4577.599999999999,103603.1,105842.2,-13117.1,29063.2,100.77,2020,0.0,0.0,0.0,0.0,0.0,0.0,0.0,0.0,0.0,0.0,0.0,0.0,0.0,0.0,0.0,43.771459759849165,4440.0,4519.0,4434.5,4469.45
2020-02-07,4475.0,4546.35,4453.35,4473.2,4505.491085134017,25407,1785,114471012.0,2117.0,8.33,93.0,-1.8,1581013800.0,0.0,1.413559744720394,15866.56,-0.0537319788423307,0.48418036956222815,1.56,-79.90141285880354,22.08853084726621,-91.4009245110025,259.85,4837.45,4577.599999999999,103603.1,105842.2,-13117.1,29063.2,100.77,2020,0.0,0.0,0.0,0.0,0.0,0.0,0.0,0.0,0.0,0.0,0.0,0.0,0.0,0.0,0.0,44.39019549469088,4472.3,4474.25,4394.0,4410.85
2020-02-06,4476.15,4518.3,4446.8,4467.2,4469.432137192111,33413,3125,149337136.0,15529.0,46.48,71.5,-8.95,1580927400.0,0.0,-0.1341321648931415,15875.09,0.520105490107925,0.4842698394285755,1.57,-79.87441797994269,22.022930263702435,-91.34915523458972,259.85,4837.45,4577.599999999999,103603.1,105842.2,-13117.1,29063.2,100.77,2020,0.0,0.0,0.0,0.0,0.0,0.0,0.0,0.0,0.0,0.0,0.0,0.0,0.0,0.0,0.0,44.330653964473555,4475.0,4546.35,4453.35,4473.2
2020-02-05,4475.0,4528.0,4397.6,4470.6,4469.321709433844,31917,3017,142647341.0,16892.0,52.92,130.4,-4.4,1580841000.0,0.0,0.07611031518626188,15792.95,1.0045485127796017,0.4842498312564128,1.57,-79.8897239744106,22.65757822319452,-91.67138017059895,259.85,4837.45,4577.599999999999,103603.1,105842.2,-13117.1,29063.2,100.77,2020,0.0,0.0,0.0,0.0,0.0,0.0,0.0,0.0,0.0,0.0,0.0,0.0,0.0,0.0,0.0,44.36439416493005,4476.15,4518.3,4446.8,4467.2
2020-02-04,4400.0,4495.0,4389.0,4475.7,4467.588841882601,11346,2276,50689263.0,2482.0,21.88,106.0,75.7,1580754600.0,0.0,0.11407864716144189,15635.88,2.063945158159197,0.48416762692335613,1.57,-79.91263936367496,23.889733101047096,-92.28913157277161,259.85,4837.45,4577.599999999999,103603.1,105842.2,-13117.1,29063.2,100.77,2020,0.0,0.0,0.0,0.0,0.0,0.0,0.0,0.0,0.0,0.0,0.0,0.0,0.0,0.0,0.0,44.415004465614764,4475.0,4528.0,4397.6,4470.6
2020-02-03,4263.0,4383.9,4239.65,4370.95,4322.420191301749,13382,2847,57842627.0,2703.0,20.2,144.25,107.95,1580668200.0,0.0,-2.3404160243090444,15319.69,0.4676562362690317,0.48380387347309806,1.57,-79.43124492387238,26.44674924884249,-93.03671256988136,259.85,4837.45,4577.599999999999,103603.1,105842.2,-13117.1,29063.2,100.77,2020,0.0,0.0,0.0,0.0,0.0,0.0,0.0,0.0,0.0,0.0,0.0,0.0,0.0,0.0,0.0,43.37550858390394,4400.0,4495.0,4389.0,4475.7
2020-02-01,4450.0,4538.7,4193.7,4274.0,4408.070048840586,22727,3056,100182208.0,5298.0,23.31,345.0,-176.0,1580495400.0,0.0,-2.21805328361111,15248.38,-2.565079064857656,0.48401700097272166,,-78.9646700982686,27.0380853572642,,259.85,4837.45,4577.599999999999,103603.1,105842.2,-13117.1,29063.2,100.77,2020,0.0,0.0,0.0,0.0,0.0,0.0,0.0,0.0,0.0,0.0,0.0,0.0,0.0,0.0,0.0,42.41341669147564,4263.0,4383.9,4239.65,4370.95
2020-01-31,4500.05,4502.4,4405.05,4418.0,4449.689339965048,7439,1615,33101239.0,3636.0,48.88,97.35,-82.05,1580409000.0,0.0,3.3692091717360872,15649.81,-0.6173862626793869,0.48361808340851975,1.55,-79.65029425079221,23.779458025369003,-91.95086213623131,259.85,4837.45,4577.599999999999,103603.1,105842.2,-13117.1,29063.2,100.77,2020,0.0,0.0,0.0,0.0,0.0,0.0,0.0,0.0,0.0,0.0,0.0,0.0,0.0,0.0,0.0,43.84241341669148,4450.0,4538.7,4193.7,4274.0
2020-01-30,4568.0,4577.75,4466.0,4480.95,4512.46415798476,6431,1741,29019657.0,2587.0,40.23,111.75,-87.05,1580322600.0,0.0,1.424852874603899,15747.03,-0.911596473675258,0.4840788282306459,1.57,-79.93617424876422,23.01526065550139,-91.8873708979801,259.85,4837.45,4577.599999999999,103603.1,105842.2,-13117.1,29063.2,100.77,2020,0.0,0.0,0.0,0.0,0.0,0.0,0.0,0.0,0.0,0.0,0.0,0.0,0.0,0.0,0.0,44.467103304554925,4500.05,4502.4,4405.05,4418.0
2020-01-29,4628.0,4648.85,4558.6,4568.1,4598.262508413732,8914,1579,40988912.0,2454.0,27.53,90.25,-59.9,1580236200.0,0.0,1.9449000769926172,15891.9,0.5393935713092768,0.4840897311695805,1.56,-80.31895098618682,21.893857877283395,-91.7223627796414,259.85,4837.45,4577.599999999999,103603.1,105842.2,-13117.1,29063.2,100.77,2020,0.0,0.0,0.0,0.0,0.0,0.0,0.0,0.0,0.0,0.0,0.0,0.0,0.0,0.0,0.0,45.3319440309616,4568.0,4577.75,4466.0,4480.95
2020-01-28,4690.0,4694.9,4585.5,4608.65,4643.7370311253,15036,2208,69823230.0,3365.0,22.38,109.4,-81.35,1580149800.0,0.0,0.8876775902453726,15806.64,-0.4590186233471738,0.4842368117647807,1.57,-80.49211808230176,22.551345510494336,-92.22205793883883,259.85,4837.45,4577.599999999999,103603.1,105842.2,-13117.1,29063.2,100.77,2020,0.0,0.0,0.0,0.0,0.0,0.0,0.0,0.0,0.0,0.0,0.0,0.0,0.0,0.0,0.0,45.734345539347025,4628.0,4648.85,4558.6,4568.1
2020-01-27,4640.0,4753.35,4624.9,4675.75,4694.804643867196,42077,6227,197543295.0,8082.0,19.21,128.45,35.75,1580063400.0,0.0,1.4559578184500932,15879.53,-0.8356158053223095,0.48425125506425576,1.55,-80.77206865208791,21.98881201143863,-92.21958902064945,259.85,4837.45,4577.599999999999,103603.1,105842.2,-13117.1,29063.2,100.77,2020,0.0,0.0,0.0,0.0,0.0,0.0,0.0,0.0,0.0,0.0,0.0,0.0,0.0,0.0,0.0,46.400218318944134,4690.0,4694.9,4585.5,4608.65
2020-01-24,4541.0,4679.85,4452.15,4641.05,4569.308096399516,58631,8524,267903103.0,7575.0,12.92,227.7,100.05,1579804200.0,0.0,-0.7421269315083134,16013.34,0.601282979941109,0.48427870911478155,1.54,-80.62830609452602,20.96945421754612,-91.57757710180401,259.85,4837.45,4577.599999999999,103603.1,105842.2,-13117.1,29063.2,100.77,2020,0.0,0.0,0.0,0.0,0.0,0.0,0.0,0.0,0.0,0.0,0.0,0.0,0.0,0.0,0.0,46.0558698025206,4640.0,4753.35,4624.9,4675.75
2020-01-23,4473.7,4543.75,4446.85,4529.4,4505.586235925497,19006,2557,85633172.0,2164.0,11.39,96.9,55.7,1579717800.0,0.0,-2.405705605412578,15917.63,0.7665602720595688,0.48427232919652313,1.55,-80.1507925994613,21.69682295668389,-91.45734147860459,259.85,4837.45,4577.599999999999,103603.1,105842.2,-13117.1,29063.2,100.77,2020,0.0,0.0,0.0,0.0,0.0,0.0,0.0,0.0,0.0,0.0,0.0,0.0,0.0,0.0,0.0,44.94790116105984,4541.0,4679.85,4452.15,4641.05
2020-01-22,4500.0,4539.65,4466.35,4479.8,4506.615082382761,7890,1472,35557193.0,1881.0,23.84,73.3,-20.2,1579631400.0,0.0,-1.0950677793968189,15796.54,-0.4046474561053892,0.48446856745248773,1.55,-79.93102370641547,22.629702453828493,-91.69347695654645,259.85,4837.45,4577.599999999999,103603.1,105842.2,-13117.1,29063.2,100.77,2020,0.0,0.0,0.0,0.0,0.0,0.0,0.0,0.0,0.0,0.0,0.0,0.0,0.0,0.0,0.0,44.45569117792994,4473.7,4543.75,4446.85,4529.4
2020-01-21,4400.0,4520.6,4400.0,4481.5,4481.296943231441,6641,1292,29760293.0,2012.0,30.3,120.6,81.5,1579545000.0,0.0,0.03794812268405057,15860.72,-0.3804339974964432,0.4844995495167206,1.56,-79.93863661720407,22.13348448241948,-91.46648058092555,259.85,4837.45,4577.599999999999,103603.1,105842.2,-13117.1,29063.2,100.77,2020,0.0,0.0,0.0,0.0,0.0,0.0,0.0,0.0,0.0,0.0,0.0,0.0,0.0,0.0,0.0,44.47256127815818,4500.0,4539.65,4466.35,4479.8
2020-01-20,4489.0,4505.15,4451.4,4467.1,4476.254807692307,4992,1032,22345464.0,1325.0,26.54,53.75,-21.9,1579458600.0,0.0,-0.3213209862769073,15921.29,-0.8819052540162242,0.48448388611789645,,-79.87396745091895,21.668847185121297,,259.85,4837.45,4577.599999999999,103603.1,105842.2,-13117.1,29063.2,100.77,2020,0.0,0.0,0.0,0.0,0.0,0.0,0.0,0.0,0.0,0.0,0.0,0.0,0.0,0.0,0.0,44.3296616056366,4400.0,4520.6,4400.0,4481.5
2020-01-17,4445.0,4521.0,4414.9,4488.7,4487.81232310037,9186,1356,41225044.0,2545.0,27.71,106.1,43.7,1579199400.0,0.0,0.48353517942287816,16062.95,0.0883556808403351,0.4844112832323423,1.56,-79.97081560362689,20.59584322929473,-90.75199284973924,259.85,4837.45,4577.599999999999,103603.1,105842.2,-13117.1,29063.2,100.77,2020,0.0,0.0,0.0,0.0,0.0,0.0,0.0,0.0,0.0,0.0,0.0,0.0,0.0,0.0,0.0,44.54401111441897,4489.0,4505.15,4451.4,4467.1
2020-01-16,4510.15,4555.45,4456.0,4474.45,4503.42221870549,12638,1741,56914250.0,1887.0,14.93,99.45,-35.7,1579113000.0,0.0,-0.3174638536770136,16048.77,0.2121162924295205,0.4844226757111823,1.55,-79.90702767937958,20.702396507645137,-90.73488284189455,259.85,4837.45,4577.599999999999,103603.1,105842.2,-13117.1,29063.2,100.77,2020,0.0,0.0,0.0,0.0,0.0,0.0,0.0,0.0,0.0,0.0,0.0,0.0,0.0,0.0,0.0,44.40259998015282,4445.0,4521.0,4414.9,4488.7
2020-01-15,4490.0,4527.4,4410.0,4510.15,4451.330968148849,12684,1891,56460682.0,7648.0,60.3,117.4,20.15,1579026600.0,0.0,0.7978634245549676,16014.8,0.1130231697497929,0.4844235563798445,1.57,-80.06607319047039,20.958425955990712,-91.02828344467869,259.85,4837.45,4577.599999999999,103603.1,105842.2,-13117.1,29063.2,100.77,2020,0.0,0.0,0.0,0.0,0.0,0.0,0.0,0.0,0.0,0.0,0.0,0.0,0.0,0.0,0.0,44.75687208494591,4510.15,4555.45,4456.0,4474.45
2020-01-14,4477.0,4502.35,4425.0,4483.35,4462.397457497319,13058,2020,58269986.0,5284.0,40.47,77.35,6.35,1578940200.0,0.0,-0.5942152700020853,15996.72,0.34255189557717,0.48445305540800304,1.57,-79.94691469548441,21.09513700308563,-90.9759269738891,259.85,4837.45,4577.599999999999,103603.1,105842.2,-13117.1,29063.2,100.77,2020,0.0,0.0,0.0,0.0,0.0,0.0,0.0,0.0,0.0,0.0,0.0,0.0,0.0,0.0,0.0,44.490919916641865,4490.0,4527.4,4410.0,4510.15
2020-01-13,4450.0,4490.1,4450.0,4468.05,4471.4001962708535,10190,1170,45563568.0,2657.0,26.07,40.1,18.05,1578853800.0,0.0,-0.3412626718859779,15942.11,0.6741878139731705,0.4844585383747185,1.57,-79.87824666241426,21.50995069034149,-91.10832602912106,259.85,4837.45,4577.599999999999,103603.1,105842.2,-13117.1,29063.2,100.77,2020,0.0,0.0,0.0,0.0,0.0,0.0,0.0,0.0,0.0,0.0,0.0,0.0,0.0,0.0,0.0,44.33908901458768,4477.0,4502.35,4425.0,4483.35
2020-01-10,4400.0,4460.6,4365.0,4447.5,4428.717626404494,14240,2388,63064939.0,3520.0,24.72,95.6,47.5,1578594600.0,0.0,-0.4599321851814553,15835.35,0.3533678631700843,0.48442683305920986,1.54,-79.78527262507026,22.329155970660587,-91.39609761391134,259.85,4837.45,4577.599999999999,103603.1,105842.2,-13117.1,29063.2,100.77,2020,0.0,0.0,0.0,0.0,0.0,0.0,0.0,0.0,0.0,0.0,0.0,0.0,0.0,0.0,0.0,44.13515927359333,4450.0,4490.1,4450.0,4468.05
2020-01-09,4359.0,4400.0,4333.2,4388.2,4379.110354568832,27611,2051,120911616.0,4313.0,15.62,66.8,29.2,1578508200.0,0.0,-1.333333333333342,15779.59,1.546337351103344,0.48442598314727575,1.54,-79.51210063351716,22.761427895148103,-91.3323117054133,259.85,4837.45,4577.599999999999,103603.1,105842.2,-13117.1,29063.2,100.77,2020,0.0,0.0,0.0,0.0,0.0,0.0,0.0,0.0,0.0,0.0,0.0,0.0,0.0,0.0,0.0,43.54669048327875,4400.0,4460.6,4365.0,4447.5
2020-01-08,4250.0,4330.0,4191.95,4317.35,4287.639458347618,29170,3626,125070443.0,5207.0,17.85,138.05,67.35,1578421800.0,0.0,-1.6145572216398452,15539.3,-0.0999045956113997,0.4842965576146082,1.54,-79.17588335437247,24.65973370743857,-91.9126908018514,259.85,4837.45,4577.599999999999,103603.1,105842.2,-13117.1,29063.2,100.77,2020,0.0,0.0,0.0,0.0,0.0,0.0,0.0,0.0,0.0,0.0,0.0,0.0,0.0,0.0,0.0,42.84360424729583,4359.0,4400.0,4333.2,4388.2
2020-01-07,4190.0,4252.0,4165.0,4241.1,4220.478686104448,21676,2461,91483096.0,3853.0,17.78,87.0,51.1,1578335400.0,0.0,-1.7661296860342568,15554.84,0.5713650238225121,0.4844030852417098,1.54,-78.80149017943458,24.5351929045879,-91.48043256814523,259.85,4837.45,4577.599999999999,103603.1,105842.2,-13117.1,29063.2,100.77,2020,0.0,0.0,0.0,0.0,0.0,0.0,0.0,0.0,0.0,0.0,0.0,0.0,0.0,0.0,0.0,42.0869306341173,4250.0,4330.0,4191.95,4317.35
2020-01-06,4220.0,4220.0,4145.0,4152.85,4163.818794814569,21059,2154,87685860.0,3059.0,14.53,75.0,-67.15,1578249000.0,0.0,-2.0808280870528884,15466.47,-1.9714137401909528,0.4845080799310438,1.56,-78.35101195564492,25.2467434391946,-91.38743053918834,259.85,4837.45,4577.599999999999,103603.1,105842.2,-13117.1,29063.2,100.77,2020,0.0,0.0,0.0,0.0,0.0,0.0,0.0,0.0,0.0,0.0,0.0,0.0,0.0,0.0,0.0,41.21117396050413,4190.0,4252.0,4165.0,4241.1
2020-01-03,4190.0,4259.0,4189.3,4217.95,4221.577256435319,15345,2092,64780103.0,1878.0,12.24,69.7,27.95,1577989800.0,0.0,1.5675981554835738,15777.51,-0.3862693189903954,0.48432782419096315,1.52,-78.68514325679537,22.777611929892604,-90.50079619029611,259.85,4837.45,4577.599999999999,103603.1,105842.2,-13117.1,29063.2,100.77,2020,0.0,0.0,0.0,0.0,0.0,0.0,0.0,0.0,0.0,0.0,0.0,0.0,0.0,0.0,0.0,41.85719956336211,4220.0,4220.0,4145.0,4152.85
2020-01-02,4072.25,4256.0,4072.25,4242.85,4208.216019085238,51139,6101,215203959.0,15562.0,30.43,183.75,170.6,1577903400.0,0.0,0.5903341670717044,15838.69,0.9191153045282174,0.4844223340440504,1.54,-78.8102336872621,22.303359684418343,-90.40846884818417,259.85,4837.45,4577.599999999999,103603.1,105842.2,-13117.1,29063.2,100.77,2020,0.0,0.0,0.0,0.0,0.0,0.0,0.0,0.0,0.0,0.0,0.0,0.0,0.0,0.0,0.0,42.104296913764024,4190.0,4259.0,4189.3,4217.95
2020-01-01,4065.7,4069.65,4046.0,4062.8,4059.790049400141,5668,674,23010890.0,1533.0,27.05,23.65,-2.9,1577817000.0,0.0,-4.243609837727003,15694.44,0.1723319189350647,0.48437015364684244,,-77.8711725903318,23.42746858123004,,259.85,4837.45,4577.599999999999,103603.1,105842.2,-13117.1,29063.2,100.77,2020,0.0,0.0,0.0,0.0,0.0,0.0,0.0,0.0,0.0,0.0,0.0,0.0,0.0,0.0,0.0,40.317554827825745,4072.25,4256.0,4072.25,4242.85
2019-12-31,4050.45,4071.85,4029.6,4046.85,4040.890605072977,14114,1194,57033130.0,1711.0,12.12,42.25,-3.6,1577730600.0,0.0,-0.39258639362017567,15667.44,-0.5126941652940253,0.48513877078549456,1.55,-77.78395542211844,23.640173506329056,-90.05075504341721,259.85,4837.45,4577.599999999999,99817.5,101457.6,-15133.7,6431.5,22.3,2019,177339.40000000002,182539.59999999998,-20966.8,37118.9,128.7,0.0,0.0,0.0,0.0,0.0,0.0,0.0,0.0,0.0,0.0,181.47309417040358,4065.7,4069.65,4046.0,4062.8
2019-12-30,4072.0,4090.0,4045.0,4052.35,4057.215500197706,5058,749,20521396.0,1242.0,24.56,45.0,-19.65,1577644200.0,0.0,0.13590817549451462,15748.18,0.1381111833178128,0.485116980315439,1.57,-77.81410786333855,23.00627755080269,-89.78321009798759,259.85,4837.45,4577.599999999999,99817.5,101457.6,-15133.7,6431.5,22.3,2019,177339.40000000002,182539.59999999998,-20966.8,37118.9,128.7,0.0,0.0,0.0,0.0,0.0,0.0,0.0,0.0,0.0,0.0,181.71973094170403,4050.45,4071.85,4029.6,4046.85
2019-12-27,4062.0,4093.0,4044.3,4056.75,4059.325518146863,10663,887,43284588.0,6151.0,57.69,48.7,-5.25,1577385000.0,0.0,0.1085789726948505,15726.46,0.9300749476624182,0.48511734546066304,1.57,-77.83817094965183,23.176162976283287,-89.88969537829684,259.85,4837.45,4577.599999999999,99817.5,101457.6,-15133.7,6431.5,22.3,2019,177339.40000000002,182539.59999999998,-20966.8,37118.9,128.7,0.0,0.0,0.0,0.0,0.0,0.0,0.0,0.0,0.0,0.0,181.9170403587444,4072.0,4090.0,4045.0,4052.35
2019-12-26,4097.0,4123.05,4050.0,4061.1,4087.704517704517,7371,765,30130470.0,1502.0,20.38,73.05,-35.9,1577298600.0,0.0,0.10722869291921455,15581.54,-0.4948582383455413,0.4850473376167217,1.58,-77.86190933490926,24.32179360961753,-90.47275577788321,259.85,4837.45,4577.599999999999,99817.5,101457.6,-15133.7,6431.5,22.3,2019,177339.40000000002,182539.59999999998,-20966.8,37118.9,128.7,0.0,0.0,0.0,0.0,0.0,0.0,0.0,0.0,0.0,0.0,182.11210762331837,4062.0,4093.0,4044.3,4056.75
2019-12-24,4118.45,4123.9,4073.95,4097.6,4096.486657543619,5846,962,23948061.0,1473.0,25.2,49.95,-20.85,1577125800.0,0.0,0.8987712688680594,15659.03,-0.2989307257490359,0.4850224422855116,1.58,-78.05910777040219,23.70657697188139,-90.37099417272246,259.85,4837.45,4577.599999999999,99817.5,101457.6,-15133.7,6431.5,22.3,2019,177339.40000000002,182539.59999999998,-20966.8,37118.9,128.7,0.0,0.0,0.0,0.0,0.0,0.0,0.0,0.0,0.0,0.0,183.74887892376682,4097.0,4123.05,4050.0,4061.1
2019-12-23,4123.5,4167.75,4069.7,4083.6,4106.180789060749,8922,1311,36635345.0,2312.0,25.91,98.05,-39.9,1577039400.0,0.0,-0.34166341272940937,15705.98,-0.0671267767121674,0.4850496713942497,1.59,-77.98388676657851,23.33678000354005,-90.12215526117865,259.85,4837.45,4577.599999999999,99817.5,101457.6,-15133.7,6431.5,22.3,2019,177339.40000000002,182539.59999999998,-20966.8,37118.9,128.7,0.0,0.0,0.0,0.0,0.0,0.0,0.0,0.0,0.0,0.0,183.12107623318386,4118.45,4123.9,4073.95,4097.6
2019-12-20,4040.0,4146.9,4030.0,4114.25,4093.397327249023,15340,2004,62792715.0,5652.0,36.84,116.9,74.25,1576780200.0,0.0,0.7505632285238484,15716.53,0.1699823962737712,0.4850528125486039,1.58,-78.14790058941485,23.253987998623103,-90.24092942729166,259.85,4837.45,4577.599999999999,99817.5,101457.6,-15133.7,6431.5,22.3,2019,177339.40000000002,182539.59999999998,-20966.8,37118.9,128.7,0.0,0.0,0.0,0.0,0.0,0.0,0.0,0.0,0.0,0.0,184.49551569506727,4123.5,4167.75,4069.7,4083.6
2019-12-19,4067.6,4081.95,4028.0,4038.8,4055.230413371139,6701,775,27174099.0,1412.0,21.07,53.95,-28.8,1576693800.0,0.0,-1.8338700856778245,15689.86,0.2332408078781878,0.4850779000312648,1.57,-77.73967515103496,23.463498080926136,-89.92972722446913,259.85,4837.45,4577.599999999999,99817.5,101457.6,-15133.7,6431.5,22.3,2019,177339.40000000002,182539.59999999998,-20966.8,37118.9,128.7,0.0,0.0,0.0,0.0,0.0,0.0,0.0,0.0,0.0,0.0,181.1121076233184,4040.0,4146.9,4030.0,4114.25
2019-12-18,4111.05,4115.0,4051.15,4067.6,4089.0938258401534,24311,1003,99409960.0,1817.0,7.47,63.85,-43.45,1576607400.0,0.0,0.7130830939882982,15653.35,0.3246233023771472,0.4852159447503025,1.56,-77.897285868817,23.75146534128476,-90.22493868978208,259.85,4837.45,4577.599999999999,99817.5,101457.6,-15133.7,6431.5,22.3,2019,177339.40000000002,182539.59999999998,-20966.8,37118.9,128.7,0.0,0.0,0.0,0.0,0.0,0.0,0.0,0.0,0.0,0.0,182.40358744394618,4067.6,4081.95,4028.0,4038.8
2019-12-17,4120.0,4145.0,4057.5,4119.65,4113.818162969106,9646,1504,39681890.0,2320.0,24.05,87.5,-0.35,1576521000.0,0.0,1.2796243485101666,15602.7,0.8385601969889356,0.4852328138544333,1.56,-78.17654412389402,24.15319143481576,-90.69950197776156,259.85,4837.45,4577.599999999999,99817.5,101457.6,-15133.7,6431.5,22.3,2019,177339.40000000002,182539.59999999998,-20966.8,37118.9,128.7,0.0,0.0,0.0,0.0,0.0,0.0,0.0,0.0,0.0,0.0,184.73766816143495,4111.05,4115.0,4051.15,4067.6
2019-12-16,4080.0,4084.4,4035.6,4057.0,4051.173542034841,19805,904,80233492.0,1093.0,5.52,48.8,-23.0,1576434600.0,0.0,-1.5207602587598346,15472.95,-0.3156819858329607,0.48525051675609177,1.57,-77.83953660340153,25.194290681479604,-90.87323586458562,259.85,4837.45,4577.599999999999,99817.5,101457.6,-15133.7,6431.5,22.3,2019,177339.40000000002,182539.59999999998,-20966.8,37118.9,128.7,0.0,0.0,0.0,0.0,0.0,0.0,0.0,0.0,0.0,0.0,181.92825112107622,4120.0,4145.0,4057.5,4119.65
2019-12-13,4017.35,4090.4,4000.0,4083.9,4055.211938958708,22280,1104,90350122.0,3192.0,14.33,90.4,66.55,1576175400.0,0.0,0.6630515158984496,15521.95,0.9796133981551324,0.485335697139075,1.57,-77.98550405249884,24.79907485850681,-90.829403292848,259.85,4837.45,4577.599999999999,99817.5,101457.6,-15133.7,6431.5,22.3,2019,177339.40000000002,182539.59999999998,-20966.8,37118.9,128.7,0.0,0.0,0.0,0.0,0.0,0.0,0.0,0.0,0.0,0.0,183.13452914798205,4080.0,4084.4,4035.6,4057.0
2019-12-12,4019.9,4028.0,3984.3,3991.0,4000.215706465773,18451,880,73807980.0,2035.0,11.03,43.7,-28.9,1576089000.0,0.0,-2.274786356179148,15371.37,0.5534197217593961,0.4852775830594053,1.56,-77.4730643948885,26.02162331659441,-90.90374183567502,259.85,4837.45,4577.599999999999,99817.5,101457.6,-15133.7,6431.5,22.3,2019,177339.40000000002,182539.59999999998,-20966.8,37118.9,128.7,0.0,0.0,0.0,0.0,0.0,0.0,0.0,0.0,0.0,0.0,178.96860986547085,4017.35,4090.4,4000.0,4083.9
2019-12-11,4060.0,4065.0,3970.0,4003.45,4027.825115107631,25411,2098,102351064.0,6980.0,27.47,95.0,-56.55,1576002600.0,0.0,0.31195189175645677,15286.77,0.4205547617874616,0.485473255114218,1.57,-77.54311905981092,26.719051833709795,-91.32231111655821,259.85,4837.45,4577.599999999999,99817.5,101457.6,-15133.7,6431.5,22.3,2019,177339.40000000002,182539.59999999998,-20966.8,37118.9,128.7,0.0,0.0,0.0,0.0,0.0,0.0,0.0,0.0,0.0,0.0,179.5269058295964,4019.9,4028.0,3984.3,3991.0
2019-12-10,4153.3,4160.45,4033.5,4039.4,4085.6162314749463,7085,1168,28946591.0,2128.0,30.04,126.95,-113.9,1575916200.0,0.0,0.8979754961345954,15222.75,-0.7938318205279238,0.48546538503655146,1.56,-77.74298163093529,27.251974840288383,-91.77554608912529,259.85,4837.45,4577.599999999999,99817.5,101457.6,-15133.7,6431.5,22.3,2019,177339.40000000002,182539.59999999998,-20966.8,37118.9,128.7,0.0,0.0,0.0,0.0,0.0,0.0,0.0,0.0,0.0,0.0,181.1390134529148,4060.0,4065.0,3970.0,4003.45
2019-12-09,4168.3,4190.0,4120.7,4150.35,4151.285660348864,52972,1141,219901904.0,33352.0,62.96,69.3,-17.95,1575829800.0,0.0,2.746695053720849,15344.56,0.038399678720502,0.4854405155282947,1.54,-78.33797149637982,26.241808171755988,-91.8692299897581,259.85,4837.45,4577.599999999999,99817.5,101457.6,-15133.7,6431.5,22.3,2019,177339.40000000002,182539.59999999998,-20966.8,37118.9,128.7,0.0,0.0,0.0,0.0,0.0,0.0,0.0,0.0,0.0,0.0,186.11434977578477,4153.3,4160.45,4033.5,4039.4
2019-12-06,4174.3,4194.7,4125.5,4156.35,4163.961699581088,5013,719,20873940.0,1227.0,24.48,69.2,-17.95,1575570600.0,0.0,0.1445661209295679,15338.67,-0.903638198434742,0.4857769967725601,1.53,-78.36924224379564,26.290284620504917,-91.92721894597832,259.85,4837.45,4577.599999999999,99817.5,101457.6,-15133.7,6431.5,22.3,2019,177339.40000000002,182539.59999999998,-20966.8,37118.9,128.7,0.0,0.0,0.0,0.0,0.0,0.0,0.0,0.0,0.0,0.0,186.3834080717489,4168.3,4190.0,4120.7,4150.35
2019-12-05,4279.0,4279.0,4149.0,4160.3,4196.203557559816,7983,1085,33498293.0,1577.0,19.75,130.0,-118.7,1575484200.0,0.0,0.09503530742116517,15478.54,-0.2752353868178181,0.48569827459543546,1.54,-78.38977958320314,25.14907736776206,-91.39666772551531,259.85,4837.45,4577.599999999999,99817.5,101457.6,-15133.7,6431.5,22.3,2019,177339.40000000002,182539.59999999998,-20966.8,37118.9,128.7,0.0,0.0,0.0,0.0,0.0,0.0,0.0,0.0,0.0,0.0,186.56053811659194,4174.3,4194.7,4125.5,4156.35
2019-12-04,4211.3,4230.3,4166.1,4195.9,4208.390057842233,23858,1179,100403770.0,2065.0,8.66,64.2,-15.4,1575397800.0,0.0,0.8557075210922083,15521.26,0.4145646230425015,0.48569000566141546,1.55,-78.57313091351081,24.80462282056999,-91.41766880288753,259.85,4837.45,4577.599999999999,99817.5,101457.6,-15133.7,6431.5,22.3,2019,177339.40000000002,182539.59999999998,-20966.8,37118.9,128.7,0.0,0.0,0.0,0.0,0.0,0.0,0.0,0.0,0.0,0.0,188.1569506726457,4279.0,4279.0,4149.0,4160.3
2019-12-03,4280.0,4290.35,4174.9,4211.3,4248.185926527493,20933,1105,88927276.0,2066.0,9.87,115.45,-68.7,1575311400.0,0.0,0.3670249529302616,15457.18,-0.5669234000479806,0.4857118394055158,1.57,-78.65148528957803,25.32201863470569,-91.75812195023502,259.85,4837.45,4577.599999999999,99817.5,101457.6,-15133.7,6431.5,22.3,2019,177339.40000000002,182539.59999999998,-20966.8,37118.9,128.7,0.0,0.0,0.0,0.0,0.0,0.0,0.0,0.0,0.0,0.0,188.847533632287,4211.3,4230.3,4166.1,4195.9
2019-12-02,4272.0,4320.0,4256.85,4277.05,4299.94141652308,22054,1451,94830908.0,1821.0,8.26,63.15,5.05,1575225000.0,0.0,1.5612756156056395,15545.31,-0.1436309993724238,0.485685615660659,1.6,-78.97967056733029,24.611538785653032,-91.75604394973931,259.85,4837.45,4577.599999999999,99817.5,101457.6,-15133.7,6431.5,22.3,2019,177339.40000000002,182539.59999999998,-20966.8,37118.9,128.7,0.0,0.0,0.0,0.0,0.0,0.0,0.0,0.0,0.0,0.0,191.79596412556054,4280.0,4290.35,4174.9,4211.3
2019-11-29,4300.0,4338.1,4242.8,4255.75,4296.14898013012,22748,1912,97728797.0,5278.0,23.2,95.3,-44.25,1574965800.0,0.0,-0.49800680375492457,15567.67,-0.5900356767242987,0.48579340499277723,1.59,-78.874463960524,24.432557987161864,-91.56122798385232,259.85,4837.45,4577.599999999999,99817.5,101457.6,-15133.7,6431.5,22.3,2019,177339.40000000002,182539.59999999998,-20966.8,37118.9,128.7,0.0,0.0,0.0,0.0,0.0,0.0,0.0,0.0,0.0,0.0,190.84080717488789,4272.0,4320.0,4256.85,4277.05
2019-11-28,4225.0,4300.0,4209.0,4292.2,4262.643831702264,13999,1843,59672751.0,3694.0,26.39,91.0,67.2,1574879400.0,0.0,0.8564882805615959,15660.07,0.5385787786222229,0.4857670628559919,,-79.05386515073856,23.698361501576937,,259.85,4837.45,4577.599999999999,99817.5,101457.6,-15133.7,6431.5,22.3,2019,177339.40000000002,182539.59999999998,-20966.8,37118.9,128.7,0.0,0.0,0.0,0.0,0.0,0.0,0.0,0.0,0.0,0.0,192.47533632286994,4300.0,4338.1,4242.8,4255.75
2019-11-27,4125.2,4248.75,4125.2,4234.45,4222.026542095764,28257,2217,119301804.0,5517.0,19.52,123.55,109.25,1574793000.0,0.0,-1.3454638646847816,15576.18,0.5411057715582146,0.4857793489612898,1.62,-78.76819893964978,24.364574626127844,-91.43704359393163,259.85,4837.45,4577.599999999999,99817.5,101457.6,-15133.7,6431.5,22.3,2019,177339.40000000002,182539.59999999998,-20966.8,37118.9,128.7,0.0,0.0,0.0,0.0,0.0,0.0,0.0,0.0,0.0,0.0,189.88565022421523,4225.0,4300.0,4209.0,4292.2
2019-11-26,4118.45,4150.5,4090.95,4113.9,4128.652334538595,25444,2248,105049430.0,18762.0,73.74,59.55,-4.55,1574706600.0,0.0,-2.8468868448086604,15492.35,-0.3996908937080712,0.4858320950607511,1.6,-78.14604146916551,25.03751851720364,-91.1327401934037,259.85,4837.45,4577.599999999999,99817.5,101457.6,-15133.7,6431.5,22.3,2019,177339.40000000002,182539.59999999998,-20966.8,37118.9,128.7,0.0,0.0,0.0,0.0,0.0,0.0,0.0,0.0,0.0,0.0,184.47982062780267,4125.2,4248.75,4125.2,4234.45
2019-11-25,4149.0,4149.0,4097.1,4112.1,4114.318820065678,35324,2272,145334198.0,27666.0,78.32,51.9,-36.9,1574620200.0,0.0,-0.04375410194703555,15554.52,1.2968744505183372,0.4861607982426786,1.61,-78.13647528027042,24.53775494197185,-90.89305092477197,259.85,4837.45,4577.599999999999,99817.5,101457.6,-15133.7,6431.5,22.3,2019,177339.40000000002,182539.59999999998,-20966.8,37118.9,128.7,0.0,0.0,0.0,0.0,0.0,0.0,0.0,0.0,0.0,0.0,184.39910313901348,4118.45,4150.5,4090.95,4113.9
2019-11-22,4089.0,4096.0,4032.0,4077.65,4053.2882781828384,12481,872,50589091.0,1507.0,12.07,64.0,-11.35,1574361000.0,0.0,-0.8377714549743454,15355.38,-0.3598118985155274,0.48601892618436693,1.58,-77.95176143121651,26.152853267063403,-91.47463318936067,259.85,4837.45,4577.599999999999,99817.5,101457.6,-15133.7,6431.5,22.3,2019,177339.40000000002,182539.59999999998,-20966.8,37118.9,128.7,0.0,0.0,0.0,0.0,0.0,0.0,0.0,0.0,0.0,0.0,182.8542600896861,4149.0,4149.0,4097.1,4112.1
2019-11-21,4110.0,4115.0,4065.0,4075.4,4080.234036868822,7486,1030,30544632.0,3126.0,41.76,50.0,-34.6,1574274600.0,0.0,-0.0551788407538667,15410.83,-0.3306825266654378,0.4860329163593481,1.58,-77.93958875202435,25.698940290691684,-91.24218764100621,259.85,4837.45,4577.599999999999,99817.5,101457.6,-15133.7,6431.5,22.3,2019,177339.40000000002,182539.59999999998,-20966.8,37118.9,128.7,0.0,0.0,0.0,0.0,0.0,0.0,0.0,0.0,0.0,0.0,182.75336322869956,4089.0,4096.0,4032.0,4077.65
2019-11-20,4105.0,4130.0,4073.4,4110.8,4109.584767100294,57192,3389,235035372.0,33367.0,58.34,56.6,5.8,1574188200.0,0.0,0.8686263925013593,15461.96,0.4342940286194974,0.48602052954408975,1.57,-78.12956115597937,25.28327585894674,-91.22470004616974,259.85,4837.45,4577.599999999999,99817.5,101457.6,-15133.7,6431.5,22.3,2019,177339.40000000002,182539.59999999998,-20966.8,37118.9,128.7,0.0,0.0,0.0,0.0,0.0,0.0,0.0,0.0,0.0,0.0,184.34080717488789,4110.0,4115.0,4065.0,4075.4
2019-11-19,4125.0,4125.0,4084.8,4099.95,4099.317095491184,28411,1602,116465698.0,12445.0,43.8,40.2,-25.05,1574101800.0,0.0,-0.2639388926729658,15395.1,0.352322689776785,0.48604202132176816,1.57,-78.07168380102196,25.82737364486103,-91.4317867193276,259.85,4837.45,4577.599999999999,99817.5,101457.6,-15133.7,6431.5,22.3,2019,177339.40000000002,182539.59999999998,-20966.8,37118.9,128.7,0.0,0.0,0.0,0.0,0.0,0.0,0.0,0.0,0.0,0.0,183.85426008968608,4105.0,4130.0,4073.4,4110.8
2019-11-18,4079.0,4142.95,4074.4,4124.6,4117.204550273525,47162,3170,194175601.0,24389.0,51.71,68.55,45.6,1574015400.0,0.0,0.6012268442298296,15341.05,0.0287546685584283,0.48603564633623214,1.57,-78.20273481064831,26.27069203216208,-91.77815162745243,259.85,4837.45,4577.599999999999,99817.5,101457.6,-15133.7,6431.5,22.3,2019,177339.40000000002,182539.59999999998,-20966.8,37118.9,128.7,0.0,0.0,0.0,0.0,0.0,0.0,0.0,0.0,0.0,0.0,184.9596412556054,4125.0,4125.0,4084.8,4099.95
2019-11-15,4045.0,4094.0,4018.0,4078.55,4065.8697907456526,16965,1250,68977481.0,2735.0,16.12,76.0,33.55,1573756200.0,0.0,-1.1164719003054935,15336.64,0.1520241148905254,0.48605314484005185,1.57,-77.95662674234715,26.30700075114236,-91.55012375135063,259.85,4837.45,4577.599999999999,99817.5,101457.6,-15133.7,6431.5,22.3,2019,177339.40000000002,182539.59999999998,-20966.8,37118.9,128.7,0.0,0.0,0.0,0.0,0.0,0.0,0.0,0.0,0.0,0.0,182.89461883408072,4079.0,4142.95,4074.4,4124.6
2019-11-14,4120.0,4120.0,3992.75,3996.8,3999.5250774934657,164530,2274,658041861.0,132322.0,80.42,127.25,-123.2,1573669800.0,0.0,-2.0043888146522693,15313.36,0.1867212044368349,0.4861034878892367,1.57,-77.50575460368296,26.49901785107904,-91.19383713074552,259.85,4837.45,4577.599999999999,99817.5,101457.6,-15133.7,6431.5,22.3,2019,177339.40000000002,182539.59999999998,-20966.8,37118.9,128.7,0.0,0.0,0.0,0.0,0.0,0.0,0.0,0.0,0.0,0.0,179.22869955156952,4045.0,4094.0,4018.0,4078.55
2019-11-13,4149.9,4169.5,4106.75,4113.95,4145.271584959543,10505,1362,43546078.0,5968.0,56.81,62.75,-35.95,1573583400.0,0.0,2.9310948759007083,15284.82,-0.6927872292734061,0.4862718945024101,1.57,-78.14630707713998,26.73521834081134,-91.95344547529311,259.85,4837.45,4577.599999999999,99817.5,101457.6,-15133.7,6431.5,22.3,2019,177339.40000000002,182539.59999999998,-20966.8,37118.9,128.7,0.0,0.0,0.0,0.0,0.0,0.0,0.0,0.0,0.0,0.0,184.48206278026905,4120.0,4120.0,3992.75,3996.8
2019-11-11,4144.0,4177.75,4109.4,4137.0,4136.854416833758,88774,1203,367245114.0,83269.0,93.8,68.35,-7.0,1573410600.0,0.0,0.5602887735631334,15391.45,0.1239885274833652,0.4866077470792133,,-78.2680686487793,25.85721293315444,,259.85,4837.45,4577.599999999999,99817.5,101457.6,-15133.7,6431.5,22.3,2019,177339.40000000002,182539.59999999998,-20966.8,37118.9,128.7,0.0,0.0,0.0,0.0,0.0,0.0,0.0,0.0,0.0,0.0,185.51569506726457,4149.9,4169.5,4106.75,4113.95
2019-11-08,4254.7,4254.7,4124.25,4143.1,4172.267739805185,121140,2986,505428514.0,96452.0,79.62,130.45,-111.6,1573151400.0,0.0,0.1474498428813309,15372.39,-0.8681235131724363,0.48662248923349105,1.55,-78.30006516859356,26.013261438201862,-91.75443834442103,259.85,4837.45,4577.599999999999,99817.5,101457.6,-15133.7,6431.5,22.3,2019,177339.40000000002,182539.59999999998,-20966.8,37118.9,128.7,0.0,0.0,0.0,0.0,0.0,0.0,0.0,0.0,0.0,0.0,185.78923766816143,4144.0,4177.75,4109.4,4137.0
2019-11-07,4210.0,4233.1,4170.0,4187.8,4193.504206439088,37086,1722,155520297.0,24334.0,65.62,63.1,-22.2,1573065000.0,0.0,1.0789022712461627,15507.01,0.4487055747797397,0.486549477399371,1.56,-78.53168728210517,24.9193106859414,-91.4571476887595,259.85,4837.45,4577.599999999999,99817.5,101457.6,-15133.7,6431.5,22.3,2019,177339.40000000002,182539.59999999998,-20966.8,37118.9,128.7,0.0,0.0,0.0,0.0,0.0,0.0,0.0,0.0,0.0,0.0,187.79372197309416,4254.7,4254.7,4124.25,4143.1
2019-11-06,4162.0,4176.0,4117.05,4135.9,4133.843854128815,129347,2765,534700301.0,103077.0,79.69,58.95,-26.1,1572978600.0,0.0,-1.2393141983857991,15437.74,0.2857001798131087,0.48658860679946214,1.56,-78.26228874005658,25.479830596965613,-91.46140578511321,259.85,4837.45,4577.599999999999,99817.5,101457.6,-15133.7,6431.5,22.3,2019,177339.40000000002,182539.59999999998,-20966.8,37118.9,128.7,0.0,0.0,0.0,0.0,0.0,0.0,0.0,0.0,0.0,0.0,185.46636771300447,4210.0,4233.1,4170.0,4187.8
2019-11-05,4250.0,4250.0,4134.7,4146.0,4174.356645951209,21562,2497,90007478.0,14337.0,66.49,115.3,-104.0,1572892200.0,0.0,0.2442031964022373,15393.76,-0.3786498682717854,0.4866470817784938,1.56,-78.31524360829715,25.83832669861035,-91.69022044664078,259.85,4837.45,4577.599999999999,99817.5,101457.6,-15133.7,6431.5,22.3,2019,177339.40000000002,182539.59999999998,-20966.8,37118.9,128.7,0.0,0.0,0.0,0.0,0.0,0.0,0.0,0.0,0.0,0.0,185.91928251121075,4162.0,4176.0,4117.05,4135.9
2019-11-04,4162.0,4297.4,4162.0,4236.35,4225.233072364723,115595,5436,488415817.0,82639.0,71.49,135.4,74.35,1572805800.0,0.0,2.179208876025096,15452.27,0.2747578996140865,0.48663456793906973,1.53,-78.7777213875152,25.36184004033064,-91.90511856873452,259.85,4837.45,4577.599999999999,99817.5,101457.6,-15133.7,6431.5,22.3,2019,177339.40000000002,182539.59999999998,-20966.8,37118.9,128.7,0.0,0.0,0.0,0.0,0.0,0.0,0.0,0.0,0.0,0.0,189.97085201793723,4250.0,4250.0,4134.7,4146.0
2019-11-01,4144.4,4179.9,4130.95,4162.0,4160.78602552132,6426,831,26737211.0,2034.0,31.65,48.95,17.6,1572546600.0,0.0,-1.7550485677529037,15409.93,0.1481757806686578,0.48684415893606686,1.52,-78.39860643921192,25.70628159894301,-91.6935563620402,259.85,4837.45,4577.599999999999,99817.5,101457.6,-15133.7,6431.5,22.3,2019,177339.40000000002,182539.59999999998,-20966.8,37118.9,128.7,0.0,0.0,0.0,0.0,0.0,0.0,0.0,0.0,0.0,0.0,186.63677130044843,4162.0,4297.4,4162.0,4236.35
2019-10-31,4188.0,4188.0,4091.6,4144.4,4133.331393041408,22677,1492,93731556.0,3506.0,15.46,96.4,-43.6,1572460200.0,0.0,-0.42287361845267935,15387.13,0.4515614350736108,0.48697334204107845,1.54,-78.3068719235595,25.8925478630518,-91.70591354364515,259.85,4837.45,4577.599999999999,99817.5,101457.6,-15133.7,6431.5,22.3,2019,177339.40000000002,182539.59999999998,-20966.8,37118.9,128.7,0.0,0.0,0.0,0.0,0.0,0.0,0.0,0.0,0.0,0.0,185.84753363228697,4144.4,4179.9,4130.95,4162.0
2019-10-30,4130.0,4206.5,4100.05,4123.45,4111.390750125395,57817,1597,237708279.0,48146.0,83.27,106.45,-6.55,1572373800.0,0.0,-0.5055013994788138,15317.96,0.5145824611503924,0.48696483468195656,1.62,-78.19665571305582,26.46103005883291,-91.9133638089849,259.85,4837.45,4577.599999999999,99817.5,101457.6,-15133.7,6431.5,22.3,2019,177339.40000000002,182539.59999999998,-20966.8,37118.9,128.7,0.0,0.0,0.0,0.0,0.0,0.0,0.0,0.0,0.0,0.0,184.9080717488789,4188.0,4188.0,4091.6,4144.4
2019-10-29,4182.0,4197.45,4083.3,4122.2,4120.627102050219,17364,1621,71550569.0,7700.0,44.34,114.15,-59.8,1572287400.0,0.0,-0.030314421176447226,15239.54,1.2746100078815823,0.48695442951825735,1.63,-78.19004415118141,27.111776339705784,-92.22850801179467,259.85,4837.45,4577.599999999999,99817.5,101457.6,-15133.7,6431.5,22.3,2019,177339.40000000002,182539.59999999998,-20966.8,37118.9,128.7,0.0,0.0,0.0,0.0,0.0,0.0,0.0,0.0,0.0,0.0,184.85201793721973,4130.0,4206.5,4100.05,4123.45
2019-10-27,4214.4,4242.35,4175.3,4190.45,4200.742307692308,1820,260,7645351.0,625.0,34.34,67.05,-23.95,1572114600.0,0.0,1.6556693027994784,15047.74,0.5360277026706495,0.48681710412377827,,-78.54526363517044,28.731955762127747,,259.85,4837.45,4577.599999999999,99817.5,101457.6,-15133.7,6431.5,22.3,2019,177339.40000000002,182539.59999999998,-20966.8,37118.9,128.7,0.0,0.0,0.0,0.0,0.0,0.0,0.0,0.0,0.0,0.0,187.91255605381164,4182.0,4197.45,4083.3,4122.2
2019-10-25,4311.7,4311.7,4176.95,4194.4,4219.094314720812,9850,1188,41558079.0,3661.0,37.17,134.75,-117.3,1571941800.0,0.0,0.09426195277355554,14967.51,-0.0733718329605781,0.4869199891675049,1.66,-78.56546824337212,29.421994707202455,-93.74333840547148,259.85,4837.45,4577.599999999999,99817.5,101457.6,-15133.7,6431.5,22.3,2019,177339.40000000002,182539.59999999998,-20966.8,37118.9,128.7,0.0,0.0,0.0,0.0,0.0,0.0,0.0,0.0,0.0,0.0,188.08968609865468,4214.4,4242.35,4175.3,4190.45
2019-10-24,4251.0,4329.15,4248.05,4314.55,4294.001842150711,17371,1096,74591106.0,2729.0,15.71,81.1,63.55,1571855400.0,0.0,2.8645336639328667,14978.5,-0.2537856413664663,0.48691953507530716,1.67,-79.16236919261569,29.327035417431645,-94.29912001963281,259.85,4837.45,4577.599999999999,99817.5,101457.6,-15133.7,6431.5,22.3,2019,177339.40000000002,182539.59999999998,-20966.8,37118.9,128.7,0.0,0.0,0.0,0.0,0.0,0.0,0.0,0.0,0.0,0.0,193.47757847533632,4311.7,4311.7,4176.95,4194.4
2019-10-23,4265.7,4299.5,4214.85,4252.75,4264.055168986083,10060,1024,42896395.0,1994.0,19.82,84.65,-12.95,1571769000.0,0.0,-1.4323625870600654,15016.61,0.1347656770958494,0.487280653591847,1.65,-78.85956146023162,28.99882197113728,-93.83611330529446,259.85,4837.45,4577.599999999999,99817.5,101457.6,-15133.7,6431.5,22.3,2019,177339.40000000002,182539.59999999998,-20966.8,37118.9,128.7,0.0,0.0,0.0,0.0,0.0,0.0,0.0,0.0,0.0,0.0,190.70627802690584,4251.0,4329.15,4248.05,4314.55
2019-10-22,4340.0,4405.45,4222.0,4250.3,4301.386476923474,38719,3809,166545383.0,8162.0,21.08,183.45,-89.7,1571682600.0,0.0,-0.05760978190582078,14996.4,-0.3664074464091671,0.4873659365221513,1.65,-78.84737547937792,29.17266810701236,-93.91098639694034,259.85,4837.45,4577.599999999999,99817.5,101457.6,-15133.7,6431.5,22.3,2019,177339.40000000002,182539.59999999998,-20966.8,37118.9,128.7,0.0,0.0,0.0,0.0,0.0,0.0,0.0,0.0,0.0,0.0,190.59641255605382,4265.7,4299.5,4214.85,4252.75
2019-10-18,4260.0,4363.8,4256.9,4295.5,4322.93317631428,33117,2155,143162578.0,2802.0,8.46,106.9,35.5,1571337000.0,0.0,1.0634543443992062,15051.55,0.9437435743013588,0.4873510416616345,1.66,-79.06995693167268,28.69936983234285,-93.90762198533915,259.85,4837.45,4577.599999999999,99817.5,101457.6,-15133.7,6431.5,22.3,2019,177339.40000000002,182539.59999999998,-20966.8,37118.9,128.7,0.0,0.0,0.0,0.0,0.0,0.0,0.0,0.0,0.0,0.0,192.6233183856502,4340.0,4405.45,4222.0,4250.3
2019-10-17,4286.0,4286.05,4221.0,4257.4,4248.40849858357,10590,1002,44990646.0,3220.0,30.41,65.05,-28.6,1571250600.0,0.0,-0.8869747410080397,14910.83,1.2154683381562448,0.48733024054357166,1.66,-78.88265138347347,29.91396186530193,-94.31166141559996,259.85,4837.45,4577.599999999999,99817.5,101457.6,-15133.7,6431.5,22.3,2019,177339.40000000002,182539.59999999998,-20966.8,37118.9,128.7,0.0,0.0,0.0,0.0,0.0,0.0,0.0,0.0,0.0,0.0,190.914798206278,4260.0,4363.8,4256.9,4295.5
2019-10-16,4220.3,4298.0,4220.3,4284.3,4272.098665995469,7946,988,33946096.0,1792.0,22.55,77.7,64.0,1571164200.0,0.0,0.6318410297364796,14731.77,0.3424720515424528,0.48723752218045363,1.66,-79.01524169642649,31.49302493861905,-95.21101084666691,259.85,4837.45,4577.599999999999,99817.5,101457.6,-15133.7,6431.5,22.3,2019,177339.40000000002,182539.59999999998,-20966.8,37118.9,128.7,0.0,0.0,0.0,0.0,0.0,0.0,0.0,0.0,0.0,0.0,192.12107623318386,4286.0,4286.05,4221.0,4257.4
2019-10-15,4121.35,4219.25,4121.35,4206.05,4191.650085062947,14695,1379,61596298.0,3000.0,20.42,97.9,84.7,1571077800.0,0.0,-1.826436057232217,14681.49,0.6953308308373485,0.4872486914767673,1.67,-78.62483803093163,31.943351798761576,-95.04548908149404,259.85,4837.45,4577.599999999999,99817.5,101457.6,-15133.7,6431.5,22.3,2019,177339.40000000002,182539.59999999998,-20966.8,37118.9,128.7,0.0,0.0,0.0,0.0,0.0,0.0,0.0,0.0,0.0,0.0,188.6121076233184,4220.3,4298.0,4220.3,4284.3
2019-10-14,4077.0,4197.85,4051.15,4171.9,4158.642591078405,11007,1171,45774179.0,2207.0,20.05,146.7,94.9,1570991400.0,0.0,-0.8119256784869577,14580.11,0.3035224982956164,0.48735135197811646,,-78.44986696708933,32.86079460305855,,259.85,4837.45,4577.599999999999,99817.5,101457.6,-15133.7,6431.5,22.3,2019,177339.40000000002,182539.59999999998,-20966.8,37118.9,128.7,0.0,0.0,0.0,0.0,0.0,0.0,0.0,0.0,0.0,0.0,187.08071748878922,4121.35,4219.25,4121.35,4206.05
2019-10-11,3982.0,4098.8,3970.0,4075.8,4048.9954734062617,13255,1466,53669435.0,2145.0,16.18,128.8,93.8,1570732200.0,0.0,-2.3035067954648825,14535.99,0.5895175353613613,0.4873717731767246,1.68,-77.94175376613181,33.26405700609316,-95.01493163330619,259.85,4837.45,4577.599999999999,99817.5,101457.6,-15133.7,6431.5,22.3,2019,177339.40000000002,182539.59999999998,-20966.8,37118.9,128.7,0.0,0.0,0.0,0.0,0.0,0.0,0.0,0.0,0.0,0.0,182.7713004484305,4077.0,4197.85,4051.15,4171.9
2019-10-10,4060.0,4076.9,3950.0,3980.55,3997.038485357869,11303,1285,45178526.0,3888.0,34.4,126.9,-79.45,1570645800.0,0.0,-2.336964522302365,14450.8,-0.7224532081703927,0.48757158291552544,1.68,-77.41392521134014,34.04967199047804,-94.87645742219387,259.85,4837.45,4577.599999999999,99817.5,101457.6,-15133.7,6431.5,22.3,2019,177339.40000000002,182539.59999999998,-20966.8,37118.9,128.7,0.0,0.0,0.0,0.0,0.0,0.0,0.0,0.0,0.0,0.0,178.5,3982.0,4098.8,3970.0,4075.8
2019-10-09,3876.0,4060.0,3872.8,4041.0,4002.436801985464,16923,2252,67733238.0,4649.0,27.47,187.2,165.0,1570559400.0,0.0,1.518634359573423,14555.96,1.5137133854665308,0.4877534467253749,1.69,-77.75179411036872,33.08122583464095,-94.75297270814947,259.85,4837.45,4577.599999999999,99817.5,101457.6,-15133.7,6431.5,22.3,2019,177339.40000000002,182539.59999999998,-20966.8,37118.9,128.7,0.0,0.0,0.0,0.0,0.0,0.0,0.0,0.0,0.0,0.0,181.21076233183857,4060.0,4076.9,3950.0,3980.55
2019-10-07,4003.25,4008.95,3853.05,3873.1,3897.2734394124855,20425,2401,79601810.0,6519.0,31.92,155.9,-130.15,1570386600.0,0.0,-4.154912150457813,14338.91,-0.532200118898718,0.4876627427981307,1.75,-76.78732798017091,35.09569416364285,-94.7987806565206,259.85,4837.45,4577.599999999999,99817.5,101457.6,-15133.7,6431.5,22.3,2019,177339.40000000002,182539.59999999998,-20966.8,37118.9,128.7,0.0,0.0,0.0,0.0,0.0,0.0,0.0,0.0,0.0,0.0,173.68161434977577,3876.0,4060.0,3872.8,4041.0
2019-10-04,4177.0,4180.25,3967.8,3980.2,4047.424649929061,16211,2144,65612801.0,5412.0,33.38,212.45,-196.8,1570127400.0,0.0,2.765226820892819,14415.63,-1.1683088761583085,0.48838428862636607,1.71,-77.41193909853776,34.376714718676894,-95.07584932817922,259.85,4837.45,4577.599999999999,99817.5,101457.6,-15133.7,6431.5,22.3,2019,177339.40000000002,182539.59999999998,-20966.8,37118.9,128.7,0.0,0.0,0.0,0.0,0.0,0.0,0.0,0.0,0.0,0.0,178.4843049327354,4003.25,4008.95,3853.05,3873.1
2019-10-03,4225.0,4225.05,4113.9,4147.45,4164.724356938711,6298,885,26229434.0,1310.0,20.8,111.15,-77.55,1570041000.0,0.0,4.20205014823376,14586.04,-0.4049069533380578,0.48859809849945596,1.7,-78.32282486829256,32.806779633128656,-95.22153824748082,259.85,4837.45,4577.599999999999,99817.5,101457.6,-15133.7,6431.5,22.3,2019,177339.40000000002,182539.59999999998,-20966.8,37118.9,128.7,0.0,0.0,0.0,0.0,0.0,0.0,0.0,0.0,0.0,0.0,185.9843049327354,4177.0,4180.25,3967.8,3980.2
2019-10-01,4363.0,4407.3,4158.75,4216.35,4260.369915732201,15071,1380,64208035.0,1588.0,10.54,248.55,-146.65,1569868200.0,0.0,1.66126173914094,14645.34,-1.1119498825794991,0.48937509484756253,1.82,-78.67705479858171,32.269035747889774,-95.39805455572208,259.85,4837.45,4577.599999999999,99817.5,101457.6,-15133.7,6431.5,22.3,2019,177339.40000000002,182539.59999999998,-20966.8,37118.9,128.7,0.0,0.0,0.0,0.0,0.0,0.0,0.0,0.0,0.0,0.0,189.07399103139014,4225.0,4225.05,4113.9,4147.45
2019-09-30,4400.0,4400.0,4292.25,4330.55,4329.666777103827,78476,6336,339774930.0,60556.0,77.16,107.75,-69.45,1569781800.0,11.5,2.708503800680684,14810.02,-0.6024917129704543,0.4893821810756714,1.88,-79.23935758737343,30.79827036020209,-95.27144380918507,259.85,4837.45,4577.599999999999,92538.16,94358.55,-13452.9,6391.9,22.16,2019,203420.6,207299.8,-28250.800000000003,35494.7,123.07,0.0,0.0,0.0,0.0,0.0,0.0,0.0,0.0,0.0,0.0,195.42193140794225,4363.0,4407.3,4158.75,4216.35
2019-09-27,4361.4,4417.0,4339.45,4393.3,4388.676165803109,15054,2179,66067131.0,2954.0,19.62,77.55,31.9,1569522600.0,11.5,1.44900763182505,14899.79,-0.5436799624063071,0.4896789469417717,1.8,-79.53588418728519,30.01022162057316,-95.14983580344146,259.85,4837.45,4577.599999999999,92538.16,94358.55,-13452.9,6391.9,22.16,2019,203420.6,207299.8,-28250.800000000003,35494.7,123.07,0.0,0.0,0.0,0.0,0.0,0.0,0.0,0.0,0.0,0.0,198.25361010830326,4400.0,4400.0,4292.25,4330.55
2019-09-26,4280.0,4410.5,4280.0,4397.2,4362.085741187548,16993,2089,74124923.0,5737.0,33.76,130.5,117.2,1569436200.0,11.5,0.08877153847903774,14981.24,1.0925595151737522,0.4897458519970292,1.83,-79.55403438551805,29.303382096542087,-94.83900930762898,259.85,4837.45,4577.599999999999,92538.16,94358.55,-13452.9,6391.9,22.16,2019,203420.6,207299.8,-28250.800000000003,35494.7,123.07,0.0,0.0,0.0,0.0,0.0,0.0,0.0,0.0,0.0,0.0,198.42960288808663,4361.4,4417.0,4339.45,4393.3
2019-09-25,4321.8,4338.45,4255.0,4277.25,4286.095979112272,9575,1304,41039369.0,2752.0,28.74,83.45,-44.55,1569349800.0,11.5,-2.7278722823614987,14819.33,-1.3664886479809124,0.48964587545892696,1.89,-78.98065345724473,30.71609850107933,-94.98523369387098,259.85,4837.45,4577.599999999999,92538.16,94358.55,-13452.9,6391.9,22.16,2019,203420.6,207299.8,-28250.800000000003,35494.7,123.07,0.0,0.0,0.0,0.0,0.0,0.0,0.0,0.0,0.0,0.0,193.01669675090253,4280.0,4410.5,4280.0,4397.2
2019-09-24,4400.0,4400.1,4298.0,4313.8,4337.854516757961,10771,1621,46723031.0,2542.0,23.6,102.1,-86.2,1569263400.0,11.5,0.8545210123326985,15024.64,-0.1347299518574707,0.4897890593519032,1.92,-79.1587463489267,28.92987785397853,-94.30788901623664,259.85,4837.45,4577.599999999999,92538.16,94358.55,-13452.9,6391.9,22.16,2019,203420.6,207299.8,-28250.800000000003,35494.7,123.07,0.0,0.0,0.0,0.0,0.0,0.0,0.0,0.0,0.0,0.0,194.66606498194946,4321.8,4338.45,4255.0,4277.25
2019-09-23,4300.0,4440.0,4300.0,4404.95,4385.150154895315,48097,4724,210912567.0,10289.0,21.39,140.0,104.95,1569177000.0,11.5,2.1129862302378344,15044.91,2.7441631132248068,0.4898214072314548,1.94,-79.59000669701132,28.756170691615974,-94.66514116173755,259.85,4837.45,4577.599999999999,92538.16,94358.55,-13452.9,6391.9,22.16,2019,203420.6,207299.8,-28250.800000000003,35494.7,123.07,0.0,0.0,0.0,0.0,0.0,0.0,0.0,0.0,0.0,0.0,198.77933212996388,4400.0,4400.1,4298.0,4313.8
2019-09-20,3864.25,4321.65,3861.7,4267.15,4184.886940216192,90660,9296,379401850.0,40166.0,44.3,459.95,402.9,1568917800.0,11.5,-3.1282988456168725,14643.08,5.340518577828046,0.4893616123303757,1.91,-78.93090235871718,32.28945003373607,-95.70743900893635,259.85,4837.45,4577.599999999999,92538.16,94358.55,-13452.9,6391.9,22.16,2019,203420.6,207299.8,-28250.800000000003,35494.7,123.07,0.0,0.0,0.0,0.0,0.0,0.0,0.0,0.0,0.0,0.0,192.5609205776173,4300.0,4440.0,4300.0,4404.95
2019-09-19,3905.3,3926.0,3840.0,3864.55,3879.137981586817,17053,2028,66150940.0,4046.0,23.73,86.0,-40.75,1568831400.0,11.5,-9.434868706279353,13900.71,-1.259761643294599,0.4872287953494003,1.93,-76.73597184665743,39.3543926892943,-96.9002136133452,259.85,4837.45,4577.599999999999,92538.16,94358.55,-13452.9,6391.9,22.16,2019,203420.6,207299.8,-28250.800000000003,35494.7,123.07,0.0,0.0,0.0,0.0,0.0,0.0,0.0,0.0,0.0,0.0,174.39305054151626,3864.25,4321.65,3861.7,4267.15
2019-09-18,3915.0,3934.1,3886.45,3901.95,3911.877562907735,17168,2385,67159114.0,5423.0,31.59,47.65,-13.05,1568745000.0,11.5,0.967771150586727,14078.06,0.2844395941624666,0.4910283709887034,1.95,-76.95895641922628,37.59885950194843,-96.41355782807318,259.85,4837.45,4577.599999999999,92538.16,94358.55,-13452.9,6391.9,22.16,2019,203420.6,207299.8,-28250.800000000003,35494.7,123.07,0.0,0.0,0.0,0.0,0.0,0.0,0.0,0.0,0.0,0.0,176.0807761732852,3905.3,3926.0,3840.0,3864.55
2019-09-17,3992.05,3992.05,3883.0,3899.3,3918.007302281447,24239,3218,94968579.0,8319.0,34.32,109.05,-92.75,1568658600.0,11.5,-0.0679147605684216,14038.13,-1.7181314996142505,0.4910677291660025,1.99,-76.94329751493858,37.99024513948797,-96.61185614500636,259.85,4837.45,4577.599999999999,92538.16,94358.55,-13452.9,6391.9,22.16,2019,203420.6,207299.8,-28250.800000000003,35494.7,123.07,0.0,0.0,0.0,0.0,0.0,0.0,0.0,0.0,0.0,0.0,175.96119133574007,3915.0,3934.1,3886.45,3901.95
2019-09-16,4021.85,4056.7,3976.0,3992.25,4004.467333515098,58684,3984,234998161.0,33103.0,56.41,80.7,-29.6,1568572200.0,11.5,2.3837611879055087,14283.54,-0.4731926042316314,0.4907845467450021,1.99,-77.4801177280982,35.619391271351496,-95.97490328051876,259.85,4837.45,4577.599999999999,92538.16,94358.55,-13452.9,6391.9,22.16,2019,203420.6,207299.8,-28250.800000000003,35494.7,123.07,0.0,0.0,0.0,0.0,0.0,0.0,0.0,0.0,0.0,0.0,180.1556859205776,3992.05,3992.05,3883.0,3899.3
2019-09-13,4005.0,4046.9,3933.9,4032.9,4003.866434942623,39127,3116,156659282.0,24884.0,63.6,113.0,27.9,1568313000.0,11.5,1.0182228066879517,14351.45,0.7803897665221049,0.49102334566494577,1.96,-77.7071090282427,34.9776503419515,-95.87954616514307,259.85,4837.45,4577.599999999999,92538.16,94358.55,-13452.9,6391.9,22.16,2019,203420.6,207299.8,-28250.800000000003,35494.7,123.07,0.0,0.0,0.0,0.0,0.0,0.0,0.0,0.0,0.0,0.0,181.99007220216606,4021.85,4056.7,3976.0,3992.25
2019-09-12,3922.15,4034.9,3919.35,4003.2,3999.4560734604247,50095,3950,200352752.0,11064.0,22.09,115.55,81.05,1568226600.0,11.5,-0.736442758312883,14240.32,-0.3371244967102949,0.49102254287642333,1.95,-77.54171662669864,36.031002112312095,-96.22625694766288,259.85,4837.45,4577.599999999999,92538.16,94358.55,-13452.9,6391.9,22.16,2019,203420.6,207299.8,-28250.800000000003,35494.7,123.07,0.0,0.0,0.0,0.0,0.0,0.0,0.0,0.0,0.0,0.0,180.64981949458482,4005.0,4046.9,3933.9,4032.9
2019-09-11,3906.0,3943.1,3894.0,3901.75,3906.889270240008,41082,2389,160502825.0,28509.0,69.4,49.1,-4.25,1568140200.0,11.5,-2.534222621902471,14288.49,0.4792431123306517,0.4910319669135908,1.96,-76.95777535721152,35.572408281071,-95.42254230816847,259.85,4837.45,4577.599999999999,92538.16,94358.55,-13452.9,6391.9,22.16,2019,203420.6,207299.8,-28250.800000000003,35494.7,123.07,0.0,0.0,0.0,0.0,0.0,0.0,0.0,0.0,0.0,0.0,176.07175090252707,3922.15,4034.9,3919.35,4003.2
2019-09-09,3930.0,3960.15,3890.0,3905.1,3933.014860661661,31829,1647,125183930.0,4535.0,14.25,70.15,-24.9,1567967400.0,11.5,0.08585890946370967,14220.34,0.5892322579549747,0.4912968875017084,1.96,-76.97754218842027,36.2221297099788,-95.77041987411266,259.85,4837.45,4577.599999999999,92538.16,94358.55,-13452.9,6391.9,22.16,2019,203420.6,207299.8,-28250.800000000003,35494.7,123.07,0.0,0.0,0.0,0.0,0.0,0.0,0.0,0.0,0.0,0.0,176.22292418772562,3906.0,3943.1,3894.0,3901.75
2019-09-06,3939.0,3971.95,3886.15,3908.5,3928.951927408456,15539,2262,61051984.0,3199.0,20.59,85.8,-30.5,1567708200.0,11.5,0.0870656321221075,14137.04,0.8156078692574287,0.4912696268612334,1.96,-76.99756940002558,37.02479444070328,-96.18383788087573,259.85,4837.45,4577.599999999999,92538.16,94358.55,-13452.9,6391.9,22.16,2019,203420.6,207299.8,-28250.800000000003,35494.7,123.07,0.0,0.0,0.0,0.0,0.0,0.0,0.0,0.0,0.0,0.0,176.3763537906137,3930.0,3960.15,3890.0,3905.1
2019-09-05,3900.0,3927.4,3872.75,3889.25,3901.201866200117,12003,1406,46826126.0,3040.0,25.33,54.65,-10.75,1567621800.0,11.5,-0.4925163106050956,14022.67,0.1421147387266952,0.49121472014684886,1.97,-76.88371794047696,38.14237944699548,-96.62212318757847,259.85,4837.45,4577.599999999999,92538.16,94358.55,-13452.9,6391.9,22.16,2019,203420.6,207299.8,-28250.800000000003,35494.7,123.07,0.0,0.0,0.0,0.0,0.0,0.0,0.0,0.0,0.0,0.0,175.5076714801444,3939.0,3971.95,3886.15,3908.5
2019-09-04,3900.0,3910.65,3831.1,3877.55,3870.5429696712417,42402,2076,164118763.0,17839.0,42.07,79.55,-22.45,1567535400.0,11.5,-0.30082920871632446,14002.77,0.3362749931211661,0.4912233521659358,1.97,-76.81396758262305,38.3387001286174,-96.64912237372019,259.85,4837.45,4577.599999999999,92538.16,94358.55,-13452.9,6391.9,22.16,2019,203420.6,207299.8,-28250.800000000003,35494.7,123.07,0.0,0.0,0.0,0.0,0.0,0.0,0.0,0.0,0.0,0.0,174.97969314079424,3900.0,3927.4,3872.75,3889.25
2019-09-03,4028.7,4028.7,3856.4,3886.4,3913.100399092261,25558,3348,100011020.0,6301.0,24.65,172.3,-142.3,1567449000.0,11.5,0.22823690216760006,13955.84,-1.9546763504745932,0.4912184748033079,1.98,-76.86676615891314,38.80389858295881,-96.93534545714586,259.85,4837.45,4577.599999999999,92538.16,94358.55,-13452.9,6391.9,22.16,2019,203420.6,207299.8,-28250.800000000003,35494.7,123.07,0.0,0.0,0.0,0.0,0.0,0.0,0.0,0.0,0.0,0.0,175.37906137184115,3900.0,3910.65,3831.1,3877.55
2019-08-30,4109.85,4117.45,4014.65,4052.55,4052.461794772256,30912,2486,125269699.0,9216.0,29.81,102.8,-57.3,1567103400.0,11.5,4.275164676821741,14234.07,0.792870748684682,0.4908563812012787,1.99,-77.81520277356233,36.09073160382097,-96.54376448492997,259.85,4837.45,4577.599999999999,92538.16,94358.55,-13452.9,6391.9,22.16,2019,203420.6,207299.8,-28250.800000000003,35494.7,123.07,0.0,0.0,0.0,0.0,0.0,0.0,0.0,0.0,0.0,0.0,182.87680505415162,4028.7,4028.7,3856.4,3886.4
2019-08-29,4192.0,4192.0,4048.35,4072.9,4092.361098487309,15403,1466,63034638.0,2368.0,15.37,143.65,-119.1,1567017000.0,11.5,0.5021529654168244,14122.1,-0.6864415659672329,0.49164222709180533,1.99,-77.92604777922365,37.16975520637864,-97.21190097743218,259.85,4837.45,4577.599999999999,92538.16,94358.55,-13452.9,6391.9,22.16,2019,203420.6,207299.8,-28250.800000000003,35494.7,123.07,0.0,0.0,0.0,0.0,0.0,0.0,0.0,0.0,0.0,0.0,183.7951263537906,4109.85,4117.45,4014.65,4052.55
2019-08-28,4135.0,4184.8,4090.5,4122.75,4136.101856735943,18958,2027,78412219.0,1768.0,9.33,94.3,-12.25,1566930600.0,11.5,1.2239436273908,14219.71,-0.579127903155674,0.4916067546591535,1.99,-78.19295373233885,36.22816499070658,-97.01466690890476,259.85,4837.45,4577.599999999999,92538.16,94358.55,-13452.9,6391.9,22.16,2019,203420.6,207299.8,-28250.800000000003,35494.7,123.07,0.0,0.0,0.0,0.0,0.0,0.0,0.0,0.0,0.0,0.0,186.0446750902527,4192.0,4192.0,4048.35,4072.9
2019-08-27,4101.0,4239.9,4072.85,4136.4,4176.858033454726,48603,5071,203007831.0,14147.0,29.11,167.05,35.4,1566844200.0,11.5,0.3310896852828815,14302.54,0.6578192661448101,0.4916430656016216,1.98,-78.26491635238372,35.43922967528843,-96.69491460261128,259.85,4837.45,4577.599999999999,92538.16,94358.55,-13452.9,6391.9,22.16,2019,203420.6,207299.8,-28250.800000000003,35494.7,123.07,0.0,0.0,0.0,0.0,0.0,0.0,0.0,0.0,0.0,0.0,186.66064981949458,4135.0,4184.8,4090.5,4122.75
2019-08-26,3940.0,4059.95,3832.1,4039.4,3941.278460773167,28144,3490,110923341.0,5927.0,21.06,227.85,99.4,1566757800.0,11.5,-2.3450343293685227,14209.07,1.9824357669566692,0.49161377364840436,2.01,-77.74298163093529,36.33017502201059,-96.62525238577962,259.85,4837.45,4577.599999999999,92538.16,94358.55,-13452.9,6391.9,22.16,2019,203420.6,207299.8,-28250.800000000003,35494.7,123.07,0.0,0.0,0.0,0.0,0.0,0.0,0.0,0.0,0.0,0.0,182.28339350180505,4101.0,4239.9,4072.85,4136.4
2019-08-23,3839.0,3898.2,3792.0,3861.05,3840.9064109756728,39214,3144,150617304.0,6378.0,16.26,106.2,22.05,1566498600.0,11.5,-4.415259692033469,13932.86,0.8080352039406158,0.4915077881362421,1.97,-76.71488325714509,39.03283317280155,-96.90155441197132,259.85,4837.45,4577.599999999999,92538.16,94358.55,-13452.9,6391.9,22.16,2019,203420.6,207299.8,-28250.800000000003,35494.7,123.07,0.0,0.0,0.0,0.0,0.0,0.0,0.0,0.0,0.0,0.0,174.2351083032491,3940.0,4059.95,3832.1,4039.4
2019-08-22,3924.0,3942.85,3815.0,3835.1,3884.141832067475,23831,3462,92562984.0,5905.0,24.78,127.85,-88.9,1566412200.0,11.5,-0.6720969684412381,13821.18,-1.6447829573927653,0.4923249188101437,2.0,-76.55732575421762,40.15626740987384,-97.34260700888188,259.85,4837.45,4577.599999999999,92538.16,94358.55,-13452.9,6391.9,22.16,2019,203420.6,207299.8,-28250.800000000003,35494.7,123.07,0.0,0.0,0.0,0.0,0.0,0.0,0.0,0.0,0.0,0.0,173.06407942238266,3839.0,3898.2,3792.0,3861.05
2019-08-21,4033.0,4073.45,3899.0,3923.75,3997.4926433023393,39148,4065,156493842.0,8186.0,20.91,174.45,-109.25,1566325800.0,11.5,2.311543375661662,14052.31,-0.9976109472301876,0.4920822193303679,1.97,-77.08697037273016,37.85100100979839,-96.71337298142693,259.85,4837.45,4577.599999999999,92538.16,94358.55,-13452.9,6391.9,22.16,2019,203420.6,207299.8,-28250.800000000003,35494.7,123.07,0.0,0.0,0.0,0.0,0.0,0.0,0.0,0.0,0.0,0.0,177.06453068592057,3924.0,3942.85,3815.0,3835.1
2019-08-20,4125.0,4162.75,4025.0,4033.45,4040.620386052304,80300,3360,324461817.0,48313.0,60.17,137.75,-91.55,1566239400.0,11.5,2.7957948391207355,14193.91,-0.4124832487879537,0.492232408886132,1.94,-77.71014887999108,36.475784332858254,-96.64978119492584,259.85,4837.45,4577.599999999999,92538.16,94358.55,-13452.9,6391.9,22.16,2019,203420.6,207299.8,-28250.800000000003,35494.7,123.07,0.0,0.0,0.0,0.0,0.0,0.0,0.0,0.0,0.0,0.0,182.01489169675088,4033.0,4073.45,3899.0,3923.75
2019-08-19,4210.0,4269.95,4145.05,4160.6,4198.095154434684,17645,1874,74075389.0,2744.0,15.55,124.9,-49.4,1566153000.0,11.5,3.1523881540616694,14252.7,0.1230753668025386,0.492577276982851,1.94,-78.39133778781907,35.912844583833234,-97.06558906428523,259.85,4837.45,4577.599999999999,92538.16,94358.55,-13452.9,6391.9,22.16,2019,203420.6,207299.8,-28250.800000000003,35494.7,123.07,0.0,0.0,0.0,0.0,0.0,0.0,0.0,0.0,0.0,0.0,187.75270758122744,4125.0,4162.75,4025.0,4033.45
2019-08-16,4224.0,4240.45,4200.0,4212.05,4215.778293763435,84197,3180,354955885.0,69680.0,82.76,40.45,-11.95,1565893800.0,11.5,1.2366004903138883,14235.18,0.1645816607197314,0.49303887646250205,1.87,-78.65528661815506,36.08011981583654,-97.39220565580268,259.85,4837.45,4577.599999999999,92538.16,94358.55,-13452.9,6391.9,22.16,2019,203420.6,207299.8,-28250.800000000003,35494.7,123.07,0.0,0.0,0.0,0.0,0.0,0.0,0.0,0.0,0.0,0.0,190.0744584837545,4210.0,4269.95,4145.05,4160.6
2019-08-14,4306.6,4306.6,4198.35,4223.2,4250.119472995426,68007,3028,289037875.0,44518.0,65.46,108.25,-83.4,1565721000.0,11.5,0.2647167056421429,14211.79,0.9119989207113433,0.49311099057803076,1.96,-78.71164046220875,36.30408273693884,-97.60708512111451,259.85,4837.45,4577.599999999999,92538.16,94358.55,-13452.9,6391.9,22.16,2019,203420.6,207299.8,-28250.800000000003,35494.7,123.07,0.0,0.0,0.0,0.0,0.0,0.0,0.0,0.0,0.0,0.0,190.57761732851984,4224.0,4240.45,4200.0,4212.05
2019-08-13,4283.35,4287.5,4161.7,4181.25,4237.279602729545,74005,1554,313579877.0,59882.0,80.92,125.8,-102.1,1565634600.0,11.5,-0.9933225989770755,14083.35,-1.7515183732582096,0.4930444822707019,2.0,-78.49805680119582,37.5471745003852,-98.02439504892453,259.85,4837.45,4577.599999999999,92538.16,94358.55,-13452.9,6391.9,22.16,2019,203420.6,207299.8,-28250.800000000003,35494.7,123.07,0.0,0.0,0.0,0.0,0.0,0.0,0.0,0.0,0.0,0.0,188.6845667870036,4306.6,4306.6,4198.35,4223.2
2019-08-09,4311.0,4382.85,4243.95,4277.4,4320.14792804736,43751,4122,189010792.0,6750.0,15.43,138.9,-33.6,1565289000.0,11.5,2.2995515695067192,14334.42,0.7304040341576723,0.492789931793463,2.0,-78.98139056436153,35.138010467113425,-97.31146848222141,259.85,4837.45,4577.599999999999,92538.16,94358.55,-13452.9,6391.9,22.16,2019,203420.6,207299.8,-28250.800000000003,35494.7,123.07,0.0,0.0,0.0,0.0,0.0,0.0,0.0,0.0,0.0,0.0,193.0234657039711,4283.35,4287.5,4161.7,4181.25
2019-08-08,4365.0,4403.15,4132.0,4231.7,4283.52961978928,54575,5890,233773629.0,6473.0,11.86,271.15,-133.3,1565202600.0,11.5,-1.0684060410529717,14230.48,1.4369632950290478,0.492994056943606,2.02,-78.7544013044403,36.12506394724564,-97.58799514211404,259.85,4837.45,4577.599999999999,92538.16,94358.55,-13452.9,6391.9,22.16,2019,203420.6,207299.8,-28250.800000000003,35494.7,123.07,0.0,0.0,0.0,0.0,0.0,0.0,0.0,0.0,0.0,0.0,190.96119133574007,4311.0,4382.85,4243.95,4277.4
2019-08-07,4300.0,4424.0,4300.0,4343.45,4399.25312612664,52701,2076,231845039.0,29712.0,56.38,124.0,43.45,1565116200.0,11.5,2.64078266417751,14028.89,-0.702920400334095,0.49286185698872853,2.02,-79.30101647308015,38.081131151502376,-99.0941725375237,259.85,4837.45,4577.599999999999,92538.16,94358.55,-13452.9,6391.9,22.16,2019,203420.6,207299.8,-28250.800000000003,35494.7,123.07,0.0,0.0,0.0,0.0,0.0,0.0,0.0,0.0,0.0,0.0,196.00406137184115,4365.0,4403.15,4132.0,4231.7
2019-08-06,4246.0,4366.8,4230.15,4358.15,4338.27055618352,34503,2438,149683349.0,4605.0,13.35,136.65,112.15,1565029800.0,11.5,0.33844064050465583,14128.2,0.9654036879578554,0.49313768649871,2.05,-79.37083395477438,37.110530711626375,-98.71050295732279,259.85,4837.45,4577.599999999999,92538.16,94358.55,-13452.9,6391.9,22.16,2019,203420.6,207299.8,-28250.800000000003,35494.7,123.07,0.0,0.0,0.0,0.0,0.0,0.0,0.0,0.0,0.0,0.0,196.66741877256317,4300.0,4424.0,4300.0,4343.45
2019-08-05,4311.7,4317.4,4188.9,4245.25,4257.217143651015,21594,1842,91930347.0,4956.0,22.95,128.5,-66.45,1564943400.0,11.5,-2.5905487420120887,13993.11,-1.2162734550383305,0.49306445148398653,2.05,-78.82221306165715,38.43420083169502,-98.81196908742007,259.85,4837.45,4577.599999999999,92538.16,94358.55,-13452.9,6391.9,22.16,2019,203420.6,207299.8,-28250.800000000003,35494.7,123.07,0.0,0.0,0.0,0.0,0.0,0.0,0.0,0.0,0.0,0.0,191.5726534296029,4246.0,4366.8,4230.15,4358.15
2019-08-02,4211.0,4374.3,4185.8,4299.5,4269.341962037312,36931,2690,157671068.0,5129.0,13.89,188.5,88.5,1564684200.0,11.5,1.2778988281019865,14165.4,0.0894526430924358,0.4932171268560288,2.06,-79.08942900337249,36.75046239428468,-98.25935919478869,259.85,4837.45,4577.599999999999,92538.16,94358.55,-13452.9,6391.9,22.16,2019,203420.6,207299.8,-28250.800000000003,35494.7,123.07,0.0,0.0,0.0,0.0,0.0,0.0,0.0,0.0,0.0,0.0,194.02075812274367,4311.7,4317.4,4188.9,4245.25
2019-08-01,4343.0,4343.0,4178.55,4231.05,4257.512250217202,11510,1351,49003966.0,2957.0,25.69,164.45,-111.95,1564597800.0,11.5,-1.5920455866961225,14152.74,-1.1964434813447555,0.493295622873932,2.07,-78.75113742451637,36.87278929733749,-97.98920104869669,259.85,4837.45,4577.599999999999,92538.16,94358.55,-13452.9,6391.9,22.16,2019,203420.6,207299.8,-28250.800000000003,35494.7,123.07,0.0,0.0,0.0,0.0,0.0,0.0,0.0,0.0,0.0,0.0,190.9318592057762,4211.0,4374.3,4185.8,4299.5
2019-07-31,4300.0,4361.5,4210.7,4342.7,4261.847006179417,23465,1796,100004240.0,3032.0,12.92,150.8,42.7,1564511400.0,11.5,2.6388248779853685,14324.12,0.4468317859246618,0.4932651111913186,2.08,-79.29744168374513,35.23518373205474,-97.73173707390572,259.85,4837.45,4577.599999999999,92538.16,94358.55,-13452.9,6391.9,22.16,2019,203420.6,207299.8,-28250.800000000003,35494.7,123.07,0.0,0.0,0.0,0.0,0.0,0.0,0.0,0.0,0.0,0.0,195.97021660649818,4343.0,4343.0,4178.55,4231.05
2019-07-30,4368.25,4471.05,4303.0,4319.05,4356.176334241178,34514,3515,150349070.0,9554.0,27.68,168.05,-49.2,1564425000.0,11.5,-0.5445920740553056,14260.4,-1.1347005387522424,0.49357679412879635,2.08,-79.18407983237054,35.83945751872317,-97.92696464598922,259.85,4837.45,4577.599999999999,92538.16,94358.55,-13452.9,6391.9,22.16,2019,203420.6,207299.8,-28250.800000000003,35494.7,123.07,0.0,0.0,0.0,0.0,0.0,0.0,0.0,0.0,0.0,0.0,194.9029783393502,4300.0,4361.5,4210.7,4342.7
2019-07-29,4500.0,4525.95,4351.3,4368.25,4400.272019848878,26601,2853,117051636.0,7977.0,29.99,174.65,-131.75,1564338600.0,11.5,1.1391393940797023,14424.07,-0.8921994898968832,0.4934608137275291,2.12,-79.41853144852058,34.29808646242012,-97.4171561784612,259.85,4837.45,4577.599999999999,92538.16,94358.55,-13452.9,6391.9,22.16,2019,203420.6,207299.8,-28250.800000000003,35494.7,123.07,0.0,0.0,0.0,0.0,0.0,0.0,0.0,0.0,0.0,0.0,197.12319494584838,4368.25,4471.05,4303.0,4319.05
2019-07-26,4460.0,4525.45,4430.0,4500.6,4478.717338760972,15722,1503,70414394.0,2135.0,13.58,95.45,40.6,1564079400.0,11.5,3.0298174326103267,14553.92,0.348539684225102,0.49344336106391334,2.12,-80.02377460783006,33.09987962006113,-97.43059053290845,259.85,4837.45,4577.599999999999,92538.16,94358.55,-13452.9,6391.9,22.16,2019,203420.6,207299.8,-28250.800000000003,35494.7,123.07,0.0,0.0,0.0,0.0,0.0,0.0,0.0,0.0,0.0,0.0,203.09566787003612,4500.0,4525.95,4351.3,4368.25
2019-07-25,4445.0,4531.0,4445.0,4463.85,4492.705429341549,10388,1143,46670224.0,1738.0,16.73,86.0,18.85,1563993000.0,11.5,-0.816557792294359,14503.37,0.0077229395438749,0.49386522775455105,2.1,-79.85931426907267,33.56378552019288,-97.49818387102307,259.85,4837.45,4577.599999999999,92538.16,94358.55,-13452.9,6391.9,22.16,2019,203420.6,207299.8,-28250.800000000003,35494.7,123.07,0.0,0.0,0.0,0.0,0.0,0.0,0.0,0.0,0.0,0.0,201.43727436823107,4460.0,4525.45,4430.0,4500.6
2019-07-24,4540.0,4554.15,4432.95,4444.75,4474.121769332925,9789,1452,43797178.0,3178.0,32.46,121.2,-95.25,1563906600.0,11.5,-0.4278817612599073,14502.25,-0.7899316719707228,0.4938930887326756,2.1,-79.77276562236347,33.574100570601104,-97.41760636826051,259.85,4837.45,4577.599999999999,92538.16,94358.55,-13452.9,6391.9,22.16,2019,203420.6,207299.8,-28250.800000000003,35494.7,123.07,0.0,0.0,0.0,0.0,0.0,0.0,0.0,0.0,0.0,0.0,200.57536101083033,4445.0,4531.0,4445.0,4463.85
2019-07-23,4582.0,4621.7,4523.0,4540.8,4585.178604113482,20761,2090,95192893.0,5199.0,25.04,98.7,-41.2,1563820200.0,11.5,2.160976432870254,14617.72,-0.1648697638141683,0.4938361902948329,2.06,-80.20062544045102,32.51895644464391,-97.30236045143022,259.85,4837.45,4577.599999999999,92538.16,94358.55,-13452.9,6391.9,22.16,2019,203420.6,207299.8,-28250.800000000003,35494.7,123.07,0.0,0.0,0.0,0.0,0.0,0.0,0.0,0.0,0.0,0.0,204.90974729241879,4540.0,4554.15,4432.95,4444.75
2019-07-22,4500.0,4599.0,4450.9,4582.3,4540.078552651924,12934,1744,58721376.0,3913.0,30.25,148.1,82.3,1563733800.0,11.5,0.9139358703312173,14641.86,-0.6420800625386747,0.4940538467046413,2.09,-80.37994020470069,32.30047275414463,-97.3955404796516,259.85,4837.45,4577.599999999999,92538.16,94358.55,-13452.9,6391.9,22.16,2019,203420.6,207299.8,-28250.800000000003,35494.7,123.07,0.0,0.0,0.0,0.0,0.0,0.0,0.0,0.0,0.0,0.0,206.78249097472926,4582.0,4621.7,4523.0,4540.8
2019-07-19,4655.0,4707.55,4491.6,4524.35,4630.959029848245,29851,3083,138238758.0,6263.0,20.98,215.95,-130.65,1563474600.0,11.5,-1.264648757174336,14736.48,-1.5642596919574705,0.49405208441151954,2.06,-80.12863726281122,31.450997795945845,-96.70932098683265,259.85,4837.45,4577.599999999999,92538.16,94358.55,-13452.9,6391.9,22.16,2019,203420.6,207299.8,-28250.800000000003,35494.7,123.07,0.0,0.0,0.0,0.0,0.0,0.0,0.0,0.0,0.0,0.0,204.1674187725632,4500.0,4599.0,4450.9,4582.3
2019-07-18,4625.0,4625.0,4575.05,4603.6,4604.961732633281,19808,836,91215082.0,13100.0,66.13,49.95,-21.4,1563388200.0,11.5,1.751632831235428,14970.66,-0.9327265592481536,0.4938819562216606,2.05,-80.47071856807716,29.39476282274796,-96.02580352339326,259.85,4837.45,4577.599999999999,92538.16,94358.55,-13452.9,6391.9,22.16,2019,203420.6,207299.8,-28250.800000000003,35494.7,123.07,0.0,0.0,0.0,0.0,0.0,0.0,0.0,0.0,0.0,0.0,207.74368231046932,4655.0,4707.55,4491.6,4524.35
2019-07-17,4625.0,4625.0,4596.15,4608.75,4610.053343076361,5474,607,25235432.0,1327.0,24.24,28.85,-16.25,1563301800.0,11.5,0.11186897210877511,15111.61,0.1357752108524623,0.4939406762646902,2.14,-80.49254136154055,28.187863503624037,-95.49864067577094,259.85,4837.45,4577.599999999999,92538.16,94358.55,-13452.9,6391.9,22.16,2019,203420.6,207299.8,-28250.800000000003,35494.7,123.07,0.0,0.0,0.0,0.0,0.0,0.0,0.0,0.0,0.0,0.0,207.97608303249098,4625.0,4625.0,4575.05,4603.6
2019-07-16,4620.0,4620.0,4561.75,4593.2,4594.557101513802,8984,856,41277501.0,1076.0,11.98,58.25,-26.8,1563215400.0,11.5,-0.3374016815839487,15091.12,0.667531627204232,0.4939408597407873,2.15,-80.42650004354263,28.36191084558335,-95.52363382205894,259.85,4837.45,4577.599999999999,92538.16,94358.55,-13452.9,6391.9,22.16,2019,203420.6,207299.8,-28250.800000000003,35494.7,123.07,0.0,0.0,0.0,0.0,0.0,0.0,0.0,0.0,0.0,0.0,207.27436823104694,4625.0,4625.0,4596.15,4608.75
2019-07-15,4595.0,4604.2,4535.05,4595.0,4585.386875238458,10484,1399,48073196.0,2310.0,22.03,69.15,0.0,1563129000.0,11.5,0.039188365409748016,14991.05,0.1275718927728153,0.49390849508200485,2.16,-80.4341675734494,29.21876719776133,-95.95872255887002,259.85,4837.45,4577.599999999999,92538.16,94358.55,-13452.9,6391.9,22.16,2019,203420.6,207299.8,-28250.800000000003,35494.7,123.07,0.0,0.0,0.0,0.0,0.0,0.0,0.0,0.0,0.0,0.0,207.35559566787003,4620.0,4620.0,4561.75,4593.2
2019-07-12,4544.0,4617.25,4521.0,4564.45,4579.684771742752,15005,1706,68718170.0,2413.0,16.08,96.25,20.45,1562869800.0,11.5,-0.6648531011969605,14971.95,-0.0922208201513785,0.49390806121516656,2.14,-80.30321287340205,29.3836140248932,-95.89905345693137,259.85,4837.45,4577.599999999999,92538.16,94358.55,-13452.9,6391.9,22.16,2019,203420.6,207299.8,-28250.800000000003,35494.7,123.07,0.0,0.0,0.0,0.0,0.0,0.0,0.0,0.0,0.0,0.0,205.97698555956677,4595.0,4604.2,4535.05,4595.0
2019-07-11,4479.65,4557.3,4471.65,4536.3,4530.216803055101,9165,1217,41519437.0,1395.0,15.22,85.65,56.65,1562783400.0,11.5,-0.61672271577079,14985.77,0.6991799335023252,0.49392453127168057,2.17,-80.18098450278862,29.264295394897964,-95.73352165585004,259.85,4837.45,4577.599999999999,92538.16,94358.55,-13452.9,6391.9,22.16,2019,203420.6,207299.8,-28250.800000000003,35494.7,123.07,0.0,0.0,0.0,0.0,0.0,0.0,0.0,0.0,0.0,0.0,204.706678700361,4544.0,4617.25,4521.0,4564.45
2019-07-10,4489.0,4528.9,4433.85,4479.65,4486.699593587717,8858,1070,39743185.0,1966.0,22.19,95.05,-9.35,1562697000.0,11.5,-1.2488151136388792,14881.72,-0.5913064854003669,0.49389966931552587,2.2,-79.93035170158382,30.16808540948224,-95.94377983671548,259.85,4837.45,4577.599999999999,92538.16,94358.55,-13452.9,6391.9,22.16,2019,203420.6,207299.8,-28250.800000000003,35494.7,123.07,0.0,0.0,0.0,0.0,0.0,0.0,0.0,0.0,0.0,0.0,202.15027075812273,4479.65,4557.3,4471.65,4536.3
2019-07-09,4399.0,4543.3,4351.75,4496.25,4457.898787991795,26815,2578,119538556.0,4135.0,15.42,191.55,97.25,1562610600.0,11.5,0.3705646646501526,14970.24,0.0652385484957607,0.49393005007955626,2.26,-80.00444815123714,29.39839307853449,-95.66891600359637,259.85,4837.45,4577.599999999999,92538.16,94358.55,-13452.9,6391.9,22.16,2019,203420.6,207299.8,-28250.800000000003,35494.7,123.07,0.0,0.0,0.0,0.0,0.0,0.0,0.0,0.0,0.0,0.0,202.89936823104694,4489.0,4528.9,4433.85,4479.65
2019-07-08,4580.0,4580.0,4347.35,4391.45,4446.436431368803,20938,1692,93099486.0,8037.0,38.38,232.65,-188.55,1562524200.0,11.5,-2.330831248262444,14960.48,-2.1678029921566755,0.49393759548090943,2.26,-79.52726320463628,29.48281071195577,-95.23363286993167,259.85,4837.45,4577.599999999999,92538.16,94358.55,-13452.9,6391.9,22.16,2019,203420.6,207299.8,-28250.800000000003,35494.7,123.07,0.0,0.0,0.0,0.0,0.0,0.0,0.0,0.0,0.0,0.0,198.1701263537906,4399.0,4543.3,4351.75,4496.25
2019-07-05,4645.0,4707.55,4501.8,4521.15,4631.52334135202,28683,2560,132845984.0,6549.0,22.83,205.75,-123.85,1562265000.0,11.5,2.953466394926507,15291.98,-1.2099407788610297,0.49372558917407106,2.23,-80.11457261979807,26.675878467013423,-94.41412836880201,259.85,4837.45,4577.599999999999,92538.16,94358.55,-13452.9,6391.9,22.16,2019,203420.6,207299.8,-28250.800000000003,35494.7,123.07,0.0,0.0,0.0,0.0,0.0,0.0,0.0,0.0,0.0,0.0,204.0230144404332,4580.0,4580.0,4347.35,4391.45
2019-07-04,4571.9,4665.0,4569.15,4644.55,4635.407434402333,24696,1412,114476022.0,4457.0,18.05,95.85,72.65,1562178600.0,11.5,2.7293940700928054,15479.27,0.1880880583500221,0.4939906076410357,,-80.64290404883143,25.143175356460603,,259.85,4837.45,4577.599999999999,92538.16,94358.55,-13452.9,6391.9,22.16,2019,203420.6,207299.8,-28250.800000000003,35494.7,123.07,0.0,0.0,0.0,0.0,0.0,0.0,0.0,0.0,0.0,0.0,209.59160649819495,4645.0,4707.55,4501.8,4521.15
2019-07-03,4560.0,4579.75,4542.95,4560.2,4561.950826843993,11429,874,52138536.0,2761.0,24.16,36.8,0.2,1562092200.0,11.5,-1.8161070501986232,15450.21,0.1333148407869577,0.49434095696207764,2.21,-80.2848559273716,25.37855472514614,-93.94802144162861,259.85,4837.45,4577.599999999999,92538.16,94358.55,-13452.9,6391.9,22.16,2019,203420.6,207299.8,-28250.800000000003,35494.7,123.07,0.0,0.0,0.0,0.0,0.0,0.0,0.0,0.0,0.0,0.0,205.78519855595667,4571.9,4665.0,4569.15,4644.55
2019-07-02,4525.3,4555.1,4493.8,4544.7,4528.396476936097,18904,751,85604807.0,1258.0,6.65,61.3,19.4,1562005800.0,11.5,-0.33989737292223765,15429.64,0.3211913468190275,0.49448603530944923,2.2,-80.21761612427663,25.545702945758958,-93.9617402154371,259.85,4837.45,4577.599999999999,92538.16,94358.55,-13452.9,6391.9,22.16,2019,203420.6,207299.8,-28250.800000000003,35494.7,123.07,0.0,0.0,0.0,0.0,0.0,0.0,0.0,0.0,0.0,0.0,205.08574007220216,4560.0,4579.75,4542.95,4560.2
2019-07-01,4579.0,4579.0,4493.5,4527.25,4532.875287686997,13904,774,63025098.0,1779.0,12.79,85.5,-51.75,1561919400.0,11.5,-0.3839637379804972,15380.24,0.5790069122465047,0.49448299767167897,2.21,-80.14136617151692,25.94894487992385,-94.08987079730443,259.85,4837.45,4577.599999999999,92538.16,94358.55,-13452.9,6391.9,22.16,2019,203420.6,207299.8,-28250.800000000003,35494.7,123.07,0.0,0.0,0.0,0.0,0.0,0.0,0.0,0.0,0.0,0.0,204.29828519855596,4525.3,4555.1,4493.8,4544.7
2019-06-28,4610.0,4622.0,4538.75,4553.15,4585.276688453158,16524,813,75767112.0,2207.0,13.36,83.25,-56.85,1561660200.0,0.0,0.5720912253575516,15291.7,-0.382724936402512,0.49446164604601245,2.12,-80.25432942029144,26.678197976680163,-94.51741641576456,259.85,4837.45,4577.599999999999,97948.3,99484.5,-11545.7,11987.0,43.68,2019,192355.66,195816.15000000002,-28586.6,12823.4,44.46,369695.06,378355.75,-49553.399999999994,49942.299999999996,173.16,0.0,0.0,0.0,0.0,0.0,104.23878205128204,4579.0,4579.0,4493.5,4527.25
2019-06-27,4597.9,4656.0,4575.1,4605.2,4623.455766908213,13248,1208,61251542.0,3373.0,25.46,80.9,7.3,1561573800.0,0.0,1.143164622294468,15350.45,0.1189652372358684,0.49446193628702406,2.14,-80.47750369147919,26.19336892403805,-94.51097906388517,259.85,4837.45,4577.599999999999,97948.3,99484.5,-11545.7,11987.0,43.68,2019,192355.66,195816.15000000002,-28586.6,12823.4,44.46,369695.06,378355.75,-49553.399999999994,49942.299999999996,173.16,0.0,0.0,0.0,0.0,0.0,105.43040293040292,4610.0,4622.0,4538.75,4553.15
2019-06-26,4625.0,4634.15,4585.9,4597.9,4610.349629629629,8100,868,37343832.0,2041.0,25.2,48.25,-27.1,1561487400.0,0.0,-0.15851645965431205,15332.21,0.5153537525567575,0.4945255991305867,2.15,-80.44650818852085,26.343495164754472,-94.56081087993401,259.85,4837.45,4577.599999999999,97948.3,99484.5,-11545.7,11987.0,43.68,2019,192355.66,195816.15000000002,-28586.6,12823.4,44.46,369695.06,378355.75,-49553.399999999994,49942.299999999996,173.16,0.0,0.0,0.0,0.0,0.0,105.26327838827838,4597.9,4656.0,4575.1,4605.2
2019-06-25,4625.0,4626.0,4541.4,4593.2,4591.505501889961,11905,1299,54661873.0,3689.0,30.99,84.6,-31.8,1561401000.0,0.0,-0.10222057895995507,15253.6,0.7178663680398989,0.49450535646996374,2.12,-80.42650004354263,26.994611108197407,-94.84712847665351,259.85,4837.45,4577.599999999999,97948.3,99484.5,-11545.7,11987.0,43.68,2019,192355.66,195816.15000000002,-28586.6,12823.4,44.46,369695.06,378355.75,-49553.399999999994,49942.299999999996,173.16,0.0,0.0,0.0,0.0,0.0,105.15567765567765,4625.0,4634.15,4585.9,4597.9
2019-06-24,4594.9,4640.4,4548.1,4572.65,4600.776089603117,20535,978,94476937.0,1791.0,8.72,92.3,-22.25,1561314600.0,0.0,-0.44740050509448626,15144.88,-0.181908297127431,0.4944628919102307,2.13,-80.3385345478005,27.90626271056622,-95.21393995030492,259.85,4837.45,4577.599999999999,97948.3,99484.5,-11545.7,11987.0,43.68,2019,192355.66,195816.15000000002,-28586.6,12823.4,44.46,369695.06,378355.75,-49553.399999999994,49942.299999999996,173.16,0.0,0.0,0.0,0.0,0.0,104.68521062271061,4625.0,4626.0,4541.4,4593.2
2019-06-21,4575.3,4644.95,4558.2,4595.35,4604.019128800591,14899,1545,68595281.0,2063.0,13.85,86.75,20.05,1561055400.0,0.0,0.49642986014675206,15172.48,-0.6847508262372015,0.49446600460485446,2.11,-80.43565778449955,27.67359060615009,-95.18598429487677,259.85,4837.45,4577.599999999999,97948.3,99484.5,-11545.7,11987.0,43.68,2019,192355.66,195816.15000000002,-28586.6,12823.4,44.46,369695.06,378355.75,-49553.399999999994,49942.299999999996,173.16,0.0,0.0,0.0,0.0,0.0,105.20489926739927,4594.9,4640.4,4548.1,4572.65
2019-06-20,4505.8,4586.15,4425.4,4576.15,4530.173858831183,18446,1710,83563587.0,4880.0,26.46,160.75,70.35,1560969000.0,0.0,-0.41781365946012006,15277.09,1.241974647573696,0.4944299356104411,2.14,-80.35357232608197,26.799344639587773,-94.68589050842903,259.85,4837.45,4577.599999999999,97948.3,99484.5,-11545.7,11987.0,43.68,2019,192355.66,195816.15000000002,-28586.6,12823.4,44.46,369695.06,378355.75,-49553.399999999994,49942.299999999996,173.16,0.0,0.0,0.0,0.0,0.0,104.76533882783882,4575.3,4644.95,4558.2,4595.35
2019-06-19,4549.8,4559.1,4435.0,4490.6,4491.04231755654,8578,828,38524161.0,2732.0,31.85,124.1,-59.2,1560882600.0,0.0,-1.8694754324049545,15089.68,-0.2549534810701859,0.49430222545846747,2.18,-79.9792900725961,28.374160353301072,-95.10712182924878,259.85,4837.45,4577.599999999999,97948.3,99484.5,-11545.7,11987.0,43.68,2019,192355.66,195816.15000000002,-28586.6,12823.4,44.46,369695.06,378355.75,-49553.399999999994,49942.299999999996,173.16,0.0,0.0,0.0,0.0,0.0,102.80677655677657,4505.8,4586.15,4425.4,4576.15
2019-06-18,4451.0,4543.6,4438.2,4512.95,4492.272588172289,13071,1065,58718495.0,4141.0,31.68,105.4,61.95,1560796200.0,0.0,0.49770631986816305,15128.25,0.1439777579187673,0.494448913327316,2.22,-80.07844093109829,28.046865962685708,-95.06850674099849,259.85,4837.45,4577.599999999999,97948.3,99484.5,-11545.7,11987.0,43.68,2019,192355.66,195816.15000000002,-28586.6,12823.4,44.46,369695.06,378355.75,-49553.399999999994,49942.299999999996,173.16,0.0,0.0,0.0,0.0,0.0,103.31845238095238,4549.8,4559.1,4435.0,4490.6
2019-06-17,4506.0,4506.0,4434.65,4455.1,4458.095641396406,9682,957,43163282.0,2911.0,30.07,71.35,-50.9,1560709800.0,0.0,-1.2818666282586655,15106.5,-1.294188598568924,0.4944610951986292,2.23,-79.81975713227537,28.23122496938404,-94.90635130714294,259.85,4837.45,4577.599999999999,97948.3,99484.5,-11545.7,11987.0,43.68,2019,192355.66,195816.15000000002,-28586.6,12823.4,44.46,369695.06,378355.75,-49553.399999999994,49942.299999999996,173.16,0.0,0.0,0.0,0.0,0.0,101.99404761904763,4451.0,4543.6,4438.2,4512.95
2019-06-14,4570.0,4572.1,4490.0,4502.85,4534.941007854154,17443,1217,79102976.0,3118.0,17.88,82.1,-67.15,1560450600.0,0.0,1.0718053466813204,15304.57,-0.7923224518370575,0.49436618535516025,2.2,-80.03375639872526,26.571671076025005,-94.28228645931043,259.85,4837.45,4577.599999999999,97948.3,99484.5,-11545.7,11987.0,43.68,2019,192355.66,195816.15000000002,-28586.6,12823.4,44.46,369695.06,378355.75,-49553.399999999994,49942.299999999996,173.16,0.0,0.0,0.0,0.0,0.0,103.08722527472528,4506.0,4506.0,4434.65,4455.1
2019-06-13,4575.15,4584.75,4544.5,4571.1,4558.848879206559,17443,771,79520001.0,1326.0,7.6,40.25,-4.05,1560364200.0,0.0,1.515706719077925,15426.8,-0.0632265219712158,0.49435789126144364,2.19,-80.33186760298396,25.5688153084243,-94.07936943904735,259.85,4837.45,4577.599999999999,97948.3,99484.5,-11545.7,11987.0,43.68,2019,192355.66,195816.15000000002,-28586.6,12823.4,44.46,369695.06,378355.75,-49553.399999999994,49942.299999999996,173.16,0.0,0.0,0.0,0.0,0.0,104.64972527472528,4570.0,4572.1,4490.0,4502.85
2019-06-12,4598.9,4598.9,4536.1,4571.0,4577.6226926893805,15115,908,69190767.0,1812.0,11.99,62.8,-27.9,1560277800.0,0.0,-0.002187657237873175,15436.56,-0.5643457911115424,0.49446806629740625,2.24,-80.33143732224897,25.489422513824334,-94.06753431519107,259.85,4837.45,4577.599999999999,97948.3,99484.5,-11545.7,11987.0,43.68,2019,192355.66,195816.15000000002,-28586.6,12823.4,44.46,369695.06,378355.75,-49553.399999999994,49942.299999999996,173.16,0.0,0.0,0.0,0.0,0.0,104.6474358974359,4575.15,4584.75,4544.5,4571.1
2019-06-11,4616.0,4630.5,4575.0,4579.7,4598.023488954946,17157,1196,78888289.0,7481.0,43.6,55.5,-36.3,1560191400.0,0.0,0.19033034346969124,15524.17,0.4254644723904244,0.4944337834628363,2.27,-80.36880144987663,24.78122823957738,-93.76911319876632,259.85,4837.45,4577.599999999999,97948.3,99484.5,-11545.7,11987.0,43.68,2019,192355.66,195816.15000000002,-28586.6,12823.4,44.46,369695.06,378355.75,-49553.399999999994,49942.299999999996,173.16,0.0,0.0,0.0,0.0,0.0,104.84661172161172,4598.9,4598.9,4536.1,4571.0
2019-06-10,4585.5,4619.3,4566.7,4600.65,4590.778096001834,17458,994,80145804.0,2085.0,11.94,52.6,15.15,1560105000.0,0.0,0.45745354499202584,15458.4,0.2942962582332731,0.4944224667972711,2.29,-80.45819612446068,25.31212803394918,-94.13085345792845,259.85,4837.45,4577.599999999999,97948.3,99484.5,-11545.7,11987.0,43.68,2019,192355.66,195816.15000000002,-28586.6,12823.4,44.46,369695.06,378355.75,-49553.399999999994,49942.299999999996,173.16,0.0,0.0,0.0,0.0,0.0,105.32623626373626,4616.0,4630.5,4575.0,4579.7
2019-06-07,4572.0,4649.9,4544.05,4573.9,4589.250378169057,16527,1743,75846541.0,2910.0,17.61,105.85,1.9,1559845800.0,0.0,-0.5814395791899019,15413.04,0.1136692834418306,0.4944278276445294,2.28,-80.3439078248322,25.680916937865582,-94.19397235131115,259.85,4837.45,4577.599999999999,97948.3,99484.5,-11545.7,11987.0,43.68,2019,192355.66,195816.15000000002,-28586.6,12823.4,44.46,369695.06,378355.75,-49553.399999999994,49942.299999999996,173.16,0.0,0.0,0.0,0.0,0.0,104.71382783882783,4585.5,4619.3,4566.7,4600.65
2019-06-06,4697.0,4697.85,4538.85,4569.55,4569.381965223281,70852,3133,323749851.0,52503.0,74.1,159.0,-127.45,1559759400.0,0.0,-0.09510483394913338,15395.54,-1.5378613456126788,0.494441015125744,2.33,-80.32519613528684,25.823777535571992,-94.27148334911347,259.85,4837.45,4577.599999999999,97948.3,99484.5,-11545.7,11987.0,43.68,2019,192355.66,195816.15000000002,-28586.6,12823.4,44.46,369695.06,378355.75,-49553.399999999994,49942.299999999996,173.16,0.0,0.0,0.0,0.0,0.0,104.61423992673993,4572.0,4649.9,4544.05,4573.9
2019-06-04,4759.95,4782.3,4680.0,4696.85,4714.484066459827,34487,3937,162588412.0,15822.0,45.88,102.3,-63.1,1559586600.0,0.0,2.7858323029620102,15636.0,-0.4412523160971071,0.4942081035255524,2.35,-80.85844768302161,23.88878229726272,-93.85308843440156,259.85,4837.45,4577.599999999999,97948.3,99484.5,-11545.7,11987.0,43.68,2019,192355.66,195816.15000000002,-28586.6,12823.4,44.46,369695.06,378355.75,-49553.399999999994,49942.299999999996,173.16,0.0,0.0,0.0,0.0,0.0,107.52861721611723,4697.0,4697.85,4538.85,4569.55
2019-06-03,4765.1,4796.3,4739.85,4769.8,4764.484850713339,13598,1041,64787465.0,2861.0,21.04,56.45,4.7,1559500200.0,0.0,1.5531686130065836,15705.3,1.2076376313805426,0.4945542202375255,2.35,-81.15120130823095,23.342120175991557,-93.88294293300088,259.85,4837.45,4577.599999999999,97948.3,99484.5,-11545.7,11987.0,43.68,2019,192355.66,195816.15000000002,-28586.6,12823.4,44.46,369695.06,378355.75,-49553.399999999994,49942.299999999996,173.16,0.0,0.0,0.0,0.0,0.0,109.19871794871796,4759.95,4782.3,4680.0,4696.85
2019-05-31,4765.0,4779.6,4666.35,4757.65,4730.653621106479,28541,2783,135017585.0,6125.0,21.46,113.25,-7.35,1559241000.0,0.0,-0.25472766153717963,15517.9,-0.1656625052674276,0.49454444877779596,2.35,-81.10306558910386,24.83164603457941,-94.57123883489245,259.85,4837.45,4577.599999999999,97948.3,99484.5,-11545.7,11987.0,43.68,2019,192355.66,195816.15000000002,-28586.6,12823.4,44.46,369695.06,378355.75,-49553.399999999994,49942.299999999996,173.16,0.0,0.0,0.0,0.0,0.0,108.9205586080586,4765.1,4796.3,4739.85,4769.8
2019-05-30,4721.0,4784.9,4706.0,4756.9,4741.936425156764,16107,1488,76378370.0,4691.0,29.12,78.9,35.9,1559154600.0,0.0,-0.015764085210134837,15543.65,0.6198904834252561,0.4945425608210304,2.38,-81.10008619058631,24.624846802391986,-94.48110969331276,259.85,4837.45,4577.599999999999,97948.3,99484.5,-11545.7,11987.0,43.68,2019,192355.66,195816.15000000002,-28586.6,12823.4,44.46,369695.06,378355.75,-49553.399999999994,49942.299999999996,173.16,0.0,0.0,0.0,0.0,0.0,108.90338827838828,4765.0,4779.6,4666.35,4757.65
2019-05-29,4788.0,4788.0,4705.15,4719.55,4732.068330464716,11620,1167,54986634.0,3888.0,33.46,82.85,-68.45,1559068200.0,0.0,-0.7851752191553207,15447.89,-0.6672599581009409,0.4945114244129644,2.37,-80.95051434988505,25.39738436770329,-94.70781899406283,259.85,4837.45,4577.599999999999,97948.3,99484.5,-11545.7,11987.0,43.68,2019,192355.66,195816.15000000002,-28586.6,12823.4,44.46,369695.06,378355.75,-49553.399999999994,49942.299999999996,173.16,0.0,0.0,0.0,0.0,0.0,108.04830586080587,4721.0,4784.9,4706.0,4756.9
2019-05-28,4850.1,4867.2,4760.1,4785.25,4813.072814048828,16343,1279,78660049.0,3300.0,20.19,107.1,-64.85,1558981800.0,0.0,1.3920818722123807,15551.66,0.1807570408925762,0.49449013325170027,2.37,-81.21205788621285,24.56065783331169,-94.55511923515003,259.85,4837.45,4577.599999999999,97948.3,99484.5,-11545.7,11987.0,43.68,2019,192355.66,195816.15000000002,-28586.6,12823.4,44.46,369695.06,378355.75,-49553.399999999994,49942.299999999996,173.16,0.0,0.0,0.0,0.0,0.0,109.55242673992674,4788.0,4788.0,4705.15,4719.55
2019-05-27,4799.0,4903.9,4766.1,4837.45,4854.877647058823,35700,2607,173319132.0,7383.0,20.68,137.8,38.45,1558895400.0,0.0,1.0908520975915437,15523.6,0.8537446588172237,0.4945829288044118,,-81.41479498496109,24.785809992527508,,259.85,4837.45,4577.599999999999,97948.3,99484.5,-11545.7,11987.0,43.68,2019,192355.66,195816.15000000002,-28586.6,12823.4,44.46,369695.06,378355.75,-49553.399999999994,49942.299999999996,173.16,0.0,0.0,0.0,0.0,0.0,110.74748168498168,4850.1,4867.2,4760.1,4785.25
2019-05-24,4708.55,4805.5,4663.0,4796.35,4746.338470621135,32183,2240,152751411.0,3742.0,11.63,142.5,87.8,1558636200.0,0.0,-0.849621184715077,15392.19,1.77865795598815,0.49458040469483616,2.35,-81.25553806540391,25.851162180300523,-95.22875236733591,259.85,4796.35,4536.5,97948.3,99484.5,-11545.7,11987.0,43.68,2019,192355.66,195816.15000000002,-28586.6,12823.4,44.46,369695.06,378355.75,-49553.399999999994,49942.299999999996,173.16,0.0,0.0,0.0,0.0,0.0,109.80654761904763,4799.0,4903.9,4766.1,4837.45
2019-05-23,4670.0,4880.0,4646.0,4673.05,4753.154190192614,80939,3503,384715547.0,53584.0,66.2,234.0,3.05,1558549800.0,0.0,-2.5707048067801552,15123.2,-0.4638115741621318,0.49432884766879936,2.37,-80.76095911663688,28.08962388912399,-95.84491115622247,259.85,4767.15,4507.299999999999,97948.3,99484.5,-11545.7,11987.0,43.68,2019,192355.66,195816.15000000002,-28586.6,12823.4,44.46,369695.06,378355.75,-49553.399999999994,49942.299999999996,173.16,0.0,0.0,0.0,0.0,0.0,106.98374542124543,4708.55,4805.5,4663.0,4796.35
2019-05-22,4648.6,4674.95,4593.0,4646.95,4623.358167983048,20764,1666,95999409.0,4032.0,19.42,81.95,-1.65,1558463400.0,0.0,-0.5585217363392347,15193.67,0.2438523927686287,0.49460138499754586,2.38,-80.65290136541172,27.49552938822548,-95.45507698577461,259.85,4767.15,4507.299999999999,97948.3,99484.5,-11545.7,11987.0,43.68,2019,192355.66,195816.15000000002,-28586.6,12823.4,44.46,369695.06,378355.75,-49553.399999999994,49942.299999999996,173.16,0.0,0.0,0.0,0.0,0.0,106.38621794871794,4670.0,4880.0,4646.0,4673.05
2019-05-21,4785.05,4785.1,4620.0,4648.6,4705.316228047044,18961,1935,89217501.0,6135.0,32.36,165.1,-136.45,1558377000.0,0.0,0.03550716061073711,15156.71,-0.96663432355526,0.49461009851226656,2.39,-80.6597685324614,27.80643028731169,-95.62099162069879,259.85,4767.15,4507.299999999999,97948.3,99484.5,-11545.7,11987.0,43.68,2019,192355.66,195816.15000000002,-28586.6,12823.4,44.46,369695.06,378355.75,-49553.399999999994,49942.299999999996,173.16,0.0,0.0,0.0,0.0,0.0,106.42399267399269,4648.6,4674.95,4593.0,4646.95
2019-05-20,4530.1,4805.0,4530.1,4767.15,4734.305170375147,46515,3607,220216205.0,10800.0,23.22,274.9,237.05,1558290600.0,0.0,2.550230176827406,15304.65,3.6396953512419774,0.4945152250216344,2.39,-81.14072349307237,26.57100946444382,-95.48860082963208,259.85,4767.15,4507.299999999999,97948.3,99484.5,-11545.7,11987.0,43.68,2019,192355.66,195816.15000000002,-28586.6,12823.4,44.46,369695.06,378355.75,-49553.399999999994,49942.299999999996,173.16,0.0,0.0,0.0,0.0,0.0,109.13804945054945,4785.05,4785.1,4620.0,4648.6
2019-05-17,4519.95,4519.95,4439.0,4491.9,4479.300448909791,46780,3116,209541675.0,17679.0,37.79,80.95,-28.05,1558031400.0,0.0,-5.773890060098797,14767.17,1.171055011427602,0.4936136532694775,2.39,-79.98508426278413,31.177808611941217,-96.58513964134696,259.85,4623.4,4363.549999999999,97948.3,99484.5,-11545.7,11987.0,43.68,2019,192355.66,195816.15000000002,-28586.6,12823.4,44.46,369695.06,378355.75,-49553.399999999994,49942.299999999996,173.16,0.0,0.0,0.0,0.0,0.0,102.83653846153845,4530.1,4805.0,4530.1,4767.15
2019-05-16,4360.0,4516.75,4325.65,4502.8,4419.553369941328,26588,1881,117507085.0,3697.0,13.9,191.1,142.8,1557945000.0,0.0,0.24265900843742916,14596.24,0.6793467951923482,0.49501829035072975,2.4,-80.03353468952652,32.713972913572256,-97.43950573494139,259.85,4623.4,4363.549999999999,97948.3,99484.5,-11545.7,11987.0,43.68,2019,192355.66,195816.15000000002,-28586.6,12823.4,44.46,369695.06,378355.75,-49553.399999999994,49942.299999999996,173.16,0.0,0.0,0.0,0.0,0.0,103.08608058608058,4519.95,4519.95,4439.0,4491.9
2019-05-15,4430.0,4430.0,4329.95,4347.5,4382.860644257703,11424,1003,50069800.0,2227.0,19.49,100.05,-82.5,1557858600.0,0.0,-3.448965088389455,14497.75,-0.5536932202076073,0.49498358745892623,2.42,-79.32029902242668,33.61556103533307,-97.18158973648974,259.85,4623.4,4363.549999999999,97948.3,99484.5,-11545.7,11987.0,43.68,2019,192355.66,195816.15000000002,-28586.6,12823.4,44.46,369695.06,378355.75,-49553.399999999994,49942.299999999996,173.16,0.0,0.0,0.0,0.0,0.0,99.53067765567765,4360.0,4516.75,4325.65,4502.8
2019-05-14,4343.0,4459.0,4289.65,4419.65,4398.229063458362,12717,1045,55932279.0,2046.0,16.09,169.35,76.65,1557772200.0,0.0,1.65957446808509,14578.47,0.5716213391502523,0.49549215922592416,2.41,-79.6578914619936,32.875740732738066,-97.16342712007517,259.85,4623.4,4363.549999999999,97948.3,99484.5,-11545.7,11987.0,43.68,2019,192355.66,195816.15000000002,-28586.6,12823.4,44.46,369695.06,378355.75,-49553.399999999994,49942.299999999996,173.16,0.0,0.0,0.0,0.0,0.0,101.18246336996336,4430.0,4430.0,4329.95,4347.5
2019-05-13,4407.5,4425.6,4314.65,4342.25,4377.8371904511005,24673,1205,108014377.0,3821.0,15.49,110.95,-65.25,1557685800.0,0.0,-1.751269896937535,14495.61,-1.385645157010984,0.49559953992753536,2.41,-79.29529621739881,33.63528682132038,-97.18053400015053,259.85,4623.4,4363.549999999999,97948.3,99484.5,-11545.7,11987.0,43.68,2019,192355.66,195816.15000000002,-28586.6,12823.4,44.46,369695.06,378355.75,-49553.399999999994,49942.299999999996,173.16,0.0,0.0,0.0,0.0,0.0,99.41048534798534,4343.0,4459.0,4289.65,4419.65
2019-05-10,4488.7,4497.0,4426.05,4434.2,4455.68580353296,9284,771,41366587.0,3336.0,35.93,70.95,-54.5,1557426600.0,0.0,2.1175657781104196,14699.29,-0.1157218652489078,0.4955454023095174,2.43,-79.72464029588201,31.783575941423003,-96.70066989499745,259.85,4623.4,4363.549999999999,97948.3,99484.5,-11545.7,11987.0,43.68,2019,192355.66,195816.15000000002,-28586.6,12823.4,44.46,369695.06,378355.75,-49553.399999999994,49942.299999999996,173.16,0.0,0.0,0.0,0.0,0.0,101.51556776556777,4407.5,4425.6,4314.65,4342.25
2019-05-09,4470.0,4519.2,4455.85,4481.35,4491.623941591036,19723,1112,88588299.0,1970.0,9.99,63.35,11.35,1557340200.0,0.0,1.0633259663524575,14716.32,-0.4353659204893945,0.49575931817798213,2.43,-79.93796512211722,31.631073529251875,-96.84466942504426,259.85,4623.4,4363.549999999999,97948.3,99484.5,-11545.7,11987.0,43.68,2019,192355.66,195816.15000000002,-28586.6,12823.4,44.46,369695.06,378355.75,-49553.399999999994,49942.299999999996,173.16,0.0,0.0,0.0,0.0,0.0,102.59500915750917,4488.7,4497.0,4426.05,4434.2
2019-05-08,4528.0,4552.0,4493.0,4510.65,4523.295710341898,18836,876,85200798.0,1696.0,9.0,59.0,-17.35,1557253800.0,0.0,0.6538208352393715,14780.67,-1.1861140025230532,0.4957944185774052,2.43,-80.06828284171904,31.05799669433118,-96.69188381782084,259.85,4623.4,4363.549999999999,97948.3,99484.5,-11545.7,11987.0,43.68,2019,192355.66,195816.15000000002,-28586.6,12823.4,44.46,369695.06,378355.75,-49553.399999999994,49942.299999999996,173.16,0.0,0.0,0.0,0.0,0.0,103.2657967032967,4470.0,4519.2,4455.85,4481.35
2019-05-07,4518.0,4558.6,4514.55,4527.75,4532.041455413063,20118,1001,91175610.0,2285.0,11.36,44.05,9.75,1557167400.0,0.0,0.37910279006352354,14958.09,-0.8562842341363064,0.4956749740962176,2.43,-80.14355916293965,29.503499444113523,-95.99321529859458,259.85,4623.4,4363.549999999999,97948.3,99484.5,-11545.7,11987.0,43.68,2019,192355.66,195816.15000000002,-28586.6,12823.4,44.46,369695.06,378355.75,-49553.399999999994,49942.299999999996,173.16,0.0,0.0,0.0,0.0,0.0,103.65728021978022,4528.0,4552.0,4493.0,4510.65
2019-05-06,4517.7,4550.75,4488.0,4517.6,4520.392937493888,10223,960,46211977.0,1536.0,15.02,62.75,-0.1,1557081000.0,0.0,-0.2241731544365244,15087.28,-0.9468535600564598,0.49560722004738406,2.44,-80.09894634319107,28.394581395718777,-95.40222427621681,259.85,4623.4,4363.549999999999,97948.3,99484.5,-11545.7,11987.0,43.68,2019,192355.66,195816.15000000002,-28586.6,12823.4,44.46,369695.06,378355.75,-49553.399999999994,49942.299999999996,173.16,0.0,0.0,0.0,0.0,0.0,103.42490842490844,4518.0,4558.6,4514.55,4527.75
2019-05-03,4623.4,4628.7,4557.5,4573.35,4593.648686178167,18724,1056,86011478.0,1902.0,10.16,71.2,-50.05,1556821800.0,0.0,1.234062333982644,15231.5,-0.1344740791541565,0.49551688127707283,2.43,-80.3415439448107,27.17887273085382,-95.03502817552658,259.85,4623.4,4363.549999999999,97948.3,99484.5,-11545.7,11987.0,43.68,2019,192355.66,195816.15000000002,-28586.6,12823.4,44.46,369695.06,378355.75,-49553.399999999994,49942.299999999996,173.16,0.0,0.0,0.0,0.0,0.0,104.70123626373628,4517.7,4550.75,4488.0,4517.6
2019-05-02,4630.0,4635.7,4578.75,4623.4,4614.106159523134,31707,2354,146299464.0,8392.0,26.47,56.95,-6.6,1556735400.0,0.0,1.0943837668229817,15252.01,-0.2729219452390685,0.4955893296996906,2.47,-80.55435393865986,27.00785011287037,-95.18505062836877,259.85,4623.4,4363.549999999999,97948.3,99484.5,-11545.7,11987.0,43.68,2019,192355.66,195816.15000000002,-28586.6,12823.4,44.46,369695.06,378355.75,-49553.399999999994,49942.299999999996,173.16,0.0,0.0,0.0,0.0,0.0,105.84706959706959,4623.4,4628.7,4557.5,4573.35
2019-04-30,4600.0,4645.0,4555.0,4618.95,4603.446865037194,18820,1831,86636870.0,4162.0,22.11,90.0,18.95,1556562600.0,0.0,-0.09624951334514797,15293.75,-0.2922695581989987,0.49563977660719816,2.43,-80.53561956721767,26.66121781773601,-94.9755749533207,259.85,4619.95,4360.099999999999,97948.3,99484.5,-11545.7,11987.0,43.68,2019,192355.66,195816.15000000002,-28586.6,12823.4,44.46,369695.06,378355.75,-49553.399999999994,49942.299999999996,173.16,0.0,0.0,0.0,0.0,0.0,105.7451923076923,4630.0,4635.7,4578.75,4623.4
2019-04-26,4632.0,4636.5,4561.1,4613.45,4597.2218871518135,25202,2370,115859186.0,4370.0,17.34,75.4,-18.55,1556217000.0,0.0,-0.1190746814752286,15338.58,0.5271281249692894,0.4956294047453763,2.42,-80.51241478719831,26.291025636010644,-94.76359701383588,259.85,4619.95,4360.099999999999,97948.3,99484.5,-11545.7,11987.0,43.68,2019,192355.66,195816.15000000002,-28586.6,12823.4,44.46,369695.06,378355.75,-49553.399999999994,49942.299999999996,173.16,0.0,0.0,0.0,0.0,0.0,105.61927655677655,4600.0,4645.0,4555.0,4618.95
2019-04-25,4426.0,4686.3,4426.0,4619.95,4606.644540282768,124979,11289,575733828.0,16066.0,12.85,260.3,193.95,1556130600.0,0.0,0.1408923907271209,15258.15,-0.5861955731386037,0.4956075812647707,2.43,-80.53983268217189,26.956741151450213,-95.12547154054926,259.85,4619.95,4360.099999999999,97948.3,99484.5,-11545.7,11987.0,43.68,2019,192355.66,195816.15000000002,-28586.6,12823.4,44.46,369695.06,378355.75,-49553.399999999994,49942.299999999996,173.16,0.0,0.0,0.0,0.0,0.0,105.76808608058607,4632.0,4636.5,4561.1,4613.45
2019-04-24,4150.8,4436.75,4116.2,4396.45,4303.33283428336,72805,6166,313304147.0,14885.0,20.44,320.55,245.65,1556044200.0,0.0,-4.837714693881967,15348.12,1.0542533579141589,0.4955719076694886,2.44,-79.55054646362406,26.21252635501936,-93.7715426995042,259.85,4543.9,4284.049999999999,97948.3,99484.5,-11545.7,11987.0,43.68,2019,192355.66,195816.15000000002,-28586.6,12823.4,44.46,369695.06,378355.75,-49553.399999999994,49942.299999999996,173.16,0.0,0.0,0.0,0.0,0.0,100.65132783882784,4426.0,4686.3,4426.0,4619.95
2019-04-23,4202.8,4226.15,4183.05,4203.65,4206.777710843372,6640,548,27933004.0,1297.0,19.53,43.1,0.85,1555957800.0,0.0,-4.385356367068893,15188.0,-0.1271097556244216,0.496552422691787,2.45,-78.61263425832313,27.54312615222545,-93.52268684212132,259.85,4543.9,4284.049999999999,97948.3,99484.5,-11545.7,11987.0,43.68,2019,192355.66,195816.15000000002,-28586.6,12823.4,44.46,369695.06,378355.75,-49553.399999999994,49942.299999999996,173.16,0.0,0.0,0.0,0.0,0.0,96.23740842490842,4150.8,4436.75,4116.2,4396.45
2019-04-22,4250.0,4275.0,4181.05,4205.0,4226.961560693642,6920,633,29250574.0,1769.0,25.56,93.95,-45.0,1555871400.0,0.0,0.032114947724015686,15207.33,-1.3911412818289892,0.4974373862060463,2.44,-78.61950059453032,27.3810063962576,-93.46608962563299,259.85,4543.9,4284.049999999999,97948.3,99484.5,-11545.7,11987.0,43.68,2019,192355.66,195816.15000000002,-28586.6,12823.4,44.46,369695.06,378355.75,-49553.399999999994,49942.299999999996,173.16,0.0,0.0,0.0,0.0,0.0,96.26831501831502,4202.8,4226.15,4183.05,4203.65
2019-04-18,4255.9,4273.45,4220.95,4250.55,4250.344367505489,5921,538,25166289.0,1030.0,17.4,52.5,-5.35,1555525800.0,0.0,1.083234244946496,15421.87,-0.5129862547810116,0.49724345657686503,2.42,-78.84861959040595,25.60895663107004,-92.79917654005023,259.85,4543.9,4284.049999999999,97948.3,99484.5,-11545.7,11987.0,43.68,2019,192355.66,195816.15000000002,-28586.6,12823.4,44.46,369695.06,378355.75,-49553.399999999994,49942.299999999996,173.16,0.0,0.0,0.0,0.0,0.0,97.31112637362638,4250.0,4275.0,4181.05,4205.0
2019-04-16,4225.0,4279.55,4212.05,4254.0,4245.872948650081,15112,982,64163632.0,4894.0,32.38,67.5,29.0,1555353000.0,0.0,0.08116596675724619,15501.39,0.7311777927814012,0.49727304893090124,2.43,-78.86577338975083,24.9645999487788,-92.5016226127182,259.85,4543.9,4284.049999999999,97948.3,99484.5,-11545.7,11987.0,43.68,2019,192355.66,195816.15000000002,-28586.6,12823.4,44.46,369695.06,378355.75,-49553.399999999994,49942.299999999996,173.16,0.0,0.0,0.0,0.0,0.0,97.3901098901099,4255.9,4273.45,4220.95,4250.55
2019-04-15,4170.0,4234.8,4159.75,4222.4,4210.0684464070655,9964,874,41949122.0,3779.0,37.93,75.05,52.4,1555266600.0,0.0,-0.7428302773859974,15388.87,0.4198497441683324,0.49722888414849464,2.43,-78.70760704812429,25.878313352442373,-92.79678573152346,259.85,4543.9,4284.049999999999,97948.3,99484.5,-11545.7,11987.0,43.68,2019,192355.66,195816.15000000002,-28586.6,12823.4,44.46,369695.06,378355.75,-49553.399999999994,49942.299999999996,173.16,0.0,0.0,0.0,0.0,0.0,96.66666666666666,4225.0,4279.55,4212.05,4254.0
2019-04-12,4150.0,4196.5,4137.1,4165.15,4170.427098919367,18045,1085,75255357.0,3024.0,16.76,59.4,15.15,1555007400.0,0.0,-1.3558639636225833,15324.53,0.4137895786619605,0.4972389517711886,2.44,-78.41494303926629,26.406813129016022,-92.77217607683417,259.85,4543.9,4284.049999999999,97948.3,99484.5,-11545.7,11987.0,43.68,2019,192355.66,195816.15000000002,-28586.6,12823.4,44.46,369695.06,378355.75,-49553.399999999994,49942.299999999996,173.16,0.0,0.0,0.0,0.0,0.0,95.35599816849816,4170.0,4234.8,4159.75,4222.4
2019-04-11,4101.0,4164.9,4095.5,4151.3,4128.703713343743,11526,962,47587439.0,1828.0,15.86,69.4,50.3,1554921000.0,0.0,-0.3325210376576959,15261.38,0.1043588685688323,0.49730792117135525,2.43,-78.3429287211235,26.929871348462587,-92.95690881039307,259.85,4543.9,4284.049999999999,97948.3,99484.5,-11545.7,11987.0,43.68,2019,192355.66,195816.15000000002,-28586.6,12823.4,44.46,369695.06,378355.75,-49553.399999999994,49942.299999999996,173.16,0.0,0.0,0.0,0.0,0.0,95.03891941391942,4150.0,4196.5,4137.1,4165.15
2019-04-10,4159.95,4164.65,4118.35,4126.6,4142.255319148936,8366,701,34654108.0,1042.0,12.46,46.3,-33.35,1554834600.0,0.0,-0.5949943391226786,15245.47,-0.5982827407556623,0.4973117289583282,2.43,-78.21329908399166,27.06233392607771,-92.89324765704825,259.85,4543.9,4284.049999999999,97948.3,99484.5,-11545.7,11987.0,43.68,2019,192355.66,195816.15000000002,-28586.6,12823.4,44.46,369695.06,378355.75,-49553.399999999994,49942.299999999996,173.16,0.0,0.0,0.0,0.0,0.0,94.47344322344323,4101.0,4164.9,4095.5,4151.3
2019-04-09,4160.0,4173.1,4110.0,4164.65,4144.467725218689,24121,1429,99968706.0,4728.0,19.6,63.1,4.65,1554748200.0,0.0,0.9220665923520333,15337.23,0.4524451226900483,0.49728771104845615,2.42,-78.41235157816384,26.302141912196664,-92.70864726461451,259.85,4543.9,4284.049999999999,97948.3,99484.5,-11545.7,11987.0,43.68,2019,192355.66,195816.15000000002,-28586.6,12823.4,44.46,369695.06,378355.75,-49553.399999999994,49942.299999999996,173.16,0.0,0.0,0.0,0.0,0.0,95.34455128205127,4159.95,4164.65,4118.35,4126.6
2019-04-08,4206.0,4229.25,4140.0,4158.95,4168.464652542008,23269,1739,96996004.0,2485.0,10.68,89.25,-47.05,1554661800.0,0.0,-0.13686624326173513,15268.15,-0.5152721370566549,0.4973148269289229,2.43,-78.3827648805588,26.87358979313146,-92.96892450805156,259.85,4543.9,4284.049999999999,97948.3,99484.5,-11545.7,11987.0,43.68,2019,192355.66,195816.15000000002,-28586.6,12823.4,44.46,369695.06,378355.75,-49553.399999999994,49942.299999999996,173.16,0.0,0.0,0.0,0.0,0.0,95.21405677655677,4160.0,4173.1,4110.0,4164.65
2019-04-05,4120.0,4205.0,4097.1,4186.55,4154.210441034988,19749,1634,82041502.0,5792.0,29.33,107.9,66.55,1554402600.0,0.0,0.6636290409839152,15347.23,0.5657599261904123,0.49728592114782444,2.44,-78.52527737636001,26.21984553564389,-92.79065976830566,259.85,4543.9,4284.049999999999,97948.3,99484.5,-11545.7,11987.0,43.68,2019,192355.66,195816.15000000002,-28586.6,12823.4,44.46,369695.06,378355.75,-49553.399999999994,49942.299999999996,173.16,0.0,0.0,0.0,0.0,0.0,95.84592490842492,4206.0,4229.25,4140.0,4158.95
2019-04-04,4015.0,4111.3,4015.0,4079.9,4074.5547816265057,21248,1783,86576140.0,3707.0,17.45,96.3,64.9,1554316200.0,0.0,-2.547443599144883,15260.89,-0.338541853738683,0.4972829557492653,2.44,-77.9639206843305,26.93394684058401,-92.5843429671815,259.85,4543.9,4284.049999999999,97948.3,99484.5,-11545.7,11987.0,43.68,2019,192355.66,195816.15000000002,-28586.6,12823.4,44.46,369695.06,378355.75,-49553.399999999994,49942.299999999996,173.16,0.0,0.0,0.0,0.0,0.0,93.40430402930403,4120.0,4205.0,4097.1,4186.55
2019-04-03,4030.0,4068.55,3985.05,4002.3,4034.8339678251264,8143,842,32855653.0,876.0,10.76,83.5,-27.7,1554229800.0,0.0,-1.9020074021422029,15312.73,-0.5648804004228625,0.497566282348172,2.44,-77.53666641681033,26.504222303926216,-91.95021204617487,259.85,4543.9,4284.049999999999,97948.3,99484.5,-11545.7,11987.0,43.68,2019,192355.66,195816.15000000002,-28586.6,12823.4,44.46,369695.06,378355.75,-49553.399999999994,49942.299999999996,173.16,0.0,0.0,0.0,0.0,0.0,91.62774725274726,4015.0,4111.3,4015.0,4079.9
2019-04-02,4050.0,4084.95,3989.95,4021.05,4029.674413108557,12694,1142,51152687.0,1497.0,11.79,95.0,-28.95,1554143400.0,0.0,0.46848062364139853,15399.72,0.1674257414150393,0.49769571045667127,2.42,-77.64141206898697,25.789624746423968,-91.69237406026424,259.85,4543.9,4284.049999999999,97948.3,99484.5,-11545.7,11987.0,43.68,2019,192355.66,195816.15000000002,-28586.6,12823.4,44.46,369695.06,378355.75,-49553.399999999994,49942.299999999996,173.16,0.0,0.0,0.0,0.0,0.0,92.0570054945055,4030.0,4068.55,3985.05,4002.3
2019-04-01,4021.25,4142.0,4015.0,4041.95,4093.6562538815056,32204,2075,131832106.0,8541.0,26.52,127.0,20.7,1554057000.0,0.0,0.5197647380659198,15373.98,0.4535246661617975,0.49770610043041186,2.43,-77.75702321899082,26.00022895827887,-91.91806996006777,259.85,4543.9,4284.049999999999,97948.3,99484.5,-11545.7,11987.0,43.68,2019,192355.66,195816.15000000002,-28586.6,12823.4,44.46,369695.06,378355.75,-49553.399999999994,49942.299999999996,173.16,0.0,0.0,0.0,0.0,0.0,92.53548534798534,4050.0,4084.95,3989.95,4021.05
2019-03-29,3934.0,4018.2,3916.6,3999.05,3966.8462890625,10240,789,40620506.0,2656.0,25.94,101.6,65.05,1553797800.0,0.0,-1.0613688937270327,15304.57,0.5830100960445117,0.4977045392688298,2.4,-77.51841062252285,26.571671076025005,-91.94876103877357,259.85,4543.9,4284.049999999999,105002.7,106404.1,-11789.5,10174.7,37.08,2019,190486.46000000002,193843.05,-24998.6,18378.9,65.84,393907.06000000006,401142.85000000003,-53249.4,53873.600000000006,188.91,0.0,0.0,0.0,0.0,0.0,107.84924487594391,4021.25,4142.0,4015.0,4041.95
2019-03-28,3900.0,3970.0,3899.25,3911.6,3929.086792452831,8745,842,34359864.0,1943.0,22.22,70.75,11.6,1553711400.0,0.0,-2.1867693577224623,15215.86,1.0515004784981352,0.4977266365891934,2.43,-77.01579916146845,27.309596697130488,-91.8290371452268,259.85,4543.9,4284.049999999999,105002.7,106404.1,-11789.5,10174.7,37.08,2019,190486.46000000002,193843.05,-24998.6,18378.9,65.84,393907.06000000006,401142.85000000003,-53249.4,53873.600000000006,188.91,0.0,0.0,0.0,0.0,0.0,105.49083063646171,3934.0,4018.2,3916.6,3999.05
2019-03-27,3931.0,3996.75,3885.0,3905.05,3941.300553219739,22595,1634,89053686.0,7577.0,33.53,111.75,-25.95,1553625000.0,0.0,-0.16745065957664007,15057.53,-0.0617913245245849,0.4978487644047519,2.44,-76.97724741040449,28.648257715574864,-92.46499613130474,259.85,4543.9,4284.049999999999,105002.7,106404.1,-11789.5,10174.7,37.08,2019,190486.46000000002,193843.05,-24998.6,18378.9,65.84,393907.06000000006,401142.85000000003,-53249.4,53873.600000000006,188.91,0.0,0.0,0.0,0.0,0.0,105.31418554476808,3900.0,3970.0,3899.25,3911.6
2019-03-26,3870.1,3938.4,3833.5,3920.05,3869.004101933037,19503,1171,75457187.0,2001.0,10.26,104.9,49.95,1553538600.0,0.0,0.38411800104991567,15066.84,1.005507194883637,0.4978486028473668,2.46,-77.0653435542914,28.5687642531546,-92.5235553597957,259.85,4543.9,4284.049999999999,105002.7,106404.1,-11789.5,10174.7,37.08,2019,190486.46000000002,193843.05,-24998.6,18378.9,65.84,393907.06000000006,401142.85000000003,-53249.4,53873.600000000006,188.91,0.0,0.0,0.0,0.0,0.0,105.71871628910465,3931.0,3996.75,3885.0,3905.05
2019-03-25,3891.15,3897.65,3852.25,3872.3,3872.16042438962,7823,520,30291911.0,1055.0,13.49,45.4,-18.85,1553452200.0,0.0,-1.218096707950156,14916.85,-0.8936075501533081,0.4977688587930265,2.46,-76.78253234511789,29.861532428093064,-92.88216187102988,259.85,4543.9,4284.049999999999,105002.7,106404.1,-11789.5,10174.7,37.08,2019,190486.46000000002,193843.05,-24998.6,18378.9,65.84,393907.06000000006,401142.85000000003,-53249.4,53873.600000000006,188.91,0.0,0.0,0.0,0.0,0.0,104.4309600862999,3870.1,3938.4,3833.5,3920.05
2019-03-22,3949.0,3973.5,3887.0,3928.3,3922.567262271513,9738,819,38197960.0,1404.0,14.42,86.5,-20.7,1553193000.0,0.0,1.4461689435219416,15051.35,-0.5632044184294971,0.4977522604518274,2.46,-77.11350966066746,28.70107996957083,-92.63506653221852,259.85,4543.9,4284.049999999999,105002.7,106404.1,-11789.5,10174.7,37.08,2019,190486.46000000002,193843.05,-24998.6,18378.9,65.84,393907.06000000006,401142.85000000003,-53249.4,53873.600000000006,188.91,0.0,0.0,0.0,0.0,0.0,105.94120819848976,3891.15,3897.65,3852.25,3872.3
2019-03-20,3981.0,4001.4,3914.6,3928.85,3951.267071599485,10866,879,42934468.0,3426.0,31.53,86.8,-52.15,1553020200.0,0.0,0.014000967339544701,15136.6,-0.1588319257447512,0.4978206460742194,2.48,-77.11671354213065,27.97622980061572,-92.28926313392994,259.85,4543.9,4284.049999999999,105002.7,106404.1,-11789.5,10174.7,37.08,2019,190486.46000000002,193843.05,-24998.6,18378.9,65.84,393907.06000000006,401142.85000000003,-53249.4,53873.600000000006,188.91,0.0,0.0,0.0,0.0,0.0,105.95604099244876,3949.0,3973.5,3887.0,3928.3
2019-03-19,3974.0,4015.95,3964.8,3981.0,3991.132066485689,20997,1463,83801800.0,4061.0,19.34,51.15,7.0,1552933800.0,0.0,1.3273604235336078,15160.68,0.6051299679020294,0.49781692194428107,2.46,-77.41647827179101,27.772962690327876,-92.47769944358046,259.85,4543.9,4284.049999999999,105002.7,106404.1,-11789.5,10174.7,37.08,2019,190486.46000000002,193843.05,-24998.6,18378.9,65.84,393907.06000000006,401142.85000000003,-53249.4,53873.600000000006,188.91,0.0,0.0,0.0,0.0,0.0,107.36245954692558,3981.0,4001.4,3914.6,3928.85
2019-03-18,3930.0,3987.35,3920.0,3974.0,3931.6995425756513,142100,1130,558694505.0,129259.0,90.96,67.35,44.0,1552847400.0,0.0,-0.17583521728209428,15069.49,0.1609142535067498,0.49787417201776185,2.44,-77.37669854051335,28.546155178443342,-92.81427893454803,259.85,4543.9,4284.049999999999,105002.7,106404.1,-11789.5,10174.7,37.08,2019,190486.46000000002,193843.05,-24998.6,18378.9,65.84,393907.06000000006,401142.85000000003,-53249.4,53873.600000000006,188.91,0.0,0.0,0.0,0.0,0.0,107.17367853290183,3974.0,4015.95,3964.8,3981.0
2019-03-15,3974.2,3985.95,3910.0,3916.7,3932.47335355286,13848,952,54456891.0,1924.0,13.89,75.95,-57.5,1552588200.0,0.0,-1.4418721690991454,15045.28,0.4989115325448212,0.49787379137612975,2.45,-77.0457272704062,28.753004264460348,-92.59130372813559,259.85,4543.9,4284.049999999999,105002.7,106404.1,-11789.5,10174.7,37.08,2019,190486.46000000002,193843.05,-24998.6,18378.9,65.84,393907.06000000006,401142.85000000003,-53249.4,53873.600000000006,188.91,0.0,0.0,0.0,0.0,0.0,105.62837108953613,3930.0,3987.35,3920.0,3974.0
2019-03-14,4025.1,4055.7,3935.4,3965.4,3970.482602712797,10174,853,40395690.0,1042.0,10.24,120.3,-59.7,1552501800.0,0.0,1.243393673245352,14970.59,-0.0209032892293903,0.49794763372710016,2.45,-77.32763403439755,29.395367851233644,-93.19501619582562,259.85,4543.9,4284.049999999999,105002.7,106404.1,-11789.5,10174.7,37.08,2019,190486.46000000002,193843.05,-24998.6,18378.9,65.84,393907.06000000006,401142.85000000003,-53249.4,53873.600000000006,188.91,0.0,0.0,0.0,0.0,0.0,106.94174757281554,3974.2,3985.95,3910.0,3916.7
2019-03-13,4101.0,4139.25,4012.0,4028.5,4067.401961841112,9277,881,37733288.0,1067.0,11.5,127.25,-72.5,1552415400.0,0.0,1.591264437383355,14973.72,0.1628831181514467,0.49802413140553464,2.45,-77.68276033263002,29.36831996324227,-93.53873325122002,259.85,4543.9,4284.049999999999,105002.7,106404.1,-11789.5,10174.7,37.08,2019,190486.46000000002,193843.05,-24998.6,18378.9,65.84,393907.06000000006,401142.85000000003,-53249.4,53873.600000000006,188.91,0.0,0.0,0.0,0.0,0.0,108.64347357065805,4025.1,4055.7,3935.4,3965.4
2019-03-12,4060.0,4145.65,4050.65,4098.55,4108.5060167863285,29667,2446,121887048.0,8489.0,28.61,95.0,38.55,1552329000.0,0.0,1.738860618096072,14949.37,1.0244104183195102,0.4981473526831264,2.46,-78.06419343426334,29.579039116698542,-94.03347097755687,259.85,4543.9,4284.049999999999,105002.7,106404.1,-11789.5,10174.7,37.08,2019,190486.46000000002,193843.05,-24998.6,18378.9,65.84,393907.06000000006,401142.85000000003,-53249.4,53873.600000000006,188.91,0.0,0.0,0.0,0.0,0.0,110.53263214670983,4101.0,4139.25,4012.0,4028.5
2019-03-11,3959.95,4050.0,3958.8,4042.35,4017.8644478233937,17757,1354,71345219.0,4457.0,25.1,91.2,82.4,1552242600.0,0.0,-1.3712166497907852,14797.78,1.4108502588078051,0.4982042397713656,2.46,-77.7592242136381,30.90646029336832,-94.391371338282,259.85,4543.9,4284.049999999999,105002.7,106404.1,-11789.5,10174.7,37.08,2019,190486.46000000002,193843.05,-24998.6,18378.9,65.84,393907.06000000006,401142.85000000003,-53249.4,53873.600000000006,188.91,0.0,0.0,0.0,0.0,0.0,109.01699029126213,4060.0,4145.65,4050.65,4098.55
2019-03-08,3970.0,3980.0,3890.0,3967.8,3934.66567364266,13427,927,52830756.0,3004.0,22.37,90.0,-2.2,1551983400.0,0.0,-1.8442242754833083,14591.91,-0.138514866053252,0.49811081783282884,2.46,-77.34134785019407,32.75335442721343,-94.89079539883309,259.85,4543.9,4284.049999999999,105002.7,106404.1,-11789.5,10174.7,37.08,2019,190486.46000000002,193843.05,-24998.6,18378.9,65.84,393907.06000000006,401142.85000000003,-53249.4,53873.600000000006,188.91,0.0,0.0,0.0,0.0,0.0,107.00647249190939,3959.95,4050.0,3958.8,4042.35
2019-03-07,3975.0,3980.85,3900.85,3914.05,3935.198504784689,16720,1203,65796519.0,4988.0,29.83,80.0,-60.95,1551897000.0,0.0,-1.354654972528857,14612.15,-0.0421389339807398,0.4982626580915701,2.45,-77.03018612434691,32.56947129614738,-94.48759395267805,259.85,4543.9,4284.049999999999,105002.7,106404.1,-11789.5,10174.7,37.08,2019,190486.46000000002,193843.05,-24998.6,18378.9,65.84,393907.06000000006,401142.85000000003,-53249.4,53873.600000000006,188.91,0.0,0.0,0.0,0.0,0.0,105.55690399137002,3970.0,3980.0,3890.0,3967.8
2019-03-06,3979.0,4015.0,3938.9,3968.25,3979.190202684045,18107,1310,72051197.0,4135.0,22.84,76.1,-10.75,1551810600.0,0.0,1.3847549213729993,14618.31,0.5870780892300864,0.498344565495695,2.47,-77.34391734391734,32.513607934159296,-94.78598608578898,259.85,4543.9,4284.049999999999,105002.7,106404.1,-11789.5,10174.7,37.08,2019,190486.46000000002,193843.05,-24998.6,18378.9,65.84,393907.06000000006,401142.85000000003,-53249.4,53873.600000000006,188.91,0.0,0.0,0.0,0.0,0.0,107.01860841423948,3975.0,3980.85,3900.85,3914.05
2019-03-05,3878.0,3975.0,3878.0,3963.85,3952.980115584288,20418,1528,80711948.0,6889.0,33.74,97.0,85.85,1551724200.0,0.0,-0.11088011088011829,14532.99,1.49423529387116,0.4984113292979213,2.46,-77.31876836913607,33.29156629158901,-95.14557030886392,259.85,4543.9,4284.049999999999,105002.7,106404.1,-11789.5,10174.7,37.08,2019,190486.46000000002,193843.05,-24998.6,18378.9,65.84,393907.06000000006,401142.85000000003,-53249.4,53873.600000000006,188.91,0.0,0.0,0.0,0.0,0.0,106.89994606256742,3979.0,4015.0,3938.9,3968.25
2019-03-01,3846.55,3895.0,3832.1,3874.4,3860.407711673513,7547,628,29134497.0,2028.0,26.87,62.9,27.85,1551378600.0,0.0,-2.256644423981735,14319.03,0.8609686689958318,0.4982111182521801,2.44,-76.79511666322527,35.2832559188716,-95.59799192160884,259.85,4543.9,4284.049999999999,105002.7,106404.1,-11789.5,10174.7,37.08,2019,190486.46000000002,193843.05,-24998.6,18378.9,65.84,393907.06000000006,401142.85000000003,-53249.4,53873.600000000006,188.91,0.0,0.0,0.0,0.0,0.0,104.48759439050701,3878.0,3975.0,3878.0,3963.85
2019-02-28,3940.0,3940.0,3793.2,3827.85,3858.054466230937,8721,785,33646093.0,1629.0,18.68,146.8,-112.15,1551292200.0,0.0,-1.2014763576295717,14196.8,0.1658047173205945,0.49838105818580647,2.45,-76.51292501012318,36.448002366730535,-95.9068854058579,259.85,4543.9,4284.049999999999,105002.7,106404.1,-11789.5,10174.7,37.08,2019,190486.46000000002,193843.05,-24998.6,18378.9,65.84,393907.06000000006,401142.85000000003,-53249.4,53873.600000000006,188.91,0.0,0.0,0.0,0.0,0.0,103.23220064724919,3846.55,3895.0,3832.1,3874.4
2019-02-27,3787.0,3909.6,3787.0,3884.2,3875.6006262563774,25868,2063,100254037.0,4312.0,16.67,122.6,97.2,1551205800.0,0.0,1.4721057512703029,14173.3,-0.0907925882795868,0.4984442403101673,2.45,-76.85366356006385,36.6742395913443,-96.3625386633646,259.85,4543.9,4284.049999999999,105002.7,106404.1,-11789.5,10174.7,37.08,2019,190486.46000000002,193843.05,-24998.6,18378.9,65.84,393907.06000000006,401142.85000000003,-53249.4,53873.600000000006,188.91,0.0,0.0,0.0,0.0,0.0,104.75188781014023,3940.0,3940.0,3793.2,3827.85
2019-02-26,3690.0,3810.0,3663.25,3786.55,3767.77633378933,24854,1893,93644313.0,4575.0,18.41,146.75,96.55,1551119400.0,0.0,-2.5140312033365864,14186.18,-0.4171112483854711,0.49854975727522904,2.45,-76.25675086820458,36.55014951170787,-95.70737213031555,259.85,4543.9,4284.049999999999,105002.7,106404.1,-11789.5,10174.7,37.08,2019,190486.46000000002,193843.05,-24998.6,18378.9,65.84,393907.06000000006,401142.85000000003,-53249.4,53873.600000000006,188.91,0.0,0.0,0.0,0.0,0.0,102.11839266450917,3787.0,3909.6,3787.0,3884.2
2019-02-25,3630.0,3720.0,3627.95,3709.95,3676.8652692336896,13167,1068,48413285.0,4603.0,34.96,92.05,79.95,1551033000.0,0.0,-2.0229496507374933,14245.6,0.7699076733282517,0.4988216819308782,2.47,-75.76651976441731,35.980583478407354,-94.95232537760157,259.85,4543.9,4284.049999999999,105002.7,106404.1,-11789.5,10174.7,37.08,2019,190486.46000000002,193843.05,-24998.6,18378.9,65.84,393907.06000000006,401142.85000000003,-53249.4,53873.600000000006,188.91,0.0,0.0,0.0,0.0,0.0,100.05258899676376,3690.0,3810.0,3663.25,3786.55
2019-02-22,3632.0,3665.0,3601.75,3621.05,3636.913853799959,9658,599,35125314.0,1613.0,16.7,63.25,-10.95,1550773800.0,0.0,-2.3962587096861054,14136.76,0.2189868473195799,0.49895912268654824,2.46,-75.1715662584057,37.02750842484417,-94.87933993552582,259.85,4543.9,4284.049999999999,105002.7,106404.1,-11789.5,10174.7,37.08,2019,190486.46000000002,193843.05,-24998.6,18378.9,65.84,393907.06000000006,401142.85000000003,-53249.4,53873.600000000006,188.91,0.0,0.0,0.0,0.0,0.0,97.65507011866237,3630.0,3720.0,3627.95,3709.95
2019-02-21,3610.0,3648.0,3570.0,3631.1,3627.130979603036,10933,847,39655423.0,2147.0,19.64,78.0,21.1,1550687400.0,0.0,0.2775438063544966,14105.87,0.6187259837094228,0.49922163878831166,2.45,-75.24028531299055,37.32758064550432,-95.10192827981072,259.85,4543.9,4284.049999999999,105002.7,106404.1,-11789.5,10174.7,37.08,2019,190486.46000000002,193843.05,-24998.6,18378.9,65.84,393907.06000000006,401142.85000000003,-53249.4,53873.600000000006,188.91,0.0,0.0,0.0,0.0,0.0,97.92610571736786,3632.0,3665.0,3601.75,3621.05
2019-02-20,3500.0,3593.9,3490.0,3576.2,3547.0565312363483,11445,1022,40596062.0,3710.0,32.42,103.9,76.2,1550601000.0,0.0,-1.51193853102366,14019.13,1.1559333945694084,0.4991942674178352,2.45,-74.86018679044797,38.17726206975755,-95.1450312062056,259.85,4543.9,4284.049999999999,105002.7,106404.1,-11789.5,10174.7,37.08,2019,190486.46000000002,193843.05,-24998.6,18378.9,65.84,393907.06000000006,401142.85000000003,-53249.4,53873.600000000006,188.91,0.0,0.0,0.0,0.0,0.0,96.44552319309601,3610.0,3648.0,3570.0,3631.1
2019-02-19,3446.8,3504.05,3412.7,3470.5,3462.6957774895523,6939,572,24027646.0,1107.0,15.95,91.35,23.7,1550514600.0,0.0,-2.9556512499300913,13858.93,-0.1157478311695991,0.49917998324052903,2.45,-74.09451087739518,39.77449918572358,-95.17615375538581,259.85,4543.9,4284.049999999999,105002.7,106404.1,-11789.5,10174.7,37.08,2019,190486.46000000002,193843.05,-24998.6,18378.9,65.84,393907.06000000006,401142.85000000003,-53249.4,53873.600000000006,188.91,0.0,0.0,0.0,0.0,0.0,93.59492988133765,3500.0,3593.9,3490.0,3576.2
2019-02-18,3441.5,3460.0,3385.0,3435.75,3429.940622161671,8808,965,30210917.0,2826.0,32.08,75.0,-5.75,1550428200.0,0.0,-1.0012966431349968,13874.99,-0.8518529104914907,0.49958467190038053,,-73.83249654369497,39.61271323438791,,259.85,4543.9,4284.049999999999,105002.7,106404.1,-11789.5,10174.7,37.08,2019,190486.46000000002,193843.05,-24998.6,18378.9,65.84,393907.06000000006,401142.85000000003,-53249.4,53873.600000000006,188.91,0.0,0.0,0.0,0.0,0.0,92.65776699029126,3446.8,3504.05,3412.7,3470.5
2019-02-15,3490.0,3490.0,3372.05,3441.5,3424.90803626306,13016,827,44578603.0,1339.0,10.29,117.95,-48.5,1550169000.0,0.0,0.16735792767226254,13994.2,-0.5019623457141131,0.49955401174334657,2.43,-73.87621676594509,38.42341827328464,-94.28687326072071,259.85,4543.9,4284.049999999999,105002.7,106404.1,-11789.5,10174.7,37.08,2019,190486.46000000002,193843.05,-24998.6,18378.9,65.84,393907.06000000006,401142.85000000003,-53249.4,53873.600000000006,188.91,0.0,0.0,0.0,0.0,0.0,92.81283710895362,3441.5,3460.0,3385.0,3435.75
2019-02-14,3450.05,3509.0,3433.95,3493.9,3467.992122186495,6220,558,21570911.0,1908.0,30.68,75.05,43.85,1550082600.0,0.0,1.5225918930698912,14064.8,-0.1641830985815606,0.49952788796779835,2.43,-74.26800996021639,37.7285848359024,-94.33063749154687,259.85,4543.9,4284.049999999999,105002.7,106404.1,-11789.5,10174.7,37.08,2019,190486.46000000002,193843.05,-24998.6,18378.9,65.84,393907.06000000006,401142.85000000003,-53249.4,53873.600000000006,188.91,0.0,0.0,0.0,0.0,0.0,94.22599784250271,3490.0,3490.0,3372.05,3441.5
2019-02-13,3467.05,3496.0,3449.3,3467.1,3473.806967082135,6258,586,21739084.0,2562.0,40.94,46.7,0.05,1549996200.0,0.0,-0.7670511462835261,14087.93,-0.426975885510239,0.4996384250436045,2.44,-74.0691067462721,37.50245777768628,-94.02765792847316,259.85,4543.9,4284.049999999999,105002.7,106404.1,-11789.5,10174.7,37.08,2019,190486.46000000002,193843.05,-24998.6,18378.9,65.84,393907.06000000006,401142.85000000003,-53249.4,53873.600000000006,188.91,0.0,0.0,0.0,0.0,0.0,93.5032362459547,3450.05,3509.0,3433.95,3493.9
2019-02-12,3427.0,3500.0,3414.1,3452.75,3461.076841827303,7574,747,26214196.0,1543.0,20.37,85.9,25.75,1549909800.0,0.0,-0.4138905713708785,14148.34,-0.4671907701507272,0.4996435740037348,2.43,-73.96133516762,36.91535544099167,-93.62172141094622,259.85,4543.9,4284.049999999999,105002.7,106404.1,-11789.5,10174.7,37.08,2019,190486.46000000002,193843.05,-24998.6,18378.9,65.84,393907.06000000006,401142.85000000003,-53249.4,53873.600000000006,188.91,0.0,0.0,0.0,0.0,0.0,93.11623516720604,3467.05,3496.0,3449.3,3467.1
2019-02-11,3557.5,3557.5,3434.65,3449.15,3480.0769657313954,18034,1213,62759708.0,8287.0,45.95,122.85,-108.35,1549823400.0,0.0,-0.10426471653030012,14214.75,-0.7612510376094672,0.4996261083698973,2.45,-73.93415769102532,36.27569953745229,-93.28436031381204,259.85,4543.9,4284.049999999999,105002.7,106404.1,-11789.5,10174.7,37.08,2019,190486.46000000002,193843.05,-24998.6,18378.9,65.84,393907.06000000006,401142.85000000003,-53249.4,53873.600000000006,188.91,0.0,0.0,0.0,0.0,0.0,93.01914778856528,3427.0,3500.0,3414.1,3452.75
2019-02-08,3595.0,3595.0,3514.2,3554.75,3557.5437793874694,15738,1066,55988624.0,4411.0,28.03,80.8,-40.25,1549564200.0,0.0,3.061623878346831,14323.79,-1.2168764103214769,0.49956516137301565,2.43,-74.70848864195794,35.238299360713874,-93.52837200646718,259.85,4543.9,4284.049999999999,105002.7,106404.1,-11789.5,10174.7,37.08,2019,190486.46000000002,193843.05,-24998.6,18378.9,65.84,393907.06000000006,401142.85000000003,-53249.4,53873.600000000006,188.91,0.0,0.0,0.0,0.0,0.0,95.86704422869472,3557.5,3557.5,3434.65,3449.15
2019-02-07,3512.45,3602.85,3503.1,3572.2,3565.0137460236365,43067,2187,153534447.0,22509.0,52.27,99.75,59.75,1549477800.0,0.0,0.49089246782474394,14500.24,0.3410848421729895,0.49986933260676425,2.42,-74.83203628016348,33.5926163980734,-92.8342712346751,259.85,4543.9,4284.049999999999,105002.7,106404.1,-11789.5,10174.7,37.08,2019,190486.46000000002,193843.05,-24998.6,18378.9,65.84,393907.06000000006,401142.85000000003,-53249.4,53873.600000000006,188.91,0.0,0.0,0.0,0.0,0.0,96.33764832793959,3595.0,3595.0,3514.2,3554.75
2019-02-06,3461.25,3530.45,3441.35,3506.5,3493.3069578640443,17491,1309,61101432.0,5843.0,33.41,89.1,45.25,1549391400.0,0.0,-1.8392027322098325,14450.95,0.8985313770312864,0.49987366988020343,2.42,-74.36047340653073,34.04828056286957,-92.59061808349304,259.85,4543.9,4284.049999999999,105002.7,106404.1,-11789.5,10174.7,37.08,2019,190486.46000000002,193843.05,-24998.6,18378.9,65.84,393907.06000000006,401142.85000000003,-53249.4,53873.600000000006,188.91,0.0,0.0,0.0,0.0,0.0,94.56580366774541,3512.45,3602.85,3503.1,3572.2
2019-02-05,3437.05,3471.75,3414.6,3460.1,3448.301283987916,13240,909,45655509.0,3237.0,24.45,57.15,23.05,1549305000.0,0.0,-1.3232568087836905,14322.26,-0.1101265513790195,0.49995960840243486,2.42,-74.01664691771914,35.25274642409788,-92.85169396268756,259.85,4543.9,4284.049999999999,105002.7,106404.1,-11789.5,10174.7,37.08,2019,190486.46000000002,193843.05,-24998.6,18378.9,65.84,393907.06000000006,401142.85000000003,-53249.4,53873.600000000006,188.91,0.0,0.0,0.0,0.0,0.0,93.31445523193096,3461.25,3530.45,3441.35,3506.5
2019-02-04,3485.05,3488.1,3405.0,3454.4,3454.1433155368595,37086,1643,128100359.0,22037.0,59.42,83.1,-30.65,1549218600.0,0.0,-0.1647351232623273,14338.05,-0.1657168122491281,0.5000373084718631,2.42,-73.9737725798981,35.1037972388156,-92.73689058183555,259.85,4543.9,4284.049999999999,105002.7,106404.1,-11789.5,10174.7,37.08,2019,190486.46000000002,193843.05,-24998.6,18378.9,65.84,393907.06000000006,401142.85000000003,-53249.4,53873.600000000006,188.91,0.0,0.0,0.0,0.0,0.0,93.16073354908308,3437.05,3471.75,3414.6,3460.1
2019-02-01,3517.2,3538.25,3444.3,3478.0,3495.9965512165377,47553,2074,166245124.0,28945.0,60.87,93.95,-39.2,1548959400.0,0.0,0.6831866604909642,14361.85,0.5372027236752119,0.5000341242881092,2.4,-74.15037377803336,34.87990753280392,-92.79143589815773,259.85,4543.9,4284.049999999999,105002.7,106404.1,-11789.5,10174.7,37.08,2019,190486.46000000002,193843.05,-24998.6,18378.9,65.84,393907.06000000006,401142.85000000003,-53249.4,53873.600000000006,188.91,0.0,0.0,0.0,0.0,0.0,93.79719525350593,3485.05,3488.1,3405.0,3454.4
2019-01-31,3469.95,3538.6,3433.05,3520.7,3476.521197810453,18634,2126,64781496.0,6844.0,36.73,105.55,50.75,1548873000.0,0.0,1.22771707878091,14285.11,1.4337660714653475,0.5000347953716651,2.41,-74.46388502286477,35.604486069760746,-93.47228307222517,259.85,4543.9,4284.049999999999,105002.7,106404.1,-11789.5,10174.7,37.08,2019,190486.46000000002,193843.05,-24998.6,18378.9,65.84,393907.06000000006,401142.85000000003,-53249.4,53873.600000000006,188.91,0.0,0.0,0.0,0.0,0.0,94.9487594390507,3517.2,3538.25,3444.3,3478.0
2019-01-30,3448.3,3460.0,3369.1,3437.65,3425.262243577897,21644,1460,74136376.0,8074.0,37.3,90.9,-10.65,1548786600.0,0.0,-2.358905899395003,14083.19,0.0531411914567847,0.499924939878505,2.42,-73.84695940540776,37.54873718241392,-93.82869122933384,259.85,4543.9,4284.049999999999,105002.7,106404.1,-11789.5,10174.7,37.08,2019,190486.46000000002,193843.05,-24998.6,18378.9,65.84,393907.06000000006,401142.85000000003,-53249.4,53873.600000000006,188.91,0.0,0.0,0.0,0.0,0.0,92.70900755124057,3469.95,3538.6,3433.05,3520.7
2019-01-29,3358.0,3504.25,3358.0,3408.15,3420.622203206403,39733,3404,135911582.0,9740.0,24.51,146.25,50.15,1548700200.0,0.0,-0.8581443718819526,14075.71,-0.0014208672831861,0.5001839331351928,2.42,-73.62058594838842,37.62183222018643,-93.64797684184643,259.85,4543.9,4284.049999999999,105002.7,106404.1,-11789.5,10174.7,37.08,2019,190486.46000000002,193843.05,-24998.6,18378.9,65.84,393907.06000000006,401142.85000000003,-53249.4,53873.600000000006,188.91,0.0,0.0,0.0,0.0,0.0,91.91343042071198,3448.3,3460.0,3369.1,3437.65
2019-01-28,3551.7,3551.7,3340.0,3380.95,3388.5293096572923,42631,3491,144456393.0,9751.0,22.87,211.7,-170.75,1548613800.0,0.0,-0.7980869386617462,14075.91,-1.2966987194995006,0.5002166292511095,2.42,-73.4083615551842,37.619876796597886,-93.43592527643274,259.85,4543.9,4284.049999999999,105002.7,106404.1,-11789.5,10174.7,37.08,2019,190486.46000000002,193843.05,-24998.6,18378.9,65.84,393907.06000000006,401142.85000000003,-53249.4,53873.600000000006,188.91,0.0,0.0,0.0,0.0,0.0,91.17988133764833,3358.0,3504.25,3358.0,3408.15
2019-01-25,3850.0,3850.0,3484.05,3513.75,3589.7157668195005,106870,8054,383632924.0,43983.0,41.16,365.95,-336.25,1548354600.0,0.0,3.927890090063446,14260.83,-0.8525765010644171,0.5000742762577641,2.39,-74.4133760227677,35.835361616399595,-93.52854102726792,259.85,4543.9,4284.049999999999,105002.7,106404.1,-11789.5,10174.7,37.08,2019,190486.46000000002,193843.05,-24998.6,18378.9,65.84,393907.06000000006,401142.85000000003,-53249.4,53873.600000000006,188.91,0.0,0.0,0.0,0.0,0.0,94.76132686084142,3551.7,3551.7,3340.0,3380.95
2019-01-24,3868.0,3876.0,3774.5,3790.25,3801.1927863380665,69507,3349,264209507.0,36381.0,52.34,101.5,-77.75,1548268200.0,0.0,7.869085734614023,14383.46,0.0251741326746213,0.5007464437527791,2.37,-76.27992876459336,34.67726124312232,-94.82767493947885,259.85,4543.9,4284.049999999999,105002.7,106404.1,-11789.5,10174.7,37.08,2019,190486.46000000002,193843.05,-24998.6,18378.9,65.84,393907.06000000006,401142.85000000003,-53249.4,53873.600000000006,188.91,0.0,0.0,0.0,0.0,0.0,102.21817691477887,3850.0,3850.0,3484.05,3513.75
2019-01-23,3852.6,3880.5,3840.0,3849.65,3860.407282535401,7415,636,28624920.0,1972.0,26.59,40.5,-2.95,1548181800.0,0.0,1.567178945979819,14379.84,-0.6268593799129918,0.5037520579025266,2.41,-76.64592885067474,34.71116507555021,-95.32770723013238,259.85,4543.9,4284.049999999999,105002.7,106404.1,-11789.5,10174.7,37.08,2019,190486.46000000002,193843.05,-24998.6,18378.9,65.84,393907.06000000006,401142.85000000003,-53249.4,53873.600000000006,188.91,0.0,0.0,0.0,0.0,0.0,103.82011866235167,3868.0,3876.0,3774.5,3790.25
2019-01-22,3849.0,3879.0,3814.55,3849.45,3846.229554686901,13047,948,50181757.0,4315.0,33.07,64.45,0.45,1548095400.0,0.0,-0.005195277492764383,14470.55,-0.2483012869341272,0.5038331663518361,2.43,-76.64471547883464,33.86671550148406,-94.9135753896492,259.85,4543.9,4284.049999999999,105002.7,106404.1,-11789.5,10174.7,37.08,2019,190486.46000000002,193843.05,-24998.6,18378.9,65.84,393907.06000000006,401142.85000000003,-53249.4,53873.600000000006,188.91,0.0,0.0,0.0,0.0,0.0,103.81472491909385,3852.6,3880.5,3840.0,3849.65
2019-01-21,3820.55,3863.6,3791.15,3848.65,3830.995588347152,13147,854,50366099.0,4366.0,33.21,72.45,28.1,1548009000.0,0.0,-0.02078218966344858,14506.57,0.122577354523945,0.5038251413990739,,-76.63986073038598,33.53432272411743,,259.85,4543.9,4284.049999999999,105002.7,106404.1,-11789.5,10174.7,37.08,2019,190486.46000000002,193843.05,-24998.6,18378.9,65.84,393907.06000000006,401142.85000000003,-53249.4,53873.600000000006,188.91,0.0,0.0,0.0,0.0,0.0,103.79314994606257,3849.0,3879.0,3814.55,3849.45
2019-01-18,3816.15,3852.0,3774.0,3820.55,3809.061608369439,9463,804,36045150.0,2890.0,30.54,78.0,4.4,1547749800.0,0.0,-0.7301261481298615,14488.81,-0.2477144247868712,0.5038245118158459,2.41,-76.46804779416576,33.6980055642941,-94.6417119232877,259.85,4543.9,4284.049999999999,105002.7,106404.1,-11789.5,10174.7,37.08,2019,190486.46000000002,193843.05,-24998.6,18378.9,65.84,393907.06000000006,401142.85000000003,-53249.4,53873.600000000006,188.91,0.0,0.0,0.0,0.0,0.0,103.03532901833874,3820.55,3863.6,3791.15,3848.65
2019-01-17,3888.05,3915.0,3814.25,3852.25,3861.958138948429,15862,1091,61258380.0,4006.0,25.26,100.75,-35.8,1547663400.0,0.0,0.8297234691340138,14524.79,0.0320933765744602,0.5038400515636339,2.42,-76.66169121941722,33.36681631885898,-94.67393674924143,259.85,4543.9,4284.049999999999,105002.7,106404.1,-11789.5,10174.7,37.08,2019,190486.46000000002,193843.05,-24998.6,18378.9,65.84,393907.06000000006,401142.85000000003,-53249.4,53873.600000000006,188.91,0.0,0.0,0.0,0.0,0.0,103.89023732470335,3816.15,3852.0,3774.0,3820.55
2019-01-16,3845.0,3905.0,3841.7,3886.55,3883.3927991337296,14776,998,57381012.0,5688.0,38.49,63.3,41.55,1547577000.0,0.0,0.8903887338568506,14520.13,0.0392712631498426,0.5038761032953248,2.43,-76.86765897775662,33.40961823344557,-94.90754829480197,259.85,4543.9,4284.049999999999,105002.7,106404.1,-11789.5,10174.7,37.08,2019,190486.46000000002,193843.05,-24998.6,18378.9,65.84,393907.06000000006,401142.85000000003,-53249.4,53873.600000000006,188.91,0.0,0.0,0.0,0.0,0.0,104.81526429341965,3888.05,3915.0,3814.25,3852.25
2019-01-15,3780.0,3843.5,3780.0,3820.95,3824.50375083088,10531,702,40275849.0,4630.0,43.97,63.5,40.95,1547490600.0,0.0,-1.6878722774697485,14514.43,1.14324578390661,0.5039174484506797,2.45,-76.47051126028867,33.46200987568923,-94.54800414817328,259.85,4543.9,4284.049999999999,105002.7,106404.1,-11789.5,10174.7,37.08,2019,190486.46000000002,193843.05,-24998.6,18378.9,65.84,393907.06000000006,401142.85000000003,-53249.4,53873.600000000006,188.91,0.0,0.0,0.0,0.0,0.0,103.04611650485437,3845.0,3905.0,3841.7,3886.55
2019-01-14,3773.55,3794.25,3737.25,3777.4,3769.6975058880366,16559,1149,62422421.0,9620.0,58.1,57.0,3.85,1547404200.0,0.0,-1.1397689056386384,14350.37,-0.5034327164011754,0.5039333709138805,2.45,-76.19923757081591,34.987808676710074,-95.04612517942132,259.85,4543.9,4284.049999999999,105002.7,106404.1,-11789.5,10174.7,37.08,2019,190486.46000000002,193843.05,-24998.6,18378.9,65.84,393907.06000000006,401142.85000000003,-53249.4,53873.600000000006,188.91,0.0,0.0,0.0,0.0,0.0,101.87162891046387,3780.0,3843.5,3780.0,3820.95
2019-01-11,3821.1,3847.25,3750.75,3768.1,3784.149052297311,10077,1042,38132870.0,3131.0,31.07,96.5,-53.0,1547145000.0,0.0,-0.24620109069730667,14422.98,-0.2549818981524732,0.5039643124010225,2.43,-76.14049520978743,34.30823588467848,-94.63598843796703,259.85,4543.9,4284.049999999999,105002.7,106404.1,-11789.5,10174.7,37.08,2019,190486.46000000002,193843.05,-24998.6,18378.9,65.84,393907.06000000006,401142.85000000003,-53249.4,53873.600000000006,188.91,0.0,0.0,0.0,0.0,0.0,101.62081984897519,3773.55,3794.25,3737.25,3777.4
2019-01-10,3821.1,3848.9,3809.0,3819.4,3825.2742963769247,6431,820,24600339.0,1371.0,21.32,39.9,-1.7,1547058600.0,0.0,1.3614288368143157,14459.85,-0.0713191344676622,0.5039580909016278,2.43,-76.46096245483585,33.965774195444624,-94.78367101347695,259.85,4543.9,4284.049999999999,105002.7,106404.1,-11789.5,10174.7,37.08,2019,190486.46000000002,193843.05,-24998.6,18378.9,65.84,393907.06000000006,401142.85000000003,-53249.4,53873.600000000006,188.91,0.0,0.0,0.0,0.0,0.0,103.00431499460626,3821.1,3847.25,3750.75,3768.1
2019-01-09,3916.2,3934.0,3800.0,3820.0,3839.358193091231,16935,1665,65019531.0,5943.0,35.09,134.0,-96.2,1546972200.0,0.0,0.015709273707908977,14470.17,0.3091732250441348,0.5040511353657529,2.45,-76.46465968586388,33.87023096480553,-94.75206277712829,259.85,4543.9,4284.049999999999,105002.7,106404.1,-11789.5,10174.7,37.08,2019,190486.46000000002,193843.05,-24998.6,18378.9,65.84,393907.06000000006,401142.85000000003,-53249.4,53873.600000000006,188.91,0.0,0.0,0.0,0.0,0.0,103.02049622437973,3821.1,3848.9,3809.0,3819.4
2019-01-08,3890.0,3940.0,3875.5,3914.8,3907.28825752957,8201,743,32043671.0,1775.0,21.64,64.5,24.8,1546885800.0,0.0,2.4816753926701685,14425.57,0.2517139412134606,0.5040443365732428,2.46,-77.0345866966384,34.28412187525345,-95.53535509427655,259.85,4543.9,4284.049999999999,105002.7,106404.1,-11789.5,10174.7,37.08,2019,190486.46000000002,193843.05,-24998.6,18378.9,65.84,393907.06000000006,401142.85000000003,-53249.4,53873.600000000006,188.91,0.0,0.0,0.0,0.0,0.0,105.57713052858685,3916.2,3934.0,3800.0,3820.0
2019-01-07,3960.0,3981.0,3915.55,3930.65,3945.397825756424,13154,1016,51897763.0,5598.0,42.56,65.45,-29.35,1546799400.0,0.0,0.4048738121998463,14389.35,0.2391497887150206,0.5043471489842483,2.45,-77.12719270349689,34.62213373084955,-95.80311662739082,259.85,4543.9,4284.049999999999,105002.7,106404.1,-11789.5,10174.7,37.08,2019,190486.46000000002,193843.05,-24998.6,18378.9,65.84,393907.06000000006,401142.85000000003,-53249.4,53873.600000000006,188.91,0.0,0.0,0.0,0.0,0.0,106.00458468176916,3890.0,3940.0,3875.5,3914.8
2019-01-04,4000.0,4000.0,3851.2,3911.6,3884.630547903276,13068,1226,50764352.0,4398.0,33.65,148.8,-88.4,1546540200.0,0.0,-0.4846526655896688,14355.02,0.4490285742275723,0.5043527129191804,2.42,-77.01579916146845,34.944082279230535,-95.83940829420501,259.85,4543.9,4284.049999999999,105002.7,106404.1,-11789.5,10174.7,37.08,2019,190486.46000000002,193843.05,-24998.6,18378.9,65.84,393907.06000000006,401142.85000000003,-53249.4,53873.600000000006,188.91,0.0,0.0,0.0,0.0,0.0,105.49083063646171,3960.0,3981.0,3915.55,3930.65
2019-01-03,4000.3,4013.0,3875.0,3894.8,3931.032247592252,9241,778,36326669.0,2560.0,27.7,138.0,-105.5,1546453800.0,0.0,-0.42949176807444145,14290.85,-0.9807793575566048,0.5043465527145817,2.41,-76.91665810824689,35.550019767893446,-96.04071283507704,259.85,4543.9,4284.049999999999,105002.7,106404.1,-11789.5,10174.7,37.08,2019,190486.46000000002,193843.05,-24998.6,18378.9,65.84,393907.06000000006,401142.85000000003,-53249.4,53873.600000000006,188.91,0.0,0.0,0.0,0.0,0.0,105.03775620280476,4000.0,4000.0,3851.2,3911.6
2019-01-02,3992.95,4017.0,3978.1,3999.8,4000.35552840562,9822,758,39291492.0,1127.0,11.47,38.9,6.85,1546367400.0,0.0,2.6959022286125123,14432.4,-1.0615434711820249,0.5042535787322676,2.42,-77.52262613130657,34.22057315484604,-95.97817895037497,259.85,4543.9,4284.049999999999,105002.7,106404.1,-11789.5,10174.7,37.08,2019,190486.46000000002,193843.05,-24998.6,18378.9,65.84,393907.06000000006,401142.85000000003,-53249.4,53873.600000000006,188.91,0.0,0.0,0.0,0.0,0.0,107.86947141316074,4000.3,4013.0,3875.0,3894.8
2019-01-01,3987.55,4018.85,3971.0,4011.1,3996.787046814502,5682,474,22709744.0,1308.0,23.02,47.85,23.55,1546281000.0,0.0,0.2825141257062791,14587.25,0.3222747120263047,0.5044985605783227,,-77.58594899154845,32.79576342353767,,259.85,4543.9,4284.049999999999,105002.7,106404.1,-11789.5,10174.7,37.08,2019,190486.46000000002,193843.05,-24998.6,18378.9,65.84,393907.06000000006,401142.85000000003,-53249.4,53873.600000000006,188.91,0.0,0.0,0.0,0.0,0.0,108.17421790722761,3992.95,4017.0,3978.1,3999.8
2018-12-31,4005.15,4021.35,3981.85,4002.7,4001.1470933333326,9375,730,37510754.0,4342.0,46.31,39.5,-2.45,1546194600.0,0.0,-0.20941886265612997,14540.39,0.1677454732833316,0.5044958518337719,2.45,-77.53891123491643,33.223730587694014,-95.51413066185812,259.85,4543.9,4284.049999999999,88127.2,89370.8,-12106.5,4490.6,16.35,2018,202951.0,205888.6,-23335.2,22161.7,80.75999999999999,395306.66000000003,401704.75,-51921.8,34985.1,125.21999999999998,0.0,0.0,0.0,0.0,0.0,244.8134556574923,3987.55,4018.85,3971.0,4011.1
2018-12-28,4000.0,4021.0,3994.55,4004.9,4006.3435536566976,3979,399,15941241.0,846.0,21.26,26.45,4.9,1545935400.0,0.0,0.054962900042476726,14516.04,0.8750448224198237,0.5044958038530327,2.4,-77.5512497190941,33.44720736509406,-95.61443555613903,259.85,4543.9,4284.049999999999,88127.2,89370.8,-12106.5,4490.6,16.35,2018,202951.0,205888.6,-23335.2,22161.7,80.75999999999999,395306.66000000003,401704.75,-51921.8,34985.1,125.21999999999998,0.0,0.0,0.0,0.0,0.0,244.9480122324159,4005.15,4021.35,3981.85,4002.7
2018-12-27,4019.75,4020.45,3960.0,3986.45,3987.116926503341,7184,675,28643448.0,1629.0,22.68,60.45,-33.3,1545849000.0,0.0,-0.46068566006642886,14390.12,0.3887152583993858,0.5044291832222536,2.41,-77.44735290797577,34.61493024380615,-96.10245956658855,259.85,4543.9,4284.049999999999,88127.2,89370.8,-12106.5,4490.6,16.35,2018,202951.0,205888.6,-23335.2,22161.7,80.75999999999999,395306.66000000003,401704.75,-51921.8,34985.1,125.21999999999998,0.0,0.0,0.0,0.0,0.0,243.81957186544338,4000.0,4021.0,3994.55,4004.9
2018-12-26,3920.0,4005.95,3860.0,3989.8,3925.2102487155,21993,1591,86327149.0,2727.0,12.4,145.95,69.8,1545762600.0,0.0,0.08403466743593935,14334.4,0.3834127587160729,0.504426372236549,2.44,-77.46628903704446,35.13819901774753,-96.40012294623554,259.85,4543.9,4284.049999999999,88127.2,89370.8,-12106.5,4490.6,16.35,2018,202951.0,205888.6,-23335.2,22161.7,80.75999999999999,395306.66000000003,401704.75,-51921.8,34985.1,125.21999999999998,0.0,0.0,0.0,0.0,0.0,244.02446483180427,4019.75,4020.45,3960.0,3986.45
2018-12-24,3938.0,4015.45,3913.55,3923.95,3964.956308623298,16525,1222,65520903.0,5063.0,30.64,101.9,-14.05,1545589800.0,0.0,-1.650458669607513,14279.65,-0.8440268866483414,0.5044157508887476,2.45,-77.08813822806101,35.656336114680684,-96.28793719361181,259.85,4543.9,4284.049999999999,88127.2,89370.8,-12106.5,4490.6,16.35,2018,202951.0,205888.6,-23335.2,22161.7,80.75999999999999,395306.66000000003,401704.75,-51921.8,34985.1,125.21999999999998,0.0,0.0,0.0,0.0,0.0,239.99694189602442,3920.0,4005.95,3860.0,3989.8
2018-12-21,4045.05,4075.0,3960.0,3982.1,4019.3067935550735,10613,1017,42656903.0,1923.0,18.12,115.0,-62.95,1545330600.0,0.0,1.4819251009824397,14401.2,-1.6494203262781726,0.5044672842304985,2.39,-77.42271665704025,34.51136016443073,-96.01689198498033,259.85,4543.9,4284.049999999999,88127.2,89370.8,-12106.5,4490.6,16.35,2018,202951.0,205888.6,-23335.2,22161.7,80.75999999999999,395306.66000000003,401704.75,-51921.8,34985.1,125.21999999999998,0.0,0.0,0.0,0.0,0.0,243.55351681957183,3938.0,4015.45,3913.55,3923.95
2018-12-20,4050.0,4130.25,4015.0,4047.3,4073.900417485265,16288,1431,66355690.0,2935.0,18.02,115.25,-2.7,1545244200.0,0.0,1.6373270384972827,14642.72,-0.1252295192441521,0.5043033067800003,2.39,-77.78642551824674,32.29270244872537,-95.25645724479736,259.85,4543.9,4284.049999999999,88127.2,89370.8,-12106.5,4490.6,16.35,2018,202951.0,205888.6,-23335.2,22161.7,80.75999999999999,395306.66000000003,401704.75,-51921.8,34985.1,125.21999999999998,0.0,0.0,0.0,0.0,0.0,247.54128440366972,4045.05,4075.0,3960.0,3982.1
2018-12-19,4029.95,4170.95,4008.8,4089.85,4095.591652706252,48351,2907,198025952.0,15336.0,31.72,162.15,59.9,1545157800.0,0.0,1.0513181627257673,14661.08,0.7419725007043132,0.5044366299734406,2.4,-78.01753120530093,32.127032933453734,-95.4129355173618,259.85,4543.9,4284.049999999999,88127.2,89370.8,-12106.5,4490.6,16.35,2018,202951.0,205888.6,-23335.2,22161.7,80.75999999999999,395306.66000000003,401704.75,-51921.8,34985.1,125.21999999999998,0.0,0.0,0.0,0.0,0.0,250.14373088685014,4050.0,4130.25,4015.0,4047.3
2018-12-18,3995.0,4013.0,3985.95,4007.8,4003.040433212996,4155,351,16632633.0,1257.0,30.25,27.05,12.8,1545071400.0,0.0,-2.0061860459430036,14553.1,0.2559944447276585,0.5044467793872403,2.39,-77.56749338789362,33.1073791838165,-95.45277638838651,259.85,4543.9,4284.049999999999,88127.2,89370.8,-12106.5,4490.6,16.35,2018,202951.0,205888.6,-23335.2,22161.7,80.75999999999999,395306.66000000003,401704.75,-51921.8,34985.1,125.21999999999998,0.0,0.0,0.0,0.0,0.0,245.12538226299694,4029.95,4170.95,4008.8,4089.85
2018-12-17,4022.45,4040.05,3967.55,4009.7,4002.965144649703,11476,786,45938028.0,3887.0,33.87,72.5,-12.75,1544985000.0,0.0,0.0474075552672204,14515.94,0.7209948910736452,0.5046315517537112,2.4,-77.57812305159987,33.44812668004966,-95.64598739719914,259.85,4543.9,4284.049999999999,88127.2,89370.8,-12106.5,4490.6,16.35,2018,202951.0,205888.6,-23335.2,22161.7,80.75999999999999,395306.66000000003,401704.75,-51921.8,34985.1,125.21999999999998,0.0,0.0,0.0,0.0,0.0,245.24159021406726,3995.0,4013.0,3985.95,4007.8
2018-12-14,4040.0,4045.45,3977.0,3998.25,4004.950560372172,23645,1401,94697056.0,6964.0,29.45,68.45,-41.75,1544725800.0,0.0,-0.28555752300670756,14412.03,0.1472464428761588,0.5045873079040136,2.42,-77.51391233664728,34.41028085564628,-96.07580203269114,259.85,4543.9,4284.049999999999,88127.2,89370.8,-12106.5,4490.6,16.35,2018,202951.0,205888.6,-23335.2,22161.7,80.75999999999999,395306.66000000003,401704.75,-51921.8,34985.1,125.21999999999998,0.0,0.0,0.0,0.0,0.0,244.5412844036697,4022.45,4040.05,3967.55,4009.7
2018-12-13,3949.0,3987.3,3928.7,3953.5,3953.186333955224,8576,659,33902526.0,2322.0,27.08,58.6,4.5,1544639400.0,0.0,-1.1192396673544658,14390.84,0.5864286842609312,0.5045892924675167,2.43,-77.25939041355761,34.60819521306608,-95.92616316900026,259.85,4543.9,4284.049999999999,88127.2,89370.8,-12106.5,4490.6,16.35,2018,202951.0,205888.6,-23335.2,22161.7,80.75999999999999,395306.66000000003,401704.75,-51921.8,34985.1,125.21999999999998,0.0,0.0,0.0,0.0,0.0,241.80428134556573,4040.0,4045.45,3977.0,3998.25
2018-12-12,3885.0,3947.0,3878.0,3935.0,3918.214957264956,9360,923,36674492.0,2583.0,27.6,69.0,50.0,1544553000.0,0.0,-0.46793980017705294,14306.94,1.9505145647257027,0.5046179281152517,2.43,-77.15247776365946,35.39757628116145,-96.21850780164067,259.85,4543.9,4284.049999999999,88127.2,89370.8,-12106.5,4490.6,16.35,2018,202951.0,205888.6,-23335.2,22161.7,80.75999999999999,395306.66000000003,401704.75,-51921.8,34985.1,125.21999999999998,0.0,0.0,0.0,0.0,0.0,240.67278287461772,3949.0,3987.3,3928.7,3953.5
2018-12-11,3750.1,3940.0,3738.45,3883.55,3828.8028151153935,7886,769,30193939.0,1444.0,18.31,201.55,133.45,1544466600.0,0.0,-1.3074968233799167,14033.22,0.9280662361965896,0.5042750005122932,2.41,-76.84978949672336,38.0385257268111,-97.22636432586329,259.85,4543.9,4284.049999999999,88127.2,89370.8,-12106.5,4490.6,16.35,2018,202951.0,205888.6,-23335.2,22161.7,80.75999999999999,395306.66000000003,401704.75,-51921.8,34985.1,125.21999999999998,0.0,0.0,0.0,0.0,0.0,237.52599388379204,3885.0,3947.0,3878.0,3935.0
2018-12-10,3932.0,3932.0,3770.0,3778.5,3794.86840770791,11832,1159,44900883.0,4796.0,40.53,162.0,-153.5,1544380200.0,0.0,-2.704999291885002,13904.18,-1.8799512793407192,0.5042778910549063,2.41,-76.20616646817521,39.31961467702519,-97.22886911715469,259.85,4543.9,4284.049999999999,88127.2,89370.8,-12106.5,4490.6,16.35,2018,202951.0,205888.6,-23335.2,22161.7,80.75999999999999,395306.66000000003,401704.75,-51921.8,34985.1,125.21999999999998,0.0,0.0,0.0,0.0,0.0,231.10091743119264,3750.1,3940.0,3738.45,3883.55
2018-12-07,3930.0,3955.0,3880.65,3936.7,3912.5375872382847,5015,512,19621376.0,1195.0,23.83,74.35,6.7,1544121000.0,0.0,4.186846632261476,14170.58,0.6382490655655992,0.5042693916731409,2.4,-77.16234409530826,36.700473798531895,-96.85902315179445,259.85,4543.9,4284.049999999999,88127.2,89370.8,-12106.5,4490.6,16.35,2018,202951.0,205888.6,-23335.2,22161.7,80.75999999999999,395306.66000000003,401704.75,-51921.8,34985.1,125.21999999999998,0.0,0.0,0.0,0.0,0.0,240.7767584097859,3932.0,3932.0,3770.0,3778.5
2018-12-06,3945.4,3952.05,3826.55,3862.55,3880.368548617052,7014,746,27216905.0,1573.0,22.43,125.5,-82.85,1544034600.0,0.0,-1.8835572941803935,14080.71,-1.6429960491536777,0.5051041274870272,2.41,-76.7239259038718,37.572963295174745,-96.8948837989394,259.85,4543.9,4284.049999999999,88127.2,89370.8,-12106.5,4490.6,16.35,2018,202951.0,205888.6,-23335.2,22161.7,80.75999999999999,395306.66000000003,401704.75,-51921.8,34985.1,125.21999999999998,0.0,0.0,0.0,0.0,0.0,236.24159021406726,3930.0,3955.0,3880.65,3936.7
2018-12-05,4035.0,4035.0,3951.5,3963.8,3978.598517129709,11734,1205,46684875.0,6102.0,52.0,83.5,-71.2,1543948200.0,0.0,2.621325290287513,14315.92,-0.9574306902231932,0.504996921442087,,-77.31848226449367,35.31264494353139,,259.85,4543.9,4284.049999999999,88127.2,89370.8,-12106.5,4490.6,16.35,2018,202951.0,205888.6,-23335.2,22161.7,80.75999999999999,395306.66000000003,401704.75,-51921.8,34985.1,125.21999999999998,0.0,0.0,0.0,0.0,0.0,242.43425076452598,3945.4,3952.05,3826.55,3862.55
2018-12-04,4060.0,4102.0,4022.7,4030.3,4053.187123342708,9956,778,40353531.0,2333.0,23.43,79.3,-29.7,1543861800.0,0.0,1.6776830314344737,14454.31,-0.1069124755179506,0.5052452314659994,2.42,-77.69272758851699,34.01712015308929,-96.07702187392357,259.85,4543.9,4284.049999999999,88127.2,89370.8,-12106.5,4490.6,16.35,2018,202951.0,205888.6,-23335.2,22161.7,80.75999999999999,395306.66000000003,401704.75,-51921.8,34985.1,125.21999999999998,0.0,0.0,0.0,0.0,0.0,246.50152905198775,4035.0,4035.0,3951.5,3963.8
2018-12-03,4035.0,4099.65,4022.45,4058.6,4065.452260429394,17187,1164,69872928.0,5089.0,29.61,77.2,23.6,1543775400.0,0.0,0.7021809790834332,14469.78,0.2826252685563801,0.5053866801340631,2.38,-77.84827280342975,33.873839132315766,-96.14483960718707,259.85,4543.9,4284.049999999999,88127.2,89370.8,-12106.5,4490.6,16.35,2018,202951.0,205888.6,-23335.2,22161.7,80.75999999999999,395306.66000000003,401704.75,-51921.8,34985.1,125.21999999999998,0.0,0.0,0.0,0.0,0.0,248.23241590214064,4060.0,4102.0,4022.7,4030.3
2018-11-30,4030.05,4082.0,3983.3,3992.85,4026.978178506375,27450,1604,110540551.0,9618.0,35.04,98.7,-37.2,1543516200.0,0.0,-1.6200167545459054,14429.0,0.2269328363548206,0.5054076783245125,2.37,-77.48350175939491,34.25220042969022,-95.96701065844142,259.85,4543.9,4284.049999999999,88127.2,89370.8,-12106.5,4490.6,16.35,2018,202951.0,205888.6,-23335.2,22161.7,80.75999999999999,395306.66000000003,401704.75,-51921.8,34985.1,125.21999999999998,0.0,0.0,0.0,0.0,0.0,244.2110091743119,4035.0,4099.65,4022.45,4058.6
2018-11-29,4003.0,4050.0,4003.0,4029.05,4033.256789623024,9868,967,39800178.0,3796.0,38.47,47.0,26.05,1543429800.0,0.0,0.9066205842944264,14396.33,1.022481828860777,0.5055274377612992,2.37,-77.68580682791229,34.556862755994054,-96.32714908652456,259.85,4543.9,4284.049999999999,88127.2,89370.8,-12106.5,4490.6,16.35,2018,202951.0,205888.6,-23335.2,22161.7,80.75999999999999,395306.66000000003,401704.75,-51921.8,34985.1,125.21999999999998,0.0,0.0,0.0,0.0,0.0,246.42507645259937,4030.05,4082.0,3983.3,3992.85
2018-11-28,4011.95,4039.2,3985.4,4004.8,4006.118635170604,7620,514,30526624.0,3209.0,42.11,53.8,-7.15,1543343400.0,0.0,-0.6018788548168952,14250.62,0.0926431244964831,0.5054775422794786,2.4,-77.55068917299242,35.93268222715924,-96.90070697121563,259.85,4543.9,4284.049999999999,88127.2,89370.8,-12106.5,4490.6,16.35,2018,202951.0,205888.6,-23335.2,22161.7,80.75999999999999,395306.66000000003,401704.75,-51921.8,34985.1,125.21999999999998,0.0,0.0,0.0,0.0,0.0,244.94189602446482,4003.0,4050.0,4003.0,4029.05
2018-11-27,3958.7,4026.9,3955.45,4005.55,3998.8922709163367,6275,579,25093049.0,1342.0,21.39,71.45,46.85,1543257000.0,0.0,0.018727526967632357,14237.43,0.4154168309408623,0.5054930363954842,2.41,-77.55489258653618,36.05861451118635,-96.97403290629693,259.85,4543.9,4284.049999999999,88127.2,89370.8,-12106.5,4490.6,16.35,2018,202951.0,205888.6,-23335.2,22161.7,80.75999999999999,395306.66000000003,401704.75,-51921.8,34985.1,125.21999999999998,0.0,0.0,0.0,0.0,0.0,244.98776758409784,4011.95,4039.2,3985.4,4004.8
2018-11-26,3983.7,3995.0,3940.9,3962.25,3968.375035023816,7138,626,28326261.0,1799.0,25.2,54.1,-21.45,1543170600.0,0.0,-1.0810001123441215,14178.53,0.703577620464424,0.5054795866132739,2.41,-77.30960943908133,36.62382489581078,-97.0139995038747,259.85,4543.9,4284.049999999999,88127.2,89370.8,-12106.5,4490.6,16.35,2018,202951.0,205888.6,-23335.2,22161.7,80.75999999999999,395306.66000000003,401704.75,-51921.8,34985.1,125.21999999999998,0.0,0.0,0.0,0.0,0.0,242.33944954128438,3958.7,4026.9,3955.45,4005.55
2018-11-22,4045.8,4049.0,3940.0,3959.55,3992.501796099897,11692,1017,46680331.0,3265.0,27.93,109.0,-86.25,1542825000.0,0.0,-0.06814310051106443,14079.47,-0.6640519444967796,0.5054906563157895,,-77.29413696000809,37.58507955200019,,259.85,4543.9,4284.049999999999,88127.2,89370.8,-12106.5,4490.6,16.35,2018,202951.0,205888.6,-23335.2,22161.7,80.75999999999999,395306.66000000003,401704.75,-51921.8,34985.1,125.21999999999998,0.0,0.0,0.0,0.0,0.0,242.1743119266055,3983.7,3995.0,3940.9,3962.25
2018-11-21,3981.0,4065.3,3944.7,4054.7,4024.6126826459367,13893,1138,55913944.0,767.0,5.52,120.6,73.7,1542738600.0,0.0,2.4030508517381977,14173.59,-0.2442938282553042,0.5054425309434808,2.41,-77.82696623671295,36.6714431558977,-97.55415677920608,259.85,4543.9,4284.049999999999,88127.2,89370.8,-12106.5,4490.6,16.35,2018,202951.0,205888.6,-23335.2,22161.7,80.75999999999999,395306.66000000003,401704.75,-51921.8,34985.1,125.21999999999998,0.0,0.0,0.0,0.0,0.0,247.9938837920489,4045.8,4049.0,3940.0,3959.55
2018-11-20,4043.9,4043.9,3965.0,3976.5,4004.1192163401415,7197,675,28817646.0,1408.0,19.56,78.9,-67.4,1542652200.0,0.0,-1.9286260389177912,14208.3,-0.9602636542716314,0.5057261097996196,2.39,-77.39092166478059,36.33756325528037,-96.94909076705005,259.85,4543.9,4284.049999999999,88127.2,89370.8,-12106.5,4490.6,16.35,2018,202951.0,205888.6,-23335.2,22161.7,80.75999999999999,395306.66000000003,401704.75,-51921.8,34985.1,125.21999999999998,0.0,0.0,0.0,0.0,0.0,243.2110091743119,3981.0,4065.3,3944.7,4054.7
2018-11-19,3969.0,4046.0,3969.0,4033.6,4020.264720100551,20686,1796,83163196.0,4660.0,22.53,77.0,64.6,1542565800.0,0.0,1.4359361247328062,14346.06,0.676507369298629,0.505804761637888,2.38,-77.71097778659262,35.02836318822033,-96.6046753468776,259.85,4543.9,4284.049999999999,88127.2,89370.8,-12106.5,4490.6,16.35,2018,202951.0,205888.6,-23335.2,22161.7,80.75999999999999,395306.66000000003,401704.75,-51921.8,34985.1,125.21999999999998,0.0,0.0,0.0,0.0,0.0,246.70336391437306,4043.9,4043.9,3965.0,3976.5
2018-11-16,3950.0,3977.0,3910.4,3959.15,3946.429205675128,10361,1145,40888953.0,1670.0,16.12,66.6,9.15,1542306600.0,0.0,-1.8457457358191154,14249.66,0.3984327606845861,0.5058718261126749,2.36,-77.2918429460869,35.94184001583196,-96.63994967911951,259.85,4543.9,4284.049999999999,88127.2,89370.8,-12106.5,4490.6,16.35,2018,202951.0,205888.6,-23335.2,22161.7,80.75999999999999,395306.66000000003,401704.75,-51921.8,34985.1,125.21999999999998,0.0,0.0,0.0,0.0,0.0,242.1498470948012,3969.0,4046.0,3969.0,4033.6
2018-11-15,3905.0,3929.0,3835.95,3907.75,3851.308504379657,30596,1685,117834635.0,18712.0,61.16,93.05,2.75,1542220200.0,0.0,-1.2982584645694129,14193.11,0.3504070760169897,0.5060205183865144,2.37,-76.9931546286226,36.48347684193245,-96.62527386414362,259.85,4543.9,4284.049999999999,88127.2,89370.8,-12106.5,4490.6,16.35,2018,202951.0,205888.6,-23335.2,22161.7,80.75999999999999,395306.66000000003,401704.75,-51921.8,34985.1,125.21999999999998,0.0,0.0,0.0,0.0,0.0,239.00611620795104,3950.0,3977.0,3910.4,3959.15
2018-11-14,3839.95,3977.45,3839.95,3918.7,3922.8348056537097,23772,2374,93253629.0,5690.0,23.94,137.5,78.75,1542133800.0,0.0,0.2802123984389837,14143.55,-0.0185209141414288,0.5060897330490935,2.38,-77.0574425192028,36.961724602380606,-96.93889829159886,259.85,4543.9,4284.049999999999,88127.2,89370.8,-12106.5,4490.6,16.35,2018,202951.0,205888.6,-23335.2,22161.7,80.75999999999999,395306.66000000003,401704.75,-51921.8,34985.1,125.21999999999998,0.0,0.0,0.0,0.0,0.0,239.67584097859324,3905.0,3929.0,3835.95,3907.75
2018-11-13,3732.7,3841.95,3725.6,3827.3,3812.178375334365,7103,987,27077903.0,1943.0,27.35,116.35,94.6,1542047400.0,0.0,-2.332406155102451,14146.17,0.7365371715206681,0.5060942472274716,2.38,-76.50954981318424,36.93635803896036,-96.37832382183487,259.85,4543.9,4284.049999999999,88127.2,89370.8,-12106.5,4490.6,16.35,2018,202951.0,205888.6,-23335.2,22161.7,80.75999999999999,395306.66000000003,401704.75,-51921.8,34985.1,125.21999999999998,0.0,0.0,0.0,0.0,0.0,234.085626911315,3839.95,3977.45,3839.95,3918.7
2018-11-12,3830.0,3876.0,3701.05,3731.35,3767.4838192282286,10599,1021,39931561.0,1735.0,16.37,174.95,-98.65,1541961000.0,0.0,-2.5069892613591938,14042.74,-1.0056818982897897,0.506307058652742,,-75.90550337009394,37.94494521724392,,259.85,4543.9,4284.049999999999,88127.2,89370.8,-12106.5,4490.6,16.35,2018,202951.0,205888.6,-23335.2,22161.7,80.75999999999999,395306.66000000003,401704.75,-51921.8,34985.1,125.21999999999998,0.0,0.0,0.0,0.0,0.0,228.21712538226296,3732.7,3841.95,3725.6,3827.3
2018-11-09,3780.4,3823.0,3765.0,3801.15,3799.456785582935,5438,587,20661446.0,1430.0,26.3,58.0,20.75,1541701800.0,0.0,1.8706366328540724,14185.4,0.1063489699957509,0.5065018760701431,2.36,-76.34794733172856,36.55765787358833,-96.02912520190596,259.85,4543.9,4284.049999999999,88127.2,89370.8,-12106.5,4490.6,16.35,2018,202951.0,205888.6,-23335.2,22161.7,80.75999999999999,395306.66000000003,401704.75,-51921.8,34985.1,125.21999999999998,0.0,0.0,0.0,0.0,0.0,232.48623853211006,3830.0,3876.0,3701.05,3731.35
2018-11-07,3770.0,3800.0,3750.0,3780.4,3781.828481510621,1271,172,4806704.0,466.0,36.66,50.0,10.4,1541529000.0,0.0,-0.5458874288044369,14170.33,0.7647847722854095,0.5066799638605382,2.37,-76.21812506613057,36.70288553618724,-95.98391026883391,259.85,4543.9,4284.049999999999,88127.2,89370.8,-12106.5,4490.6,16.35,2018,202951.0,205888.6,-23335.2,22161.7,80.75999999999999,395306.66000000003,401704.75,-51921.8,34985.1,125.21999999999998,0.0,0.0,0.0,0.0,0.0,231.217125382263,3780.4,3823.0,3765.0,3801.15
2018-11-06,3793.9,3800.0,3707.95,3740.3,3742.6412021713218,7553,610,28268169.0,511.0,6.77,92.05,-53.6,1541442600.0,0.0,-1.0607343138292258,14062.78,-0.1334368255812346,0.5066419617598241,2.35,-75.9631580354517,37.74836838804276,-96.24745683866664,259.85,4543.9,4284.049999999999,88127.2,89370.8,-12106.5,4490.6,16.35,2018,202951.0,205888.6,-23335.2,22161.7,80.75999999999999,395306.66000000003,401704.75,-51921.8,34985.1,125.21999999999998,0.0,0.0,0.0,0.0,0.0,228.76452599388378,3770.0,3800.0,3750.0,3780.4
2018-11-05,3728.4,3781.25,3665.0,3763.85,3726.186332936035,7551,753,28136433.0,1134.0,15.02,116.25,35.45,1541356200.0,0.0,0.6296286394139372,14081.57,-0.2210056714632702,0.5066910811329634,2.36,-76.11355394077873,37.56456133797581,-96.31139118592941,259.85,4543.9,4284.049999999999,88127.2,89370.8,-12106.5,4490.6,16.35,2018,202951.0,205888.6,-23335.2,22161.7,80.75999999999999,395306.66000000003,401704.75,-51921.8,34985.1,125.21999999999998,0.0,0.0,0.0,0.0,0.0,230.20489296636083,3793.9,3800.0,3707.95,3740.3
2018-11-02,3610.0,3857.1,3607.0,3726.95,3710.389190864445,83892,2223,311271970.0,65688.0,78.3,250.1,116.95,1541097000.0,0.0,-0.9803791330685319,14112.76,1.415733970501054,0.5067060335321178,2.33,-75.87705764767438,37.26053585549531,-95.90657092016383,259.85,4543.9,4284.049999999999,88127.2,89370.8,-12106.5,4490.6,16.35,2018,202951.0,205888.6,-23335.2,22161.7,80.75999999999999,395306.66000000003,401704.75,-51921.8,34985.1,125.21999999999998,0.0,0.0,0.0,0.0,0.0,227.94801223241586,3728.4,3781.25,3665.0,3763.85
2018-11-01,3501.1,3602.0,3473.1,3592.25,3557.858974358975,9516,966,33856586.0,1780.0,18.71,128.9,91.15,1541010600.0,0.0,-3.6142153771850927,13915.75,0.2452147465982213,0.5065663673509334,2.32,-74.97251026515414,39.20377988969332,-95.97659265804751,259.85,4543.9,4284.049999999999,88127.2,89370.8,-12106.5,4490.6,16.35,2018,202951.0,205888.6,-23335.2,22161.7,80.75999999999999,395306.66000000003,401704.75,-51921.8,34985.1,125.21999999999998,0.0,0.0,0.0,0.0,0.0,219.70948012232415,3610.0,3857.1,3607.0,3726.95
2018-10-31,3464.0,3513.7,3376.25,3498.75,3446.6486638311526,12461,1195,42948689.0,1480.0,11.88,137.45,34.75,1540924200.0,0.0,-2.6028255271765555,13881.71,1.719119813000547,0.5071955406124713,2.34,-74.30367988567346,39.54512808580499,-95.51395493870956,259.85,4543.9,4284.049999999999,88127.2,89370.8,-12106.5,4490.6,16.35,2018,202951.0,205888.6,-23335.2,22161.7,80.75999999999999,395306.66000000003,401704.75,-51921.8,34985.1,125.21999999999998,0.0,0.0,0.0,0.0,0.0,213.9908256880734,3501.1,3602.0,3473.1,3592.25
2018-10-30,3453.55,3495.9,3425.5,3457.9,3465.680018103644,8838,1003,30629680.0,1278.0,14.46,70.4,4.35,1540837800.0,0.0,-1.1675598428010026,13647.1,-0.0643678295592531,0.5072478097924802,2.33,-74.00011567714509,41.94407603080508,-96.42426898072375,259.85,4543.9,4284.049999999999,88127.2,89370.8,-12106.5,4490.6,16.35,2018,202951.0,205888.6,-23335.2,22161.7,80.75999999999999,395306.66000000003,401704.75,-51921.8,34985.1,125.21999999999998,0.0,0.0,0.0,0.0,0.0,211.49235474006116,3464.0,3513.7,3376.25,3498.75
2018-10-29,3411.45,3449.85,3365.0,3437.45,3409.102819400631,10144,1025,34581939.0,1629.0,16.06,84.85,26.0,1540751400.0,0.0,-0.5913994042627158,13655.89,2.271928990236294,0.5073107280664019,2.34,-73.84543775182183,41.85270970987611,-96.23065928261546,259.85,4543.9,4284.049999999999,88127.2,89370.8,-12106.5,4490.6,16.35,2018,202951.0,205888.6,-23335.2,22161.7,80.75999999999999,395306.66000000003,401704.75,-51921.8,34985.1,125.21999999999998,0.0,0.0,0.0,0.0,0.0,210.24159021406726,3453.55,3495.9,3425.5,3457.9
2018-10-26,3340.05,3400.1,3293.15,3384.45,3353.7856316297016,10370,1043,34778757.0,1999.0,19.28,106.95,44.4,1540492200.0,0.0,-1.5418406085906722,13352.53,-0.6772010708465004,0.5068404361066076,2.33,-73.43586107048412,45.07550254521053,-97.43101022209473,259.85,4543.9,4284.049999999999,88127.2,89370.8,-12106.5,4490.6,16.35,2018,202951.0,205888.6,-23335.2,22161.7,80.75999999999999,395306.66000000003,401704.75,-51921.8,34985.1,125.21999999999998,0.0,0.0,0.0,0.0,0.0,206.99999999999997,3411.45,3449.85,3365.0,3437.45
2018-10-25,3336.8,3374.65,3278.0,3338.95,3321.210918725737,16229,1625,53899932.0,3732.0,23.0,96.65,2.15,1540405800.0,0.0,-1.3443838733029012,13443.57,-0.9929741353915,0.5069034399560328,2.34,-73.07387052816006,44.09304968843841,-96.57863504388465,259.85,4543.9,4284.049999999999,88127.2,89370.8,-12106.5,4490.6,16.35,2018,202951.0,205888.6,-23335.2,22161.7,80.75999999999999,395306.66000000003,401704.75,-51921.8,34985.1,125.21999999999998,0.0,0.0,0.0,0.0,0.0,204.21712538226296,3340.05,3400.1,3293.15,3384.45
2018-10-24,3379.95,3432.5,3332.95,3387.0,3381.71776416539,13060,1403,44165234.0,2976.0,22.79,99.55,7.05,1540319400.0,0.0,1.4390751583581718,13578.4,0.8010096136000788,0.5068850217450931,2.34,-73.45586064363744,42.66224297413539,-96.23460165039299,259.85,4543.9,4284.049999999999,88127.2,89370.8,-12106.5,4490.6,16.35,2018,202951.0,205888.6,-23335.2,22161.7,80.75999999999999,395306.66000000003,401704.75,-51921.8,34985.1,125.21999999999998,0.0,0.0,0.0,0.0,0.0,207.15596330275227,3336.8,3374.65,3278.0,3338.95
2018-10-23,3479.0,3479.0,3263.7,3343.0,3350.8304265678366,27522,3954,92221555.0,5565.0,20.22,215.3,-136.0,1540233000.0,0.0,-1.2990847357543522,13470.5,-0.9730306714911484,0.5069350237765575,2.33,-73.10649117559078,43.80498125533574,-96.46161178439668,259.85,4543.9,4284.049999999999,88127.2,89370.8,-12106.5,4490.6,16.35,2018,202951.0,205888.6,-23335.2,22161.7,80.75999999999999,395306.66000000003,401704.75,-51921.8,34985.1,125.21999999999998,0.0,0.0,0.0,0.0,0.0,204.46483180428132,3379.95,3432.5,3332.95,3387.0
2018-10-22,3620.0,3620.05,3455.0,3472.05,3515.4984639621894,25390,2709,89258506.0,2981.0,11.74,165.05,-147.95,1540146600.0,0.0,3.8603051151660184,13602.86,-0.7433924321074259,0.5069147638695846,2.34,-74.1060756613528,42.40571468058923,-96.75597795792984,259.85,4543.9,4284.049999999999,88127.2,89370.8,-12106.5,4490.6,16.35,2018,202951.0,205888.6,-23335.2,22161.7,80.75999999999999,395306.66000000003,401704.75,-51921.8,34985.1,125.21999999999998,0.0,0.0,0.0,0.0,0.0,212.3577981651376,3479.0,3479.0,3263.7,3343.0
2018-10-19,3640.0,3652.5,3529.05,3609.45,3594.598843043504,33882,3409,121792198.0,3231.0,9.54,123.45,-30.55,1539887400.0,0.0,3.957316282887624,13704.74,-1.314298140885961,0.5076042237670495,2.31,-75.09177298480378,41.34708137476524,-97.21716037417264,259.85,4543.9,4284.049999999999,88127.2,89370.8,-12106.5,4490.6,16.35,2018,202951.0,205888.6,-23335.2,22161.7,80.75999999999999,395306.66000000003,401704.75,-51921.8,34985.1,125.21999999999998,0.0,0.0,0.0,0.0,0.0,220.76146788990823,3620.0,3620.05,3455.0,3472.05
2018-10-17,3785.55,3792.95,3720.55,3730.4,3761.283209169055,8725,794,32817196.0,1910.0,21.89,72.4,-55.15,1539714600.0,0.0,3.3509260413636444,13887.26,-1.5899651563993644,0.5082147728590294,2.31,-75.89936736006862,39.48935931206013,-97.1044670078915,259.85,4543.9,4284.049999999999,88127.2,89370.8,-12106.5,4490.6,16.35,2018,202951.0,205888.6,-23335.2,22161.7,80.75999999999999,395306.66000000003,401704.75,-51921.8,34985.1,125.21999999999998,0.0,0.0,0.0,0.0,0.0,228.15902140672782,3640.0,3652.5,3529.05,3609.45
2018-10-16,3731.95,3811.05,3705.2,3754.25,3768.971688384737,10667,1018,40203621.0,2399.0,22.49,105.85,22.3,1539628200.0,0.0,0.6393416255629392,14111.63,0.9527522722476256,0.5085241019336022,2.3,-76.05247386295531,37.27152710211365,-96.13633827580429,259.85,4543.9,4284.049999999999,88127.2,89370.8,-12106.5,4490.6,16.35,2018,202951.0,205888.6,-23335.2,22161.7,80.75999999999999,395306.66000000003,401704.75,-51921.8,34985.1,125.21999999999998,0.0,0.0,0.0,0.0,0.0,229.6177370030581,3785.55,3792.95,3720.55,3730.4
2018-10-15,3835.0,3835.0,3665.75,3711.1,3710.653220734884,11131,1122,41303281.0,2003.0,17.99,169.25,-123.9,1539541800.0,0.0,-1.149364054072055,13978.45,0.5202752748793671,0.5084651680218797,2.31,-75.77402926356068,38.57938469572806,-96.52574804692424,259.85,4543.9,4284.049999999999,88127.2,89370.8,-12106.5,4490.6,16.35,2018,202951.0,205888.6,-23335.2,22161.7,80.75999999999999,395306.66000000003,401704.75,-51921.8,34985.1,125.21999999999998,0.0,0.0,0.0,0.0,0.0,226.97859327217122,3731.95,3811.05,3705.2,3754.25
2018-10-12,3702.15,3820.0,3702.15,3796.3,3779.651777393157,15022,1322,56777929.0,5347.0,35.59,117.85,94.15,1539282600.0,0.0,2.2958152569319212,13906.1,2.274649513636273,0.5085047402747469,2.28,-76.31773042172642,39.3003789703799,-97.42276861493215,259.85,4543.9,4284.049999999999,88127.2,89370.8,-12106.5,4490.6,16.35,2018,202951.0,205888.6,-23335.2,22161.7,80.75999999999999,395306.66000000003,401704.75,-51921.8,34985.1,125.21999999999998,0.0,0.0,0.0,0.0,0.0,232.18960244648318,3835.0,3835.0,3665.75,3711.1
2018-10-11,3720.0,3720.05,3640.0,3697.9,3676.5990436341904,16730,1447,61509502.0,6528.0,39.02,80.05,-22.1,1539196200.0,0.0,-2.591997471221985,13596.82,-2.056784334064488,0.5082856580219782,2.27,-75.68755239460233,42.46897436312314,-98.39011453057101,259.85,4543.9,4284.049999999999,88127.2,89370.8,-12106.5,4490.6,16.35,2018,202951.0,205888.6,-23335.2,22161.7,80.75999999999999,395306.66000000003,401704.75,-51921.8,34985.1,125.21999999999998,0.0,0.0,0.0,0.0,0.0,226.17125382262995,3702.15,3820.0,3702.15,3796.3
2018-10-10,3755.05,3829.55,3727.65,3785.0,3782.514505353712,10927,1231,41331536.0,2434.0,22.28,101.9,29.95,1539109800.0,0.0,2.355390897536447,13882.35,2.1861032758793364,0.5081807899334716,2.27,-76.24702774108323,39.53869481752008,-97.45626251324006,259.85,4543.9,4284.049999999999,88127.2,89370.8,-12106.5,4490.6,16.35,2018,202951.0,205888.6,-23335.2,22161.7,80.75999999999999,395306.66000000003,401704.75,-51921.8,34985.1,125.21999999999998,0.0,0.0,0.0,0.0,0.0,231.49847094801223,3720.0,3720.05,3640.0,3697.9
2018-10-09,3770.55,3860.0,3749.25,3781.2,3789.863262612933,9851,930,37333943.0,2058.0,20.89,110.75,10.65,1539023400.0,0.0,-0.10039630118890974,13585.36,-0.4930171167983999,0.5080133303672745,2.25,-76.22315666984026,42.58915479604515,-98.96598504198018,259.85,4543.9,4284.049999999999,88127.2,89370.8,-12106.5,4490.6,16.35,2018,202951.0,205888.6,-23335.2,22161.7,80.75999999999999,395306.66000000003,401704.75,-51921.8,34985.1,125.21999999999998,0.0,0.0,0.0,0.0,0.0,231.26605504587152,3755.05,3829.55,3727.65,3785.0
2018-10-08,3790.0,3790.0,3695.8,3757.95,3747.698606741573,11125,987,41693147.0,3414.0,30.69,94.2,-32.05,1538937000.0,0.0,-0.6148841637575342,13652.67,-0.2724622479085004,0.5079856773946424,,-76.07605210287524,41.88616585620248,,259.85,4543.9,4284.049999999999,88127.2,89370.8,-12106.5,4490.6,16.35,2018,202951.0,205888.6,-23335.2,22161.7,80.75999999999999,395306.66000000003,401704.75,-51921.8,34985.1,125.21999999999998,0.0,0.0,0.0,0.0,0.0,229.84403669724767,3770.55,3860.0,3749.25,3781.2
2018-10-05,3960.0,3960.0,3780.0,3802.9,3827.7359398496246,33250,2398,127272220.0,21231.0,63.85,180.0,-157.1,1538677800.0,0.0,1.1961308692239214,13689.97,-2.5441097431188164,0.5079929555887818,2.23,-76.35883141812828,41.49957961923949,-98.53750123363474,259.85,4543.9,4284.049999999999,88127.2,89370.8,-12106.5,4490.6,16.35,2018,202951.0,205888.6,-23335.2,22161.7,80.75999999999999,395306.66000000003,401704.75,-51921.8,34985.1,125.21999999999998,0.0,0.0,0.0,0.0,0.0,232.5932721712538,3790.0,3790.0,3695.8,3757.95
2018-10-04,3859.95,3949.9,3780.1,3936.5,3867.192489680861,9933,1073,38412823.0,1400.0,14.09,169.8,76.55,1538591400.0,0.0,3.513108417260513,14047.35,-2.214204517372609,0.5074124863229104,2.22,-77.16118379270927,37.89967502767426,-97.48549640969492,259.85,4543.9,4284.049999999999,88127.2,89370.8,-12106.5,4490.6,16.35,2018,202951.0,205888.6,-23335.2,22161.7,80.75999999999999,395306.66000000003,401704.75,-51921.8,34985.1,125.21999999999998,0.0,0.0,0.0,0.0,0.0,240.76452599388378,3960.0,3960.0,3780.0,3802.9
2018-10-03,3940.0,3980.0,3814.55,3864.45,3861.11537414966,11025,1187,42568797.0,1791.0,16.24,165.45,-75.55,1538505000.0,0.0,-1.8303061094881334,14365.43,-1.1567717453753512,0.5075400116711895,2.23,-76.73536984564426,34.846294193769346,-95.51944418142091,259.85,4543.9,4284.049999999999,88127.2,89370.8,-12106.5,4490.6,16.35,2018,202951.0,205888.6,-23335.2,22161.7,80.75999999999999,395306.66000000003,401704.75,-51921.8,34985.1,125.21999999999998,0.0,0.0,0.0,0.0,0.0,236.35779816513758,3859.95,3949.9,3780.1,3936.5
2018-10-01,4055.0,4055.0,3860.0,3946.95,3919.818398967076,15490,1297,60717987.0,2599.0,16.78,195.0,-108.05,1538332200.0,0.0,2.1348445445018127,14533.55,0.6068161947792694,0.5075596120067528,2.23,-77.22165216179582,33.286430362850105,-95.21464190707876,259.85,4543.9,4284.049999999999,88127.2,89370.8,-12106.5,4490.6,16.35,2018,202951.0,205888.6,-23335.2,22161.7,80.75999999999999,395306.66000000003,401704.75,-51921.8,34985.1,125.21999999999998,0.0,0.0,0.0,0.0,0.0,241.40366972477062,3940.0,3980.0,3814.55,3864.45
2018-09-28,4120.0,4147.0,4021.0,4055.75,4059.080671217884,38378,1439,155779398.0,25333.0,66.01,126.0,-64.25,1538073000.0,10.5,2.7565588619060444,14445.89,-0.9933636400396684,0.5077632643204301,2.19,-77.83270665105097,34.09523400773509,-96.22301241972573,259.85,4543.9,4284.049999999999,77712.7,79905.6,-10583.2,3908.0,14.23,2018,193129.9,195774.90000000002,-23896.0,14665.300000000001,53.43,383616.36,389617.95,-48894.6,33044.200000000004,119.27,0.0,0.0,0.0,0.0,0.0,285.0140548137737,4055.0,4055.0,3860.0,3946.95
2018-09-27,4100.0,4208.0,4025.0,4114.3,4107.058283994953,20606,2042,84630043.0,8413.0,40.83,183.0,14.3,1537986600.0,10.5,1.443629415028047,14590.83,-1.0522182640839928,0.5080473870904465,2.18,-78.14816615220086,32.763180710076135,-95.86587120086999,259.85,4543.9,4284.049999999999,77712.7,79905.6,-10583.2,3908.0,14.23,2018,193129.9,195774.90000000002,-23896.0,14665.300000000001,53.43,383616.36,389617.95,-48894.6,33044.200000000004,119.27,0.0,0.0,0.0,0.0,0.0,289.12860154602953,4120.0,4147.0,4021.0,4055.75
2018-09-26,4028.1,4096.75,4028.0,4067.3,4045.4925046319686,35622,823,144108534.0,26907.0,75.53,68.75,39.2,1537900200.0,10.5,-1.1423571445932534,14745.99,-0.0372843692399871,0.5080389229598404,2.2,-77.89565559462051,31.36622227466585,-94.91323174584906,259.85,4543.9,4284.049999999999,77712.7,79905.6,-10583.2,3908.0,14.23,2018,193129.9,195774.90000000002,-23896.0,14665.300000000001,53.43,383616.36,389617.95,-48894.6,33044.200000000004,119.27,0.0,0.0,0.0,0.0,0.0,285.8257203092059,4100.0,4208.0,4025.0,4114.3
2018-09-25,3990.0,4047.1,3953.85,4028.1,3993.854058376649,7503,849,29965887.0,1542.0,20.55,93.25,38.1,1537813800.0,10.5,-0.9637843286701364,14751.49,0.661913174733475,0.5080994849436666,2.21,-77.68054417715548,31.317243207296343,-94.67991945891279,259.85,4543.9,4284.049999999999,77712.7,79905.6,-10583.2,3908.0,14.23,2018,193129.9,195774.90000000002,-23896.0,14665.300000000001,53.43,383616.36,389617.95,-48894.6,33044.200000000004,119.27,0.0,0.0,0.0,0.0,0.0,283.07097680955724,4028.1,4096.75,4028.0,4067.3
2018-09-24,4077.95,4077.95,3930.0,3986.65,3972.1922053606622,20296,2539,80619613.0,5755.0,28.36,147.95,-91.3,1537727400.0,10.5,-1.0290211265857274,14654.49,-1.9464195982841548,0.5081048015994969,2.22,-77.44848431640601,32.186449340782254,-94.89458111334555,259.85,4543.9,4284.049999999999,77712.7,79905.6,-10583.2,3908.0,14.23,2018,193129.9,195774.90000000002,-23896.0,14665.300000000001,53.43,383616.36,389617.95,-48894.6,33044.200000000004,119.27,0.0,0.0,0.0,0.0,0.0,280.1581166549543,3990.0,4047.1,3953.85,4028.1
2018-09-21,4086.4,4097.15,3910.0,4077.95,4041.340131161413,23635,1496,95517074.0,8736.0,36.96,187.15,-8.45,1537468200.0,10.5,2.290143353442109,14945.39,-1.2791431953413257,0.5077643330133141,2.18,-77.95338344020892,29.613546384537305,-94.06315982234332,259.85,4543.9,4284.049999999999,77712.7,79905.6,-10583.2,3908.0,14.23,2018,193129.9,195774.90000000002,-23896.0,14665.300000000001,53.43,383616.36,389617.95,-48894.6,33044.200000000004,119.27,0.0,0.0,0.0,0.0,0.0,286.57413914265635,4077.95,4077.95,3930.0,3986.65
2018-09-19,4065.05,4088.35,4040.0,4050.3,4064.616689098251,3715,486,15100051.0,1251.0,33.67,48.35,-14.75,1537295400.0,10.5,-0.6780367586655012,15139.04,-0.5188592456301655,0.5078626532764431,2.16,-77.80287879910131,27.95560352571893,-93.06350244854009,259.85,4543.9,4284.049999999999,77712.7,79905.6,-10583.2,3908.0,14.23,2018,193129.9,195774.90000000002,-23896.0,14665.300000000001,53.43,383616.36,389617.95,-48894.6,33044.200000000004,119.27,0.0,0.0,0.0,0.0,0.0,284.6310611384399,4086.4,4097.15,3910.0,4077.95
2018-09-18,4103.5,4111.0,4028.25,4061.4,4067.020626151013,16290,949,66251766.0,8150.0,50.03,82.75,-42.1,1537209000.0,10.5,0.2740537737945248,15218.0,-1.0320166433738345,0.5078520498896659,2.17,-77.86354459053528,27.29169404652385,-92.79164840876344,259.85,4543.9,4284.049999999999,77712.7,79905.6,-10583.2,3908.0,14.23,2018,193129.9,195774.90000000002,-23896.0,14665.300000000001,53.43,383616.36,389617.95,-48894.6,33044.200000000004,119.27,0.0,0.0,0.0,0.0,0.0,285.41110330288126,4065.05,4088.35,4040.0,4050.3
2018-09-17,4177.7,4177.7,4095.0,4105.75,4125.782630777044,5907,656,24370998.0,1836.0,31.08,82.7,-71.95,1537122600.0,10.5,1.091987984438858,15376.69,-0.9772391817851612,0.5077427013203399,2.16,-78.10266090239298,25.978022578331217,-92.35608802642372,259.85,4543.9,4284.049999999999,77712.7,79905.6,-10583.2,3908.0,14.23,2018,193129.9,195774.90000000002,-23896.0,14665.300000000001,53.43,383616.36,389617.95,-48894.6,33044.200000000004,119.27,0.0,0.0,0.0,0.0,0.0,288.52775825720306,4103.5,4111.0,4028.25,4061.4
2018-09-14,4110.3,4197.0,4099.05,4188.45,4148.263697979351,15787,1439,65488639.0,4415.0,27.97,97.95,78.15,1536863400.0,10.5,2.014248310296529,15528.44,1.3218842674305176,0.5077035007373258,2.16,-78.53501892108059,24.7469159812576,-92.16247523562492,259.85,4543.9,4284.049999999999,77712.7,79905.6,-10583.2,3908.0,14.23,2018,193129.9,195774.90000000002,-23896.0,14665.300000000001,53.43,383616.36,389617.95,-48894.6,33044.200000000004,119.27,0.0,0.0,0.0,0.0,0.0,294.33942375263524,4177.7,4177.7,4095.0,4105.75
2018-09-12,4100.0,4131.0,4054.5,4096.6,4096.083312973368,8186,847,33530538.0,2092.0,25.56,76.5,-3.4,1536690600.0,10.5,-2.1929353340734536,15325.85,0.6003522293967833,0.5077532809478856,2.16,-78.05375189181272,26.39592583771861,-92.51962275272398,259.85,4543.9,4284.049999999999,77712.7,79905.6,-10583.2,3908.0,14.23,2018,193129.9,195774.90000000002,-23896.0,14665.300000000001,53.43,383616.36,389617.95,-48894.6,33044.200000000004,119.27,0.0,0.0,0.0,0.0,0.0,287.88475052705553,4110.3,4197.0,4099.05,4188.45
2018-09-11,4153.3,4182.3,4090.0,4105.6,4126.872579698807,10226,1084,42201399.0,4553.0,44.52,92.3,-47.7,1536604200.0,10.5,0.21969438070594816,15234.39,-1.4065738917260373,0.5079556051129406,2.15,-78.10186087295402,27.154746596352062,-92.95316206099977,259.85,4543.9,4284.049999999999,77712.7,79905.6,-10583.2,3908.0,14.23,2018,193129.9,195774.90000000002,-23896.0,14665.300000000001,53.43,383616.36,389617.95,-48894.6,33044.200000000004,119.27,0.0,0.0,0.0,0.0,0.0,288.51721714687284,4100.0,4131.0,4054.5,4096.6
2018-09-10,4260.0,4260.0,4141.2,4154.5,4155.107729395812,19911,1573,82732350.0,12940.0,64.99,118.8,-105.5,1536517800.0,10.5,1.1910561184723223,15451.73,-1.3297598909831845,0.5077511875287746,2.14,-78.35961006137923,25.366221128637378,-92.29275142125077,259.85,4543.9,4284.049999999999,77712.7,79905.6,-10583.2,3908.0,14.23,2018,193129.9,195774.90000000002,-23896.0,14665.300000000001,53.43,383616.36,389617.95,-48894.6,33044.200000000004,119.27,0.0,0.0,0.0,0.0,0.0,291.9536191145467,4153.3,4182.3,4090.0,4105.6
2018-09-07,4150.05,4285.0,4150.05,4270.9,4226.121585903084,11350,1284,47966480.0,4326.0,38.11,134.95,120.85,1536258600.0,10.5,2.801781201107234,15659.97,0.6223045250566717,0.5076402686184481,2.14,-78.94940176543585,23.699151403227468,-92.03369517495604,259.85,4543.9,4284.049999999999,77712.7,79905.6,-10583.2,3908.0,14.23,2018,193129.9,195774.90000000002,-23896.0,14665.300000000001,53.43,383616.36,389617.95,-48894.6,33044.200000000004,119.27,0.0,0.0,0.0,0.0,0.0,300.1335207308503,4260.0,4260.0,4141.2,4154.5
2018-09-06,4190.1,4274.7,4125.0,4145.25,4183.370424407483,30843,4183,129027694.0,11443.0,37.1,149.7,-44.85,1536172200.0,10.5,-2.9420028565407708,15563.12,0.4989716418536849,0.5080115340749272,2.13,-78.31132018575478,24.46893681986644,-91.78975774921801,259.85,4543.9,4284.049999999999,77712.7,79905.6,-10583.2,3908.0,14.23,2018,193129.9,195774.90000000002,-23896.0,14665.300000000001,53.43,383616.36,389617.95,-48894.6,33044.200000000004,119.27,0.0,0.0,0.0,0.0,0.0,291.3035839775123,4150.05,4285.0,4150.05,4270.9
2018-09-05,4175.0,4250.0,4111.05,4172.75,4156.248898915028,9309,1133,38690521.0,2699.0,28.99,138.95,-2.25,1536085800.0,10.5,0.6634099270249161,15485.85,-0.4038935856167547,0.5084146688819123,2.14,-78.45425678509376,25.09000151751437,-92.26237420746021,259.85,4543.9,4284.049999999999,77712.7,79905.6,-10583.2,3908.0,14.23,2018,193129.9,195774.90000000002,-23896.0,14665.300000000001,53.43,383616.36,389617.95,-48894.6,33044.200000000004,119.27,0.0,0.0,0.0,0.0,0.0,293.23612087139844,4190.1,4274.7,4125.0,4145.25
2018-09-04,4350.0,4350.0,4181.95,4201.7,4243.180789022297,8745,940,37106616.0,2313.0,26.45,168.05,-148.3,1535999400.0,10.5,0.6937870708765059,15548.65,-1.2001883395933222,0.5084194317317884,2.13,-78.60270842754123,24.58477102513723,-92.14915035180893,259.85,4543.9,4284.049999999999,77712.7,79905.6,-10583.2,3908.0,14.23,2018,193129.9,195774.90000000002,-23896.0,14665.300000000001,53.43,383616.36,389617.95,-48894.6,33044.200000000004,119.27,0.0,0.0,0.0,0.0,0.0,295.27055516514406,4175.0,4250.0,4111.05,4172.75
2018-09-03,4471.0,4471.0,4344.0,4369.45,4411.435147000133,7517,767,33160758.0,3721.0,49.5,127.0,-101.55,1535913000.0,10.5,3.992431634814486,15737.53,-0.6857795559818802,0.5082930037453054,,-79.42418382176245,23.089519130384502,,259.85,4543.9,4284.049999999999,77712.7,79905.6,-10583.2,3908.0,14.23,2018,193129.9,195774.90000000002,-23896.0,14665.300000000001,53.43,383616.36,389617.95,-48894.6,33044.200000000004,119.27,0.0,0.0,0.0,0.0,0.0,307.05903021784957,4350.0,4350.0,4181.95,4201.7
2018-08-31,4414.5,4490.0,4401.05,4470.15,4446.285264341958,8890,1061,39527476.0,2665.0,29.98,88.95,55.65,1535653800.0,10.5,2.304637883486471,15846.2,0.1678292503310752,0.5090576501066464,2.11,-79.88769951791326,22.24539637263192,-92.24777707933116,259.85,4543.9,4284.049999999999,77712.7,79905.6,-10583.2,3908.0,14.23,2018,193129.9,195774.90000000002,-23896.0,14665.300000000001,53.43,383616.36,389617.95,-48894.6,33044.200000000004,119.27,0.0,0.0,0.0,0.0,0.0,314.13562895291636,4471.0,4471.0,4344.0,4369.45
2018-08-30,4419.0,4449.95,4400.0,4429.2,4441.234181593128,54936,2449,243983641.0,35548.0,64.71,49.95,10.2,1535567400.0,10.5,-0.916076641723429,15819.65,0.0200423861693721,0.509333265660132,2.11,-79.70175200939221,22.45055990492837,-92.17187581112492,259.85,4543.9,4284.049999999999,77712.7,79905.6,-10583.2,3908.0,14.23,2018,193129.9,195774.90000000002,-23896.0,14665.300000000001,53.43,383616.36,389617.95,-48894.6,33044.200000000004,119.27,0.0,0.0,0.0,0.0,0.0,311.25790583274767,4414.5,4490.0,4401.05,4470.15
2018-08-29,4426.95,4427.9,4378.95,4405.05,4407.005245535714,8960,633,39486767.0,2890.0,32.25,48.95,-21.9,1535481000.0,10.5,-0.5452451910051392,15816.48,-0.1411719545118206,0.5093719423110648,2.13,-79.59047002871704,22.475101919011053,-92.08369410972027,259.85,4543.9,4284.049999999999,77712.7,79905.6,-10583.2,3908.0,14.23,2018,193129.9,195774.90000000002,-23896.0,14665.300000000001,53.43,383616.36,389617.95,-48894.6,33044.200000000004,119.27,0.0,0.0,0.0,0.0,0.0,309.56078706957135,4419.0,4449.95,4400.0,4429.2
2018-08-28,4380.0,4457.3,4348.65,4428.75,4419.871256684492,22440,1670,99181911.0,7709.0,34.35,108.65,48.75,1535394600.0,10.5,0.5380188647120976,15838.84,0.2686053350096751,0.5093813865688112,2.13,-79.69968952864804,22.30220142384165,-92.10503346006985,259.85,4543.9,4284.049999999999,77712.7,79905.6,-10583.2,3908.0,14.23,2018,193129.9,195774.90000000002,-23896.0,14665.300000000001,53.43,383616.36,389617.95,-48894.6,33044.200000000004,119.27,0.0,0.0,0.0,0.0,0.0,311.2262825017568,4426.95,4427.9,4378.95,4405.05
2018-08-27,4319.35,4378.5,4319.35,4373.3,4353.787577506949,9354,554,40725329.0,4234.0,45.26,59.15,53.95,1535308200.0,10.5,-1.25204628845611,15796.41,1.0697917553094571,0.5093932991437248,2.12,-79.44229757848764,22.630711661700342,-92.01031665962685,259.85,4543.9,4284.049999999999,77712.7,79905.6,-10583.2,3908.0,14.23,2018,193129.9,195774.90000000002,-23896.0,14665.300000000001,53.43,383616.36,389617.95,-48894.6,33044.200000000004,119.27,0.0,0.0,0.0,0.0,0.0,307.3295853829937,4380.0,4457.3,4348.65,4428.75
2018-08-24,4348.9,4392.45,4286.55,4319.35,4341.011697247705,13080,1059,56780433.0,3113.0,23.8,105.9,-29.55,1535049000.0,10.5,-1.233622207486329,15629.21,-0.2206365389685993,0.5093635487141537,2.09,-79.18552559991664,23.942604904534527,-92.40644598273867,259.85,4543.9,4284.049999999999,77712.7,79905.6,-10583.2,3908.0,14.23,2018,193129.9,195774.90000000002,-23896.0,14665.300000000001,53.43,383616.36,389617.95,-48894.6,33044.200000000004,119.27,0.0,0.0,0.0,0.0,0.0,303.5382993675334,4319.35,4378.5,4319.35,4373.3
2018-08-23,4370.0,4380.0,4308.6,4347.75,4339.799470841143,9071,1132,39366321.0,3361.0,37.05,71.4,-22.25,1534962600.0,10.5,0.6575063377591395,15663.77,0.154031284527556,0.5094285722015574,2.08,-79.32148812604221,23.66914223076564,-92.39961402771749,259.85,4543.9,4284.049999999999,77712.7,79905.6,-10583.2,3908.0,14.23,2018,193129.9,195774.90000000002,-23896.0,14665.300000000001,53.43,383616.36,389617.95,-48894.6,33044.200000000004,119.27,0.0,0.0,0.0,0.0,0.0,305.53408292340123,4348.9,4392.45,4286.55,4319.35
2018-08-21,4300.5,4390.0,4300.5,4338.85,4354.664161624049,20492,1669,89235778.0,4361.0,21.28,89.5,38.35,1534789800.0,10.5,-0.20470358231268193,15639.68,0.2164565965436127,0.5094518882011501,2.08,-79.27907164340782,23.85963139910792,-92.4547459840084,259.85,4543.9,4284.049999999999,77712.7,79905.6,-10583.2,3908.0,14.23,2018,193129.9,195774.90000000002,-23896.0,14665.300000000001,53.43,383616.36,389617.95,-48894.6,33044.200000000004,119.27,0.0,0.0,0.0,0.0,0.0,304.90864371047087,4370.0,4380.0,4308.6,4347.75
2018-08-20,4282.05,4339.15,4268.0,4300.7,4313.006542056074,12840,969,55379004.0,3390.0,26.4,71.15,18.65,1534703400.0,10.5,-0.8792652430943848,15605.9,0.7143497893865369,0.5094503708932729,2.06,-79.09526356174577,24.127733741725898,-92.39767870124203,259.85,4543.9,4284.049999999999,77712.7,79905.6,-10583.2,3908.0,14.23,2018,193129.9,195774.90000000002,-23896.0,14665.300000000001,53.43,383616.36,389617.95,-48894.6,33044.200000000004,119.27,0.0,0.0,0.0,0.0,0.0,302.2276879831342,4300.5,4390.0,4300.5,4338.85
2018-08-17,4213.5,4312.0,4209.65,4281.7,4250.2493167963,14271,1422,60655308.0,3267.0,22.89,102.35,68.2,1534444200.0,10.5,-0.44178854605064766,15495.21,0.8753478834041317,0.5094416490230177,2.05,-79.0024990074036,25.014439946280188,-92.75154116252664,259.85,4543.9,4284.049999999999,77712.7,79905.6,-10583.2,3908.0,14.23,2018,193129.9,195774.90000000002,-23896.0,14665.300000000001,53.43,383616.36,389617.95,-48894.6,33044.200000000004,119.27,0.0,0.0,0.0,0.0,0.0,300.89248067463103,4282.05,4339.15,4268.0,4300.7
2018-08-16,4273.0,4273.0,4202.35,4212.55,4235.737704607456,105568,1290,447158358.0,97818.0,92.66,70.65,-60.45,1534357800.0,10.5,-1.6150127285891047,15360.75,-0.4176936671079434,0.5093815011125123,2.07,-78.65782008522154,26.108751200299476,-92.9727152565003,259.85,4543.9,4284.049999999999,77712.7,79905.6,-10583.2,3908.0,14.23,2018,193129.9,195774.90000000002,-23896.0,14665.300000000001,53.43,383616.36,389617.95,-48894.6,33044.200000000004,119.27,0.0,0.0,0.0,0.0,0.0,296.03302881236823,4213.5,4312.0,4209.65,4281.7
2018-08-14,4200.0,4337.8,4196.8,4296.25,4310.409488425264,34990,2392,150821228.0,19024.0,54.37,141.0,96.25,1534185000.0,10.5,1.9869200365574269,15425.18,0.6665779114327197,0.5094858402125957,2.08,-79.07361070701194,25.5820029328669,-93.12754841794252,259.85,4543.9,4284.049999999999,77712.7,79905.6,-10583.2,3908.0,14.23,2018,193129.9,195774.90000000002,-23896.0,14665.300000000001,53.43,383616.36,389617.95,-48894.6,33044.200000000004,119.27,0.0,0.0,0.0,0.0,0.0,301.914968376669,4273.0,4273.0,4202.35,4212.55
2018-08-13,4229.05,4229.05,4180.0,4199.3,4200.0363391655455,18575,719,78015675.0,12818.0,69.01,49.05,-29.75,1534098600.0,10.5,-2.256619144602845,15323.04,-0.649540109004465,0.5096547454649044,2.06,-78.59047936560856,26.41910482515217,-93.06521273502442,259.85,4543.9,4284.049999999999,77712.7,79905.6,-10583.2,3908.0,14.23,2018,193129.9,195774.90000000002,-23896.0,14665.300000000001,53.43,383616.36,389617.95,-48894.6,33044.200000000004,119.27,0.0,0.0,0.0,0.0,0.0,295.10189739985947,4200.0,4337.8,4196.8,4296.25
2018-08-10,4315.0,4337.95,4229.0,4243.25,4287.906137928192,24259,1483,104020315.0,8196.0,33.79,108.95,-71.75,1533839400.0,10.5,1.0466030052627806,15423.22,-0.4965745581183234,0.509855760085985,2.05,-78.81223119071467,25.597962033868416,-92.86829527196856,259.85,4543.9,4284.049999999999,77712.7,79905.6,-10583.2,3908.0,14.23,2018,193129.9,195774.90000000002,-23896.0,14665.300000000001,53.43,383616.36,389617.95,-48894.6,33044.200000000004,119.27,0.0,0.0,0.0,0.0,0.0,298.1904427266339,4229.05,4229.05,4180.0,4199.3
2018-08-09,4241.85,4330.0,4217.55,4301.35,4281.7219370676185,17924,1616,76745584.0,4958.0,27.66,112.45,59.5,1533753000.0,10.5,1.3692334884817248,15500.19,0.3225816890879418,0.5098861815133391,2.06,-79.09842258825718,24.974274508893117,-92.84209451974513,259.85,4543.9,4284.049999999999,77712.7,79905.6,-10583.2,3908.0,14.23,2018,193129.9,195774.90000000002,-23896.0,14665.300000000001,53.43,383616.36,389617.95,-48894.6,33044.200000000004,119.27,0.0,0.0,0.0,0.0,0.0,302.27336612789884,4315.0,4337.95,4229.0,4243.25
2018-08-08,4209.85,4255.0,4199.2,4240.65,4240.848006124295,14369,1279,60936745.0,6732.0,46.85,55.8,30.8,1533666600.0,10.5,-1.4111848605670496,15450.35,0.3851584067904312,0.5099788360547686,2.06,-78.79924068244254,25.377418634529317,-92.75063069748158,259.85,4543.9,4284.049999999999,77712.7,79905.6,-10583.2,3908.0,14.23,2018,193129.9,195774.90000000002,-23896.0,14665.300000000001,53.43,383616.36,389617.95,-48894.6,33044.200000000004,119.27,0.0,0.0,0.0,0.0,0.0,298.0077301475755,4241.85,4330.0,4217.55,4301.35
2018-08-07,4177.05,4264.0,4143.0,4209.85,4241.177600944058,62708,2465,265955765.0,29135.0,46.46,121.0,32.8,1533580200.0,10.5,-0.7263037506042513,15391.07,-0.0851716318741924,0.5100627330366715,2.06,-78.64413221373682,25.860320302617048,-92.84378863443786,259.85,4543.9,4284.049999999999,77712.7,79905.6,-10583.2,3908.0,14.23,2018,193129.9,195774.90000000002,-23896.0,14665.300000000001,53.43,383616.36,389617.95,-48894.6,33044.200000000004,119.27,0.0,0.0,0.0,0.0,0.0,295.8432888264231,4209.85,4255.0,4199.2,4240.65
2018-08-06,4155.0,4204.05,4142.85,4177.05,4176.377960261017,40917,1352,170884857.0,31529.0,77.06,61.2,22.05,1533493800.0,10.5,-0.7791251469767335,15404.19,0.2802526374995784,0.5100850308007856,2.05,-78.47643671969452,25.75312301393322,-92.61704495233145,259.85,4543.9,4284.049999999999,77712.7,79905.6,-10583.2,3908.0,14.23,2018,193129.9,195774.90000000002,-23896.0,14665.300000000001,53.43,383616.36,389617.95,-48894.6,33044.200000000004,119.27,0.0,0.0,0.0,0.0,0.0,293.5382993675334,4177.05,4264.0,4143.0,4209.85
2018-08-03,4198.0,4218.85,4160.0,4175.35,4205.557317491146,43765,1634,184056216.0,26673.0,60.95,58.85,-22.65,1533234600.0,10.5,-0.04069857914077435,15361.14,0.928526092949844,0.5101073536844094,2.01,-78.46767336869964,26.10554945791783,-92.7689903382499,259.85,4543.9,4284.049999999999,77712.7,79905.6,-10583.2,3908.0,14.23,2018,193129.9,195774.90000000002,-23896.0,14665.300000000001,53.43,383616.36,389617.95,-48894.6,33044.200000000004,119.27,0.0,0.0,0.0,0.0,0.0,293.4188334504568,4155.0,4204.05,4142.85,4177.05
2018-08-02,4172.75,4224.1,4150.7,4177.5,4184.293566377279,34786,1804,145554836.0,28794.0,82.77,73.4,4.75,1533148200.0,10.5,0.05149268923563266,15219.82,-0.6066851610948221,0.5100297973176948,2.02,-78.4787552363854,27.276472389292383,-93.38030873005614,259.85,4543.9,4284.049999999999,77712.7,79905.6,-10583.2,3908.0,14.23,2018,193129.9,195774.90000000002,-23896.0,14665.300000000001,53.43,383616.36,389617.95,-48894.6,33044.200000000004,119.27,0.0,0.0,0.0,0.0,0.0,293.56992269852424,4198.0,4218.85,4160.0,4175.35
2018-08-01,4199.95,4215.25,4158.65,4193.9,4191.849082674445,13027,622,54607218.0,8192.0,62.88,56.6,-6.05,1533061800.0,10.5,0.3925792938360262,15312.72,-0.0136469208563472,0.509988081910655,2.03,-78.56291280192661,26.504304917741607,-93.07451662302216,259.85,4543.9,4284.049999999999,77712.7,79905.6,-10583.2,3908.0,14.23,2018,193129.9,195774.90000000002,-23896.0,14665.300000000001,53.43,383616.36,389617.95,-48894.6,33044.200000000004,119.27,0.0,0.0,0.0,0.0,0.0,294.72241742796905,4172.75,4224.1,4150.7,4177.5
2018-07-31,4245.0,4245.0,4168.7,4189.95,4196.499377057933,22474,1028,94312127.0,14673.0,65.29,76.3,-55.05,1532975400.0,10.5,-0.09418441069171113,15314.81,0.3305741810165408,0.509997125849909,2.03,-78.5427033735486,26.4870409753696,-93.04572397778055,259.85,4543.9,4284.049999999999,77712.7,79905.6,-10583.2,3908.0,14.23,2018,193129.9,195774.90000000002,-23896.0,14665.300000000001,53.43,383616.36,389617.95,-48894.6,33044.200000000004,119.27,0.0,0.0,0.0,0.0,0.0,294.44483485593815,4199.95,4215.25,4158.65,4193.9
2018-07-30,4124.0,4243.0,4124.0,4235.8,4188.927015062665,34788,2091,145724393.0,15509.0,44.58,119.0,111.8,1532889000.0,10.5,1.0942851346674942,15264.35,0.4180040405741492,0.509989173897841,2.04,-78.7749657679777,26.905174475165985,-93.4959355573933,259.85,4543.9,4284.049999999999,77712.7,79905.6,-10583.2,3908.0,14.23,2018,193129.9,195774.90000000002,-23896.0,14665.300000000001,53.43,383616.36,389617.95,-48894.6,33044.200000000004,119.27,0.0,0.0,0.0,0.0,0.0,297.6669009135629,4245.0,4245.0,4168.7,4189.95
2018-07-27,4150.0,4185.7,4101.0,4124.35,4128.348827518279,26397,1754,108976024.0,11757.0,44.54,84.7,-25.65,1532629800.0,10.5,-2.631144057793089,15200.81,0.9356635834235184,0.5100402729394338,2.0,-78.20141355607551,27.43564323216987,-93.17461597260149,259.85,4543.9,4284.049999999999,77712.7,79905.6,-10583.2,3908.0,14.23,2018,193129.9,195774.90000000002,-23896.0,14665.300000000001,53.43,383616.36,389617.95,-48894.6,33044.200000000004,119.27,0.0,0.0,0.0,0.0,0.0,289.83485593815885,4124.0,4243.0,4124.0,4235.8
2018-07-26,4052.65,4168.0,4052.65,4139.65,4141.179844105676,72485,4514,300173421.0,44439.0,61.31,115.35,87.0,1532543400.0,10.5,0.3709675464012241,15059.9,0.4248412430090553,0.5103021584207132,1.99,-78.28198036065851,28.62801213819481,-93.86541545081649,259.85,4543.9,4284.049999999999,77712.7,79905.6,-10583.2,3908.0,14.23,2018,193129.9,195774.90000000002,-23896.0,14665.300000000001,53.43,383616.36,389617.95,-48894.6,33044.200000000004,119.27,0.0,0.0,0.0,0.0,0.0,290.9100491918482,4150.0,4185.7,4101.0,4124.35
2018-07-25,4110.0,4121.55,3990.0,4049.45,4040.458769359565,14334,1494,57915936.0,1837.0,12.82,131.55,-60.55,1532457000.0,10.5,-2.1789281702559338,14996.19,0.0114708956035158,0.5102962173339184,2.01,-77.79821951129165,29.17447698382056,-93.67014936198957,259.85,4543.9,4284.049999999999,77712.7,79905.6,-10583.2,3908.0,14.23,2018,193129.9,195774.90000000002,-23896.0,14665.300000000001,53.43,383616.36,389617.95,-48894.6,33044.200000000004,119.27,0.0,0.0,0.0,0.0,0.0,284.57132817990157,4052.65,4168.0,4052.65,4139.65
2018-07-24,4040.0,4225.0,4040.0,4136.8,4161.46691823258,39221,3551,163216894.0,7570.0,19.3,185.0,96.8,1532370600.0,10.5,2.157083060662579,14994.47,0.9373809341093552,0.5105288118920417,2.02,-78.26701798491588,29.18929445322176,-94.15772560206422,259.85,4543.9,4284.049999999999,77712.7,79905.6,-10583.2,3908.0,14.23,2018,193129.9,195774.90000000002,-23896.0,14665.300000000001,53.43,383616.36,389617.95,-48894.6,33044.200000000004,119.27,0.0,0.0,0.0,0.0,0.0,290.7097680955727,4110.0,4121.55,3990.0,4049.45
2018-07-23,3884.95,4039.2,3870.55,4007.9,3960.55327512724,24167,2085,95714691.0,9297.0,38.47,168.65,122.95,1532284200.0,10.5,-3.1159350222394133,14855.22,0.8136227692219888,0.5106938960542401,1.99,-77.5680530951371,30.40029026833666,-94.06701492030581,259.85,4543.9,4284.049999999999,77712.7,79905.6,-10583.2,3908.0,14.23,2018,193129.9,195774.90000000002,-23896.0,14665.300000000001,53.43,383616.36,389617.95,-48894.6,33044.200000000004,119.27,0.0,0.0,0.0,0.0,0.0,281.6514406184118,4040.0,4225.0,4040.0,4136.8
2018-07-20,3816.0,3900.05,3816.0,3884.25,3865.4454467206056,58090,980,224543726.0,39477.0,67.96,84.05,68.25,1532025000.0,10.5,-3.0851568152898023,14735.33,0.5300993407529209,0.511116828019761,1.99,-76.85396151123125,31.461256721091413,-93.90721676427155,259.85,4543.9,4284.049999999999,77712.7,79905.6,-10583.2,3908.0,14.23,2018,193129.9,195774.90000000002,-23896.0,14665.300000000001,53.43,383616.36,389617.95,-48894.6,33044.200000000004,119.27,0.0,0.0,0.0,0.0,0.0,272.96205200281094,3884.95,4039.2,3870.55,4007.9
2018-07-19,3840.0,3880.3,3785.8,3860.1,3846.2455634186167,18370,1528,70655531.0,6040.0,32.88,94.5,20.1,1531938600.0,10.5,-0.6217416489669891,14657.63,-0.3274222788590686,0.5115667721368968,2.0,-76.70915261262662,32.15813197631541,-94.13705084142883,259.85,4543.9,4284.049999999999,77712.7,79905.6,-10583.2,3908.0,14.23,2018,193129.9,195774.90000000002,-23896.0,14665.300000000001,53.43,383616.36,389617.95,-48894.6,33044.200000000004,119.27,0.0,0.0,0.0,0.0,0.0,271.26493323963456,3816.0,3900.05,3816.0,3884.25
2018-07-18,3922.0,3974.85,3812.1,3852.55,3899.58978277193,75911,5825,296021760.0,31108.0,40.98,162.75,-69.45,1531852200.0,10.5,-0.19559078780341244,14705.78,-0.5474503152488652,0.5115706082493956,2.0,-76.66350858522277,31.72541680890097,-93.87015814261905,259.85,4543.9,4284.049999999999,77712.7,79905.6,-10583.2,3908.0,14.23,2018,193129.9,195774.90000000002,-23896.0,14665.300000000001,53.43,383616.36,389617.95,-48894.6,33044.200000000004,119.27,0.0,0.0,0.0,0.0,0.0,270.7343640196767,3840.0,3880.3,3785.8,3860.1
2018-07-17,3872.7,3924.65,3855.0,3901.65,3901.803032354136,7387,826,28822619.0,1897.0,25.68,69.65,28.95,1531765800.0,10.5,1.2744805388638758,14786.73,0.9376512437053508,0.5115371169146186,2.02,-76.95718478079787,31.00428559931776,-93.80372267210278,259.85,4543.9,4284.049999999999,77712.7,79905.6,-10583.2,3908.0,14.23,2018,193129.9,195774.90000000002,-23896.0,14665.300000000001,53.43,383616.36,389617.95,-48894.6,33044.200000000004,119.27,0.0,0.0,0.0,0.0,0.0,274.1848208011244,3922.0,3974.85,3812.1,3852.55
2018-07-16,3969.0,3976.0,3836.0,3866.35,3913.43678001868,28907,997,113125717.0,22787.0,78.83,140.0,-102.65,1531679400.0,10.5,-0.9047454282162692,14649.37,-1.1952183173732478,0.511544893094034,2.01,-76.74680253986318,32.23264891254709,-94.2170442468506,259.85,4543.9,4284.049999999999,77712.7,79905.6,-10583.2,3908.0,14.23,2018,193129.9,195774.90000000002,-23896.0,14665.300000000001,53.43,383616.36,389617.95,-48894.6,33044.200000000004,119.27,0.0,0.0,0.0,0.0,0.0,271.7041461700632,3872.7,3924.65,3855.0,3901.65
2018-07-13,3968.95,4021.2,3950.4,3961.2,3972.632536973834,9669,1002,38411384.0,4845.0,50.11,70.8,-7.75,1531420200.0,10.5,2.453218151486536,14826.58,-0.3732664611853176,0.5114304760470348,1.98,-77.30359487024134,30.65218007119645,-93.94742157335965,259.85,4543.9,4284.049999999999,77712.7,79905.6,-10583.2,3908.0,14.23,2018,193129.9,195774.90000000002,-23896.0,14665.300000000001,53.43,383616.36,389617.95,-48894.6,33044.200000000004,119.27,0.0,0.0,0.0,0.0,0.0,278.36964160224875,3969.0,3976.0,3836.0,3866.35
2018-07-12,3969.7,4041.4,3940.0,3946.3,3995.299229728935,17007,1609,67948054.0,3714.0,21.84,101.4,-23.4,1531333800.0,10.5,-0.37614864182570207,14882.13,0.4161816948877961,0.5117290922221788,1.98,-77.21790031168436,30.164499302183238,-93.62072855432721,259.85,4543.9,4284.049999999999,77712.7,79905.6,-10583.2,3908.0,14.23,2018,193129.9,195774.90000000002,-23896.0,14665.300000000001,53.43,383616.36,389617.95,-48894.6,33044.200000000004,119.27,0.0,0.0,0.0,0.0,0.0,277.3225579761068,3968.95,4021.2,3950.4,3961.2
2018-07-11,3949.9,3962.5,3923.1,3950.9,3942.778770515684,10297,536,40598793.0,6863.0,66.65,39.4,1.0,1531247400.0,10.5,0.11656488356182049,14820.45,-0.1831939734570742,0.5117211695197985,1.97,-77.24442532081298,30.706220121521262,-93.9193574889762,259.85,4543.9,4284.049999999999,77712.7,79905.6,-10583.2,3908.0,14.23,2018,193129.9,195774.90000000002,-23896.0,14665.300000000001,53.43,383616.36,389617.95,-48894.6,33044.200000000004,119.27,0.0,0.0,0.0,0.0,0.0,277.6458186929023,3969.7,4041.4,3940.0,3946.3
2018-07-10,3907.5,3972.5,3907.5,3956.35,3937.08168226571,8227,713,32390371.0,2167.0,26.34,65.0,48.85,1531161000.0,10.5,0.13794325343592373,14847.65,0.8705452830970462,0.5117172172883421,1.99,-77.27577186042691,30.46677420332511,-93.83782751310088,259.85,4543.9,4284.049999999999,77712.7,79905.6,-10583.2,3908.0,14.23,2018,193129.9,195774.90000000002,-23896.0,14665.300000000001,53.43,383616.36,389617.95,-48894.6,33044.200000000004,119.27,0.0,0.0,0.0,0.0,0.0,278.0288123682361,3949.9,3962.5,3923.1,3950.9
2018-07-09,3954.0,4013.3,3900.0,3907.4,3928.451776649746,7683,827,30182295.0,2247.0,29.25,113.3,-46.6,1531074600.0,10.5,-1.2372515070709023,14719.51,0.9032927650205024,0.511650580870043,1.98,-76.99109382197882,31.60254655216104,-94.12748697224191,259.85,4543.9,4284.049999999999,77712.7,79905.6,-10583.2,3908.0,14.23,2018,193129.9,195774.90000000002,-23896.0,14665.300000000001,53.43,383616.36,389617.95,-48894.6,33044.200000000004,119.27,0.0,0.0,0.0,0.0,0.0,274.58889669711874,3907.5,3972.5,3907.5,3956.35
2018-07-06,3925.0,3994.95,3886.9,3951.2,3964.6749927669007,10369,967,41109715.0,2663.0,25.68,108.05,26.2,1530815400.0,10.5,1.1209499923222621,14587.74,0.2827462893416399,0.511650485099444,1.97,-77.24615306742255,32.79130283374945,-94.98588761370732,259.85,4543.9,4284.049999999999,77712.7,79905.6,-10583.2,3908.0,14.23,2018,193129.9,195774.90000000002,-23896.0,14665.300000000001,53.43,383616.36,389617.95,-48894.6,33044.200000000004,119.27,0.0,0.0,0.0,0.0,0.0,277.66690091356287,3954.0,4013.3,3900.0,3907.4
2018-07-05,3799.4,3951.1,3799.4,3924.4,3898.547171438428,23192,2118,90415106.0,3224.0,13.9,151.7,125.0,1530729000.0,10.5,-0.6782749544442135,14546.61,-0.2630104827092472,0.5117130736158628,1.96,-77.09076546733259,33.16676531508027,-95.01967526432121,259.85,4543.9,4284.049999999999,77712.7,79905.6,-10583.2,3908.0,14.23,2018,193129.9,195774.90000000002,-23896.0,14665.300000000001,53.43,383616.36,389617.95,-48894.6,33044.200000000004,119.27,0.0,0.0,0.0,0.0,0.0,275.78355586788473,3925.0,3994.95,3886.9,3951.2
2018-07-04,3752.0,3805.0,3727.95,3789.2,3778.869576314446,3918,401,14805611.0,719.0,18.35,77.05,37.2,1530642600.0,10.5,-3.445112628682101,14584.97,0.4790071813186358,0.5117247776875422,,-76.27335585347831,32.81652276281679,,259.85,4543.9,4284.049999999999,77712.7,79905.6,-10583.2,3908.0,14.23,2018,193129.9,195774.90000000002,-23896.0,14665.300000000001,53.43,383616.36,389617.95,-48894.6,33044.200000000004,119.27,0.0,0.0,0.0,0.0,0.0,266.2825017568517,3799.4,3951.1,3799.4,3924.4
2018-07-03,3774.4,3783.3,3734.2,3765.0,3758.125841532885,25103,853,94340233.0,18731.0,74.62,49.1,-9.4,1530556200.0,10.5,-0.6386572363559551,14515.44,0.4512730939230769,0.5123001075753117,1.98,-76.12084993359893,33.45272344482839,-94.22432954007256,259.85,4543.9,4284.049999999999,77712.7,79905.6,-10583.2,3908.0,14.23,2018,193129.9,195774.90000000002,-23896.0,14665.300000000001,53.43,383616.36,389617.95,-48894.6,33044.200000000004,119.27,0.0,0.0,0.0,0.0,0.0,264.5818692902319,3752.0,3805.0,3727.95,3789.2
2018-07-02,3810.0,3825.9,3735.0,3781.5,3777.4033635878272,3746,551,14150153.0,827.0,22.08,90.9,-28.5,1530469800.0,10.5,0.4382470119521864,14450.23,-0.539008048984968,0.5123021392886229,1.98,-76.22504297236546,34.054959678842486,-94.63711343343279,259.85,4543.9,4284.049999999999,77712.7,79905.6,-10583.2,3908.0,14.23,2018,193129.9,195774.90000000002,-23896.0,14665.300000000001,53.43,383616.36,389617.95,-48894.6,33044.200000000004,119.27,0.0,0.0,0.0,0.0,0.0,265.7413914265636,3774.4,3783.3,3734.2,3765.0
2018-06-29,3705.1,3819.5,3705.1,3802.0,3781.668284789645,6180,682,23370710.0,819.0,13.25,114.4,96.9,1530210600.0,0.0,0.5421129181541806,14528.54,1.3330859618299271,0.5122797301195493,1.93,-76.35323513940031,33.33239265610997,-94.37004437438044,259.85,4543.9,4284.049999999999,86550.0,87281.3,-11015.8,5983.9,21.79,2018,165839.9,169276.40000000002,-22689.7,8398.6,30.580000000000002,368790.89999999997,375165.0,-46024.899999999994,30560.300000000003,111.34,738485.9600000001,753520.75,-95578.29999999999,80502.6,284.5,174.4837081229922,3810.0,3825.9,3735.0,3781.5
2018-06-28,3751.0,3785.0,3702.0,3742.9,3747.748250210707,27289,1145,102272302.0,17306.0,63.42,83.0,-8.1,1530124200.0,0.0,-1.5544450289321388,14337.41,-0.9776254648123816,0.512130486889772,1.93,-75.9798551924978,35.10982806518052,-94.90225669443763,259.85,4543.9,4284.049999999999,86550.0,87281.3,-11015.8,5983.9,21.79,2018,165839.9,169276.40000000002,-22689.7,8398.6,30.580000000000002,368790.89999999997,375165.0,-46024.899999999994,30560.300000000003,111.34,738485.9600000001,753520.75,-95578.29999999999,80502.6,284.5,171.77145479577788,3705.1,3819.5,3705.1,3802.0
2018-06-27,3858.0,3858.0,3725.0,3772.8,3791.477842371105,10493,826,39783977.0,2145.0,20.44,133.0,-85.2,1530037800.0,0.0,0.7988458147425881,14478.96,-1.1065523664074206,0.5121446423920325,1.93,-76.17021840542833,33.78895998055109,-94.41661407164975,259.85,4543.9,4284.049999999999,86550.0,87281.3,-11015.8,5983.9,21.79,2018,165839.9,169276.40000000002,-22689.7,8398.6,30.580000000000002,368790.89999999997,375165.0,-46024.899999999994,30560.300000000003,111.34,738485.9600000001,753520.75,-95578.29999999999,80502.6,284.5,173.1436438733364,3751.0,3785.0,3702.0,3742.9
2018-06-26,3750.4,3855.45,3750.0,3819.6,3825.709062621548,20568,1784,78687184.0,3789.0,18.42,105.45,69.2,1529951400.0,0.0,1.2404580152671763,14640.97,-0.0357089210853422,0.5120480569072716,1.93,-76.46219499424024,32.30851507789443,-93.94745461160433,259.85,4543.9,4284.049999999999,86550.0,87281.3,-11015.8,5983.9,21.79,2018,165839.9,169276.40000000002,-22689.7,8398.6,30.580000000000002,368790.89999999997,375165.0,-46024.899999999994,30560.300000000003,111.34,738485.9600000001,753520.75,-95578.29999999999,80502.6,284.5,175.29141808168885,3858.0,3858.0,3725.0,3772.8
2018-06-25,3641.0,3765.9,3636.15,3750.4,3734.497736862294,13035,1198,48679178.0,4157.0,31.89,129.75,109.4,1529865000.0,0.0,-1.8117080322546775,14646.2,-0.6584021048247735,0.5121306475763432,1.93,-76.02789035836177,32.261269134656075,-93.49146286210554,259.85,4543.9,4284.049999999999,86550.0,87281.3,-11015.8,5983.9,21.79,2018,165839.9,169276.40000000002,-22689.7,8398.6,30.580000000000002,368790.89999999997,375165.0,-46024.899999999994,30560.300000000003,111.34,738485.9600000001,753520.75,-95578.29999999999,80502.6,284.5,172.11564938044975,3750.4,3855.45,3750.0,3819.6
2018-06-22,3607.5,3654.65,3566.45,3647.15,3600.497655172413,10875,878,39155412.0,3864.0,35.53,88.2,39.65,1529605800.0,0.0,-2.753039675767921,14743.27,0.6080867139433455,0.5122430477988253,1.93,-75.34924530112555,31.390458154805543,-92.37016017589289,259.85,4543.9,4284.049999999999,86550.0,87281.3,-11015.8,5983.9,21.79,2018,165839.9,169276.40000000002,-22689.7,8398.6,30.580000000000002,368790.89999999997,375165.0,-46024.899999999994,30560.300000000003,111.34,738485.9600000001,753520.75,-95578.29999999999,80502.6,284.5,167.37723726480039,3641.0,3765.9,3636.15,3750.4
2018-06-21,3660.0,3660.0,3598.6,3618.9,3619.0949128503703,26793,2578,96966410.0,19618.0,73.22,61.4,-41.1,1529519400.0,0.0,-0.7745774097583036,14654.16,-0.4135910110893537,0.5125901048574503,1.94,-75.15681560695239,32.189426074234206,-92.60237209022179,259.85,4543.9,4284.049999999999,86550.0,87281.3,-11015.8,5983.9,21.79,2018,165839.9,169276.40000000002,-22689.7,8398.6,30.580000000000002,368790.89999999997,375165.0,-46024.899999999994,30560.300000000003,111.34,738485.9600000001,753520.75,-95578.29999999999,80502.6,284.5,166.08077099586967,3607.5,3654.65,3566.45,3647.15
2018-06-20,3650.0,3654.25,3630.0,3651.8,3642.01939941536,22578,1035,82229514.0,20021.0,88.67,24.25,1.8,1529433000.0,0.0,0.9091160297328038,14715.02,0.4502677987529679,0.5125973734208029,1.94,-75.38063420778795,31.64270249038057,-92.54616148785658,259.85,4543.9,4284.049999999999,86550.0,87281.3,-11015.8,5983.9,21.79,2018,165839.9,169276.40000000002,-22689.7,8398.6,30.580000000000002,368790.89999999997,375165.0,-46024.899999999994,30560.300000000003,111.34,738485.9600000001,753520.75,-95578.29999999999,80502.6,284.5,167.59063790729695,3660.0,3660.0,3598.6,3618.9
2018-06-19,3663.0,3663.0,3618.05,3647.25,3635.362440388096,6081,526,22106639.0,1920.0,31.57,44.95,-15.75,1529346600.0,0.0,-0.12459608959964896,14649.06,-0.8698300129926451,0.5126263795111361,1.94,-75.34992117348688,32.23544718910291,-92.82016658170753,259.85,4543.9,4284.049999999999,86550.0,87281.3,-11015.8,5983.9,21.79,2018,165839.9,169276.40000000002,-22689.7,8398.6,30.580000000000002,368790.89999999997,375165.0,-46024.899999999994,30560.300000000003,111.34,738485.9600000001,753520.75,-95578.29999999999,80502.6,284.5,167.38182652592934,3650.0,3654.25,3630.0,3651.8
2018-06-18,3681.0,3681.0,3646.55,3669.15,3667.923575917292,4933,400,18093867.0,1703.0,34.52,34.45,-11.85,1529260200.0,0.0,0.6004523956405494,14777.6,-0.2416730797791144,0.5125432883940109,1.94,-75.49704972541325,31.08522358163708,-92.37523846092418,259.85,4543.9,4284.049999999999,86550.0,87281.3,-11015.8,5983.9,21.79,2018,165839.9,169276.40000000002,-22689.7,8398.6,30.580000000000002,368790.89999999997,375165.0,-46024.899999999994,30560.300000000003,111.34,738485.9600000001,753520.75,-95578.29999999999,80502.6,284.5,168.38687471317118,3663.0,3663.0,3618.05,3647.25
2018-06-15,3765.0,3788.05,3670.05,3696.65,3747.786155220729,49246,1947,184563477.0,33287.0,67.59,118.0,-68.35,1529001000.0,0.0,0.7494923892454652,14813.4,-0.1515918492250856,0.5125557335537138,1.94,-75.67933128643502,30.76842588467199,-92.39550626295194,259.85,4543.9,4284.049999999999,86550.0,87281.3,-11015.8,5983.9,21.79,2018,165839.9,169276.40000000002,-22689.7,8398.6,30.580000000000002,368790.89999999997,375165.0,-46024.899999999994,30560.300000000003,111.34,738485.9600000001,753520.75,-95578.29999999999,80502.6,284.5,169.6489215236347,3681.0,3681.0,3646.55,3669.15
2018-06-14,3799.8,3799.8,3748.0,3762.4,3755.7417701631007,53464,819,200796978.0,48047.0,89.87,51.8,-37.4,1528914600.0,0.0,1.7786374149567852,14835.89,-0.2834374911782844,0.5125833675729208,1.94,-76.10434828832659,30.57019160967087,-92.71970831786967,259.85,4543.9,4284.049999999999,86550.0,87281.3,-11015.8,5983.9,21.79,2018,165839.9,169276.40000000002,-22689.7,8398.6,30.580000000000002,368790.89999999997,375165.0,-46024.899999999994,30560.300000000003,111.34,738485.9600000001,753520.75,-95578.29999999999,80502.6,284.5,172.66636071592475,3765.0,3788.05,3670.05,3696.65
2018-06-13,3755.0,3833.45,3748.65,3798.15,3794.323571722153,9732,1292,36926357.0,4198.0,43.14,84.8,43.15,1528828200.0,0.0,0.9501913672124163,14878.06,0.0299860154905351,0.5127412561821547,1.94,-76.32926556349801,30.200106734345745,-92.75938819030821,259.85,4543.9,4284.049999999999,86550.0,87281.3,-11015.8,5983.9,21.79,2018,165839.9,169276.40000000002,-22689.7,8398.6,30.580000000000002,368790.89999999997,375165.0,-46024.899999999994,30560.300000000003,111.34,738485.9600000001,753520.75,-95578.29999999999,80502.6,284.5,174.3070215695273,3799.8,3799.8,3748.0,3762.4
2018-06-12,3804.7,3804.7,3753.3,3768.25,3780.495200959808,6668,700,25208342.0,2822.0,42.32,51.4,-36.45,1528741800.0,0.0,-0.787225359714605,14873.6,0.5412501275895654,0.5127910337132419,1.92,-76.14144496782326,30.23914855851979,-92.58325043102549,259.85,4543.9,4284.049999999999,86550.0,87281.3,-11015.8,5983.9,21.79,2018,165839.9,169276.40000000002,-22689.7,8398.6,30.580000000000002,368790.89999999997,375165.0,-46024.899999999994,30560.300000000003,111.34,738485.9600000001,753520.75,-95578.29999999999,80502.6,284.5,172.9348324919688,3755.0,3833.45,3748.65,3798.15
2018-06-11,3720.0,3819.9,3716.05,3780.35,3785.2740548109614,9998,968,37845170.0,2979.0,29.8,103.85,60.35,1528655400.0,0.0,0.321103960724467,14793.53,0.1666337145844076,0.5127953606193651,1.94,-76.21781052018993,30.944068116264333,-93.03096208929833,259.85,4543.9,4284.049999999999,86550.0,87281.3,-11015.8,5983.9,21.79,2018,165839.9,169276.40000000002,-22689.7,8398.6,30.580000000000002,368790.89999999997,375165.0,-46024.899999999994,30560.300000000003,111.34,738485.9600000001,753520.75,-95578.29999999999,80502.6,284.5,173.49013308857275,3804.7,3804.7,3753.3,3768.25
2018-06-08,3717.0,3725.0,3673.05,3713.4,3702.43760104704,12989,497,48090962.0,9309.0,71.67,51.95,-3.6,1528396200.0,0.0,-1.7710000396788605,14768.92,0.1768994305032079,0.5128003565965853,1.93,-75.78903430818119,31.162265080994423,-92.70935026584104,259.85,4543.9,4284.049999999999,86550.0,87281.3,-11015.8,5983.9,21.79,2018,165839.9,169276.40000000002,-22689.7,8398.6,30.580000000000002,368790.89999999997,375165.0,-46024.899999999994,30560.300000000003,111.34,738485.9600000001,753520.75,-95578.29999999999,80502.6,284.5,170.41762276273522,3720.0,3819.9,3716.05,3780.35
2018-06-07,3715.0,3729.95,3706.4,3718.9,3719.8946708463945,3190,406,11866464.0,1457.0,45.67,23.55,3.9,1528309800.0,0.0,0.1481122421500558,14742.84,1.008451148116052,0.5129534553286942,1.94,-75.82484067869531,31.3942903809578,-92.87352070386234,259.85,4543.9,4284.049999999999,86550.0,87281.3,-11015.8,5983.9,21.79,2018,165839.9,169276.40000000002,-22689.7,8398.6,30.580000000000002,368790.89999999997,375165.0,-46024.899999999994,30560.300000000003,111.34,738485.9600000001,753520.75,-95578.29999999999,80502.6,284.5,170.6700321248279,3717.0,3725.0,3673.05,3713.4
2018-06-06,3678.0,3718.3,3636.0,3697.85,3686.4801717089126,4892,504,18034261.0,775.0,15.84,82.3,19.85,1528223400.0,0.0,-0.5660275888031419,14595.65,1.0484477863448527,0.5128619674344664,1.95,-75.68722365698987,32.71933761086352,-93.41764668075265,259.85,4543.9,4284.049999999999,86550.0,87281.3,-11015.8,5983.9,21.79,2018,165839.9,169276.40000000002,-22689.7,8398.6,30.580000000000002,368790.89999999997,375165.0,-46024.899999999994,30560.300000000003,111.34,738485.9600000001,753520.75,-95578.29999999999,80502.6,284.5,169.7039926571822,3715.0,3729.95,3706.4,3718.9
2018-06-05,3677.0,3705.0,3640.8,3671.85,3670.036411349844,6097,744,22376212.0,2472.0,40.54,64.2,-5.15,1528137000.0,0.0,-0.7031112673580586,14444.21,-0.7257144428102102,0.5127753399542927,1.94,-75.51506733662868,34.11083056809616,-93.95147591779613,259.85,4543.9,4284.049999999999,86550.0,87281.3,-11015.8,5983.9,21.79,2018,165839.9,169276.40000000002,-22689.7,8398.6,30.580000000000002,368790.89999999997,375165.0,-46024.899999999994,30560.300000000003,111.34,738485.9600000001,753520.75,-95578.29999999999,80502.6,284.5,168.51078476365305,3678.0,3718.3,3636.0,3697.85
2018-06-04,3694.65,3735.95,3629.8,3711.5,3686.108223872073,7004,867,25817502.0,2141.0,30.57,106.15,16.85,1528050600.0,0.0,1.0798371393166972,14549.8,-0.8434217735845961,0.5127390965803318,1.94,-75.77664017243701,33.137568901290734,-93.71285346638749,259.85,4543.9,4284.049999999999,86550.0,87281.3,-11015.8,5983.9,21.79,2018,165839.9,169276.40000000002,-22689.7,8398.6,30.580000000000002,368790.89999999997,375165.0,-46024.899999999994,30560.300000000003,111.34,738485.9600000001,753520.75,-95578.29999999999,80502.6,284.5,170.330426801285,3677.0,3705.0,3640.8,3671.85
2018-06-01,3774.9,3774.9,3670.0,3685.9,3704.2575657584607,10607,732,39291060.0,5638.0,53.15,104.9,-89.0,1527791400.0,0.0,-0.6897480802909861,14673.56,-0.6239464596642708,0.5127239827636988,1.92,-75.60839957676552,32.01465765635607,-92.95865231024244,259.85,4543.9,4284.049999999999,86550.0,87281.3,-11015.8,5983.9,21.79,2018,165839.9,169276.40000000002,-22689.7,8398.6,30.580000000000002,368790.89999999997,375165.0,-46024.899999999994,30560.300000000003,111.34,738485.9600000001,753520.75,-95578.29999999999,80502.6,284.5,169.1555759522717,3694.65,3735.95,3629.8,3711.5
2018-05-31,3710.0,3753.0,3688.0,3734.7,3721.8443552196495,8468,766,31516578.0,2895.0,34.19,65.0,24.7,1527705000.0,0.0,1.3239642963726483,14765.69,0.636779882581151,0.5127013738533763,1.93,-75.92711596647655,31.190956873671325,-92.85924875587223,259.85,4543.9,4284.049999999999,86550.0,87281.3,-11015.8,5983.9,21.79,2018,165839.9,169276.40000000002,-22689.7,8398.6,30.580000000000002,368790.89999999997,375165.0,-46024.899999999994,30560.300000000003,111.34,738485.9600000001,753520.75,-95578.29999999999,80502.6,284.5,171.3951353832033,3774.9,3774.9,3670.0,3685.9
2018-05-30,3712.5,3729.45,3679.3,3711.65,3711.987049378976,13204,346,49013077.0,11483.0,86.97,50.15,-0.85,1527618600.0,0.0,-0.6171847805713893,14672.26,-0.1520286363698275,0.5127609211452365,1.94,-75.77761911818195,32.02635449480857,-93.14472596284212,259.85,4543.9,4284.049999999999,86550.0,87281.3,-11015.8,5983.9,21.79,2018,165839.9,169276.40000000002,-22689.7,8398.6,30.580000000000002,368790.89999999997,375165.0,-46024.899999999994,30560.300000000003,111.34,738485.9600000001,753520.75,-95578.29999999999,80502.6,284.5,170.33731069297843,3710.0,3753.0,3688.0,3734.7
2018-05-29,3766.8,3774.3,3698.35,3712.5,3757.201961084724,32635,1298,122616286.0,27439.0,84.08,75.95,-54.3,1527532200.0,0.0,0.022900866191588598,14694.6,-0.4769380603615869,0.5127745271271638,1.93,-75.78316498316498,31.82563662842133,-93.04288591846924,259.85,4543.9,4284.049999999999,86550.0,87281.3,-11015.8,5983.9,21.79,2018,165839.9,169276.40000000002,-22689.7,8398.6,30.580000000000002,368790.89999999997,375165.0,-46024.899999999994,30560.300000000003,111.34,738485.9600000001,753520.75,-95578.29999999999,80502.6,284.5,170.3763194125746,3712.5,3729.45,3679.3,3711.65
2018-05-28,3683.95,3741.0,3677.55,3732.05,3723.795410885805,9370,1020,34891963.0,5757.0,61.44,63.45,48.1,1527445800.0,0.0,0.5265993265993307,14765.02,0.9900637949914692,0.512747498114036,,-75.91002264171166,31.196909994026424,,259.85,4543.9,4284.049999999999,86550.0,87281.3,-11015.8,5983.9,21.79,2018,165839.9,169276.40000000002,-22689.7,8398.6,30.580000000000002,368790.89999999997,375165.0,-46024.899999999994,30560.300000000003,111.34,738485.9600000001,753520.75,-95578.29999999999,80502.6,284.5,171.27351996328593,3766.8,3774.3,3698.35,3712.5
2018-05-25,3688.0,3697.8,3664.9,3683.95,3682.5085618133216,10103,1306,37204384.0,6081.0,60.19,32.9,-4.05,1527186600.0,0.0,-1.2888358944815992,14620.27,1.1283697882153776,0.512673979047819,1.9,-75.59548853811805,32.49584310002482,-93.18118116253052,259.85,4543.9,4284.049999999999,86550.0,87281.3,-11015.8,5983.9,21.79,2018,165839.9,169276.40000000002,-22689.7,8398.6,30.580000000000002,368790.89999999997,375165.0,-46024.899999999994,30560.300000000003,111.34,738485.9600000001,753520.75,-95578.29999999999,80502.6,284.5,169.066085360257,3683.95,3741.0,3677.55,3732.05
2018-05-24,3746.4,3746.4,3632.25,3658.0,3653.2128439445673,19916,1541,72757387.0,15187.0,76.26,114.15,-88.4,1527100200.0,0.0,-0.7044069544917764,14457.14,0.5230177890017451,0.5126369246337616,1.91,-75.4223619464188,33.99088616420676,-93.77820876916356,259.85,4543.9,4284.049999999999,86550.0,87281.3,-11015.8,5983.9,21.79,2018,165839.9,169276.40000000002,-22689.7,8398.6,30.580000000000002,368790.89999999997,375165.0,-46024.899999999994,30560.300000000003,111.34,738485.9600000001,753520.75,-95578.29999999999,80502.6,284.5,167.87517209729234,3688.0,3697.8,3664.9,3683.95
2018-05-23,3756.0,3756.0,3690.45,3700.1,3705.358391608392,9152,1447,33911440.0,5010.0,54.74,65.55,-55.9,1527013800.0,0.0,1.1509021323127477,14381.92,-0.8613160523255559,0.5126369620821524,1.92,-75.70200805383638,34.69168233448663,-94.42198372810894,259.85,4543.9,4284.049999999999,86550.0,87281.3,-11015.8,5983.9,21.79,2018,165839.9,169276.40000000002,-22689.7,8398.6,30.580000000000002,368790.89999999997,375165.0,-46024.899999999994,30560.300000000003,111.34,738485.9600000001,753520.75,-95578.29999999999,80502.6,284.5,169.80725103258376,3746.4,3746.4,3632.25,3658.0
2018-05-22,3849.9,3873.25,3720.9,3756.0,3757.0649620030094,54478,3148,204677385.0,33867.0,62.17,152.35,-93.9,1526927400.0,0.0,1.5107699791897522,14506.87,0.3996783195101105,0.5126270593690523,1.93,-76.0636315228967,33.53156125339236,-94.19344693969421,259.85,4543.9,4284.049999999999,86550.0,87281.3,-11015.8,5983.9,21.79,2018,165839.9,169276.40000000002,-22689.7,8398.6,30.580000000000002,368790.89999999997,375165.0,-46024.899999999994,30560.300000000003,111.34,738485.9600000001,753520.75,-95578.29999999999,80502.6,284.5,172.37264800367143,3756.0,3756.0,3690.45,3700.1
2018-05-21,3929.9,4021.55,3811.7,3851.65,3873.441069210513,100635,2805,389803742.0,78002.0,77.51,209.85,-78.25,1526841000.0,0.0,2.5465921192758367,14449.12,-1.0592441287581744,0.5127370577636506,1.93,-76.6580556384926,34.06525795342552,-95.06499325200795,259.85,4543.9,4284.049999999999,86550.0,87281.3,-11015.8,5983.9,21.79,2018,165839.9,169276.40000000002,-22689.7,8398.6,30.580000000000002,368790.89999999997,375165.0,-46024.899999999994,30560.300000000003,111.34,738485.9600000001,753520.75,-95578.29999999999,80502.6,284.5,176.76227627351997,3849.9,3873.25,3720.9,3756.0
2018-05-18,3945.0,3945.75,3850.0,3859.3,3874.0607313380688,17174,1085,66533119.0,13438.0,78.25,95.75,-85.7,1526581800.0,0.0,0.19861617748238025,14603.81,-1.0796439796250223,0.5129579221510426,1.91,-76.70432461845412,32.64517957984938,-94.38017847267281,259.85,4543.9,4284.049999999999,86550.0,87281.3,-11015.8,5983.9,21.79,2018,165839.9,169276.40000000002,-22689.7,8398.6,30.580000000000002,368790.89999999997,375165.0,-46024.899999999994,30560.300000000003,111.34,738485.9600000001,753520.75,-95578.29999999999,80502.6,284.5,177.11335474988527,3929.9,4021.55,3811.7,3851.65
2018-05-17,3998.0,4021.1,3938.6,3953.85,4004.280045707757,35005,619,140169823.0,31721.0,90.62,82.5,-44.15,1526495400.0,0.0,2.4499261524110416,14763.2,-0.2581510815523602,0.512834071531601,1.92,-77.26140344221454,31.213083884252725,-94.20389491829259,259.85,4543.9,4284.049999999999,86550.0,87281.3,-11015.8,5983.9,21.79,2018,165839.9,169276.40000000002,-22689.7,8398.6,30.580000000000002,368790.89999999997,375165.0,-46024.899999999994,30560.300000000003,111.34,738485.9600000001,753520.75,-95578.29999999999,80502.6,284.5,181.45250114731527,3945.0,3945.75,3850.0,3859.3
2018-05-16,4100.0,4100.0,3970.15,3987.7,4004.2954193748064,6462,873,25875757.0,2585.0,40.0,129.85,-112.3,1526409000.0,0.0,0.8561275718603323,14801.41,-0.3405604232160075,0.513143107707945,1.92,-77.45442234872232,30.874355889067328,-94.23215051132017,259.85,4543.9,4284.049999999999,86550.0,87281.3,-11015.8,5983.9,21.79,2018,165839.9,169276.40000000002,-22689.7,8398.6,30.580000000000002,368790.89999999997,375165.0,-46024.899999999994,30560.300000000003,111.34,738485.9600000001,753520.75,-95578.29999999999,80502.6,284.5,183.00596603946764,3998.0,4021.1,3938.6,3953.85
2018-05-15,4094.05,4150.0,4077.4,4120.1,4099.418753970415,44076,886,180685981.0,35953.0,81.57,72.6,26.05,1526322600.0,0.0,3.320209644657335,14851.99,-0.2035306418102678,0.5131693121397615,1.92,-78.17892769592972,30.428649628770295,-94.72869181595922,259.85,4543.9,4284.049999999999,86550.0,87281.3,-11015.8,5983.9,21.79,2018,165839.9,169276.40000000002,-22689.7,8398.6,30.580000000000002,368790.89999999997,375165.0,-46024.899999999994,30560.300000000003,111.34,738485.9600000001,753520.75,-95578.29999999999,80502.6,284.5,189.08214777420838,4100.0,4100.0,3970.15,3987.7
2018-05-14,4100.0,4145.0,4065.0,4094.85,4106.224522292993,8164,990,33523217.0,2959.0,36.24,80.0,-5.15,1526236200.0,0.0,-0.6128492026892696,14882.28,-0.3070047045473312,0.5137446986980239,1.93,-78.04437280974884,30.163187361076396,-94.47902314384989,259.85,4543.9,4284.049999999999,86550.0,87281.3,-11015.8,5983.9,21.79,2018,165839.9,169276.40000000002,-22689.7,8398.6,30.580000000000002,368790.89999999997,375165.0,-46024.899999999994,30560.300000000003,111.34,738485.9600000001,753520.75,-95578.29999999999,80502.6,284.5,187.9233593391464,4094.05,4150.0,4077.4,4120.1
2018-05-11,4000.0,4075.85,3990.15,4063.15,4044.4174587293646,7996,871,32339162.0,3777.0,47.24,85.7,63.15,1525977000.0,0.0,-0.774143131006011,14928.11,0.6414768191918663,0.5137493180330546,1.92,-77.87307876893543,29.76358025228913,-94.0976991351476,259.85,4543.9,4284.049999999999,86550.0,87281.3,-11015.8,5983.9,21.79,2018,165839.9,169276.40000000002,-22689.7,8398.6,30.580000000000002,368790.89999999997,375165.0,-46024.899999999994,30560.300000000003,111.34,738485.9600000001,753520.75,-95578.29999999999,80502.6,284.5,186.46856356126665,4100.0,4145.0,4065.0,4094.85
2018-05-10,3935.0,4006.0,3934.05,3996.75,3973.879994167396,6858,888,27252869.0,1602.0,23.36,71.95,61.75,1525890600.0,0.0,-1.6342000664509082,14832.96,-0.6156179898746061,0.5137414965154665,1.9,-77.50547319697255,30.595983539360997,-94.14779072446706,259.85,4543.9,4284.049999999999,86550.0,87281.3,-11015.8,5983.9,21.79,2018,165839.9,169276.40000000002,-22689.7,8398.6,30.580000000000002,368790.89999999997,375165.0,-46024.899999999994,30560.300000000003,111.34,738485.9600000001,753520.75,-95578.29999999999,80502.6,284.5,183.42129417163838,4000.0,4075.85,3990.15,4063.15
2018-05-09,4050.3,4050.3,3954.0,3965.2,3978.5515021459223,10252,1044,40788110.0,3717.0,36.26,96.3,-85.1,1525804200.0,0.0,-0.7893913804966624,14924.84,0.0004020159761086,0.5138293463114845,1.88,-77.32649046706345,29.79201117063901,-93.54850092111175,259.85,4543.9,4284.049999999999,86550.0,87281.3,-11015.8,5983.9,21.79,2018,165839.9,169276.40000000002,-22689.7,8398.6,30.580000000000002,368790.89999999997,375165.0,-46024.899999999994,30560.300000000003,111.34,738485.9600000001,753520.75,-95578.29999999999,80502.6,284.5,181.97338228545203,3935.0,4006.0,3934.05,3996.75
2018-05-08,4030.0,4091.0,4030.0,4063.55,4059.7908808784905,4189,512,17006464.0,1844.0,44.02,61.0,33.55,1525717800.0,0.0,2.4803288610915075,14924.78,0.0328420872017787,0.5138583875985618,1.87,-77.87525685668935,29.79253295525963,-94.09348461874677,259.85,4543.9,4284.049999999999,86550.0,87281.3,-11015.8,5983.9,21.79,2018,165839.9,169276.40000000002,-22689.7,8398.6,30.580000000000002,368790.89999999997,375165.0,-46024.899999999994,30560.300000000003,111.34,738485.9600000001,753520.75,-95578.29999999999,80502.6,284.5,186.48692060578247,4050.3,4050.3,3954.0,3965.2
2018-05-07,3999.0,4045.3,3970.0,4027.8,4023.533419391852,27888,756,112208300.0,25364.0,90.95,75.3,28.8,1525631400.0,0.0,-0.8797726126170469,14919.88,0.7840549155926801,0.5141861123216797,1.86,-77.67888177168678,29.8351595321142,-93.92332029308335,259.85,4543.9,4284.049999999999,86550.0,87281.3,-11015.8,5983.9,21.79,2018,165839.9,169276.40000000002,-22689.7,8398.6,30.580000000000002,368790.89999999997,375165.0,-46024.899999999994,30560.300000000003,111.34,738485.9600000001,753520.75,-95578.29999999999,80502.6,284.5,184.84625975217992,4030.0,4091.0,4030.0,4063.55
2018-05-04,3999.1,4034.8,3959.6,3988.95,3995.671114760829,4871,577,19462914.0,1741.0,35.74,75.2,-10.15,1525372200.0,0.0,-0.9645464025026196,14803.81,-0.4860141528934769,0.5141677824427311,1.84,-77.46148735882876,30.853138482593344,-94.21910843412765,259.85,4543.9,4284.049999999999,86550.0,87281.3,-11015.8,5983.9,21.79,2018,165839.9,169276.40000000002,-22689.7,8398.6,30.580000000000002,368790.89999999997,375165.0,-46024.899999999994,30560.300000000003,111.34,738485.9600000001,753520.75,-95578.29999999999,80502.6,284.5,183.06333180357962,3999.0,4045.3,3970.0,4027.8
2018-05-03,4025.0,4025.05,3980.15,3999.55,4001.4280996697694,3331,405,13328757.0,1342.0,40.29,44.9,-25.45,1525285800.0,0.0,0.26573409042480733,14876.11,-0.5921260137175866,0.5141839240514676,1.84,-77.52122113737796,30.217173710062628,-93.95230766910811,259.85,4543.9,4284.049999999999,86550.0,87281.3,-11015.8,5983.9,21.79,2018,165839.9,169276.40000000002,-22689.7,8398.6,30.580000000000002,368790.89999999997,375165.0,-46024.899999999994,30560.300000000003,111.34,738485.9600000001,753520.75,-95578.29999999999,80502.6,284.5,183.5497934832492,3999.1,4034.8,3959.6,3988.95
2018-05-02,4140.0,4140.0,3996.35,4021.45,4073.424779339654,15295,913,62303032.0,2755.0,18.01,143.65,-118.55,1525199400.0,0.0,0.5475616006800577,14964.72,-0.5516446666706587,0.5141478493934081,1.84,-77.6436360019396,29.446123950197546,-93.67726526102152,259.85,4543.9,4284.049999999999,86550.0,87281.3,-11015.8,5983.9,21.79,2018,165839.9,169276.40000000002,-22689.7,8398.6,30.580000000000002,368790.89999999997,375165.0,-46024.899999999994,30560.300000000003,111.34,738485.9600000001,753520.75,-95578.29999999999,80502.6,284.5,184.55484167049104,4025.0,4025.05,3980.15,3999.55
2018-04-30,4125.0,4125.0,4082.0,4109.95,4106.759973623475,6066,711,24911606.0,2106.0,34.72,43.0,-15.05,1525026600.0,0.0,2.20069875293738,15047.73,0.5773543162882921,0.5141297272797751,1.87,-78.12503801749413,28.732041311214385,-93.80561199100684,259.85,4543.9,4284.049999999999,86550.0,87281.3,-11015.8,5983.9,21.79,2018,165839.9,169276.40000000002,-22689.7,8398.6,30.580000000000002,368790.89999999997,375165.0,-46024.899999999994,30560.300000000003,111.34,738485.9600000001,753520.75,-95578.29999999999,80502.6,284.5,188.6163377696191,4140.0,4140.0,3996.35,4021.45
2018-04-27,4085.0,4116.2,4045.0,4064.1,4083.2136200716855,4185,639,17088249.0,1613.0,38.54,71.2,-20.9,1524767400.0,0.0,-1.1155853477536226,14961.35,0.6342885777608886,0.5143606330246661,1.82,-77.87825102728772,29.47528130817072,-93.92303902743362,259.85,4543.9,4284.049999999999,86550.0,87281.3,-11015.8,5983.9,21.79,2018,165839.9,169276.40000000002,-22689.7,8398.6,30.580000000000002,368790.89999999997,375165.0,-46024.899999999994,30560.300000000003,111.34,738485.9600000001,753520.75,-95578.29999999999,80502.6,284.5,186.51216154199173,4125.0,4125.0,4082.0,4109.95
2018-04-26,4150.0,4174.95,4032.0,4079.95,4101.464235774981,9297,1233,38131313.0,2120.0,22.8,142.95,-70.05,1524681000.0,0.0,0.39000024605693184,14867.05,0.3920591478554502,0.5143857670019838,1.82,-77.96419073763158,30.29652822853224,-94.43211155201878,259.85,4543.9,4284.049999999999,86550.0,87281.3,-11015.8,5983.9,21.79,2018,165839.9,169276.40000000002,-22689.7,8398.6,30.580000000000002,368790.89999999997,375165.0,-46024.899999999994,30560.300000000003,111.34,738485.9600000001,753520.75,-95578.29999999999,80502.6,284.5,187.23955943093162,4085.0,4116.2,4045.0,4064.1
2018-04-25,4129.05,4165.65,4083.3,4135.9,4133.967964571231,17387,1888,71877301.0,4141.0,23.82,82.35,6.85,1524594600.0,0.0,1.3713403350531284,14808.99,-0.4519962382942388,0.5143831082136159,1.85,-78.26228874005658,30.807367686790265,-95.00746953647227,259.85,4543.9,4284.049999999999,86550.0,87281.3,-11015.8,5983.9,21.79,2018,165839.9,169276.40000000002,-22689.7,8398.6,30.580000000000002,368790.89999999997,375165.0,-46024.899999999994,30560.300000000003,111.34,738485.9600000001,753520.75,-95578.29999999999,80502.6,284.5,189.80725103258374,4150.0,4174.95,4032.0,4079.95
2018-04-24,4130.0,4170.35,4097.8,4124.85,4132.341365461847,10956,1029,45273932.0,2406.0,21.96,72.55,-5.15,1524508200.0,0.0,-0.2671728039846055,14876.23,0.1710342115558427,0.5144612260159694,1.87,-78.20405590506321,30.21612330543424,-94.65703725357676,259.85,4543.9,4284.049999999999,86550.0,87281.3,-11015.8,5983.9,21.79,2018,165839.9,169276.40000000002,-22689.7,8398.6,30.580000000000002,368790.89999999997,375165.0,-46024.899999999994,30560.300000000003,111.34,738485.9600000001,753520.75,-95578.29999999999,80502.6,284.5,189.3001376778339,4129.05,4165.65,4083.3,4135.9
2018-04-23,4146.0,4159.05,4075.7,4138.55,4139.582249300181,6073,725,25139683.0,1469.0,24.19,83.35,-7.45,1524421800.0,0.0,0.3321332896953688,14850.83,0.2227046740312266,0.5144623262106107,1.87,-78.27620785057569,30.438837425248288,-94.84379840950167,259.85,4543.9,4284.049999999999,86550.0,87281.3,-11015.8,5983.9,21.79,2018,165839.9,169276.40000000002,-22689.7,8398.6,30.580000000000002,368790.89999999997,375165.0,-46024.899999999994,30560.300000000003,111.34,738485.9600000001,753520.75,-95578.29999999999,80502.6,284.5,189.92886645250115,4130.0,4170.35,4097.8,4124.85
2018-04-20,4110.0,4132.3,4065.05,4079.75,4095.490099909173,5505,675,22545673.0,846.0,15.37,67.25,-30.25,1524162600.0,0.0,-1.420787473873708,14817.83,-0.0736407316867526,0.514466260801506,1.81,-77.96311048471108,30.729330812946287,-94.65113047292934,259.85,4543.9,4284.049999999999,86550.0,87281.3,-11015.8,5983.9,21.79,2018,165839.9,169276.40000000002,-22689.7,8398.6,30.580000000000002,368790.89999999997,375165.0,-46024.899999999994,30560.300000000003,111.34,738485.9600000001,753520.75,-95578.29999999999,80502.6,284.5,187.2303809086737,4146.0,4159.05,4075.7,4138.55
2018-04-19,4010.0,4157.7,4009.35,4100.4,4112.060880096891,12385,1685,50927874.0,3452.0,27.87,148.35,90.4,1524076200.0,0.0,0.5061584655922546,14828.75,0.46449266574482,0.5145638769928813,1.82,-78.07409033265047,30.633060777206445,-94.72025059420133,259.85,4543.9,4284.049999999999,86550.0,87281.3,-11015.8,5983.9,21.79,2018,165839.9,169276.40000000002,-22689.7,8398.6,30.580000000000002,368790.89999999997,375165.0,-46024.899999999994,30560.300000000003,111.34,738485.9600000001,753520.75,-95578.29999999999,80502.6,284.5,188.17806333180357,4110.0,4132.3,4065.05,4079.75
2018-04-18,3927.35,4010.0,3927.35,3997.45,3975.099550149951,12004,989,47717095.0,3140.0,26.16,82.65,70.1,1523989800.0,0.0,-2.510730660423366,14760.19,-0.1806328574616711,0.5145614885454858,1.81,-77.50941225030957,31.239841763554523,-94.46287543582228,259.85,4543.9,4284.049999999999,86550.0,87281.3,-11015.8,5983.9,21.79,2018,165839.9,169276.40000000002,-22689.7,8398.6,30.580000000000002,368790.89999999997,375165.0,-46024.899999999994,30560.300000000003,111.34,738485.9600000001,753520.75,-95578.29999999999,80502.6,284.5,183.45341899954107,4010.0,4157.7,4009.35,4100.4
2018-04-17,3923.15,3945.0,3792.4,3918.75,3919.6431670282,9220,758,36139110.0,928.0,10.07,152.6,-4.4,1523903400.0,0.0,-1.9687550813643706,14786.9,0.2422860303867624,0.5148735345701347,1.8,-77.05773524720894,31.00277948724885,-93.89347354108098,259.85,4543.9,4284.049999999999,86550.0,87281.3,-11015.8,5983.9,21.79,2018,165839.9,169276.40000000002,-22689.7,8398.6,30.580000000000002,368790.89999999997,375165.0,-46024.899999999994,30560.300000000003,111.34,738485.9600000001,753520.75,-95578.29999999999,80502.6,284.5,179.84167049105093,3927.35,4010.0,3927.35,3997.45
2018-04-16,3884.0,3929.95,3867.1,3920.9,3905.3147910792095,3901,898,15234633.0,1485.0,38.07,62.85,36.9,1523817000.0,0.0,0.05486443381179651,14751.16,0.4558635051776782,0.515063318092966,1.79,-77.07031548879084,31.32018092136484,-94.07022845803462,259.85,4543.9,4284.049999999999,86550.0,87281.3,-11015.8,5983.9,21.79,2018,165839.9,169276.40000000002,-22689.7,8398.6,30.580000000000002,368790.89999999997,375165.0,-46024.899999999994,30560.300000000003,111.34,738485.9600000001,753520.75,-95578.29999999999,80502.6,284.5,179.94033960532354,3923.15,3945.0,3792.4,3918.75
2018-04-13,3875.25,3905.55,3865.05,3881.4,3880.3976102183774,2427,528,9417725.0,817.0,33.66,40.5,6.15,1523557800.0,0.0,-1.0074217654109985,14684.22,0.2541134703352155,0.5150466904945032,1.76,-76.8369660431803,31.918821701118617,-94.13016734955525,259.85,4543.9,4284.049999999999,86550.0,87281.3,-11015.8,5983.9,21.79,2018,165839.9,169276.40000000002,-22689.7,8398.6,30.580000000000002,368790.89999999997,375165.0,-46024.899999999994,30560.300000000003,111.34,738485.9600000001,753520.75,-95578.29999999999,80502.6,284.5,178.12758145938506,3884.0,3929.95,3867.1,3920.9
2018-04-12,3920.0,3920.0,3868.0,3872.05,3883.582706041305,5181,766,20120842.0,3751.0,72.4,52.0,-47.95,1523471400.0,0.0,-0.2408924614829666,14647.0,0.2111364560000161,0.5150912078153322,1.75,-76.78103330277244,32.25404519696866,-94.24339878653251,259.85,4543.9,4284.049999999999,86550.0,87281.3,-11015.8,5983.9,21.79,2018,165839.9,169276.40000000002,-22689.7,8398.6,30.580000000000002,368790.89999999997,375165.0,-46024.899999999994,30560.300000000003,111.34,738485.9600000001,753520.75,-95578.29999999999,80502.6,284.5,177.69848554382745,3875.25,3905.55,3865.05,3881.4
2018-04-11,3924.45,3937.7,3890.75,3921.4,3909.083377448386,3778,576,14768517.0,1373.0,36.34,46.95,-3.05,1523385000.0,0.0,1.2745186658230212,14616.14,0.0867602015137469,0.5150905733612341,1.73,-77.07323914928342,32.53328170091421,-94.66971918201493,259.85,4543.9,4284.049999999999,86550.0,87281.3,-11015.8,5983.9,21.79,2018,165839.9,169276.40000000002,-22689.7,8398.6,30.580000000000002,368790.89999999997,375165.0,-46024.899999999994,30560.300000000003,111.34,738485.9600000001,753520.75,-95578.29999999999,80502.6,284.5,179.96328591096835,3920.0,3920.0,3868.0,3872.05
2018-04-10,3933.25,3945.5,3911.65,3930.65,3928.5845779784654,2879,444,11310395.0,1139.0,39.56,33.85,-2.6,1523298600.0,0.0,0.23588514306114305,14603.47,0.1536238424203473,0.5151797100892745,1.74,-77.12719270349689,32.6482678431907,-94.79050517031352,259.85,4543.9,4284.049999999999,86550.0,87281.3,-11015.8,5983.9,21.79,2018,165839.9,169276.40000000002,-22689.7,8398.6,30.580000000000002,368790.89999999997,375165.0,-46024.899999999994,30560.300000000003,111.34,738485.9600000001,753520.75,-95578.29999999999,80502.6,284.5,180.38779256539698,3924.45,3937.7,3890.75,3921.4
2018-04-09,3960.0,3974.9,3905.1,3912.55,3936.4060987857206,10953,822,43115456.0,1594.0,14.55,69.8,-47.45,1523212200.0,0.0,-0.4604836350221908,14581.07,0.377385767145677,0.5151823708725917,1.76,-77.02137991846749,32.852047209155444,-94.79945451496273,259.85,4543.9,4284.049999999999,86550.0,87281.3,-11015.8,5983.9,21.79,2018,165839.9,169276.40000000002,-22689.7,8398.6,30.580000000000002,368790.89999999997,375165.0,-46024.899999999994,30560.300000000003,111.34,738485.9600000001,753520.75,-95578.29999999999,80502.6,284.5,179.55713630105555,3933.25,3945.5,3911.65,3930.65
2018-04-06,3966.0,3980.0,3924.45,3949.15,3940.5025781013046,3297,291,12991837.0,1415.0,42.92,55.55,-16.85,1522953000.0,0.0,0.9354513041366808,14526.25,0.297725698795781,0.5151804951114123,1.73,-77.23434156717268,33.35341192668444,-95.2561065806741,259.85,4543.9,4284.049999999999,86550.0,87281.3,-11015.8,5983.9,21.79,2018,165839.9,169276.40000000002,-22689.7,8398.6,30.580000000000002,368790.89999999997,375165.0,-46024.899999999994,30560.300000000003,111.34,738485.9600000001,753520.75,-95578.29999999999,80502.6,284.5,181.23680587425426,3960.0,3974.9,3905.1,3912.55
2018-04-05,3900.05,3976.0,3900.05,3965.8,3950.028455284552,5412,714,21377554.0,1295.0,23.93,75.95,65.75,1522866600.0,0.0,0.4216097134826402,14483.13,1.8535735282948276,0.5152231513373682,1.72,-77.32992082303697,33.75043930421118,-95.55274470007295,259.85,4543.9,4284.049999999999,86550.0,87281.3,-11015.8,5983.9,21.79,2018,165839.9,169276.40000000002,-22689.7,8398.6,30.580000000000002,368790.89999999997,375165.0,-46024.899999999994,30560.300000000003,111.34,738485.9600000001,753520.75,-95578.29999999999,80502.6,284.5,182.0009178522258,3966.0,3980.0,3924.45,3949.15
2018-04-04,3957.1,4049.1,3875.1,3883.8,3936.481750804084,7151,1044,28149781.0,1734.0,24.25,174.0,-73.3,1522780200.0,0.0,-2.0676786524786883,14219.56,-1.1007231972580025,0.5149036223692086,1.71,-76.85127967454555,36.22960204113208,-96.33554780826799,259.85,4543.9,4284.049999999999,86550.0,87281.3,-11015.8,5983.9,21.79,2018,165839.9,169276.40000000002,-22689.7,8398.6,30.580000000000002,368790.89999999997,375165.0,-46024.899999999994,30560.300000000003,111.34,738485.9600000001,753520.75,-95578.29999999999,80502.6,284.5,178.23772372648006,3900.05,3976.0,3900.05,3965.8
2018-04-03,3983.0,4000.15,3864.85,3949.4,3955.035693694639,19079,1832,75458126.0,9460.0,49.58,135.3,-33.6,1522693800.0,0.0,1.6890674082084445,14377.82,0.5785894617110321,0.5149857781045826,1.75,-77.23578265052919,34.73009120993309,-95.97006058423669,259.85,4543.9,4284.049999999999,86550.0,87281.3,-11015.8,5983.9,21.79,2018,165839.9,169276.40000000002,-22689.7,8398.6,30.580000000000002,368790.89999999997,375165.0,-46024.899999999994,30560.300000000003,111.34,738485.9600000001,753520.75,-95578.29999999999,80502.6,284.5,181.24827902707665,3957.1,4049.1,3875.1,3883.8
2018-04-02,4069.8,4069.8,3925.0,3983.3,3960.1783783783776,2590,499,10256862.0,964.0,37.22,144.8,-86.5,1522607400.0,0.0,0.8583582316301186,14295.11,1.2005213255714908,0.5151117706301466,1.77,-77.42951823864634,35.50962531942741,-96.57919637733431,259.85,4543.9,4284.049999999999,86550.0,87281.3,-11015.8,5983.9,21.79,2018,165839.9,169276.40000000002,-22689.7,8398.6,30.580000000000002,368790.89999999997,375165.0,-46024.899999999994,30560.300000000003,111.34,738485.9600000001,753520.75,-95578.29999999999,80502.6,284.5,182.8040385497935,3983.0,4000.15,3864.85,3949.4
2018-03-28,3926.1,3964.2,3921.1,3947.85,3941.881261595546,2695,732,10623370.0,1147.0,42.56,43.1,21.75,1522175400.0,0.0,-0.8899656064067507,14125.53,-0.6406590600712803,0.5150183014081223,1.73,-77.22684499157769,37.136447269589176,-97.19181332325776,259.85,4543.9,4284.049999999999,90024.8,91084.0,-12288.5,4879.5,17.78,2018,164262.7,167186.90000000002,-21599.0,9891.9,36.019999999999996,357392.60000000003,362961.80000000005,-45495.0,24557.2,89.44999999999999,751299.66,764104.65,-98744.4,78430.8,278.36,222.03880764904386,4069.8,4069.8,3925.0,3983.3
2018-03-27,4085.0,4085.0,3926.0,3965.8,3958.647417218544,3775,638,14943894.0,1061.0,28.11,159.0,-119.2,1522089000.0,0.0,0.4546778626340897,14216.61,0.714806410729607,0.5150088719979546,1.77,-77.32992082303697,36.257870195496665,-96.8614799500316,259.85,4543.9,4284.049999999999,90024.8,91084.0,-12288.5,4879.5,17.78,2018,164262.7,167186.90000000002,-21599.0,9891.9,36.019999999999996,357392.60000000003,362961.80000000005,-45495.0,24557.2,89.44999999999999,751299.66,764104.65,-98744.4,78430.8,278.36,223.04836895388075,3926.1,3964.2,3921.1,3947.85
2018-03-26,3870.0,3966.7,3828.55,3946.95,3901.166880891174,4668,782,18210647.0,1457.0,31.21,138.15,76.95,1522002600.0,0.0,-0.4753139341368784,14115.71,1.2816161766911138,0.5149759224026076,1.79,-77.22165216179582,37.23185018677773,-97.2633516533867,259.85,4543.9,4284.049999999999,90024.8,91084.0,-12288.5,4879.5,17.78,2018,164262.7,167186.90000000002,-21599.0,9891.9,36.019999999999996,357392.60000000003,362961.80000000005,-45495.0,24557.2,89.44999999999999,751299.66,764104.65,-98744.4,78430.8,278.36,221.98818897637793,4085.0,4085.0,3926.0,3965.8
2018-03-23,3888.0,3900.6,3815.0,3875.75,3845.1195814648736,5352,902,20579080.0,2159.0,40.34,85.6,-12.25,1521743400.0,0.0,-1.803924549335556,13937.09,-1.192950764815648,0.5148309521406715,1.74,-76.80319938076501,38.990635778343965,-97.7209796663752,259.85,4543.9,4284.049999999999,90024.8,91084.0,-12288.5,4879.5,17.78,2018,164262.7,167186.90000000002,-21599.0,9891.9,36.019999999999996,357392.60000000003,362961.80000000005,-45495.0,24557.2,89.44999999999999,751299.66,764104.65,-98744.4,78430.8,278.36,217.98368953880762,3870.0,3966.7,3828.55,3946.95
2018-03-22,3994.2,4008.25,3901.0,3921.7,3957.60374594538,9557,868,37822819.0,1915.0,20.04,107.25,-72.5,1521657000.0,0.0,1.1855769850996456,14105.36,-0.5313556232374728,0.514839046830817,1.72,-77.07499298773492,37.33254592580408,-97.12972218739458,259.85,4543.9,4284.049999999999,90024.8,91084.0,-12288.5,4879.5,17.78,2018,164262.7,167186.90000000002,-21599.0,9891.9,36.019999999999996,357392.60000000003,362961.80000000005,-45495.0,24557.2,89.44999999999999,751299.66,764104.65,-98744.4,78430.8,278.36,220.56805399325083,3888.0,3900.6,3815.0,3875.75
2018-03-21,3961.0,4048.85,3961.0,3993.3,4014.31223628692,5688,908,22833408.0,1888.0,33.19,87.85,32.3,1521570600.0,0.0,1.825738837748947,14180.71,0.3376497117736576,0.5148834138229923,1.74,-77.48603911551851,36.60282172049214,-97.17632777846786,259.85,4543.9,4284.049999999999,90024.8,91084.0,-12288.5,4879.5,17.78,2018,164262.7,167186.90000000002,-21599.0,9891.9,36.019999999999996,357392.60000000003,362961.80000000005,-45495.0,24557.2,89.44999999999999,751299.66,764104.65,-98744.4,78430.8,278.36,224.59505061867267,3994.2,4008.25,3901.0,3921.7
2018-03-20,3990.0,3998.4,3911.75,3932.5,3952.923937051352,7244,1135,28634981.0,2351.0,32.45,86.65,-57.5,1521484200.0,0.0,-1.5225502717051143,14132.99,0.226010416193878,0.5150552846414711,1.81,-77.13795295613477,37.06406075430606,-97.10574325271159,259.85,4543.9,4284.049999999999,90024.8,91084.0,-12288.5,4879.5,17.78,2018,164262.7,167186.90000000002,-21599.0,9891.9,36.019999999999996,357392.60000000003,362961.80000000005,-45495.0,24557.2,89.44999999999999,751299.66,764104.65,-98744.4,78430.8,278.36,221.17547806524183,3961.0,4048.85,3961.0,3993.3
2018-03-19,4045.6,4065.4,3955.55,3966.6,3999.4717391304334,7820,1297,31275869.0,2692.0,34.42,109.85,-79.0,1521397800.0,0.0,0.8671328671328693,14101.12,-1.2302511214028922,0.5151667250753174,1.8,-77.33449301668935,37.37383980846912,-97.46095156917235,259.85,4543.9,4284.049999999999,90024.8,91084.0,-12288.5,4879.5,17.78,2018,164262.7,167186.90000000002,-21599.0,9891.9,36.019999999999996,357392.60000000003,362961.80000000005,-45495.0,24557.2,89.44999999999999,751299.66,764104.65,-98744.4,78430.8,278.36,223.09336332958378,3990.0,3998.4,3911.75,3932.5
2018-03-16,4154.05,4163.95,4000.05,4032.15,4071.670817669172,8512,1184,34658062.0,3597.0,42.26,163.9,-121.9,1521138600.0,0.0,1.6525487823324747,14276.76,-1.333747991499501,0.5150453463828466,1.78,-77.70296243939337,35.683796603711194,-96.94495510484538,259.85,4543.9,4284.049999999999,90024.8,91084.0,-12288.5,4879.5,17.78,2018,164262.7,167186.90000000002,-21599.0,9891.9,36.019999999999996,357392.60000000003,362961.80000000005,-45495.0,24557.2,89.44999999999999,751299.66,764104.65,-98744.4,78430.8,278.36,226.7800899887514,4045.6,4065.4,3955.55,3966.6
2018-03-15,4217.6,4230.0,4160.0,4173.0,4182.695709570957,4545,435,19010352.0,1467.0,32.28,70.0,-44.6,1521052200.0,0.0,3.493173617052925,14469.75,-0.1954051846865256,0.5150022535579711,1.77,-78.45554756769711,33.87411669171894,-96.75924001242043,259.85,4543.9,4284.049999999999,90024.8,91084.0,-12288.5,4879.5,17.78,2018,164262.7,167186.90000000002,-21599.0,9891.9,36.019999999999996,357392.60000000003,362961.80000000005,-45495.0,24557.2,89.44999999999999,751299.66,764104.65,-98744.4,78430.8,278.36,234.70191226096736,4154.05,4163.95,4000.05,4032.15
2018-03-14,4165.0,4236.0,4140.9,4214.5,4211.348883201489,8596,746,36200755.0,3873.0,45.06,95.1,49.5,1520965800.0,0.0,0.9944883776659585,14498.08,0.0152457217124535,0.5156469340535632,1.76,-78.66769486297306,33.61251972675004,-96.85234900195236,259.85,4543.9,4284.049999999999,90024.8,91084.0,-12288.5,4879.5,17.78,2018,164262.7,167186.90000000002,-21599.0,9891.9,36.019999999999996,357392.60000000003,362961.80000000005,-45495.0,24557.2,89.44999999999999,751299.66,764104.65,-98744.4,78430.8,278.36,237.03599550056242,4217.6,4230.0,4160.0,4173.0
2018-03-13,4149.0,4200.05,4143.0,4164.8,4172.089689107583,4471,398,18653413.0,2077.0,46.45,57.05,15.8,1520879400.0,0.0,-1.1792620714200952,14495.87,0.3835049918666344,0.5157026972550329,1.73,-78.41312908182866,33.632889919680565,-96.59553546363833,259.85,4543.9,4284.049999999999,90024.8,91084.0,-12288.5,4879.5,17.78,2018,164262.7,167186.90000000002,-21599.0,9891.9,36.019999999999996,357392.60000000003,362961.80000000005,-45495.0,24557.2,89.44999999999999,751299.66,764104.65,-98744.4,78430.8,278.36,234.24071991001125,4165.0,4236.0,4140.9,4214.5
2018-03-12,4065.0,4188.0,4065.0,4177.25,4157.718086321078,8758,1331,36413295.0,3950.0,45.1,123.0,112.25,1520793000.0,0.0,0.2989339223972376,14440.49,1.4479731467053725,0.5157588569329425,1.71,-78.4774672332276,34.14537872329817,-96.91630108774295,259.85,4543.9,4284.049999999999,90024.8,91084.0,-12288.5,4879.5,17.78,2018,164262.7,167186.90000000002,-21599.0,9891.9,36.019999999999996,357392.60000000003,362961.80000000005,-45495.0,24557.2,89.44999999999999,751299.66,764104.65,-98744.4,78430.8,278.36,234.94094488188975,4149.0,4200.05,4143.0,4164.8
2018-03-09,4102.1,4132.05,4070.0,4083.05,4106.30951804311,4129,925,16954952.0,1675.0,40.57,62.05,-19.05,1520533800.0,0.0,-2.2550721168232646,14234.38,-0.1531962890583882,0.5155651820446245,1.67,-77.9809211251393,36.08776778475775,-97.39552383865754,259.85,4543.9,4284.049999999999,90024.8,91084.0,-12288.5,4879.5,17.78,2018,164262.7,167186.90000000002,-21599.0,9891.9,36.019999999999996,357392.60000000003,362961.80000000005,-45495.0,24557.2,89.44999999999999,751299.66,764104.65,-98744.4,78430.8,278.36,229.64285714285714,4065.0,4188.0,4065.0,4177.25
2018-03-08,4075.0,4134.45,4063.5,4109.55,4102.339575530586,4005,562,16429870.0,1002.0,25.02,70.95,34.55,1520447400.0,0.0,0.6490246261985577,14256.22,0.68997275847138,0.5158177509949149,1.67,-78.1229088343006,35.8792863746491,-97.43866599521309,259.85,4543.9,4284.049999999999,90024.8,91084.0,-12288.5,4879.5,17.78,2018,164262.7,167186.90000000002,-21599.0,9891.9,36.019999999999996,357392.60000000003,362961.80000000005,-45495.0,24557.2,89.44999999999999,751299.66,764104.65,-98744.4,78430.8,278.36,231.13329583802025,4102.1,4132.05,4070.0,4083.05
2018-03-07,4150.0,4186.25,4094.55,4114.25,4146.2182196339445,24040,634,99675086.0,20312.0,84.49,91.7,-35.75,1520361000.0,0.0,0.114367753160316,14158.53,-1.0892489756854085,0.5158001461274472,1.68,-78.14790058941485,36.81681643503951,-97.9514756410615,259.85,4543.9,4284.049999999999,90024.8,91084.0,-12288.5,4879.5,17.78,2018,164262.7,167186.90000000002,-21599.0,9891.9,36.019999999999996,357392.60000000003,362961.80000000005,-45495.0,24557.2,89.44999999999999,751299.66,764104.65,-98744.4,78430.8,278.36,231.39763779527559,4075.0,4134.45,4063.5,4109.55
2018-03-06,4145.05,4164.6,4105.6,4137.3,4138.8629832364,5846,691,24195793.0,914.0,15.63,59.0,-7.75,1520274600.0,0.0,0.5602479188187459,14314.45,-1.0567257399948682,0.5156713271836509,1.68,-78.26964445411258,35.32654066345546,-97.30020073317533,259.85,4543.9,4284.049999999999,90024.8,91084.0,-12288.5,4879.5,17.78,2018,164262.7,167186.90000000002,-21599.0,9891.9,36.019999999999996,357392.60000000003,362961.80000000005,-45495.0,24557.2,89.44999999999999,751299.66,764104.65,-98744.4,78430.8,278.36,232.69403824521933,4150.0,4186.25,4094.55,4114.25
2018-03-05,4150.0,4150.0,4079.7,4090.3,4093.445733222866,3621,466,14822367.0,1112.0,30.71,70.3,-59.7,1520188200.0,0.0,-1.1360065743359238,14467.33,-0.9849266728901852,0.515567315946333,1.7,-78.01994963694595,33.896510275220095,-96.31941802237971,259.85,4543.9,4284.049999999999,90024.8,91084.0,-12288.5,4879.5,17.78,2018,164262.7,167186.90000000002,-21599.0,9891.9,36.019999999999996,357392.60000000003,362961.80000000005,-45495.0,24557.2,89.44999999999999,751299.66,764104.65,-98744.4,78430.8,278.36,230.0506186726659,4145.05,4164.6,4105.6,4137.3
2018-03-01,4155.05,4179.5,4117.35,4149.95,4153.057082452432,2838,352,11786376.0,1261.0,44.43,62.15,-5.1,1519842600.0,0.0,1.4583282399823982,14611.24,-0.4038719906424348,0.5155227885975471,1.63,-78.33588356486223,32.57772783145032,-95.92014251728942,259.85,4543.9,4284.049999999999,90024.8,91084.0,-12288.5,4879.5,17.78,2018,164262.7,167186.90000000002,-21599.0,9891.9,36.019999999999996,357392.60000000003,362961.80000000005,-45495.0,24557.2,89.44999999999999,751299.66,764104.65,-98744.4,78430.8,278.36,233.4055118110236,4150.0,4150.0,4079.7,4090.3
2018-02-28,4154.0,4185.0,4138.75,4154.0,4158.311419591409,3818,393,15876433.0,1862.0,48.77,46.25,0.0,1519756200.0,0.0,0.0975915372474434,14670.49,-0.3582094418140613,0.5156195775720233,1.65,-78.35700529610014,32.04228352290892,-95.6778616876316,259.85,4543.9,4284.049999999999,90024.8,91084.0,-12288.5,4879.5,17.78,2018,164262.7,167186.90000000002,-21599.0,9891.9,36.019999999999996,357392.60000000003,362961.80000000005,-45495.0,24557.2,89.44999999999999,751299.66,764104.65,-98744.4,78430.8,278.36,233.63329583802025,4155.05,4179.5,4117.35,4149.95
2018-02-27,4152.85,4185.0,4146.75,4173.4,4165.052245377165,3407,541,14190333.0,1576.0,46.26,38.25,20.55,1519669800.0,0.0,0.4670197400096221,14723.23,-0.3446560377415975,0.515604086316801,1.66,-78.4576124982029,31.569295596142965,-95.53896752643132,259.85,4543.9,4284.049999999999,90024.8,91084.0,-12288.5,4879.5,17.78,2018,164262.7,167186.90000000002,-21599.0,9891.9,36.019999999999996,357392.60000000003,362961.80000000005,-45495.0,24557.2,89.44999999999999,751299.66,764104.65,-98744.4,78430.8,278.36,234.72440944881888,4154.0,4185.0,4138.75,4154.0
2018-02-26,4117.0,4194.15,4103.7,4141.35,4140.564559558918,7799,701,32292263.0,1500.0,19.23,90.45,24.35,1519583400.0,0.0,-0.7679589782910612,14774.15,0.9170144604812912,0.515602106119363,1.66,-78.29089548094221,31.11583407505678,-95.13838556754399,259.85,4543.9,4284.049999999999,90024.8,91084.0,-12288.5,4879.5,17.78,2018,164262.7,167186.90000000002,-21599.0,9891.9,36.019999999999996,357392.60000000003,362961.80000000005,-45495.0,24557.2,89.44999999999999,751299.66,764104.65,-98744.4,78430.8,278.36,232.921822272216,4152.85,4185.0,4146.75,4173.4
2018-02-23,4179.0,4179.0,4068.9,4115.75,4106.183975177953,5479,679,22497782.0,1319.0,24.07,110.1,-63.25,1519324200.0,0.0,-0.6181559153416227,14639.9,1.1875098924598817,0.5155527459446874,1.64,-78.15586466622122,32.318185233505694,-95.61208730395484,259.85,4543.9,4284.049999999999,90024.8,91084.0,-12288.5,4879.5,17.78,2018,164262.7,167186.90000000002,-21599.0,9891.9,36.019999999999996,357392.60000000003,362961.80000000005,-45495.0,24557.2,89.44999999999999,751299.66,764104.65,-98744.4,78430.8,278.36,231.48200224971876,4117.0,4194.15,4103.7,4141.35
2018-02-22,4142.0,4142.0,4079.25,4103.8,4100.195993928552,36894,1258,151272631.0,30431.0,82.48,62.75,-38.2,1519237800.0,0.0,-0.29034805321022095,14468.09,-0.2857428383374993,0.515437830274783,1.63,-78.09225595789269,33.88947677267697,-96.35001067140107,259.85,4543.9,4284.049999999999,90024.8,91084.0,-12288.5,4879.5,17.78,2018,164262.7,167186.90000000002,-21599.0,9891.9,36.019999999999996,357392.60000000003,362961.80000000005,-45495.0,24557.2,89.44999999999999,751299.66,764104.65,-98744.4,78430.8,278.36,230.80989876265465,4179.0,4179.0,4068.9,4115.75
2018-02-21,4132.65,4170.0,4120.95,4135.25,4142.637712936415,5929,814,24561699.0,2623.0,44.24,49.05,2.6,1519151400.0,0.0,0.7663628831814373,14509.55,0.1849785538115655,0.5154300741196525,1.64,-78.25887189408137,33.5068971815115,-96.32402907031118,259.85,4543.9,4284.049999999999,90024.8,91084.0,-12288.5,4879.5,17.78,2018,164262.7,167186.90000000002,-21599.0,9891.9,36.019999999999996,357392.60000000003,362961.80000000005,-45495.0,24557.2,89.44999999999999,751299.66,764104.65,-98744.4,78430.8,278.36,232.5787401574803,4142.0,4142.0,4079.25,4103.8
2018-02-20,4110.0,4180.35,4089.3,4132.5,4137.964078002053,2923,459,12095269.0,504.0,17.24,91.05,22.5,1519065000.0,0.0,-0.0665014207121728,14482.76,-0.0855457959760386,0.515461991826772,1.66,-78.24440411373261,33.753856309156546,-96.44756721225266,259.85,4543.9,4284.049999999999,90024.8,91084.0,-12288.5,4879.5,17.78,2018,164262.7,167186.90000000002,-21599.0,9891.9,36.019999999999996,357392.60000000003,362961.80000000005,-45495.0,24557.2,89.44999999999999,751299.66,764104.65,-98744.4,78430.8,278.36,232.4240719910011,4132.65,4170.0,4120.95,4135.25
2018-02-19,4160.0,4208.0,4086.0,4110.95,4156.407148407148,6435,663,26746480.0,1087.0,16.89,122.0,-49.05,1518978600.0,0.0,-0.5214761040532423,14495.16,-0.8167898659758532,0.5154603161083109,,-78.13035916272395,33.63943550812822,,259.85,4543.9,4284.049999999999,90024.8,91084.0,-12288.5,4879.5,17.78,2018,164262.7,167186.90000000002,-21599.0,9891.9,36.019999999999996,357392.60000000003,362961.80000000005,-45495.0,24557.2,89.44999999999999,751299.66,764104.65,-98744.4,78430.8,278.36,231.21203599550054,4110.0,4180.35,4089.3,4132.5
2018-02-16,4195.45,4266.25,4109.15,4160.0,4193.3157327586205,5568,714,23348382.0,1199.0,21.53,157.1,-35.45,1518719400.0,0.0,1.1931548668799197,14614.53,-0.9600039034466156,0.5153972235880884,1.62,-78.38822115384616,32.5478821419505,-95.94836574126707,259.85,4543.9,4284.049999999999,90024.8,91084.0,-12288.5,4879.5,17.78,2018,164262.7,167186.90000000002,-21599.0,9891.9,36.019999999999996,357392.60000000003,362961.80000000005,-45495.0,24557.2,89.44999999999999,751299.66,764104.65,-98744.4,78430.8,278.36,233.970753655793,4160.0,4208.0,4086.0,4110.95
2018-02-15,4188.0,4227.4,4162.8,4181.1,4198.348735244519,2965,405,12448104.0,640.0,21.59,64.6,-6.9,1518633000.0,0.0,0.5072115384615383,14756.19,-0.0370554531129885,0.5153742065845909,1.58,-78.49728540336275,31.27541729945196,-95.38153753326614,259.85,4543.9,4284.049999999999,90024.8,91084.0,-12288.5,4879.5,17.78,2018,164262.7,167186.90000000002,-21599.0,9891.9,36.019999999999996,357392.60000000003,362961.80000000005,-45495.0,24557.2,89.44999999999999,751299.66,764104.65,-98744.4,78430.8,278.36,235.15748031496062,4195.45,4266.25,4109.15,4160.0
2018-02-14,4199.6,4202.75,4125.0,4170.45,4181.001029071264,3887,731,16251551.0,1543.0,39.7,77.75,-29.15,1518546600.0,0.0,-0.2547176580325883,14761.66,-0.2358656336337583,0.5153891595625557,1.58,-78.4423743241137,31.22677259874567,-95.30199953752344,259.85,4543.9,4284.049999999999,90024.8,91084.0,-12288.5,4879.5,17.78,2018,164262.7,167186.90000000002,-21599.0,9891.9,36.019999999999996,357392.60000000003,362961.80000000005,-45495.0,24557.2,89.44999999999999,751299.66,764104.65,-98744.4,78430.8,278.36,234.55849268841393,4188.0,4227.4,4162.8,4181.1
2018-02-12,4180.0,4217.2,4164.3,4200.75,4196.3155143739605,4209,883,17662292.0,1514.0,35.97,52.9,20.75,1518373800.0,0.0,0.726540301406331,14796.56,1.0008232115626292,0.515383554893652,1.62,-78.59786942807831,30.917253740058516,-95.317192209251,259.85,4543.9,4284.049999999999,90024.8,91084.0,-12288.5,4879.5,17.78,2018,164262.7,167186.90000000002,-21599.0,9891.9,36.019999999999996,357392.60000000003,362961.80000000005,-45495.0,24557.2,89.44999999999999,751299.66,764104.65,-98744.4,78430.8,278.36,236.26265466816648,4199.6,4202.75,4125.0,4170.45
2018-02-09,4106.35,4190.0,4073.15,4154.75,4121.742200603824,5962,730,24573827.0,1623.0,27.22,116.85,48.4,1518114600.0,0.0,-1.0950425519252516,14649.94,-0.6956080842917989,0.5153216475826321,1.55,-78.3609122089175,32.22750400342935,-95.7196941156875,259.85,4543.9,4284.049999999999,90024.8,91084.0,-12288.5,4879.5,17.78,2018,164262.7,167186.90000000002,-21599.0,9891.9,36.019999999999996,357392.60000000003,362961.80000000005,-45495.0,24557.2,89.44999999999999,751299.66,764104.65,-98744.4,78430.8,278.36,233.67547806524183,4180.0,4217.2,4164.3,4200.75
2018-02-08,4082.0,4175.0,4050.15,4158.55,4115.258889430103,8212,833,33794506.0,3048.0,37.12,124.85,76.55,1518028200.0,0.0,0.0914615801191454,14752.56,1.308611454470543,0.515324181613237,1.55,-78.38068557550108,31.307718795924245,-95.26555766068758,259.85,4543.9,4284.049999999999,90024.8,91084.0,-12288.5,4879.5,17.78,2018,164262.7,167186.90000000002,-21599.0,9891.9,36.019999999999996,357392.60000000003,362961.80000000005,-45495.0,24557.2,89.44999999999999,751299.66,764104.65,-98744.4,78430.8,278.36,233.88920134983127,4106.35,4190.0,4073.15,4154.75
2018-02-07,4100.0,4167.05,4040.8,4081.3,4119.562969509501,6789,781,27967713.0,2947.0,43.41,126.25,-18.7,1517941800.0,0.0,-1.8576186411128903,14562.0,0.1391853530796849,0.5151631420006613,1.55,-77.97147967559357,33.026026644691655,-95.73676845956945,259.85,4543.9,4284.049999999999,90024.8,91084.0,-12288.5,4879.5,17.78,2018,164262.7,167186.90000000002,-21599.0,9891.9,36.019999999999996,357392.60000000003,362961.80000000005,-45495.0,24557.2,89.44999999999999,751299.66,764104.65,-98744.4,78430.8,278.36,229.54443194600674,4082.0,4175.0,4050.15,4158.55
2018-02-06,4050.0,4109.15,3961.15,4093.85,4039.975199854651,11008,1422,44472047.0,4646.0,42.21,148.0,43.85,1517855400.0,0.0,0.30750006125499496,14541.76,-1.6952475337214112,0.5153350242709169,1.52,-78.03900973411336,33.21117938956495,-95.8905844340088,259.85,4543.9,4284.049999999999,90024.8,91084.0,-12288.5,4879.5,17.78,2018,164262.7,167186.90000000002,-21599.0,9891.9,36.019999999999996,357392.60000000003,362961.80000000005,-45495.0,24557.2,89.44999999999999,751299.66,764104.65,-98744.4,78430.8,278.36,230.25028121484812,4100.0,4167.05,4040.8,4081.3
2018-02-05,4143.75,4170.0,4055.4,4138.1,4119.449949443882,6923,880,28518952.0,1781.0,25.73,114.6,-5.65,1517769000.0,0.0,1.0808896271236268,14792.53,-0.6285062094881777,0.5150340079177692,1.51,-78.2738454846427,30.95292015632214,-94.94795065755616,259.85,4543.9,4284.049999999999,90024.8,91084.0,-12288.5,4879.5,17.78,2018,164262.7,167186.90000000002,-21599.0,9891.9,36.019999999999996,357392.60000000003,362961.80000000005,-45495.0,24557.2,89.44999999999999,751299.66,764104.65,-98744.4,78430.8,278.36,232.7390326209224,4050.0,4109.15,3961.15,4093.85
2018-02-02,4362.8,4364.4,4127.2,4177.9,4251.989986401285,8089,1296,34394347.0,3622.0,44.78,237.2,-184.9,1517509800.0,0.0,0.9617940600758601,14886.09,-2.8927808662229992,0.5150534997012626,1.48,-78.48081572081668,30.12987292163356,-94.71703303510048,259.85,4543.9,4284.049999999999,90024.8,91084.0,-12288.5,4879.5,17.78,2018,164262.7,167186.90000000002,-21599.0,9891.9,36.019999999999996,357392.60000000003,362961.80000000005,-45495.0,24557.2,89.44999999999999,751299.66,764104.65,-98744.4,78430.8,278.36,234.97750281214846,4143.75,4170.0,4055.4,4138.1
2018-02-01,4380.0,4418.0,4344.4,4389.4,4401.512612280055,32508,1250,143084372.0,22722.0,69.9,73.6,9.4,1517423400.0,0.0,5.062351899279549,15329.54,-0.1150047663448505,0.5142293374528771,1.48,-79.51770173600036,26.365500856516235,-93.79455635362972,259.85,4543.9,4284.049999999999,90024.8,91084.0,-12288.5,4879.5,17.78,2018,164262.7,167186.90000000002,-21599.0,9891.9,36.019999999999996,357392.60000000003,362961.80000000005,-45495.0,24557.2,89.44999999999999,751299.66,764104.65,-98744.4,78430.8,278.36,246.8728908886389,4362.8,4364.4,4127.2,4177.9
2018-01-31,4369.8,4395.05,4335.0,4379.9,4365.882543802726,4623,608,20183475.0,1447.0,31.3,60.05,10.1,1517337000.0,0.0,-0.21643049163895256,15347.19,-0.4582353948412998,0.5155894263315679,1.46,-79.47327564556268,26.220174507515704,-93.69935981576222,259.85,4543.9,4284.049999999999,90024.8,91084.0,-12288.5,4879.5,17.78,2018,164262.7,167186.90000000002,-21599.0,9891.9,36.019999999999996,357392.60000000003,362961.80000000005,-45495.0,24557.2,89.44999999999999,751299.66,764104.65,-98744.4,78430.8,278.36,246.3385826771653,4380.0,4418.0,4344.4,4389.4
2018-01-30,4378.6,4384.95,4308.0,4360.9,4337.121485163896,6437,1195,27918051.0,3446.0,53.53,76.95,-17.7,1517250600.0,0.0,-0.4337998584442615,15417.84,-0.7383219207185987,0.5155650528054413,1.44,-79.38384278474626,25.64178899249181,-93.30143940464646,259.85,4543.9,4284.049999999999,90024.8,91084.0,-12288.5,4879.5,17.78,2018,164262.7,167186.90000000002,-21599.0,9891.9,36.019999999999996,357392.60000000003,362961.80000000005,-45495.0,24557.2,89.44999999999999,751299.66,764104.65,-98744.4,78430.8,278.36,245.2699662542182,4369.8,4395.05,4335.0,4379.9
2018-01-29,4364.0,4410.25,4326.15,4387.4,4385.170912815261,7811,1079,34252570.0,3269.0,41.85,84.1,23.4,1517164200.0,0.0,0.6076727281065786,15532.52,0.117956300735722,0.5155103222249035,1.44,-79.50836486301682,24.714148122777235,-92.94642846129985,259.85,4543.9,4284.049999999999,90024.8,91084.0,-12288.5,4879.5,17.78,2018,164262.7,167186.90000000002,-21599.0,9891.9,36.019999999999996,357392.60000000003,362961.80000000005,-45495.0,24557.2,89.44999999999999,751299.66,764104.65,-98744.4,78430.8,278.36,246.7604049493813,4378.6,4384.95,4308.0,4360.9
2018-01-25,4290.0,4382.55,4290.0,4355.25,4330.721380731581,9705,1470,42029651.0,4729.0,48.73,92.55,65.25,1516818600.0,0.0,-0.7327802343073286,15514.22,-0.4959099614278095,0.515531949735959,1.42,-79.35709775558234,24.86125631839693,-92.86181432966588,259.85,4543.9,4284.049999999999,90024.8,91084.0,-12288.5,4879.5,17.78,2018,164262.7,167186.90000000002,-21599.0,9891.9,36.019999999999996,357392.60000000003,362961.80000000005,-45495.0,24557.2,89.44999999999999,751299.66,764104.65,-98744.4,78430.8,278.36,244.9521934758155,4364.0,4410.25,4326.15,4387.4
2018-01-24,4364.8,4364.8,4276.45,4283.75,4306.118555705735,5179,741,22301388.0,1962.0,37.88,88.35,-81.05,1516732200.0,0.0,-1.6416968027093692,15591.54,-0.1777927450060112,0.5155269469374001,1.43,-79.01254741756638,24.242056910350087,-92.20277746992139,259.85,4543.9,4284.049999999999,90024.8,91084.0,-12288.5,4879.5,17.78,2018,164262.7,167186.90000000002,-21599.0,9891.9,36.019999999999996,357392.60000000003,362961.80000000005,-45495.0,24557.2,89.44999999999999,751299.66,764104.65,-98744.4,78430.8,278.36,240.93082114735657,4290.0,4382.55,4290.0,4355.25
2018-01-23,4336.65,4398.0,4304.65,4368.1,4358.663312971613,5566,631,24260320.0,1451.0,26.07,93.35,31.45,1516645800.0,0.0,1.9690691566968344,15619.31,0.8780393919666007,0.5156561543020354,1.44,-79.41782468350084,24.021163546917258,-92.50194063776951,259.85,4543.9,4284.049999999999,90024.8,91084.0,-12288.5,4879.5,17.78,2018,164262.7,167186.90000000002,-21599.0,9891.9,36.019999999999996,357392.60000000003,362961.80000000005,-45495.0,24557.2,89.44999999999999,751299.66,764104.65,-98744.4,78430.8,278.36,245.67491563554557,4364.8,4364.8,4276.45,4283.75
2018-01-22,4300.0,4339.95,4258.5,4330.05,4311.119875454074,7708,1127,33230112.0,2606.0,33.81,81.45,30.05,1516559400.0,0.0,-0.87108811611456,15483.36,0.679176872743259,0.5157981822206735,1.44,-79.23696031223658,25.1101182172345,-92.88596426163458,259.85,4543.9,4284.049999999999,90024.8,91084.0,-12288.5,4879.5,17.78,2018,164262.7,167186.90000000002,-21599.0,9891.9,36.019999999999996,357392.60000000003,362961.80000000005,-45495.0,24557.2,89.44999999999999,751299.66,764104.65,-98744.4,78430.8,278.36,243.53487064116985,4336.65,4398.0,4304.65,4368.1
2018-01-19,4386.9,4386.9,4277.1,4300.2,4328.431213872832,11245,1453,48673209.0,3748.0,33.33,109.8,-86.7,1516300200.0,0.0,-0.6893684830429292,15378.91,0.7860294633255105,0.515793635226165,1.44,-79.09283289149343,25.95983720562771,-93.18000885893791,259.85,4543.9,4284.049999999999,90024.8,91084.0,-12288.5,4879.5,17.78,2018,164262.7,167186.90000000002,-21599.0,9891.9,36.019999999999996,357392.60000000003,362961.80000000005,-45495.0,24557.2,89.44999999999999,751299.66,764104.65,-98744.4,78430.8,278.36,241.85601799775026,4300.0,4339.95,4258.5,4330.05
2018-01-18,4535.0,4550.0,4376.0,4408.55,4443.979247852012,21299,2908,94652314.0,5001.0,23.48,174.0,-126.45,1516213800.0,0.0,2.5196502488256556,15258.97,-0.4474945783934259,0.5157600511680359,1.45,-79.60667339601457,26.949918638020787,-94.20851273754093,259.85,4543.9,4284.049999999999,90024.8,91084.0,-12288.5,4879.5,17.78,2018,164262.7,167186.90000000002,-21599.0,9891.9,36.019999999999996,357392.60000000003,362961.80000000005,-45495.0,24557.2,89.44999999999999,751299.66,764104.65,-98744.4,78430.8,278.36,247.94994375703035,4386.9,4386.9,4277.1,4300.2
2018-01-17,4536.0,4592.0,4500.0,4542.5,4548.971882007935,5797,841,26370390.0,2169.0,37.42,92.0,6.5,1516127400.0,0.0,3.0384139909947594,15327.56,0.7713224774888561,0.5160800178845996,1.44,-80.20803522289488,26.38182463484078,-94.52001252651806,259.85,4543.9,4284.049999999999,90024.8,91084.0,-12288.5,4879.5,17.78,2018,164262.7,167186.90000000002,-21599.0,9891.9,36.019999999999996,357392.60000000003,362961.80000000005,-45495.0,24557.2,89.44999999999999,751299.66,764104.65,-98744.4,78430.8,278.36,255.48368953880762,4535.0,4550.0,4376.0,4408.55
2018-01-16,4535.0,4594.3,4508.05,4543.9,4553.980819783858,20542,2036,93547874.0,9099.0,44.29,86.25,8.9,1516041000.0,0.0,0.030820033021461413,15210.24,-0.857009513926732,0.5165263309803867,1.45,-80.21413323356587,27.35663605570984,-95.04559290346587,259.85,4543.9,4284.049999999999,90024.8,91084.0,-12288.5,4879.5,17.78,2018,164262.7,167186.90000000002,-21599.0,9891.9,36.019999999999996,357392.60000000003,362961.80000000005,-45495.0,24557.2,89.44999999999999,751299.66,764104.65,-98744.4,78430.8,278.36,255.56242969628792,4536.0,4592.0,4500.0,4542.5
2018-01-15,4449.0,4559.5,4406.0,4524.95,4493.659467242621,18057,1655,81142009.0,8176.0,45.28,153.5,75.95,1515954600.0,0.0,-0.41704262857896746,15341.72,0.3781095569006076,0.5164432793525261,,-80.13127216875324,26.265177568095368,,259.85,4524.95,4265.099999999999,90024.8,91084.0,-12288.5,4879.5,17.78,2018,164262.7,167186.90000000002,-21599.0,9891.9,36.019999999999996,357392.60000000003,362961.80000000005,-45495.0,24557.2,89.44999999999999,751299.66,764104.65,-98744.4,78430.8,278.36,254.49662542182224,4535.0,4594.3,4508.05,4543.9
2018-01-12,4415.5,4432.85,4350.0,4391.25,4396.809186415832,4093,707,17996140.0,1591.0,38.87,82.85,-24.25,1515695400.0,0.0,-2.954728781533489,15283.93,0.1101059007854843,0.516439445851997,1.43,-79.52633077142043,26.74259827151786,-94.02875499583733,259.85,4488.3,4228.45,90024.8,91084.0,-12288.5,4879.5,17.78,2018,164262.7,167186.90000000002,-21599.0,9891.9,36.019999999999996,357392.60000000003,362961.80000000005,-45495.0,24557.2,89.44999999999999,751299.66,764104.65,-98744.4,78430.8,278.36,246.97694038245217,4449.0,4559.5,4406.0,4524.95
2018-01-11,4417.0,4430.0,4380.0,4396.5,4403.531364088948,3013,601,13267840.0,1097.0,36.41,50.0,-20.5,1515609000.0,0.0,0.11955593509820339,15267.12,0.2110934324737412,0.5168861262336172,1.43,-79.5507790287729,26.88214935102362,-94.13664191114296,259.85,4488.3,4228.45,90024.8,91084.0,-12288.5,4879.5,17.78,2018,164262.7,167186.90000000002,-21599.0,9891.9,36.019999999999996,357392.60000000003,362961.80000000005,-45495.0,24557.2,89.44999999999999,751299.66,764104.65,-98744.4,78430.8,278.36,247.27221597300337,4415.5,4432.85,4350.0,4391.25
2018-01-10,4420.35,4423.8,4375.0,4393.05,4392.1045331529085,2956,334,12983061.0,1549.0,52.4,48.8,-27.3,1515522600.0,0.0,-0.07847151142954534,15234.96,-0.1033393833209217,0.5168847553220016,1.42,-79.53471961393565,27.149989235285176,-94.25415880425376,259.85,4488.3,4228.45,90024.8,91084.0,-12288.5,4879.5,17.78,2018,164262.7,167186.90000000002,-21599.0,9891.9,36.019999999999996,357392.60000000003,362961.80000000005,-45495.0,24557.2,89.44999999999999,751299.66,764104.65,-98744.4,78430.8,278.36,247.078177727784,4417.0,4430.0,4380.0,4396.5
2018-01-09,4429.35,4471.0,4387.65,4415.55,4430.505154639175,6596,719,29223612.0,2439.0,36.98,83.35,-13.8,1515436200.0,0.0,0.5121726363232826,15250.72,0.0425734851809522,0.5168825208189912,1.44,-79.63900306870039,27.01859322051681,-94.30013081152468,259.85,4488.3,4228.45,90024.8,91084.0,-12288.5,4879.5,17.78,2018,164262.7,167186.90000000002,-21599.0,9891.9,36.019999999999996,357392.60000000003,362961.80000000005,-45495.0,24557.2,89.44999999999999,751299.66,764104.65,-98744.4,78430.8,278.36,248.34364454443195,4420.35,4423.8,4375.0,4393.05
2018-01-08,4409.25,4427.1,4375.0,4410.8,4407.72374474895,4999,591,22034211.0,1979.0,39.59,52.1,1.55,1515349800.0,0.0,-0.1075743678590424,15244.23,0.7018104781414181,0.5168987528954,1.45,-79.6170762673438,27.072669462478597,-94.31140215835003,259.85,4488.3,4228.45,90024.8,91084.0,-12288.5,4879.5,17.78,2018,164262.7,167186.90000000002,-21599.0,9891.9,36.019999999999996,357392.60000000003,362961.80000000005,-45495.0,24557.2,89.44999999999999,751299.66,764104.65,-98744.4,78430.8,278.36,248.07649043869515,4429.35,4471.0,4387.65,4415.55
2018-01-05,4356.3,4405.0,4356.3,4395.55,4390.926956115233,17113,1391,75141933.0,8063.0,47.12,48.7,39.25,1515090600.0,0.0,-0.3457422689761458,15137.99,0.7006743982768127,0.5168551646455317,1.39,-79.54635938619741,27.96447877162027,-94.6715159870724,259.85,4488.3,4228.45,90024.8,91084.0,-12288.5,4879.5,17.78,2018,164262.7,167186.90000000002,-21599.0,9891.9,36.019999999999996,357392.60000000003,362961.80000000005,-45495.0,24557.2,89.44999999999999,751299.66,764104.65,-98744.4,78430.8,278.36,247.21878515185603,4409.25,4427.1,4375.0,4410.8
2018-01-04,4300.0,4350.85,4295.0,4340.95,4331.580601645757,7413,590,32110007.0,3545.0,47.82,55.85,40.95,1515004200.0,0.0,-1.2421653717964887,15032.66,0.6743923771561189,0.5168163245681575,1.41,-79.28909570485723,28.861093113261397,-94.88626875303125,259.85,4488.3,4228.45,90024.8,91084.0,-12288.5,4879.5,17.78,2018,164262.7,167186.90000000002,-21599.0,9891.9,36.019999999999996,357392.60000000003,362961.80000000005,-45495.0,24557.2,89.44999999999999,751299.66,764104.65,-98744.4,78430.8,278.36,244.1479190101237,4356.3,4405.0,4356.3,4395.55
2018-01-03,4265.0,4309.05,4247.2,4294.5,4284.9668571428565,5250,470,22496076.0,1480.0,28.19,61.85,29.5,1514917800.0,0.0,-1.0700422718529334,14931.96,0.2454449024531069,0.5168520309396637,1.41,-79.06508324601235,29.730122502337288,-95.11239607780544,259.85,4488.3,4228.45,90024.8,91084.0,-12288.5,4879.5,17.78,2018,164262.7,167186.90000000002,-21599.0,9891.9,36.019999999999996,357392.60000000003,362961.80000000005,-45495.0,24557.2,89.44999999999999,751299.66,764104.65,-98744.4,78430.8,278.36,241.53543307086613,4300.0,4350.85,4295.0,4340.95
2018-01-02,4269.05,4297.95,4244.8,4255.05,4261.007424144608,3098,404,13200601.0,1205.0,38.9,53.15,-14.0,1514831400.0,0.0,-0.9186168354872515,14895.4,-0.2690220265968879,0.5169037885571239,1.44,-78.87098859002832,30.048538474965422,-95.09885051282019,259.85,4488.3,4228.45,90024.8,91084.0,-12288.5,4879.5,17.78,2018,164262.7,167186.90000000002,-21599.0,9891.9,36.019999999999996,357392.60000000003,362961.80000000005,-45495.0,24557.2,89.44999999999999,751299.66,764104.65,-98744.4,78430.8,278.36,239.3166479190101,4265.0,4309.05,4247.2,4294.5
2018-01-01,4330.75,4330.75,4250.0,4257.5,4275.535135135136,1665,261,7118766.0,512.0,30.75,80.75,-73.25,1514745000.0,0.0,0.057578641849098666,14935.58,-0.4475852061591401,0.5169342734258628,,-78.88314738696418,29.698679261200446,,259.85,4488.3,4228.45,90024.8,91084.0,-12288.5,4879.5,17.78,2018,164262.7,167186.90000000002,-21599.0,9891.9,36.019999999999996,357392.60000000003,362961.80000000005,-45495.0,24557.2,89.44999999999999,751299.66,764104.65,-98744.4,78430.8,278.36,239.45444319460066,4269.05,4297.95,4244.8,4255.05
2017-12-29,4280.8,4328.0,4280.8,4320.8,4313.876082771896,4156,491,17928469.0,1921.0,46.22,47.2,40.0,1514485800.0,0.0,1.4867880211391737,15002.73,0.5810515645552572,0.5169098767166069,1.39,-79.19251064617664,29.118167160243512,-94.9154741145556,259.85,4488.3,4228.45,75898.6,77454.3,-11541.4,4214.7,15.36,2017,176574.8,178365.3,-23304.3,10863.4,39.57,342414.7,347641.7,-45994.0,19262.0,70.15,737721.36,749346.45,-97915.8,54247.1,195.37,281.30208333333337,4330.75,4330.75,4250.0,4257.5
2017-12-28,4280.2,4290.0,4250.0,4276.15,4270.271147771149,5698,723,24332005.0,2330.0,40.89,40.0,-4.05,1514399400.0,0.0,-1.0333734493612412,14916.06,-0.0414146937725234,0.5170040111782204,1.39,-78.97524642493832,29.86841029065317,-95.08869877718512,259.85,4488.3,4228.45,75898.6,77454.3,-11541.4,4214.7,15.36,2017,176574.8,178365.3,-23304.3,10863.4,39.57,342414.7,347641.7,-45994.0,19262.0,70.15,737721.36,749346.45,-97915.8,54247.1,195.37,278.39518229166663,4280.8,4328.0,4280.8,4320.8
2017-12-27,4341.0,4341.0,4223.0,4273.0,4286.059897501601,6244,694,26762158.0,2144.0,34.34,118.0,-68.0,1514313000.0,0.0,-0.07366439437342942,14922.24,-0.2819352290732158,0.5170551808799781,1.44,-78.95974725017551,29.814625686224066,-95.07099446676777,259.85,4488.3,4228.45,75898.6,77454.3,-11541.4,4214.7,15.36,2017,176574.8,178365.3,-23304.3,10863.4,39.57,342414.7,347641.7,-45994.0,19262.0,70.15,737721.36,749346.45,-97915.8,54247.1,195.37,278.1901041666667,4280.2,4290.0,4250.0,4276.15
2017-12-26,4301.75,4337.0,4278.75,4322.4,4310.856915739269,5032,490,21692232.0,2181.0,43.34,58.25,20.65,1514226600.0,0.0,1.1560964193774836,14964.43,0.3779156149446461,0.517044229856315,1.47,-79.2002128447159,29.448632523925067,-95.13640335048159,259.85,4488.3,4228.45,75898.6,77454.3,-11541.4,4214.7,15.36,2017,176574.8,178365.3,-23304.3,10863.4,39.57,342414.7,347641.7,-45994.0,19262.0,70.15,737721.36,749346.45,-97915.8,54247.1,195.37,281.40625,4341.0,4341.0,4223.0,4273.0
2017-12-22,4379.85,4379.85,4267.65,4286.95,4296.957637997432,6232,696,26778640.0,3004.0,48.2,112.2,-92.9,1513881000.0,0.0,-0.820146215065698,14908.09,0.4258710248052022,0.5171087917453984,1.33,-79.02821353176502,29.93783911956529,-95.15157865333018,259.85,4488.3,4228.45,75898.6,77454.3,-11541.4,4214.7,15.36,2017,176574.8,178365.3,-23304.3,10863.4,39.57,342414.7,347641.7,-45994.0,19262.0,70.15,737721.36,749346.45,-97915.8,54247.1,195.37,279.0983072916667,4301.75,4337.0,4278.75,4322.4
2017-12-21,4333.0,4375.0,4326.0,4344.4,4348.494707874682,4724,386,20542289.0,1679.0,35.54,49.0,11.4,1513794600.0,0.0,1.3401136005784853,14844.87,0.2447898588794794,0.5171260736628897,1.35,-79.30554276770094,30.4912067266335,-95.72522058404351,259.85,4488.3,4228.45,75898.6,77454.3,-11541.4,4214.7,15.36,2017,176574.8,178365.3,-23304.3,10863.4,39.57,342414.7,347641.7,-45994.0,19262.0,70.15,737721.36,749346.45,-97915.8,54247.1,195.37,282.83854166666663,4379.85,4379.85,4267.65,4286.95
2017-12-20,4370.0,4370.0,4320.0,4342.55,4349.913723667905,6456,762,28083043.0,2252.0,34.88,50.0,-27.45,1513708200.0,0.0,-0.042583555841990695,14808.62,0.0410740318891322,0.5172229881722588,1.38,-79.29672657770203,30.810635967429768,-95.89892805658602,259.85,4488.3,4228.45,75898.6,77454.3,-11541.4,4214.7,15.36,2017,176574.8,178365.3,-23304.3,10863.4,39.57,342414.7,347641.7,-45994.0,19262.0,70.15,737721.36,749346.45,-97915.8,54247.1,195.37,282.71809895833337,4333.0,4375.0,4326.0,4344.4
2017-12-19,4322.15,4368.6,4311.0,4361.1,4355.310266758539,10159,1507,44245597.0,5708.0,56.19,57.6,38.95,1513621800.0,0.0,0.42716836881555587,14802.54,0.9659693934623624,0.5172229857240059,1.37,-79.38478824149871,30.86436516976139,-96.00995185663683,259.85,4488.3,4228.45,75898.6,77454.3,-11541.4,4214.7,15.36,2017,176574.8,178365.3,-23304.3,10863.4,39.57,342414.7,347641.7,-45994.0,19262.0,70.15,737721.36,749346.45,-97915.8,54247.1,195.37,283.92578125000006,4370.0,4370.0,4320.0,4342.55
2017-12-18,4300.0,4322.0,4127.0,4310.45,4295.129708737863,12875,2327,55299795.0,3588.0,27.87,195.0,10.45,1513535400.0,0.0,-1.161404232877039,14660.92,0.5132986655057348,0.5171480861817362,1.38,-79.14254892180631,32.1284748842501,-96.42406386120344,259.85,4488.3,4228.45,75898.6,77454.3,-11541.4,4214.7,15.36,2017,176574.8,178365.3,-23304.3,10863.4,39.57,342414.7,347641.7,-45994.0,19262.0,70.15,737721.36,749346.45,-97915.8,54247.1,195.37,280.6282552083333,4322.15,4368.6,4311.0,4361.1
2017-12-15,4281.65,4348.0,4261.1,4322.15,4300.508666666666,6000,1140,25803052.0,2071.0,34.52,86.9,40.5,1513276200.0,0.0,0.27143337702559833,14586.05,0.9193132583971142,0.5171919522786054,1.31,-79.19900975209097,32.806688582584044,-96.79884361042888,259.85,4488.3,4228.45,75898.6,77454.3,-11541.4,4214.7,15.36,2017,176574.8,178365.3,-23304.3,10863.4,39.57,342414.7,347641.7,-45994.0,19262.0,70.15,737721.36,749346.45,-97915.8,54247.1,195.37,281.3899739583333,4300.0,4322.0,4127.0,4310.45
2017-12-14,4311.0,4311.0,4240.0,4255.8,4256.66,3250,457,13834145.0,993.0,30.55,71.0,-55.2,1513189800.0,0.0,-1.535115625325345,14453.18,0.374951646585675,0.5171190448605912,1.32,-78.8747121575262,34.0275980787619,-97.10843403569967,259.85,4488.3,4228.45,75898.6,77454.3,-11541.4,4214.7,15.36,2017,176574.8,178365.3,-23304.3,10863.4,39.57,342414.7,347641.7,-45994.0,19262.0,70.15,737721.36,749346.45,-97915.8,54247.1,195.37,277.0703125,4281.65,4348.0,4261.1,4322.15
2017-12-13,4225.0,4346.9,4181.95,4273.45,4275.281084529505,15675,1819,67015031.0,4302.0,27.44,164.95,48.45,1513103400.0,0.0,0.4147281357206545,14399.19,-0.6125098616572511,0.51722584487466,1.3,-78.96196281692778,34.530136764637454,-97.44944838031789,259.85,4488.3,4228.45,75898.6,77454.3,-11541.4,4214.7,15.36,2017,176574.8,178365.3,-23304.3,10863.4,39.57,342414.7,347641.7,-45994.0,19262.0,70.15,737721.36,749346.45,-97915.8,54247.1,195.37,278.2194010416667,4311.0,4311.0,4240.0,4255.8
2017-12-12,4218.85,4259.8,4169.0,4225.6,4215.329768041236,7760,1383,32710959.0,3974.0,51.21,90.8,6.75,1513017000.0,0.0,-1.1197042202435892,14487.93,-0.7733796320077313,0.5171926335124184,1.34,-78.72373154108291,33.70612641005306,-96.80325369569408,259.85,4488.3,4228.45,75898.6,77454.3,-11541.4,4214.7,15.36,2017,176574.8,178365.3,-23304.3,10863.4,39.57,342414.7,347641.7,-45994.0,19262.0,70.15,737721.36,749346.45,-97915.8,54247.1,195.37,275.1041666666667,4225.0,4346.9,4181.95,4273.45
2017-12-11,4198.0,4253.9,4198.0,4241.1,4238.201885287078,33841,3034,143424990.0,26368.0,77.92,55.9,43.1,1512930600.0,0.0,0.3668118137069243,14600.85,0.4490360893751877,0.5171855754280761,1.33,-78.80149017943458,32.672070461651195,-96.34115692625096,259.85,4488.3,4228.45,75898.6,77454.3,-11541.4,4214.7,15.36,2017,176574.8,178365.3,-23304.3,10863.4,39.57,342414.7,347641.7,-45994.0,19262.0,70.15,737721.36,749346.45,-97915.8,54247.1,195.37,276.11328125000006,4218.85,4259.8,4169.0,4225.6
2017-12-08,4096.0,4179.0,4096.0,4154.05,4153.897397094431,6608,1011,27448954.0,1716.0,25.97,83.0,58.05,1512671400.0,0.0,-2.052533540826673,14535.58,0.9434905678721516,0.5171777269894391,1.28,-78.35726580084497,33.26781593854528,-96.18065173929837,259.85,4488.3,4228.45,75898.6,77454.3,-11541.4,4214.7,15.36,2017,176574.8,178365.3,-23304.3,10863.4,39.57,342414.7,347641.7,-45994.0,19262.0,70.15,737721.36,749346.45,-97915.8,54247.1,195.37,270.4459635416667,4198.0,4253.9,4198.0,4241.1
2017-12-07,4045.0,4118.0,4020.05,4085.7,4084.373358862144,7312,950,29864938.0,2805.0,38.36,97.95,40.7,1512585000.0,0.0,-1.6453822173541521,14399.72,1.2856493732125165,0.5173092847615921,1.29,-77.99520278042931,34.525185211934684,-96.47807267133427,259.85,4488.3,4228.45,75898.6,77454.3,-11541.4,4214.7,15.36,2017,176574.8,178365.3,-23304.3,10863.4,39.57,342414.7,347641.7,-45994.0,19262.0,70.15,737721.36,749346.45,-97915.8,54247.1,195.37,265.99609375,4096.0,4179.0,4096.0,4154.05
2017-12-06,4115.0,4115.0,4020.0,4033.75,4040.2820468493383,11569,1230,46742023.0,3948.0,34.13,95.0,-81.25,1512498600.0,0.0,-1.2715079423354592,14216.94,-0.7666068485778665,0.5172881111916077,1.3,-77.71180663154634,36.25470741242489,-97.09346120617491,259.85,4488.3,4228.45,75898.6,77454.3,-11541.4,4214.7,15.36,2017,176574.8,178365.3,-23304.3,10863.4,39.57,342414.7,347641.7,-45994.0,19262.0,70.15,737721.36,749346.45,-97915.8,54247.1,195.37,262.6139322916667,4045.0,4118.0,4020.05,4085.7
2017-12-05,4115.0,4135.0,4075.05,4109.9,4117.681089411138,67486,1109,277885826.0,61348.0,90.9,59.95,-5.1,1512412200.0,0.0,1.8878215060427639,14326.77,-0.065568418901285,0.5173010769336454,1.3,-78.12477189226014,35.210169493891506,-96.96653909045267,259.85,4488.3,4228.45,75898.6,77454.3,-11541.4,4214.7,15.36,2017,176574.8,178365.3,-23304.3,10863.4,39.57,342414.7,347641.7,-45994.0,19262.0,70.15,737721.36,749346.45,-97915.8,54247.1,195.37,267.5716145833333,4115.0,4115.0,4020.0,4033.75
2017-12-04,4249.9,4249.9,4100.45,4109.85,4132.422276126946,4947,777,20443093.0,1806.0,36.51,149.45,-140.05,1512325800.0,0.0,-0.0012165746125059052,14336.17,-0.0140185155996119,0.517496652711888,1.29,-78.12450576055087,35.12151432356061,-96.92220117916779,259.85,4488.3,4228.45,75898.6,77454.3,-11541.4,4214.7,15.36,2017,176574.8,178365.3,-23304.3,10863.4,39.57,342414.7,347641.7,-45994.0,19262.0,70.15,737721.36,749346.45,-97915.8,54247.1,195.37,267.56835937500006,4115.0,4135.0,4075.05,4109.9
2017-12-01,4220.0,4245.1,4148.45,4172.75,4205.9611510791365,4170,537,17538858.0,1020.0,24.46,96.65,-47.25,1512066600.0,0.0,1.5304694818545572,14338.18,-1.072198863220819,0.5174963775416662,1.27,-78.45425678509376,35.10257229299674,-97.23249038963611,259.85,4488.3,4228.45,75898.6,77454.3,-11541.4,4214.7,15.36,2017,176574.8,178365.3,-23304.3,10863.4,39.57,342414.7,347641.7,-45994.0,19262.0,70.15,737721.36,749346.45,-97915.8,54247.1,195.37,271.66341145833337,4249.9,4249.9,4100.45,4109.85
2017-11-30,4251.4,4251.4,4194.65,4211.05,4217.49233220474,5021,565,21176029.0,1635.0,32.56,56.75,-40.35,1511980200.0,0.0,0.9178599245102115,14493.58,-0.9142487579739568,0.5174993191861532,1.27,-78.65021787915128,33.654004048689146,-96.67891792686954,259.85,4488.3,4228.45,75898.6,77454.3,-11541.4,4214.7,15.36,2017,176574.8,178365.3,-23304.3,10863.4,39.57,342414.7,347641.7,-45994.0,19262.0,70.15,737721.36,749346.45,-97915.8,54247.1,195.37,274.1569010416667,4220.0,4245.1,4148.45,4172.75
2017-11-29,4300.0,4307.85,4255.05,4280.9,4286.433389261744,5960,480,25547143.0,2208.0,37.05,52.8,-19.1,1511893800.0,0.0,1.6587311953075723,14627.31,-0.0997819958038381,0.5174536949320114,1.29,-78.99857506599079,32.43207397669154,-96.40315631307587,259.85,4488.3,4228.45,75898.6,77454.3,-11541.4,4214.7,15.36,2017,176574.8,178365.3,-23304.3,10863.4,39.57,342414.7,347641.7,-45994.0,19262.0,70.15,737721.36,749346.45,-97915.8,54247.1,195.37,278.7044270833333,4251.4,4251.4,4194.65,4211.05
2017-11-28,4264.0,4311.0,4221.0,4258.0,4288.62749471707,8518,812,36530529.0,3706.0,43.51,90.0,-6.0,1511807400.0,0.0,-0.5349342427994008,14641.92,-0.1413796278298962,0.5176047980414653,1.3,-78.88562705495538,32.29993061019321,-96.23133987774388,259.85,4488.3,4228.45,75898.6,77454.3,-11541.4,4214.7,15.36,2017,176574.8,178365.3,-23304.3,10863.4,39.57,342414.7,347641.7,-45994.0,19262.0,70.15,737721.36,749346.45,-97915.8,54247.1,195.37,277.2135416666667,4300.0,4307.85,4255.05,4280.9
2017-11-27,4250.0,4280.0,4210.0,4263.3,4254.068390526825,8276,871,35206670.0,1913.0,23.12,70.0,13.3,1511721000.0,0.0,0.12447158290278537,14662.65,0.2329002541600067,0.51761410481158,1.27,-78.91187577698028,32.1128854606773,-96.14658832451485,259.85,4488.3,4228.45,75898.6,77454.3,-11541.4,4214.7,15.36,2017,176574.8,178365.3,-23304.3,10863.4,39.57,342414.7,347641.7,-45994.0,19262.0,70.15,737721.36,749346.45,-97915.8,54247.1,195.37,277.55859375,4264.0,4311.0,4221.0,4258.0
2017-11-24,4196.0,4244.95,4196.0,4231.8,4223.648097293057,5098,493,21532158.0,1343.0,26.34,48.95,35.8,1511461800.0,0.0,-0.7388642600802187,14628.58,0.3872455334319236,0.5176119843215455,1.29,-78.75490335081999,32.42057670669334,-96.15846293304561,259.85,4488.3,4228.45,75898.6,77454.3,-11541.4,4214.7,15.36,2017,176574.8,178365.3,-23304.3,10863.4,39.57,342414.7,347641.7,-45994.0,19262.0,70.15,737721.36,749346.45,-97915.8,54247.1,195.37,275.5078125,4250.0,4280.0,4210.0,4263.3
2017-11-23,4234.95,4254.35,4180.1,4192.05,4222.733281593584,7731,697,32645951.0,1818.0,23.52,74.25,-42.9,1511375400.0,0.0,-0.9393166028640265,14572.15,0.1516830148012848,0.5176258192612924,,-78.5534523681731,32.93336947533481,,259.85,4488.3,4228.45,75898.6,77454.3,-11541.4,4214.7,15.36,2017,176574.8,178365.3,-23304.3,10863.4,39.57,342414.7,347641.7,-45994.0,19262.0,70.15,737721.36,749346.45,-97915.8,54247.1,195.37,272.919921875,4196.0,4244.95,4196.0,4231.8
2017-11-22,4170.0,4234.95,4170.0,4224.75,4207.553273137699,8860,783,37278922.0,3387.0,38.23,64.95,54.75,1511289000.0,0.0,0.7800479479013855,14550.08,0.1125658124692119,0.5176674444059794,1.29,-78.71945085508018,33.13500681783192,-96.49457415155823,259.85,4488.3,4228.45,75898.6,77454.3,-11541.4,4214.7,15.36,2017,176574.8,178365.3,-23304.3,10863.4,39.57,342414.7,347641.7,-45994.0,19262.0,70.15,737721.36,749346.45,-97915.8,54247.1,195.37,275.048828125,4234.95,4254.35,4180.1,4192.05
2017-11-21,4181.0,4210.7,4125.85,4161.6,4166.12047791053,17995,1816,74969338.0,7807.0,43.38,84.85,-19.4,1511202600.0,0.0,-1.494763003728028,14533.72,0.2743903490766808,0.5177027738829667,1.3,-78.39653018069973,33.28487131993736,-96.25518678532104,259.85,4488.3,4228.45,75898.6,77454.3,-11541.4,4214.7,15.36,2017,176574.8,178365.3,-23304.3,10863.4,39.57,342414.7,347641.7,-45994.0,19262.0,70.15,737721.36,749346.45,-97915.8,54247.1,195.37,270.93750000000006,4170.0,4234.95,4170.0,4224.75
2017-11-20,4265.0,4265.0,4175.25,4192.9,4199.524957555178,11780,1060,49470404.0,6677.0,56.68,89.75,-72.1,1511116200.0,0.0,0.7521145713186961,14493.95,0.2741047146425979,0.5178095367856589,1.3,-78.5578000906294,33.65059214361854,-96.60924522325828,259.85,4488.3,4228.45,75898.6,77454.3,-11541.4,4214.7,15.36,2017,176574.8,178365.3,-23304.3,10863.4,39.57,342414.7,347641.7,-45994.0,19262.0,70.15,737721.36,749346.45,-97915.8,54247.1,195.37,272.97526041666663,4181.0,4210.7,4125.85,4161.6
2017-11-17,4300.0,4345.0,4251.2,4277.3,4297.599969786238,13239,1656,56895926.0,5114.0,38.63,93.8,-22.7,1510857000.0,0.0,2.012926614038024,14454.33,0.7690312757511419,0.5178375711215896,1.29,-78.98089916536134,34.01693471783196,-97.21813554989826,259.85,4488.3,4228.45,75898.6,77454.3,-11541.4,4214.7,15.36,2017,176574.8,178365.3,-23304.3,10863.4,39.57,342414.7,347641.7,-45994.0,19262.0,70.15,737721.36,749346.45,-97915.8,54247.1,195.37,278.47005208333337,4265.0,4265.0,4175.25,4192.9
2017-11-16,4325.0,4330.0,4261.0,4277.1,4293.48765569395,8992,2224,38607041.0,3416.0,37.99,69.0,-47.9,1510770600.0,0.0,-0.004675846912771675,14344.02,0.9924621877257512,0.518008022060403,1.27,-78.97991629842652,35.04756686061508,-97.74696689790674,259.85,4488.3,4228.45,75898.6,77454.3,-11541.4,4214.7,15.36,2017,176574.8,178365.3,-23304.3,10863.4,39.57,342414.7,347641.7,-45994.0,19262.0,70.15,737721.36,749346.45,-97915.8,54247.1,195.37,278.45703125000006,4300.0,4345.0,4251.2,4277.3
2017-11-15,4357.0,4357.0,4268.35,4315.45,4304.93474584701,10053,905,43277509.0,3454.0,34.36,88.65,-41.55,1510684200.0,0.0,0.8966355708306839,14203.06,-0.8744202926366351,0.5179160229143472,1.25,-79.16671494282173,36.38786289715035,-98.61517714822344,259.85,4488.3,4228.45,75898.6,77454.3,-11541.4,4214.7,15.36,2017,176574.8,178365.3,-23304.3,10863.4,39.57,342414.7,347641.7,-45994.0,19262.0,70.15,737721.36,749346.45,-97915.8,54247.1,195.37,280.9537760416667,4325.0,4330.0,4261.0,4277.1
2017-11-14,4352.6,4400.0,4347.95,4356.95,4366.087237163814,10225,1224,44643242.0,4688.0,45.85,52.05,4.35,1510597800.0,0.0,0.9616610087012978,14328.35,-0.3537744050094438,0.5178761497636973,1.26,-79.36515222804944,35.19525974728423,-98.19941388720397,259.85,4488.3,4228.45,75898.6,77454.3,-11541.4,4214.7,15.36,2017,176574.8,178365.3,-23304.3,10863.4,39.57,342414.7,347641.7,-45994.0,19262.0,70.15,737721.36,749346.45,-97915.8,54247.1,195.37,283.6555989583333,4357.0,4357.0,4268.35,4315.45
2017-11-13,4452.05,4486.75,4320.1,4352.05,4394.984175495789,14724,1424,64711747.0,6161.0,41.84,166.65,-100.0,1510511400.0,0.0,-0.11246399430793197,14379.22,-0.729313227742634,0.5179133939440314,1.24,-79.3419193253754,34.71697352151231,-97.9200923008763,259.85,4488.3,4228.45,75898.6,77454.3,-11541.4,4214.7,15.36,2017,176574.8,178365.3,-23304.3,10863.4,39.57,342414.7,347641.7,-45994.0,19262.0,70.15,737721.36,749346.45,-97915.8,54247.1,195.37,283.3365885416667,4352.6,4400.0,4347.95,4356.95
2017-11-10,4399.9,4470.0,4345.15,4445.65,4439.284066173269,13782,1137,61182213.0,6943.0,50.38,124.85,45.75,1510252200.0,0.0,2.1507105846669816,14484.86,0.0272082160525766,0.5178520807626602,1.23,-79.77686052658215,33.73446481360538,-97.83936526438438,259.85,4488.3,4228.45,75898.6,77454.3,-11541.4,4214.7,15.36,2017,176574.8,178365.3,-23304.3,10863.4,39.57,342414.7,347641.7,-45994.0,19262.0,70.15,737721.36,749346.45,-97915.8,54247.1,195.37,289.43033854166663,4452.05,4486.75,4320.1,4352.05
2017-11-09,4397.9,4412.95,4345.0,4368.5,4367.805194805194,12243,535,53475039.0,10091.0,82.42,67.95,-29.4,1510165800.0,0.0,-1.7354042715913232,14480.92,0.3156138814688347,0.518107845859528,1.24,-79.41970928236238,33.770851575728614,-97.51419871623915,259.85,4488.3,4228.45,75898.6,77454.3,-11541.4,4214.7,15.36,2017,176574.8,178365.3,-23304.3,10863.4,39.57,342414.7,347641.7,-45994.0,19262.0,70.15,737721.36,749346.45,-97915.8,54247.1,195.37,284.40755208333337,4399.9,4470.0,4345.15,4445.65
2017-11-08,4376.0,4424.0,4335.45,4374.75,4379.139290085679,4085,1007,17888784.0,631.0,15.45,88.55,-1.25,1510079400.0,0.0,0.14306970355957294,14435.36,-0.5698407986174492,0.5182526525805843,1.23,-79.44911137779303,34.19305095266068,-97.76229997115838,259.85,4488.3,4228.45,75898.6,77454.3,-11541.4,4214.7,15.36,2017,176574.8,178365.3,-23304.3,10863.4,39.57,342414.7,347641.7,-45994.0,19262.0,70.15,737721.36,749346.45,-97915.8,54247.1,195.37,284.814453125,4397.9,4412.95,4345.0,4368.5
2017-11-07,4429.4,4475.0,4343.9,4361.25,4412.075565704797,4817,673,21252968.0,1206.0,25.04,131.1,-68.15,1509993000.0,0.0,-0.308589062232123,14518.09,-1.1152560682149315,0.518215608584593,1.22,-79.38549727715679,33.42836419942292,-97.29637433227495,259.85,4488.3,4228.45,75898.6,77454.3,-11541.4,4214.7,15.36,2017,176574.8,178365.3,-23304.3,10863.4,39.57,342414.7,347641.7,-45994.0,19262.0,70.15,737721.36,749346.45,-97915.8,54247.1,195.37,283.935546875,4376.0,4424.0,4335.45,4374.75
2017-11-06,4360.1,4446.85,4360.1,4420.65,4417.161124867353,5654,803,24974629.0,1618.0,28.62,86.75,60.55,1509906600.0,0.0,1.3619948409286264,14681.83,0.1631883399475064,0.5180809330813448,1.19,-79.66249307228574,31.94029627096895,-96.78363525687713,259.85,4488.3,4228.45,75898.6,77454.3,-11541.4,4214.7,15.36,2017,176574.8,178365.3,-23304.3,10863.4,39.57,342414.7,347641.7,-45994.0,19262.0,70.15,737721.36,749346.45,-97915.8,54247.1,195.37,287.802734375,4429.4,4475.0,4343.9,4361.25
2017-11-03,4413.2,4413.85,4354.8,4368.8,4373.213501350135,5555,513,24293201.0,2261.0,40.7,59.05,-44.4,1509647400.0,0.0,-1.1729044371302733,14657.91,0.2531993606408322,0.5181845655280443,1.18,-79.42112250503571,32.15560745017536,-96.65220419357209,259.85,4488.3,4228.45,75898.6,77454.3,-11541.4,4214.7,15.36,2017,176574.8,178365.3,-23304.3,10863.4,39.57,342414.7,347641.7,-45994.0,19262.0,70.15,737721.36,749346.45,-97915.8,54247.1,195.37,284.42708333333337,4360.1,4446.85,4360.1,4420.65
2017-11-02,4488.0,4488.0,4372.65,4398.0,4411.843644198214,3249,638,14334080.0,1384.0,42.6,115.35,-90.0,1509561000.0,0.0,0.6683757553561653,14620.89,0.0818677343241258,0.5182480704226194,1.17,-79.55775352432924,32.49022460329023,-96.95939949018745,259.85,4488.3,4228.45,75898.6,77454.3,-11541.4,4214.7,15.36,2017,176574.8,178365.3,-23304.3,10863.4,39.57,342414.7,347641.7,-45994.0,19262.0,70.15,737721.36,749346.45,-97915.8,54247.1,195.37,286.328125,4413.2,4413.85,4354.8,4368.8
2017-11-01,4459.0,4459.0,4407.4,4420.7,4432.915793973071,4679,777,20741613.0,1696.0,36.25,51.6,-38.3,1509474600.0,0.0,0.516143701682581,14608.93,0.8516061156033317,0.5182748846761235,1.18,-79.66272309815187,32.5986913483739,-97.12624173340507,259.85,4488.3,4228.45,75898.6,77454.3,-11541.4,4214.7,15.36,2017,176574.8,178365.3,-23304.3,10863.4,39.57,342414.7,347641.7,-45994.0,19262.0,70.15,737721.36,749346.45,-97915.8,54247.1,195.37,287.8059895833333,4488.0,4488.0,4372.65,4398.0
2017-10-31,4491.0,4491.0,4392.0,4401.25,4422.498181818181,4400,704,19458992.0,1795.0,40.8,99.0,-89.75,1509388200.0,0.0,-0.43997556947994454,14485.57,-0.0594721057196045,0.5182248781170014,1.15,-79.57284862255041,33.72790991310664,-97.60553201657675,259.85,4488.3,4228.45,75898.6,77454.3,-11541.4,4214.7,15.36,2017,176574.8,178365.3,-23304.3,10863.4,39.57,342414.7,347641.7,-45994.0,19262.0,70.15,737721.36,749346.45,-97915.8,54247.1,195.37,286.5397135416667,4459.0,4459.0,4407.4,4420.7
2017-10-30,4449.0,4485.0,4426.55,4469.15,4465.380504700643,4042,575,18049068.0,1165.0,28.82,58.45,20.15,1509301800.0,0.0,1.5427435387673771,14494.19,0.6179725751240817,0.518232109944883,1.12,-79.88319926607967,33.64837910914649,-97.86044980489972,259.85,4488.3,4228.45,75898.6,77454.3,-11541.4,4214.7,15.36,2017,176574.8,178365.3,-23304.3,10863.4,39.57,342414.7,347641.7,-45994.0,19262.0,70.15,737721.36,749346.45,-97915.8,54247.1,195.37,290.9602864583333,4491.0,4491.0,4392.0,4401.25
2017-10-27,4520.0,4520.0,4413.0,4435.4,4461.261522450192,6726,1081,30006445.0,1712.0,25.45,107.0,-84.6,1509042600.0,0.0,-0.7551771589675904,14405.17,-0.0749862305580273,0.5183324473704861,1.1,-79.73012580601524,34.47428943913886,-98.12910293025504,259.85,4488.3,4228.45,75898.6,77454.3,-11541.4,4214.7,15.36,2017,176574.8,178365.3,-23304.3,10863.4,39.57,342414.7,347641.7,-45994.0,19262.0,70.15,737721.36,749346.45,-97915.8,54247.1,195.37,288.7630208333333,4449.0,4485.0,4426.55,4469.15
2017-10-26,4460.0,4510.0,4407.1,4488.3,4437.615903618735,338074,2450,1500242559.0,320762.0,94.88,102.9,28.3,1508956200.0,0.0,1.1926770978942347,14415.98,0.4460714773452556,0.5183578990037596,1.11,-79.9690305906468,34.373452238418764,-98.32140380656546,259.85,4488.3,4228.45,75898.6,77454.3,-11541.4,4214.7,15.36,2017,176574.8,178365.3,-23304.3,10863.4,39.57,342414.7,347641.7,-45994.0,19262.0,70.15,737721.36,749346.45,-97915.8,54247.1,195.37,292.20703125,4520.0,4520.0,4413.0,4435.4
2017-10-25,4210.0,4485.0,4210.0,4464.7,4405.925700288908,31844,3618,140302298.0,12287.0,38.58,275.0,254.7,1508869800.0,0.0,-0.5258115544861219,14351.96,0.8139173045407677,0.5184228642677435,1.12,-79.86314869980066,34.97285388197851,-98.53324217293337,259.85,4486.5,4226.65,75898.6,77454.3,-11541.4,4214.7,15.36,2017,176574.8,178365.3,-23304.3,10863.4,39.57,342414.7,347641.7,-45994.0,19262.0,70.15,737721.36,749346.45,-97915.8,54247.1,195.37,290.6705729166667,4460.0,4510.0,4407.1,4488.3
2017-10-24,4210.0,4299.95,4193.6,4211.2,4261.218554724938,52170,1834,222307772.0,40670.0,77.96,106.35,1.2,1508783400.0,0.0,-5.67787309337694,14236.09,0.2652405935022361,0.5183745186353816,1.12,-78.65097834346504,36.07142129615646,-97.88890453348257,259.85,4486.5,4226.65,75898.6,77454.3,-11541.4,4214.7,15.36,2017,176574.8,178365.3,-23304.3,10863.4,39.57,342414.7,347641.7,-45994.0,19262.0,70.15,737721.36,749346.45,-97915.8,54247.1,195.37,274.1666666666667,4210.0,4485.0,4210.0,4464.7
2017-10-23,4030.3,4227.7,4030.3,4209.05,4162.98852084523,17510,2648,72893929.0,5560.0,31.75,197.4,178.75,1508697000.0,0.0,-0.05105433130698778,14198.43,0.3098645879034079,0.5200663959887606,1.09,-78.64007317565722,36.43233794158931,-98.1104354947564,259.85,4486.5,4226.65,75898.6,77454.3,-11541.4,4214.7,15.36,2017,176574.8,178365.3,-23304.3,10863.4,39.57,342414.7,347641.7,-45994.0,19262.0,70.15,737721.36,749346.45,-97915.8,54247.1,195.37,274.02669270833337,4210.0,4299.95,4193.6,4211.2
2017-10-19,4080.0,4080.0,4000.0,4024.05,4028.620170597089,1993,298,8029040.0,695.0,34.87,80.0,-55.95,1508351400.0,0.0,-4.395291098941567,14154.57,-0.4681759210752978,0.5200591681374621,1.1,-77.6580807892546,36.85509344331901,-97.35284494206431,259.85,4486.5,4226.65,75898.6,77454.3,-11541.4,4214.7,15.36,2017,176574.8,178365.3,-23304.3,10863.4,39.57,342414.7,347641.7,-45994.0,19262.0,70.15,737721.36,749346.45,-97915.8,54247.1,195.37,261.982421875,4030.3,4227.7,4030.3,4209.05
2017-10-18,4096.9,4180.0,4053.0,4090.75,4119.036890977232,35754,3779,147272045.0,3859.0,10.79,127.0,-6.15,1508265000.0,0.0,1.6575340763658408,14221.15,-0.1817219576838558,0.5210504948534989,1.09,-78.02236753651532,36.2143708490523,-97.41393834883183,259.85,4486.5,4226.65,75898.6,77454.3,-11541.4,4214.7,15.36,2017,176574.8,178365.3,-23304.3,10863.4,39.57,342414.7,347641.7,-45994.0,19262.0,70.15,737721.36,749346.45,-97915.8,54247.1,195.37,266.3248697916667,4080.0,4080.0,4000.0,4024.05
2017-10-17,4005.0,4125.0,4004.25,4088.25,4055.1333165322576,11904,1062,48272307.0,6767.0,56.85,120.75,83.25,1508178600.0,0.0,-0.06111348774674452,14247.04,0.1837435157103328,0.5212003834397316,1.09,-78.00892802543876,35.96683942769865,-97.27675010832125,259.85,4486.5,4226.65,75898.6,77454.3,-11541.4,4214.7,15.36,2017,176574.8,178365.3,-23304.3,10863.4,39.57,342414.7,347641.7,-45994.0,19262.0,70.15,737721.36,749346.45,-97915.8,54247.1,195.37,266.162109375,4096.9,4180.0,4053.0,4090.75
2017-10-16,4025.0,4040.75,3984.45,4004.2,3997.0194905040935,48126,1184,192360560.0,42953.0,89.25,56.3,-20.8,1508092200.0,0.0,-2.0558918852809915,14220.91,0.5232245391036505,0.5211984228214269,1.1,-77.54732530842615,36.21666967866333,-96.95007815968651,259.85,4486.5,4226.65,75898.6,77454.3,-11541.4,4214.7,15.36,2017,176574.8,178365.3,-23304.3,10863.4,39.57,342414.7,347641.7,-45994.0,19262.0,70.15,737721.36,749346.45,-97915.8,54247.1,195.37,260.6901041666667,4005.0,4125.0,4004.25,4088.25
2017-10-13,3939.0,4011.0,3900.0,4003.3,3985.1961826987,10531,1013,41968101.0,3989.0,37.88,111.0,64.3,1507833000.0,0.0,-0.022476399780224643,14146.89,0.5235479325612191,0.5213936595508128,1.09,-77.54227762096271,36.92938872077185,-97.31870766215006,259.85,4486.5,4226.65,75898.6,77454.3,-11541.4,4214.7,15.36,2017,176574.8,178365.3,-23304.3,10863.4,39.57,342414.7,347641.7,-45994.0,19262.0,70.15,737721.36,749346.45,-97915.8,54247.1,195.37,260.6315104166667,4025.0,4040.75,3984.45,4004.2
2017-10-12,3951.1,3951.1,3885.0,3922.1,3907.697493771069,6823,685,26662220.0,3261.0,47.79,66.1,-29.0,1507746600.0,0.0,-2.0283266305298198,14073.21,1.0944007769634778,0.521369993768731,1.09,-77.07733102164657,37.64627970448817,-97.22667834338355,259.85,4486.5,4226.65,75898.6,77454.3,-11541.4,4214.7,15.36,2017,176574.8,178365.3,-23304.3,10863.4,39.57,342414.7,347641.7,-45994.0,19262.0,70.15,737721.36,749346.45,-97915.8,54247.1,195.37,255.34505208333334,3939.0,4011.0,3900.0,4003.3
2017-10-11,3960.0,3979.8,3925.0,3951.55,3951.58655746964,7082,691,27985136.0,2882.0,40.69,54.8,-8.45,1507660200.0,0.0,0.7508732566737342,13920.86,-0.4816903341664069,0.5214692750151552,1.1,-77.2481684402323,39.15268165903542,-98.191472757352,259.85,4486.5,4226.65,75898.6,77454.3,-11541.4,4214.7,15.36,2017,176574.8,178365.3,-23304.3,10863.4,39.57,342414.7,347641.7,-45994.0,19262.0,70.15,737721.36,749346.45,-97915.8,54247.1,195.37,257.2623697916667,3951.1,3951.1,3885.0,3922.1
2017-10-10,3956.25,3990.0,3946.3,3963.15,3974.941569869764,2841,352,11292809.0,891.0,31.36,43.7,6.9,1507573800.0,0.0,0.29355569333553433,13988.24,0.4139095428905337,0.5214743137035134,1.08,-77.31476224720235,38.482396641750505,-97.89915136682579,259.85,4486.5,4226.65,75898.6,77454.3,-11541.4,4214.7,15.36,2017,176574.8,178365.3,-23304.3,10863.4,39.57,342414.7,347641.7,-45994.0,19262.0,70.15,737721.36,749346.45,-97915.8,54247.1,195.37,258.017578125,3960.0,3979.8,3925.0,3951.55
2017-10-09,3930.0,3984.3,3925.05,3964.6,3961.779015056461,12752,592,50520606.0,9425.0,73.91,59.25,34.6,1507487400.0,0.0,0.036587058274339945,13930.58,0.146799174128831,0.5214661854408843,,-77.32305907279424,39.05558849667423,,259.85,4486.5,4226.65,75898.6,77454.3,-11541.4,4214.7,15.36,2017,176574.8,178365.3,-23304.3,10863.4,39.57,342414.7,347641.7,-45994.0,19262.0,70.15,737721.36,749346.45,-97915.8,54247.1,195.37,258.1119791666667,3956.25,3990.0,3946.3,3963.15
2017-10-06,3939.95,3950.0,3910.75,3925.05,3930.574077085705,6149,602,24169100.0,1268.0,20.62,39.25,-14.9,1507228200.0,0.0,-0.9975785703475681,13910.16,0.897989026835222,0.5214654146435568,1.07,-77.09455930497701,39.25972095216734,-98.07917797642068,259.85,4486.5,4226.65,75898.6,77454.3,-11541.4,4214.7,15.36,2017,176574.8,178365.3,-23304.3,10863.4,39.57,342414.7,347641.7,-45994.0,19262.0,70.15,737721.36,749346.45,-97915.8,54247.1,195.37,255.53710937500003,3930.0,3984.3,3925.05,3964.6
2017-10-05,3879.9,3920.65,3855.1,3897.2,3888.310985529584,11679,898,45411584.0,3352.0,28.7,65.55,17.3,1507141800.0,0.0,-0.7095451013362952,13786.36,-0.0007978837222255,0.5214395418351956,1.07,-76.9308734476034,40.51025796511914,-98.56658349079706,259.85,4486.5,4226.65,75898.6,77454.3,-11541.4,4214.7,15.36,2017,176574.8,178365.3,-23304.3,10863.4,39.57,342414.7,347641.7,-45994.0,19262.0,70.15,737721.36,749346.45,-97915.8,54247.1,195.37,253.72395833333334,3939.95,3950.0,3910.75,3925.05
2017-10-04,3885.0,3926.7,3853.95,3866.05,3897.564220183487,6322,651,24640401.0,2158.0,34.13,72.75,-18.95,1507055400.0,0.0,-0.7992917992404758,13786.47,0.5197890220908441,0.5214635763920347,1.08,-76.74499812470093,40.50913685664279,-98.38585684401687,259.85,4486.5,4226.65,75898.6,77454.3,-11541.4,4214.7,15.36,2017,176574.8,178365.3,-23304.3,10863.4,39.57,342414.7,347641.7,-45994.0,19262.0,70.15,737721.36,749346.45,-97915.8,54247.1,195.37,251.69596354166669,3879.9,3920.65,3855.1,3897.2
2017-10-03,3900.0,3940.0,3876.05,3898.35,3909.62102146558,4053,584,15845694.0,1009.0,24.9,63.95,-1.65,1506969000.0,0.0,0.8354780719338706,13715.18,0.7676313488652386,0.5214713539482404,1.07,-76.93767876152732,41.23948792505823,-98.95491601721493,259.85,4486.5,4226.65,75898.6,77454.3,-11541.4,4214.7,15.36,2017,176574.8,178365.3,-23304.3,10863.4,39.57,342414.7,347641.7,-45994.0,19262.0,70.15,737721.36,749346.45,-97915.8,54247.1,195.37,253.798828125,3885.0,3926.7,3853.95,3866.05
2017-09-29,3868.75,3910.15,3845.5,3852.8,3874.0694652673674,4002,602,15504026.0,1420.0,35.48,64.65,-15.95,1506623400.0,10.0,-1.1684430592430073,13610.7,0.4515289102492215,0.5214583848682973,1.06,-76.66502284053156,42.32368651134768,-99.24231816245067,259.85,4486.5,4226.65,65713.1,67393.5,-9706.7,4312.4,15.71,2017,165923.40000000002,168538.3,-23829.9,9094.2,33.14,330186.10000000003,335725.19999999995,-45428.899999999994,18986.1,69.16,713802.46,725343.15,-94323.5,52030.3,188.43,245.24506683640993,3900.0,3940.0,3876.05,3898.35
2017-09-28,3809.9,3873.0,3780.05,3862.45,3830.464974079489,7523,980,28816588.0,2259.0,30.03,92.95,52.55,1506537000.0,10.0,0.25046719269101736,13549.52,0.4532045707456689,0.5215100091167968,1.06,-76.72332327926576,42.96631910207888,-99.63788813624231,259.85,4486.5,4226.65,65713.1,67393.5,-9706.7,4312.4,15.71,2017,165923.40000000002,168538.3,-23829.9,9094.2,33.14,330186.10000000003,335725.19999999995,-45428.899999999994,18986.1,69.16,713802.46,725343.15,-94323.5,52030.3,188.43,245.8593252705283,3868.75,3910.15,3845.5,3852.8
2017-09-27,3916.1,3954.55,3774.0,3798.65,3918.435545579193,90436,1549,354367637.0,83171.0,91.97,180.55,-117.45,1506450600.0,10.0,-1.6518013178164037,13488.39,-1.5596879310470713,0.5214971402703724,1.07,-76.33238124070394,43.614248994876334,-99.58908542648261,259.85,4486.5,4226.65,65713.1,67393.5,-9706.7,4312.4,15.71,2017,165923.40000000002,168538.3,-23829.9,9094.2,33.14,330186.10000000003,335725.19999999995,-45428.899999999994,18986.1,69.16,713802.46,725343.15,-94323.5,52030.3,188.43,241.7982176957352,3809.9,3873.0,3780.05,3862.45
2017-09-26,3912.0,3933.8,3830.2,3914.05,3886.1214698877175,8817,1513,34263933.0,3380.0,38.34,103.6,2.05,1506364200.0,10.0,3.037921366801366,13702.1,0.1887940287855993,0.5213716102365047,1.06,-77.03018612434691,41.37431488603936,-99.10892539206274,259.85,4486.5,4226.65,65713.1,67393.5,-9706.7,4312.4,15.71,2017,165923.40000000002,168538.3,-23829.9,9094.2,33.14,330186.10000000003,335725.19999999995,-45428.899999999994,18986.1,69.16,713802.46,725343.15,-94323.5,52030.3,188.43,249.1438574156588,3916.1,3954.55,3774.0,3798.65
2017-09-25,4050.0,4050.0,3895.0,3910.95,3923.362349799732,7490,1124,29385984.0,3002.0,40.08,155.0,-139.05,1506277800.0,10.0,-0.0792018497464353,13676.28,-1.1442342304572972,0.5218806458562815,1.05,-77.01197918664263,41.64122115078077,-99.24575189690725,259.85,4486.5,4226.65,65713.1,67393.5,-9706.7,4312.4,15.71,2017,165923.40000000002,168538.3,-23829.9,9094.2,33.14,330186.10000000003,335725.19999999995,-45428.899999999994,18986.1,69.16,713802.46,725343.15,-94323.5,52030.3,188.43,248.946530872056,3912.0,3933.8,3830.2,3914.05
2017-09-22,4142.2,4156.7,3989.0,3994.2,4023.4689025440753,17413,2035,70060664.0,6135.0,35.23,167.7,-148.0,1506018600.0,10.0,2.1286388217696572,13834.58,-1.9547284272593224,0.5217344482449472,1.03,-77.49111211256321,40.02051381393581,-98.863806324064,259.85,4486.5,4226.65,65713.1,67393.5,-9706.7,4312.4,15.71,2017,165923.40000000002,168538.3,-23829.9,9094.2,33.14,330186.10000000003,335725.19999999995,-45428.899999999994,18986.1,69.16,713802.46,725343.15,-94323.5,52030.3,188.43,254.24570337364733,4050.0,4050.0,3895.0,3910.95
2017-09-21,4235.0,4238.9,4150.0,4168.5,4186.272697847548,6179,700,25866979.0,1762.0,28.52,88.9,-66.5,1505932200.0,10.0,4.363827549947419,14110.4,-0.3359944963861272,0.5215743366961603,1.04,-78.4322897924913,37.283493026420224,-98.37596562729834,259.85,4486.5,4226.65,65713.1,67393.5,-9706.7,4312.4,15.71,2017,165923.40000000002,168538.3,-23829.9,9094.2,33.14,330186.10000000003,335725.19999999995,-45428.899999999994,18986.1,69.16,713802.46,725343.15,-94323.5,52030.3,188.43,265.3405474220242,4142.2,4156.7,3989.0,3994.2
2017-09-20,4200.0,4206.75,4156.0,4196.95,4186.280860581533,9389,879,39304991.0,3835.0,40.85,50.75,-3.05,1505845800.0,10.0,0.6824997001319444,14157.97,-0.1419795318131522,0.5226101799968721,1.04,-78.57849152360643,36.82222804540483,-98.31864816310457,259.85,4486.5,4226.65,65713.1,67393.5,-9706.7,4312.4,15.71,2017,165923.40000000002,168538.3,-23829.9,9094.2,33.14,330186.10000000003,335725.19999999995,-45428.899999999994,18986.1,69.16,713802.46,725343.15,-94323.5,52030.3,188.43,267.15149586250794,4235.0,4238.9,4150.0,4168.5
2017-09-19,4161.1,4213.3,4161.1,4186.95,4187.091302636756,2541,278,10639399.0,421.0,16.57,52.2,25.85,1505759400.0,10.0,-0.23826826624095965,14178.1,0.0748897652301128,0.5226350264189078,1.04,-78.52732896261001,36.62796848660963,-98.16684781280449,259.85,4486.5,4226.65,65713.1,67393.5,-9706.7,4312.4,15.71,2017,165923.40000000002,168538.3,-23829.9,9094.2,33.14,330186.10000000003,335725.19999999995,-45428.899999999994,18986.1,69.16,713802.46,725343.15,-94323.5,52030.3,188.43,266.51495862507954,4200.0,4206.75,4156.0,4196.95
2017-09-18,4211.0,4242.0,4191.45,4200.8,4213.445548337792,2617,380,11026587.0,672.0,25.68,50.55,-10.2,1505673000.0,10.0,0.33078971566415927,14167.49,0.6385321361595642,0.5226370243082556,1.05,-78.59812416682537,36.73028885144794,-98.29596415860516,259.85,4486.5,4226.65,65713.1,67393.5,-9706.7,4312.4,15.71,2017,165923.40000000002,168538.3,-23829.9,9094.2,33.14,330186.10000000003,335725.19999999995,-45428.899999999994,18986.1,69.16,713802.46,725343.15,-94323.5,52030.3,188.43,267.3965626989179,4161.1,4213.3,4161.1,4186.95
2017-09-15,4176.0,4226.0,4176.0,4204.55,4198.266410614525,2864,420,12023835.0,990.0,34.57,50.0,28.55,1505413800.0,10.0,0.08926871072176823,14077.6,0.0200358371498454,0.5226080151534161,1.05,-78.61721230571644,37.60335568562822,-98.77028896777944,259.85,4486.5,4226.65,65713.1,67393.5,-9706.7,4312.4,15.71,2017,165923.40000000002,168538.3,-23829.9,9094.2,33.14,330186.10000000003,335725.19999999995,-45428.899999999994,18986.1,69.16,713802.46,725343.15,-94323.5,52030.3,188.43,267.63526416295355,4211.0,4242.0,4191.45,4200.8
2017-09-14,4225.0,4225.0,4182.0,4202.25,4201.091859360153,3157,457,13262847.0,944.0,29.9,43.0,-22.75,1505327400.0,10.0,-0.0547026435647191,14074.78,0.260146200455047,0.522608888625451,1.05,-78.6055089535368,37.630925669886125,-98.77302586276622,259.85,4486.5,4226.65,65713.1,67393.5,-9706.7,4312.4,15.71,2017,165923.40000000002,168538.3,-23829.9,9094.2,33.14,330186.10000000003,335725.19999999995,-45428.899999999994,18986.1,69.16,713802.46,725343.15,-94323.5,52030.3,188.43,267.488860598345,4176.0,4226.0,4176.0,4204.55
2017-09-13,4210.0,4222.0,4161.0,4173.1,4185.467203682393,2607,393,10911513.0,938.0,35.98,61.0,-36.9,1505241000.0,10.0,-0.6936760069010561,14038.26,-0.2644314794237878,0.5226040931964795,1.04,-78.456063837435,37.98896729366745,-98.80574538448846,259.85,4486.5,4226.65,65713.1,67393.5,-9706.7,4312.4,15.71,2017,165923.40000000002,168538.3,-23829.9,9094.2,33.14,330186.10000000003,335725.19999999995,-45428.899999999994,18986.1,69.16,713802.46,725343.15,-94323.5,52030.3,188.43,265.63335455124127,4225.0,4225.0,4182.0,4202.25
2017-09-12,4197.0,4232.0,4180.35,4222.15,4209.922405225047,14086,1201,59300967.0,7725.0,54.84,51.65,25.15,1505154600.0,10.0,1.1753852052430958,14075.48,0.8770087815547889,0.5226171836625336,1.03,-78.70634629276555,37.6240810260112,-98.86104185729808,259.85,4486.5,4226.65,65713.1,67393.5,-9706.7,4312.4,15.71,2017,165923.40000000002,168538.3,-23829.9,9094.2,33.14,330186.10000000003,335725.19999999995,-45428.899999999994,18986.1,69.16,713802.46,725343.15,-94323.5,52030.3,188.43,268.75556970082744,4210.0,4222.0,4161.0,4173.1
2017-09-11,4170.1,4190.0,4142.3,4165.7,4176.0711042065,8368,1266,34945363.0,5044.0,60.28,47.7,-4.4,1505068200.0,10.0,-1.3369965538884143,13953.11,0.7529150455922728,0.5226257643609321,1.05,-78.41779292795928,38.83105630214339,-99.21314635623038,259.85,4486.5,4226.65,65713.1,67393.5,-9706.7,4312.4,15.71,2017,165923.40000000002,168538.3,-23829.9,9094.2,33.14,330186.10000000003,335725.19999999995,-45428.899999999994,18986.1,69.16,713802.46,725343.15,-94323.5,52030.3,188.43,265.1623169955442,4197.0,4232.0,4180.35,4222.15
2017-09-08,4150.0,4160.0,4091.45,4126.75,4145.921355885746,87559,659,363012728.0,3848.0,4.39,68.55,-23.25,1504809000.0,10.0,-0.9350169239263462,13848.84,-0.1050247414054239,0.5226646777790237,1.04,-78.21409099170049,39.87633621299691,-99.55247214458434,259.85,4486.5,4226.65,65713.1,67393.5,-9706.7,4312.4,15.71,2017,165923.40000000002,168538.3,-23829.9,9094.2,33.14,330186.10000000003,335725.19999999995,-45428.899999999994,18986.1,69.16,713802.46,725343.15,-94323.5,52030.3,188.43,262.6830044557606,4170.1,4190.0,4142.3,4165.7
2017-09-07,4170.0,4185.25,4100.0,4113.5,4129.832894533065,6457,755,26666331.0,1850.0,28.65,85.25,-56.5,1504722600.0,10.0,-0.3210759071908931,13863.4,0.3269596228747229,0.52270568073729,1.05,-78.14391637291844,39.729431452601816,-99.41187492088201,259.85,4486.5,4226.65,65713.1,67393.5,-9706.7,4312.4,15.71,2017,165923.40000000002,168538.3,-23829.9,9094.2,33.14,330186.10000000003,335725.19999999995,-45428.899999999994,18986.1,69.16,713802.46,725343.15,-94323.5,52030.3,188.43,261.83959261616803,4150.0,4160.0,4091.45,4126.75
2017-09-06,4100.0,4165.0,4080.0,4153.4,4138.618270296909,16234,1530,67186329.0,7993.0,49.24,85.0,53.4,1504636200.0,10.0,0.9699769053117757,13818.22,-0.1711469009695987,0.5227016367699058,1.07,-78.35387874993981,40.18629027472424,-99.87002770090493,259.85,4486.5,4226.65,65713.1,67393.5,-9706.7,4312.4,15.71,2017,165923.40000000002,168538.3,-23829.9,9094.2,33.14,330186.10000000003,335725.19999999995,-45428.899999999994,18986.1,69.16,713802.46,725343.15,-94323.5,52030.3,188.43,264.37937619350726,4170.0,4185.25,4100.0,4113.5
2017-09-05,4029.9,4105.25,3985.0,4099.65,4075.605802134941,19579,1721,79796286.0,9782.0,49.96,120.25,69.75,1504549800.0,10.0,-1.2941204796070638,13841.91,0.5537685025367445,0.5227523972651708,1.03,-78.07007915309843,39.94636578333481,-99.44370265918496,259.85,4486.5,4226.65,65713.1,67393.5,-9706.7,4312.4,15.71,2017,165923.40000000002,168538.3,-23829.9,9094.2,33.14,330186.10000000003,335725.19999999995,-45428.899999999994,18986.1,69.16,713802.46,725343.15,-94323.5,52030.3,188.43,260.9579885423297,4100.0,4165.0,4080.0,4153.4
2017-09-04,4000.0,4045.0,3980.0,3987.8,4000.2426067908,5478,561,21913329.0,1534.0,28.0,65.0,-12.2,1504463400.0,10.0,-2.728281682582645,13765.68,-0.6632466395671943,0.5228106659577557,,-77.45498771252319,40.72134467748778,,259.85,4486.5,4226.65,65713.1,67393.5,-9706.7,4312.4,15.71,2017,165923.40000000002,168538.3,-23829.9,9094.2,33.14,330186.10000000003,335725.19999999995,-45428.899999999994,18986.1,69.16,713802.46,725343.15,-94323.5,52030.3,188.43,253.83831954169318,4029.9,4105.25,3985.0,4099.65
2017-09-01,4000.0,4032.0,3998.25,4010.45,4012.615430930673,11626,1024,46650667.0,5311.0,45.68,33.75,10.45,1504204200.0,10.0,0.5679823461557598,13857.59,0.6936426265411022,0.5231512922385462,1.02,-77.5823161989303,39.78801508776058,-98.8838533896157,259.85,4486.5,4226.65,65713.1,67393.5,-9706.7,4312.4,15.71,2017,165923.40000000002,168538.3,-23829.9,9094.2,33.14,330186.10000000003,335725.19999999995,-45428.899999999994,18986.1,69.16,713802.46,725343.15,-94323.5,52030.3,188.43,255.28007638446846,4000.0,4045.0,3980.0,3987.8
2017-08-31,4025.0,4030.05,3985.05,3998.45,4002.354068136273,12475,1110,49929367.0,2371.0,19.01,45.0,-26.55,1504117800.0,10.0,-0.29921829221160046,13762.13,0.3340548587776215,0.5231276099745229,1.01,-77.51503707686729,40.75764434720499,-99.318127266338,259.85,4486.5,4226.65,65713.1,67393.5,-9706.7,4312.4,15.71,2017,165923.40000000002,168538.3,-23829.9,9094.2,33.14,330186.10000000003,335725.19999999995,-45428.899999999994,18986.1,69.16,713802.46,725343.15,-94323.5,52030.3,188.43,254.5162316995544,4000.0,4032.0,3998.25,4010.45
2017-08-30,3910.0,4022.0,3910.0,4007.5,3996.867913585616,6897,785,27566398.0,3258.0,47.24,112.0,97.5,1504031400.0,10.0,0.22633770586102386,13716.31,1.0804963120012223,0.5231225206967691,1.03,-77.56581409856518,41.22785209724773,-99.62421581427333,259.85,4486.5,4226.65,65713.1,67393.5,-9706.7,4312.4,15.71,2017,165923.40000000002,168538.3,-23829.9,9094.2,33.14,330186.10000000003,335725.19999999995,-45428.899999999994,18986.1,69.16,713802.46,725343.15,-94323.5,52030.3,188.43,255.0922978994271,4025.0,4030.05,3985.05,3998.45
2017-08-29,3939.0,3970.0,3917.0,3933.4,3937.115824031516,7615,679,29981137.0,2978.0,39.11,53.0,-5.6,1503945000.0,10.0,-1.8490330630068552,13569.69,-1.1059334880304084,0.5230146637217387,1.03,-77.14318401383028,42.753813830677046,-99.99535047367027,259.85,4486.5,4226.65,65713.1,67393.5,-9706.7,4312.4,15.71,2017,165923.40000000002,168538.3,-23829.9,9094.2,33.14,330186.10000000003,335725.19999999995,-45428.899999999994,18986.1,69.16,713802.46,725343.15,-94323.5,52030.3,188.43,250.37555697008276,3910.0,4022.0,3910.0,4007.5
2017-08-28,3938.6,3995.0,3938.6,3988.1,3977.757409050576,5635,644,22414663.0,1893.0,33.59,56.4,49.5,1503858600.0,10.0,1.3906543956881956,13721.44,0.7663904449412007,0.5230551017150349,0.98,-77.45668363381058,41.17505159808299,-99.46091043588696,259.85,4486.5,4226.65,65713.1,67393.5,-9706.7,4312.4,15.71,2017,165923.40000000002,168538.3,-23829.9,9094.2,33.14,330186.10000000003,335725.19999999995,-45428.899999999994,18986.1,69.16,713802.46,725343.15,-94323.5,52030.3,188.43,253.85741565881602,3939.0,3970.0,3917.0,3933.4
2017-08-24,3955.0,3956.95,3930.05,3938.35,3939.058110217313,8329,1565,32808415.0,3687.0,44.27,26.9,-16.65,1503513000.0,10.0,-1.2474611970612615,13617.08,0.2282484927576655,0.5231122602207999,1.02,-77.17191209516676,42.25700370417154,-99.76349430758943,259.85,4486.5,4226.65,65713.1,67393.5,-9706.7,4312.4,15.71,2017,165923.40000000002,168538.3,-23829.9,9094.2,33.14,330186.10000000003,335725.19999999995,-45428.899999999994,18986.1,69.16,713802.46,725343.15,-94323.5,52030.3,188.43,250.6906429026098,3938.6,3995.0,3938.6,3988.1
2017-08-23,3981.0,3987.2,3941.8,3963.85,3960.818828973128,5619,598,22255841.0,2082.0,37.05,45.4,-17.15,1503426600.0,10.0,0.6474792743153879,13586.07,0.9995829495502706,0.5231880889053684,1.0,-77.31876836913607,42.581703170968495,-100.07382018458537,259.85,4486.5,4226.65,65713.1,67393.5,-9706.7,4312.4,15.71,2017,165923.40000000002,168538.3,-23829.9,9094.2,33.14,330186.10000000003,335725.19999999995,-45428.899999999994,18986.1,69.16,713802.46,725343.15,-94323.5,52030.3,188.43,252.3138128580522,3955.0,3956.95,3930.05,3938.35
2017-08-22,3965.0,4017.4,3960.25,3974.95,3990.189665182891,5167,637,20617310.0,1734.0,33.56,57.15,9.95,1503340200.0,10.0,0.2800307781575917,13451.61,-0.0826726208780659,0.523118736215691,1.0,-77.3821054352885,44.006925565043886,-100.87983398539654,259.85,4486.5,4226.65,65713.1,67393.5,-9706.7,4312.4,15.71,2017,165923.40000000002,168538.3,-23829.9,9094.2,33.14,330186.10000000003,335725.19999999995,-45428.899999999994,18986.1,69.16,713802.46,725343.15,-94323.5,52030.3,188.43,253.0203691915977,3981.0,3987.2,3941.8,3963.85
2017-08-21,3952.0,4055.95,3952.0,4010.2,4033.623537588324,8633,916,34822272.0,3687.0,42.71,103.95,58.2,1503253800.0,10.0,0.8868036075925456,13462.74,-0.9781747651652406,0.5231226636345112,1.0,-77.58091865742357,43.88787126543334,-101.01653611141107,259.85,4486.5,4226.65,65713.1,67393.5,-9706.7,4312.4,15.71,2017,165923.40000000002,168538.3,-23829.9,9094.2,33.14,330186.10000000003,335725.19999999995,-45428.899999999994,18986.1,69.16,713802.46,725343.15,-94323.5,52030.3,188.43,255.26416295353275,3965.0,4017.4,3960.25,3974.95
2017-08-18,3953.9,4030.0,3934.75,4007.4,3997.3503386004513,11075,1359,44270655.0,3044.0,27.49,95.25,53.5,1502994600.0,10.0,-0.06982195401724622,13595.73,-0.5541458904625651,0.5230607584856669,1.02,-77.56525427958277,42.48039641858144,-100.2715606774024,259.85,4486.5,4226.65,65713.1,67393.5,-9706.7,4312.4,15.71,2017,165923.40000000002,168538.3,-23829.9,9094.2,33.14,330186.10000000003,335725.19999999995,-45428.899999999994,18986.1,69.16,713802.46,725343.15,-94323.5,52030.3,188.43,255.08593252705282,3952.0,4055.95,3952.0,4010.2
2017-08-17,3941.0,3998.15,3921.0,3936.55,3961.328906161568,26503,1440,104987100.0,18570.0,70.07,77.15,-4.45,1502908200.0,10.0,-1.7679792384089454,13671.49,0.0838211308312297,0.5230235377622146,1.0,-77.16147387941218,41.69084715711308,-99.44374471406702,259.85,4486.5,4226.65,65713.1,67393.5,-9706.7,4312.4,15.71,2017,165923.40000000002,168538.3,-23829.9,9094.2,33.14,330186.10000000003,335725.19999999995,-45428.899999999994,18986.1,69.16,713802.46,725343.15,-94323.5,52030.3,188.43,250.57606619987268,3953.9,4030.0,3934.75,4007.4
2017-08-16,3980.0,3980.0,3892.0,3940.9,3923.6237583173024,31711,1639,124422033.0,21552.0,67.96,88.0,-39.1,1502821800.0,10.0,0.11050285148161976,13660.04,1.0903068296441054,0.5231859387742503,1.02,-77.18668324494405,41.80961402748453,-99.54723575215287,259.85,4486.5,4226.65,65713.1,67393.5,-9706.7,4312.4,15.71,2017,165923.40000000002,168538.3,-23829.9,9094.2,33.14,330186.10000000003,335725.19999999995,-45428.899999999994,18986.1,69.16,713802.46,725343.15,-94323.5,52030.3,188.43,250.85295989815404,3941.0,3998.15,3921.0,3936.55
2017-08-14,3930.0,3975.05,3912.5,3969.8,3953.097083552285,7612,946,30090975.0,2739.0,35.98,62.55,39.8,1502649000.0,10.0,0.733335024994286,13512.71,1.322552756268025,0.5230731791365011,1.02,-77.35276336339363,43.35577393431815,-100.51747122642165,259.85,4486.5,4226.65,65713.1,67393.5,-9706.7,4312.4,15.71,2017,165923.40000000002,168538.3,-23829.9,9094.2,33.14,330186.10000000003,335725.19999999995,-45428.899999999994,18986.1,69.16,713802.46,725343.15,-94323.5,52030.3,188.43,252.69255251432207,3980.0,3980.0,3892.0,3940.9
2017-08-11,3800.0,3972.85,3800.0,3928.4,3916.8534914801207,11972,1725,46892570.0,3896.0,32.54,172.85,128.4,1502389800.0,10.0,-1.0428736964078866,13336.33,-0.7618290743679923,0.5229354222704714,1.03,-77.11409225129825,45.25172967375581,-101.26920113177438,259.85,4486.5,4226.65,65713.1,67393.5,-9706.7,4312.4,15.71,2017,165923.40000000002,168538.3,-23829.9,9094.2,33.14,330186.10000000003,335725.19999999995,-45428.899999999994,18986.1,69.16,713802.46,725343.15,-94323.5,52030.3,188.43,250.05728835136856,3930.0,3975.05,3912.5,3969.8
2017-08-10,3990.0,3994.1,3891.6,3912.15,3932.183807675721,9276,1075,36474937.0,3040.0,32.77,102.5,-77.85,1502303400.0,10.0,-0.41365441401078895,13438.71,-1.6325153311364526,0.5229226325058218,1.05,-77.01903045639867,44.14515976607876,-100.60446484953556,259.85,4486.5,4226.65,65713.1,67393.5,-9706.7,4312.4,15.71,2017,165923.40000000002,168538.3,-23829.9,9094.2,33.14,330186.10000000003,335725.19999999995,-45428.899999999994,18986.1,69.16,713802.46,725343.15,-94323.5,52030.3,188.43,249.02291534054743,3800.0,3972.85,3800.0,3928.4
2017-08-09,4025.15,4051.0,3989.9,3997.15,4009.841496973032,7268,916,29143528.0,2863.0,39.39,61.1,-28.0,1502217000.0,10.0,2.172718326240042,13661.74,-0.9997318782292486,0.5226374880582305,1.06,-77.50772425353064,41.791967933806376,-99.8557776581236,259.85,4486.5,4226.65,65713.1,67393.5,-9706.7,4312.4,15.71,2017,165923.40000000002,168538.3,-23829.9,9094.2,33.14,330186.10000000003,335725.19999999995,-45428.899999999994,18986.1,69.16,713802.46,725343.15,-94323.5,52030.3,188.43,254.43348185868874,3990.0,3994.1,3891.6,3912.15
2017-08-08,4062.0,4084.0,4025.0,4051.05,4049.845290335748,9799,1104,39684434.0,2816.0,28.74,59.0,-10.95,1502130600.0,10.0,1.34846077830455,13799.7,-0.932902118861556,0.5227905785271217,1.06,-77.80698831167228,40.374428429603526,-99.42020109484784,259.85,4486.5,4226.65,65713.1,67393.5,-9706.7,4312.4,15.71,2017,165923.40000000002,168538.3,-23829.9,9094.2,33.14,330186.10000000003,335725.19999999995,-45428.899999999994,18986.1,69.16,713802.46,725343.15,-94323.5,52030.3,188.43,257.86441756842777,4025.15,4051.0,3989.9,3997.15
2017-08-07,4080.35,4111.35,4051.65,4059.45,4079.2209722222215,7200,921,29370391.0,2290.0,31.81,59.7,-20.9,1502044200.0,10.0,0.20735364905393183,13929.65,0.3590827251958028,0.5227961157673063,1.02,-77.85291110864773,39.06487241244396,-98.76262263073619,259.85,4486.5,4226.65,65713.1,67393.5,-9706.7,4312.4,15.71,2017,165923.40000000002,168538.3,-23829.9,9094.2,33.14,330186.10000000003,335725.19999999995,-45428.899999999994,18986.1,69.16,713802.46,725343.15,-94323.5,52030.3,188.43,258.3991088478676,4062.0,4084.0,4025.0,4051.05
2017-08-04,4084.0,4117.0,4062.45,4080.35,4081.4565537555222,11543,1332,47112253.0,5509.0,47.73,54.55,-3.65,1501785000.0,10.0,0.5148480705514213,13879.81,0.5164938382111295,0.5227892089722037,1.08,-77.96635092577843,39.56423034609264,-99.16549126631628,259.85,4486.5,4226.65,65713.1,67393.5,-9706.7,4312.4,15.71,2017,165923.40000000002,168538.3,-23829.9,9094.2,33.14,330186.10000000003,335725.19999999995,-45428.899999999994,18986.1,69.16,713802.46,725343.15,-94323.5,52030.3,188.43,259.7294716740929,4080.35,4111.35,4051.65,4059.45
2017-08-03,4061.0,4137.95,4061.0,4084.55,4102.551663439535,11362,1394,46613192.0,5322.0,46.84,76.95,23.55,1501698600.0,10.0,0.10293234648988125,13808.49,-0.6176629138114786,0.5227828960551956,1.08,-77.98900735699159,40.285070996177,-99.56474791242255,259.85,4486.5,4226.65,65713.1,67393.5,-9706.7,4312.4,15.71,2017,165923.40000000002,168538.3,-23829.9,9094.2,33.14,330186.10000000003,335725.19999999995,-45428.899999999994,18986.1,69.16,713802.46,725343.15,-94323.5,52030.3,188.43,259.99681731381287,4084.0,4117.0,4062.45,4080.35
2017-08-02,4063.0,4110.0,4044.1,4089.65,4082.778248394588,7319,1035,29881854.0,3288.0,44.92,65.9,26.65,1501612200.0,10.0,0.12486075577480271,13894.31,-0.2429611972875056,0.5227382682526684,1.08,-78.01645617595638,39.4185821390195,-99.13750021057012,259.85,4486.5,4226.65,65713.1,67393.5,-9706.7,4312.4,15.71,2017,165923.40000000002,168538.3,-23829.9,9094.2,33.14,330186.10000000003,335725.19999999995,-45428.899999999994,18986.1,69.16,713802.46,725343.15,-94323.5,52030.3,188.43,260.3214513049013,4061.0,4137.95,4061.0,4084.55
2017-08-01,4060.0,4092.95,4052.15,4061.4,4072.000313087038,6388,903,26011938.0,2355.0,36.87,40.8,1.4,1501525800.0,10.0,-0.6907681586443837,13928.15,0.2224903811766765,0.5227311273979207,1.08,-77.86354459053528,39.07984908261328,-98.80724854244056,259.85,4486.5,4226.65,65713.1,67393.5,-9706.7,4312.4,15.71,2017,165923.40000000002,168538.3,-23829.9,9094.2,33.14,330186.10000000003,335725.19999999995,-45428.899999999994,18986.1,69.16,713802.46,725343.15,-94323.5,52030.3,188.43,258.52323360916614,4063.0,4110.0,4044.1,4089.65
2017-07-31,4037.0,4066.25,4002.5,4059.95,4035.101354401805,13290,1647,53626497.0,6506.0,48.95,63.75,22.95,1501439400.0,10.0,-0.035701974688540083,13897.23,0.4969443562610864,0.522750812509145,1.07,-77.85563861623912,39.38928836897713,-98.95707774589414,259.85,4486.5,4226.65,65713.1,67393.5,-9706.7,4312.4,15.71,2017,165923.40000000002,168538.3,-23829.9,9094.2,33.14,330186.10000000003,335725.19999999995,-45428.899999999994,18986.1,69.16,713802.46,725343.15,-94323.5,52030.3,188.43,258.430935709739,4060.0,4092.95,4052.15,4061.4
2017-07-28,4049.0,4062.45,4000.1,4023.6,4027.025442108776,11988,1846,48275981.0,5759.0,48.04,62.35,-25.4,1501180200.0,10.0,-0.8953312232909294,13828.51,0.0468092987720991,0.5227295272860194,1.08,-77.65558206581171,40.081975570759255,-99.12306631913557,259.85,4486.5,4226.65,65713.1,67393.5,-9706.7,4312.4,15.71,2017,165923.40000000002,168538.3,-23829.9,9094.2,33.14,330186.10000000003,335725.19999999995,-45428.899999999994,18986.1,69.16,713802.46,725343.15,-94323.5,52030.3,188.43,256.1171228516868,4037.0,4066.25,4002.5,4059.95
2017-07-27,4125.0,4125.0,4033.1,4044.3,4065.913131998643,8841,1958,35946738.0,3192.0,36.1,91.9,-80.7,1501093800.0,10.0,0.5144646585147683,13822.04,-0.0945420061408963,0.5227692724422566,1.11,-77.76994782780704,40.14754696123002,-99.28757785065969,259.85,4486.5,4226.65,65713.1,67393.5,-9706.7,4312.4,15.71,2017,165923.40000000002,168538.3,-23829.9,9094.2,33.14,330186.10000000003,335725.19999999995,-45428.899999999994,18986.1,69.16,713802.46,725343.15,-94323.5,52030.3,188.43,257.43475493316356,4049.0,4062.45,4000.1,4023.6
2017-07-26,4106.0,4117.0,4068.7,4077.45,4088.7357868717386,21846,2202,89322522.0,9330.0,42.71,48.3,-28.55,1501007400.0,10.0,0.8196721311475308,13835.12,0.4283502382022242,0.522784073227236,1.13,-77.95067995928828,40.01504865877563,-99.40916408476227,259.85,4486.5,4226.65,65713.1,67393.5,-9706.7,4312.4,15.71,2017,165923.40000000002,168538.3,-23829.9,9094.2,33.14,330186.10000000003,335725.19999999995,-45428.899999999994,18986.1,69.16,713802.46,725343.15,-94323.5,52030.3,188.43,259.5448758752387,4125.0,4125.0,4033.1,4044.3
2017-07-25,4197.0,4209.1,4096.5,4105.75,4130.595029932383,23219,3425,95908286.0,10695.0,46.06,112.6,-91.25,1500921000.0,10.0,0.6940612392549284,13776.11,0.0930736088002204,0.5228091714978029,1.18,-78.10266090239298,40.61480345322445,-99.89953782395196,259.85,4486.5,4226.65,65713.1,67393.5,-9706.7,4312.4,15.71,2017,165923.40000000002,168538.3,-23829.9,9094.2,33.14,330186.10000000003,335725.19999999995,-45428.899999999994,18986.1,69.16,713802.46,725343.15,-94323.5,52030.3,188.43,261.34627625716104,4106.0,4117.0,4068.7,4077.45
2017-07-24,4178.0,4220.0,4161.55,4184.8,4191.296113349799,7693,997,32243641.0,2303.0,29.94,58.45,6.8,1500834600.0,10.0,1.9253485964805472,13763.3,0.4291294313031768,0.522838450820163,1.17,-78.51629707512903,40.7456787253057,-100.37798363002435,259.85,4486.5,4226.65,65713.1,67393.5,-9706.7,4312.4,15.71,2017,165923.40000000002,168538.3,-23829.9,9094.2,33.14,330186.10000000003,335725.19999999995,-45428.899999999994,18986.1,69.16,713802.46,725343.15,-94323.5,52030.3,188.43,266.37810311903246,4197.0,4209.1,4096.5,4105.75
2017-07-21,4147.0,4200.0,4142.1,4178.75,4166.132982048763,11197,1415,46648191.0,3427.0,30.61,57.9,31.75,1500575400.0,10.0,-0.14457082775760632,13704.49,0.2844364178134606,0.5230342071557775,1.16,-78.48519294047263,41.349659856003406,-100.66575981911775,259.85,4486.5,4226.65,65713.1,67393.5,-9706.7,4312.4,15.71,2017,165923.40000000002,168538.3,-23829.9,9094.2,33.14,330186.10000000003,335725.19999999995,-45428.899999999994,18986.1,69.16,713802.46,725343.15,-94323.5,52030.3,188.43,265.99299809038826,4178.0,4220.0,4161.55,4184.8
2017-07-20,4207.0,4235.7,4130.0,4143.4,4180.0825748900015,16591,2015,69351750.0,5139.0,30.97,105.7,-63.6,1500489000.0,10.0,-0.8459467544122079,13665.62,-0.244759711368947,0.5230287741359583,1.15,-78.30163633730753,41.75170976508933,-100.68749882356616,259.85,4486.5,4226.65,65713.1,67393.5,-9706.7,4312.4,15.71,2017,165923.40000000002,168538.3,-23829.9,9094.2,33.14,330186.10000000003,335725.19999999995,-45428.899999999994,18986.1,69.16,713802.46,725343.15,-94323.5,52030.3,188.43,263.7428389560789,4147.0,4200.0,4142.1,4178.75
2017-07-19,4326.0,4326.0,4190.0,4206.95,4226.671555681956,24613,2668,104031067.0,8789.0,35.71,136.0,-119.05,1500402600.0,10.0,1.533764541198046,13699.15,0.8639496503043409,0.5230552486100809,1.11,-78.62941085584568,41.40475868940774,-100.81579587981706,259.85,4486.5,4226.65,65713.1,67393.5,-9706.7,4312.4,15.71,2017,165923.40000000002,168538.3,-23829.9,9094.2,33.14,330186.10000000003,335725.19999999995,-45428.899999999994,18986.1,69.16,713802.46,725343.15,-94323.5,52030.3,188.43,267.78803309993634,4207.0,4235.7,4130.0,4143.4
2017-07-18,4378.0,4451.05,4292.0,4315.05,4399.141557382192,63748,6985,280436476.0,13820.0,21.68,159.05,-62.95,1500316200.0,10.0,2.5695575179167873,13581.81,-0.8081814311077573,0.5231208347829789,1.07,-79.16478372208897,42.62642460761859,-101.97381525342233,259.85,4486.5,4226.65,65713.1,67393.5,-9706.7,4312.4,15.71,2017,165923.40000000002,168538.3,-23829.9,9094.2,33.14,330186.10000000003,335725.19999999995,-45428.899999999994,18986.1,69.16,713802.46,725343.15,-94323.5,52030.3,188.43,274.66900063653725,4326.0,4326.0,4190.0,4206.95
2017-07-17,4238.95,4378.7,4209.1,4347.4,4294.585314344505,18467,2335,79308107.0,5946.0,32.2,169.6,108.45,1500229800.0,10.0,0.7497016257053568,13692.47,0.2334454320387591,0.5234179051029115,1.07,-79.31982334268758,41.4737443280869,-101.53786655720847,259.85,4486.5,4226.65,65713.1,67393.5,-9706.7,4312.4,15.71,2017,165923.40000000002,168538.3,-23829.9,9094.2,33.14,330186.10000000003,335725.19999999995,-45428.899999999994,18986.1,69.16,713802.46,725343.15,-94323.5,52030.3,188.43,276.72819859961805,4378.0,4451.05,4292.0,4315.05
2017-07-14,4225.0,4234.0,4187.1,4218.4,4215.170015902848,6917,738,29156331.0,3374.0,48.78,46.9,-6.6,1499970600.0,10.0,-2.9672907944978566,13660.58,-0.0284679903428286,0.5234486415615055,1.04,-78.68741703015361,41.80400832175501,-101.06528181077817,259.85,4486.5,4226.65,65713.1,67393.5,-9706.7,4312.4,15.71,2017,165923.40000000002,168538.3,-23829.9,9094.2,33.14,330186.10000000003,335725.19999999995,-45428.899999999994,18986.1,69.16,713802.46,725343.15,-94323.5,52030.3,188.43,268.5168682367918,4238.95,4378.7,4209.1,4347.4
2017-07-13,4192.0,4220.0,4185.55,4198.6,4201.011173668255,11545,1320,48500674.0,6589.0,57.07,34.45,6.6,1499884200.0,10.0,-0.46937227384789004,13664.47,0.6538889339039455,0.5239156510007954,1.05,-78.58690992235508,41.76363957036023,-100.96742290247211,259.85,4486.5,4226.65,65713.1,67393.5,-9706.7,4312.4,15.71,2017,165923.40000000002,168538.3,-23829.9,9094.2,33.14,330186.10000000003,335725.19999999995,-45428.899999999994,18986.1,69.16,713802.46,725343.15,-94323.5,52030.3,188.43,267.25652450668366,4225.0,4234.0,4187.1,4218.4
2017-07-12,4194.0,4194.35,4148.45,4189.15,4179.550546448088,11712,1140,48950896.0,5055.0,43.16,45.9,-4.85,1499797800.0,10.0,-0.22507502500835885,13575.7,0.4680868384341785,0.5238867895061957,1.05,-78.5386056837306,42.69061632181028,-101.40357448162308,259.85,4486.5,4226.65,65713.1,67393.5,-9706.7,4312.4,15.71,2017,165923.40000000002,168538.3,-23829.9,9094.2,33.14,330186.10000000003,335725.19999999995,-45428.899999999994,18986.1,69.16,713802.46,725343.15,-94323.5,52030.3,188.43,266.65499681731376,4192.0,4220.0,4185.55,4198.6
2017-07-11,4156.7,4165.95,4139.85,4151.4,4148.941798941799,10206,1258,42344100.0,3167.0,31.03,26.1,-5.3,1499711400.0,10.0,-0.9011374622536761,13512.45,-0.1727267555812872,0.5238698355554806,1.05,-78.34345040227393,43.358532316493296,-101.55761426950902,259.85,4486.5,4226.65,65713.1,67393.5,-9706.7,4312.4,15.71,2017,165923.40000000002,168538.3,-23829.9,9094.2,33.14,330186.10000000003,335725.19999999995,-45428.899999999994,18986.1,69.16,713802.46,725343.15,-94323.5,52030.3,188.43,264.2520687460216,4194.0,4194.35,4148.45,4189.15
2017-07-10,4110.05,4172.0,4065.0,4144.0,4138.456991971834,37493,6212,155163168.0,19598.0,52.27,107.0,33.95,1499625000.0,10.0,-0.17825311942958333,13535.83,0.9439752409717173,0.5239052511479113,1.04,-78.30477799227799,43.11091377477408,-101.38595063947312,259.85,4486.5,4226.65,65713.1,67393.5,-9706.7,4312.4,15.71,2017,165923.40000000002,168538.3,-23829.9,9094.2,33.14,330186.10000000003,335725.19999999995,-45428.899999999994,18986.1,69.16,713802.46,725343.15,-94323.5,52030.3,188.43,263.7810311903246,4156.7,4165.95,4139.85,4151.4
2017-07-07,4080.0,4135.0,4080.0,4094.8,4114.090419080986,7421,1010,30530665.0,2841.0,38.28,55.0,14.8,1499365800.0,10.0,-1.1872586872586854,13409.25,-0.0179694385333384,0.5238216247563031,1.05,-78.04410471817916,44.46184536793631,-101.83416809248095,259.85,4486.5,4226.65,65713.1,67393.5,-9706.7,4312.4,15.71,2017,165923.40000000002,168538.3,-23829.9,9094.2,33.14,330186.10000000003,335725.19999999995,-45428.899999999994,18986.1,69.16,713802.46,725343.15,-94323.5,52030.3,188.43,260.649267982177,4110.05,4172.0,4065.0,4144.0
2017-07-06,4100.0,4120.0,4085.95,4097.9,4101.337705600665,14409,1897,59096175.0,4384.0,30.43,34.05,-2.1,1499279400.0,10.0,0.07570577317572713,13411.66,0.3287022768280634,0.5238930009097749,1.04,-78.06071402425633,44.43588638542879,-101.83551516985825,259.85,4486.5,4226.65,65713.1,67393.5,-9706.7,4312.4,15.71,2017,165923.40000000002,168538.3,-23829.9,9094.2,33.14,330186.10000000003,335725.19999999995,-45428.899999999994,18986.1,69.16,713802.46,725343.15,-94323.5,52030.3,188.43,260.8465945257797,4080.0,4135.0,4080.0,4094.8
2017-07-05,4034.0,4094.3,4022.5,4079.85,4071.452508361204,11960,1621,48694572.0,4054.0,33.9,71.8,45.85,1499193000.0,10.0,-0.44046950877277835,13367.72,0.4790292235637539,0.523885284662705,1.05,-77.9636506244102,44.9106504325345,-101.99159996174994,259.85,4486.5,4226.65,65713.1,67393.5,-9706.7,4312.4,15.71,2017,165923.40000000002,168538.3,-23829.9,9094.2,33.14,330186.10000000003,335725.19999999995,-45428.899999999994,18986.1,69.16,713802.46,725343.15,-94323.5,52030.3,188.43,259.6976448122215,4100.0,4120.0,4085.95,4097.9
2017-07-04,4013.0,4046.2,3984.15,4017.7,4022.021424627277,9055,1361,36419404.0,1792.0,19.79,62.05,4.7,1499106600.0,10.0,-1.5233403188842698,13303.99,-0.0805875001502087,0.523874171716623,,-77.62276924608607,45.60481479616265,,259.85,4486.5,4226.65,65713.1,67393.5,-9706.7,4312.4,15.71,2017,165923.40000000002,168538.3,-23829.9,9094.2,33.14,330186.10000000003,335725.19999999995,-45428.899999999994,18986.1,69.16,713802.46,725343.15,-94323.5,52030.3,188.43,255.74156588160406,4034.0,4094.3,4022.5,4079.85
2017-07-03,3991.0,4009.9,3937.05,3994.1,3990.518371719336,9335,1510,37251489.0,4117.0,44.1,72.85,3.1,1499020200.0,10.0,-0.5874007516738389,13314.72,1.034036627979762,0.5239928064496495,1.06,-77.4905485591247,45.48747551582009,-101.83022613813236,259.85,4486.5,4226.65,65713.1,67393.5,-9706.7,4312.4,15.71,2017,165923.40000000002,168538.3,-23829.9,9094.2,33.14,330186.10000000003,335725.19999999995,-45428.899999999994,18986.1,69.16,713802.46,725343.15,-94323.5,52030.3,188.43,254.23933800127307,4013.0,4046.2,3984.15,4017.7
2017-06-30,3982.0,3996.5,3928.7,3963.25,3957.6159983421408,9651,1692,38194952.0,3881.0,40.21,67.8,-18.75,1498761000.0,0.0,-0.7723892741794081,13178.45,0.3644923800073085,0.5239065559976566,1.03,-77.31533463697723,46.991869301776745,-102.4250592900855,259.85,4486.5,4226.65,75202.8,76854.5,-9261.4,8906.2,32.44,2017,141611.7,144847.8,-21248.1,8527.099999999999,31.07,318186.5,323213.1,-44552.399999999994,19390.5,70.64,686977.4,698378.1,-90577.29999999999,49950.8,181.98,122.17170160295932,3991.0,4009.9,3937.05,3994.1
2017-06-29,3990.0,3990.0,3936.75,3949.65,3959.530620360552,7544,1017,29870699.0,2104.0,27.89,53.25,-40.35,1498674600.0,0.0,-0.34315271557433524,13130.59,0.2969052194822463,0.5239250692561861,1.04,-77.23722355145392,47.52764346461203,-102.63326537320766,259.85,4486.5,4226.65,75202.8,76854.5,-9261.4,8906.2,32.44,2017,141611.7,144847.8,-21248.1,8527.099999999999,31.07,318186.5,323213.1,-44552.399999999994,19390.5,70.64,686977.4,698378.1,-90577.29999999999,49950.8,181.98,121.75246609124538,3982.0,3996.5,3928.7,3963.25
2017-06-28,3823.0,3964.75,3823.0,3957.75,3950.065780441661,59729,1933,235933479.0,50250.0,84.13,141.75,134.75,1498588200.0,0.0,0.20508146291442486,13091.72,-0.0860109028550049,0.5239233433395423,1.02,-77.28381024572042,47.9656607382376,-102.89973777498174,259.85,4486.5,4226.65,75202.8,76854.5,-9261.4,8906.2,32.44,2017,141611.7,144847.8,-21248.1,8527.099999999999,31.07,318186.5,323213.1,-44552.399999999994,19390.5,70.64,686977.4,698378.1,-90577.29999999999,49950.8,181.98,122.00215782983972,3990.0,3990.0,3936.75,3949.65
2017-06-27,3999.7,4015.5,3860.0,3879.85,3926.388157894738,79344,1941,311535342.0,68263.0,86.03,155.5,-119.85,1498501800.0,0.0,-1.9682900637988832,13102.99,-0.7933960135617091,0.5239249125711601,1.0,-76.8277124115623,47.83839413752129,-102.3675139650367,259.85,4486.5,4226.65,75202.8,76854.5,-9261.4,8906.2,32.44,2017,141611.7,144847.8,-21248.1,8527.099999999999,31.07,318186.5,323213.1,-44552.399999999994,19390.5,70.64,686977.4,698378.1,-90577.29999999999,49950.8,181.98,119.60080147965475,3823.0,3964.75,3823.0,3957.75
2017-06-23,4058.8,4088.5,3991.0,4000.2,4022.131582473536,14926,1969,60034336.0,4694.0,31.45,97.5,-58.6,1498156200.0,0.0,3.101924043455284,13207.78,-0.8133024133228361,0.5240553700287661,0.97,-77.52487375631219,46.66545021192054,-102.44181982575127,259.85,4486.5,4226.65,75202.8,76854.5,-9261.4,8906.2,32.44,2017,141611.7,144847.8,-21248.1,8527.099999999999,31.07,318186.5,323213.1,-44552.399999999994,19390.5,70.64,686977.4,698378.1,-90577.29999999999,49950.8,181.98,123.3107274969174,3999.7,4015.5,3860.0,3879.85
2017-06-22,4052.7,4088.5,3996.55,4058.8,4039.562369376306,18182,3150,73447323.0,5736.0,31.55,91.95,6.1,1498069800.0,0.0,1.4649267536623212,13316.08,-0.1970414551537791,0.524520499250734,0.96,-77.84936434414112,45.47261656583619,-102.15714420821001,259.85,4486.5,4226.65,75202.8,76854.5,-9261.4,8906.2,32.44,2017,141611.7,144847.8,-21248.1,8527.099999999999,31.07,318186.5,323213.1,-44552.399999999994,19390.5,70.64,686977.4,698378.1,-90577.29999999999,49950.8,181.98,125.11713933415538,4058.8,4088.5,3991.0,4000.2
2017-06-21,4065.45,4065.45,4000.0,4018.4,4025.394978495873,8603,1173,34630473.0,2937.0,34.14,65.45,-47.05,1497983400.0,0.0,-0.995368089090376,13342.37,-0.1510938023851604,0.5246391369958122,0.99,-77.62666733028071,45.18597520530461,-101.80360562068003,259.85,4486.5,4226.65,75202.8,76854.5,-9261.4,8906.2,32.44,2017,141611.7,144847.8,-21248.1,8527.099999999999,31.07,318186.5,323213.1,-44552.399999999994,19390.5,70.64,686977.4,698378.1,-90577.29999999999,49950.8,181.98,123.87176325524045,4052.7,4088.5,3996.55,4058.8
2017-06-20,4110.0,4126.0,4054.0,4065.45,4081.042458652186,8102,1926,33064606.0,2834.0,34.98,72.0,-44.55,1497897000.0,0.0,1.1708640254827651,13362.56,0.0566829327464768,0.5246851255313771,1.01,-77.88559692039013,44.96660819483693,-101.95897540903171,259.85,4486.5,4226.65,75202.8,76854.5,-9261.4,8906.2,32.44,2017,141611.7,144847.8,-21248.1,8527.099999999999,31.07,318186.5,323213.1,-44552.399999999994,19390.5,70.64,686977.4,698378.1,-90577.29999999999,49950.8,181.98,125.32213316892725,4065.45,4065.45,4000.0,4018.4
2017-06-19,4178.9,4178.9,4083.0,4095.85,4108.191120143829,12793,1303,52556089.0,5801.0,45.35,95.9,-83.05,1497810600.0,0.0,0.7477647000946996,13354.99,0.5054248887892188,0.5247659614995391,1.02,-78.04973326659912,45.04877951986486,-102.17453808499222,259.85,4486.5,4226.65,75202.8,76854.5,-9261.4,8906.2,32.44,2017,141611.7,144847.8,-21248.1,8527.099999999999,31.07,318186.5,323213.1,-44552.399999999994,19390.5,70.64,686977.4,698378.1,-90577.29999999999,49950.8,181.98,126.25924784217017,4110.0,4126.0,4054.0,4065.45
2017-06-16,4046.0,4123.7,4013.85,4115.65,4076.464860128919,15979,1878,65137832.0,6070.0,37.99,109.85,69.65,1497551400.0,0.0,0.48341614072779926,13287.83,0.0762933339358395,0.5247779663460985,1.03,-78.15533390837413,45.78189215244326,-102.67014086227323,259.85,4486.5,4226.65,75202.8,76854.5,-9261.4,8906.2,32.44,2017,141611.7,144847.8,-21248.1,8527.099999999999,31.07,318186.5,323213.1,-44552.399999999994,19390.5,70.64,686977.4,698378.1,-90577.29999999999,49950.8,181.98,126.86960542540074,4178.9,4178.9,4083.0,4095.85
2017-06-15,4050.0,4099.75,4017.55,4046.65,4049.6693106067,11851,1290,47992631.0,3130.0,26.41,82.2,-3.35,1497465000.0,0.0,-1.6765274015040021,13277.7,-0.1907828863691674,0.5247930679541492,1.02,-77.78285742527771,45.8931140182411,-102.35195659956679,259.85,4486.5,4226.65,75202.8,76854.5,-9261.4,8906.2,32.44,2017,141611.7,144847.8,-21248.1,8527.099999999999,31.07,318186.5,323213.1,-44552.399999999994,19390.5,70.64,686977.4,698378.1,-90577.29999999999,49950.8,181.98,124.74260172626389,4046.0,4123.7,4013.85,4115.65
2017-06-14,4060.0,4076.0,3986.0,4050.4,4037.171563561199,27092,2108,109375052.0,9438.0,34.84,90.0,-9.6,1497378600.0,0.0,0.09266924493098738,13303.08,0.1110749891634066,0.5249342021087735,1.01,-77.80342682204227,45.614774924303234,-102.22799875717281,259.85,4486.5,4226.65,75202.8,76854.5,-9261.4,8906.2,32.44,2017,141611.7,144847.8,-21248.1,8527.099999999999,31.07,318186.5,323213.1,-44552.399999999994,19390.5,70.64,686977.4,698378.1,-90577.29999999999,49950.8,181.98,124.85819975339089,4050.0,4099.75,4017.55,4046.65
2017-06-13,4042.0,4132.6,4038.1,4062.65,4089.073535044045,15666,2282,64059426.0,6804.0,43.43,94.5,20.65,1497292200.0,0.0,0.3024392652577479,13288.32,0.0094076421664146,0.524934727278559,1.0,-77.87035555610254,45.77651651977075,-102.37510404389229,259.85,4486.5,4226.65,75202.8,76854.5,-9261.4,8906.2,32.44,2017,141611.7,144847.8,-21248.1,8527.099999999999,31.07,318186.5,323213.1,-44552.399999999994,19390.5,70.64,686977.4,698378.1,-90577.29999999999,49950.8,181.98,125.2358199753391,4060.0,4076.0,3986.0,4050.4
2017-06-12,4116.0,4116.0,4030.0,4046.8,4066.016378617363,9952,2179,40464995.0,3950.0,39.69,86.0,-69.2,1497205800.0,0.0,-0.390139441005255,13287.07,-0.5097658955534046,0.5249411343285042,0.98,-77.78368093308293,45.79023065280759,-102.28641424148967,259.85,4486.5,4226.65,75202.8,76854.5,-9261.4,8906.2,32.44,2017,141611.7,144847.8,-21248.1,8527.099999999999,31.07,318186.5,323213.1,-44552.399999999994,19390.5,70.64,686977.4,698378.1,-90577.29999999999,49950.8,181.98,124.74722564734897,4042.0,4132.6,4038.1,4062.65
2017-06-09,4125.3,4125.3,4058.05,4116.5,4086.153636570045,13213,1530,53990348.0,2604.0,19.71,67.25,-8.8,1496946600.0,0.0,1.7223485222892077,13355.15,0.2717179119090307,0.5249156523736719,1.01,-78.15984452811855,45.04704177789094,-102.28557704156682,259.85,4486.5,4226.65,75202.8,76854.5,-9261.4,8906.2,32.44,2017,141611.7,144847.8,-21248.1,8527.099999999999,31.07,318186.5,323213.1,-44552.399999999994,19390.5,70.64,686977.4,698378.1,-90577.29999999999,49950.8,181.98,126.89580764488286,4116.0,4116.0,4030.0,4046.8
2017-06-08,4155.05,4167.3,4111.25,4119.9,4123.101351351352,3996,510,16475913.0,1377.0,34.46,56.05,-35.15,1496860200.0,0.0,0.08259443702174352,13318.96,-0.0336999801102688,0.5250816307840203,1.01,-78.17786839486396,45.44116057109564,-102.51785464516152,259.85,4486.5,4226.65,75202.8,76854.5,-9261.4,8906.2,32.44,2017,141611.7,144847.8,-21248.1,8527.099999999999,31.07,318186.5,323213.1,-44552.399999999994,19390.5,70.64,686977.4,698378.1,-90577.29999999999,49950.8,181.98,127.00061652281134,4125.3,4125.3,4058.05,4116.5
2017-06-07,4129.6,4160.0,4107.0,4137.35,4135.849594387196,9122,1097,37727220.0,1145.0,12.55,53.0,7.75,1496773800.0,0.0,0.4235539697565738,13323.45,0.3891710242770463,0.5250818621568867,1.0,-78.26990706611721,45.392146928911046,-102.57941824069195,259.85,4486.5,4226.65,75202.8,76854.5,-9261.4,8906.2,32.44,2017,141611.7,144847.8,-21248.1,8527.099999999999,31.07,318186.5,323213.1,-44552.399999999994,19390.5,70.64,686977.4,698378.1,-90577.29999999999,49950.8,181.98,127.53853267570902,4155.05,4167.3,4111.25,4119.9
2017-06-06,4268.0,4279.0,4109.55,4125.05,4144.586267605632,7384,1121,30603625.0,1898.0,25.7,169.45,-142.95,1496687400.0,0.0,-0.29729174471582187,13271.8,-0.4528145080658352,0.5250813495152338,0.97,-78.20511266530103,45.95797103633268,-102.79745720901084,259.85,4486.5,4226.65,75202.8,76854.5,-9261.4,8906.2,32.44,2017,141611.7,144847.8,-21248.1,8527.099999999999,31.07,318186.5,323213.1,-44552.399999999994,19390.5,70.64,686977.4,698378.1,-90577.29999999999,49950.8,181.98,127.15937114673244,4129.6,4160.0,4107.0,4137.35
2017-06-05,4258.75,4258.95,4166.85,4188.7,4203.807051394492,5701,871,23965904.0,1726.0,30.28,92.1,-70.05,1496601000.0,0.0,1.5430115998593896,13332.17,0.3155701594329096,0.5250590257440935,0.96,-78.53630004536014,45.297052167801645,-102.77586946095111,259.85,4486.5,4226.65,75202.8,76854.5,-9261.4,8906.2,32.44,2017,141611.7,144847.8,-21248.1,8527.099999999999,31.07,318186.5,323213.1,-44552.399999999994,19390.5,70.64,686977.4,698378.1,-90577.29999999999,49950.8,181.98,129.1214549938348,4268.0,4279.0,4109.55,4125.05
2017-06-02,4199.85,4246.5,4199.85,4230.15,4229.515572232645,5330,849,22543318.0,1351.0,25.35,46.65,30.3,1496341800.0,0.0,0.9895671688113117,13290.23,0.5193029269594973,0.5251898611192478,0.98,-78.74661655024053,45.7555663069789,-103.24229000053845,259.85,4486.5,4226.65,75202.8,76854.5,-9261.4,8906.2,32.44,2017,141611.7,144847.8,-21248.1,8527.099999999999,31.07,318186.5,323213.1,-44552.399999999994,19390.5,70.64,686977.4,698378.1,-90577.29999999999,49950.8,181.98,130.39919852034524,4258.75,4258.95,4166.85,4188.7
2017-06-01,4197.1,4251.5,4165.65,4194.75,4203.057513914657,13475,973,56636200.0,9200.0,68.27,85.85,-2.35,1496255400.0,0.0,-0.8368497571007993,13221.57,0.1698594227658612,0.5252249805994322,0.98,-78.56725668991001,46.51247922901744,-103.46205220961474,259.85,4486.5,4226.65,75202.8,76854.5,-9261.4,8906.2,32.44,2017,141611.7,144847.8,-21248.1,8527.099999999999,31.07,318186.5,323213.1,-44552.399999999994,19390.5,70.64,686977.4,698378.1,-90577.29999999999,49950.8,181.98,129.30795314426635,4199.85,4246.5,4199.85,4230.15
2017-05-31,4098.0,4254.8,4096.85,4197.1,4201.118409312998,23537,2526,98881724.0,5010.0,21.29,157.95,99.1,1496169000.0,0.0,0.056022408963585235,13199.15,0.3103742045901025,0.5252579661116529,0.98,-78.57925710609706,46.76134448051579,-103.60627299378973,259.85,4486.5,4226.65,75202.8,76854.5,-9261.4,8906.2,32.44,2017,141611.7,144847.8,-21248.1,8527.099999999999,31.07,318186.5,323213.1,-44552.399999999994,19390.5,70.64,686977.4,698378.1,-90577.29999999999,49950.8,181.98,129.38039457459928,4197.1,4251.5,4165.65,4194.75
2017-05-30,4094.7,4113.2,3992.55,4079.7,4086.1411328644735,10522,1670,42994377.0,2917.0,27.72,120.65,-15.0,1496082600.0,0.0,-2.7971694741607434,13158.31,0.3524225715179074,0.5252510549883597,0.93,-77.96284040493174,47.21685383609293,-103.20505921443156,259.85,4486.5,4226.65,75202.8,76854.5,-9261.4,8906.2,32.44,2017,141611.7,144847.8,-21248.1,8527.099999999999,31.07,318186.5,323213.1,-44552.399999999994,19390.5,70.64,686977.4,698378.1,-90577.29999999999,49950.8,181.98,125.76140567200987,4098.0,4254.8,4096.85,4197.1
2017-05-29,4155.1,4183.0,4047.6,4069.55,4114.901800327332,7332,1049,30170460.0,2328.0,31.75,135.4,-85.55,1495996200.0,0.0,-0.24879280339239473,13112.1,-0.4006125406765259,0.5256593060230859,,-77.90787679227434,47.73567925808986,,259.85,4486.5,4226.65,75202.8,76854.5,-9261.4,8906.2,32.44,2017,141611.7,144847.8,-21248.1,8527.099999999999,31.07,318186.5,323213.1,-44552.399999999994,19390.5,70.64,686977.4,698378.1,-90577.29999999999,49950.8,181.98,125.44852034525279,4094.7,4113.2,3992.55,4079.7
2017-05-26,4140.0,4213.25,4140.0,4155.1,4173.773485156568,7377,1199,30789927.0,2670.0,36.19,73.25,15.1,1495737000.0,0.0,2.1021980317234235,13164.84,1.2100766945686514,0.5256409341039396,0.94,-78.36273495222738,47.1438315999283,-103.58936015359482,259.85,4486.5,4226.65,75202.8,76854.5,-9261.4,8906.2,32.44,2017,141611.7,144847.8,-21248.1,8527.099999999999,31.07,318186.5,323213.1,-44552.399999999994,19390.5,70.64,686977.4,698378.1,-90577.29999999999,49950.8,181.98,128.08569667077683,4155.1,4183.0,4047.6,4069.55
2017-05-25,4242.0,4242.0,4130.0,4164.0,4159.9433733478845,8247,1378,34307053.0,2808.0,34.05,112.0,-78.0,1495650600.0,0.0,0.2141946042213183,13007.44,1.5353511699158997,0.5257520444382701,0.94,-78.40898174831892,48.92438481361437,-104.57687016518935,259.85,4486.5,4226.65,75202.8,76854.5,-9261.4,8906.2,32.44,2017,141611.7,144847.8,-21248.1,8527.099999999999,31.07,318186.5,323213.1,-44552.399999999994,19390.5,70.64,686977.4,698378.1,-90577.29999999999,49950.8,181.98,128.3600493218249,4140.0,4213.25,4140.0,4155.1
2017-05-24,4242.9,4280.0,4150.0,4174.5,4207.755598338232,9869,1482,41526340.0,2556.0,25.9,130.0,-68.4,1495564200.0,0.0,0.2521613832852987,12810.75,-0.642104495739737,0.525521755574578,0.93,-78.4632890166487,51.21089709814024,-105.81699433152806,259.85,4486.5,4226.65,75202.8,76854.5,-9261.4,8906.2,32.44,2017,141611.7,144847.8,-21248.1,8527.099999999999,31.07,318186.5,323213.1,-44552.399999999994,19390.5,70.64,686977.4,698378.1,-90577.29999999999,49950.8,181.98,128.68372379778052,4242.0,4242.0,4130.0,4164.0
2017-05-23,4299.0,4315.1,4240.2,4268.4,4274.624370430543,12310,2118,52620626.0,3924.0,31.88,74.9,-30.6,1495477800.0,0.0,2.2493711821774953,12893.54,-0.9464735409941304,0.5254773110900605,0.92,-78.93707243932153,50.2399651298247,-105.77359509879736,259.85,4486.5,4226.65,75202.8,76854.5,-9261.4,8906.2,32.44,2017,141611.7,144847.8,-21248.1,8527.099999999999,31.07,318186.5,323213.1,-44552.399999999994,19390.5,70.64,686977.4,698378.1,-90577.29999999999,49950.8,181.98,131.5782983970407,4242.9,4280.0,4150.0,4174.5
2017-05-22,4414.0,4414.0,4260.35,4271.2,4296.724427277572,7508,1051,32259807.0,2645.0,35.23,153.65,-142.8,1495391400.0,0.0,0.0655983506700375,13016.74,-0.2627378835233784,0.5256648701226124,0.93,-78.95088031466567,48.81798361187211,-105.05391100043421,259.85,4486.5,4226.65,75202.8,76854.5,-9261.4,8906.2,32.44,2017,141611.7,144847.8,-21248.1,8527.099999999999,31.07,318186.5,323213.1,-44552.399999999994,19390.5,70.64,686977.4,698378.1,-90577.29999999999,49950.8,181.98,131.66461159062885,4299.0,4315.1,4240.2,4268.4
2017-05-19,4351.0,4415.0,4339.2,4360.6,4372.788124335813,7528,839,32918349.0,2061.0,27.38,75.8,9.6,1495132200.0,0.0,2.093088593369563,13051.03,-0.26471705308172,0.5256556912328595,0.92,-79.38242443700409,48.42698239142811,-105.27474010435752,259.85,4486.5,4226.65,75202.8,76854.5,-9261.4,8906.2,32.44,2017,141611.7,144847.8,-21248.1,8527.099999999999,31.07,318186.5,323213.1,-44552.399999999994,19390.5,70.64,686977.4,698378.1,-90577.29999999999,49950.8,181.98,134.42046855733665,4414.0,4414.0,4260.35,4271.2
2017-05-18,4471.9,4471.9,4336.9,4349.8,4366.579200439622,14558,1518,63568660.0,4900.0,33.66,135.0,-122.1,1495045800.0,0.0,-0.24767233866899163,13085.67,-1.3913023820109505,0.5258983767284232,0.93,-79.33123361993654,48.03407085766338,-105.03318802128234,259.85,4486.5,4226.65,75202.8,76854.5,-9261.4,8906.2,32.44,2017,141611.7,144847.8,-21248.1,8527.099999999999,31.07,318186.5,323213.1,-44552.399999999994,19390.5,70.64,686977.4,698378.1,-90577.29999999999,49950.8,181.98,134.08754623921087,4351.0,4415.0,4339.2,4360.6
2017-05-17,4479.8,4520.0,4463.0,4476.05,4474.5726953321055,5977,632,26744521.0,1543.0,25.82,57.0,-3.75,1494959400.0,0.0,2.9024322957377446,13270.3,-0.0226017644444076,0.5256840586042718,0.9,-79.91421007361402,45.97446930363294,-104.50914003658144,259.85,4486.5,4226.65,75202.8,76854.5,-9261.4,8906.2,32.44,2017,141611.7,144847.8,-21248.1,8527.099999999999,31.07,318186.5,323213.1,-44552.399999999994,19390.5,70.64,686977.4,698378.1,-90577.29999999999,49950.8,181.98,137.97934648582,4471.9,4471.9,4336.9,4349.8
2017-05-16,4431.0,4531.0,4430.95,4486.5,4490.576671694321,17901,1569,80385813.0,7224.0,40.36,100.05,55.5,1494873000.0,0.0,0.23346477362853335,13273.3,0.5898998594971339,0.5261645450728991,0.9,-79.96099409339128,45.94147649793194,-104.56022208433731,259.85,4486.5,4226.65,75202.8,76854.5,-9261.4,8906.2,32.44,2017,141611.7,144847.8,-21248.1,8527.099999999999,31.07,318186.5,323213.1,-44552.399999999994,19390.5,70.64,686977.4,698378.1,-90577.29999999999,49950.8,181.98,138.30147965474723,4479.8,4520.0,4463.0,4476.05
2017-05-15,4454.0,4497.4,4415.0,4431.7,4458.243102936815,6742,883,30057475.0,1787.0,26.51,82.4,-22.3,1494786600.0,0.0,-1.2214421040900536,13195.46,0.6289950873104244,0.5261375353903884,0.9,-79.71320260847982,46.80238506274128,-104.76417035393109,259.85,4433.8,4173.95,75202.8,76854.5,-9261.4,8906.2,32.44,2017,141611.7,144847.8,-21248.1,8527.099999999999,31.07,318186.5,323213.1,-44552.399999999994,19390.5,70.64,686977.4,698378.1,-90577.29999999999,49950.8,181.98,136.61220715166462,4431.0,4531.0,4430.95,4486.5
2017-05-12,4393.45,4412.5,4373.0,4400.9,4395.566727236019,4953,630,21771242.0,887.0,17.91,39.5,7.45,1494527400.0,0.0,-0.6949928921181514,13112.98,-0.4148060390655961,0.5261779549370105,0.88,-79.57122406780431,47.72576485284048,-105.10043281553199,259.85,4433.8,4173.95,75202.8,76854.5,-9261.4,8906.2,32.44,2017,141611.7,144847.8,-21248.1,8527.099999999999,31.07,318186.5,323213.1,-44552.399999999994,19390.5,70.64,686977.4,698378.1,-90577.29999999999,49950.8,181.98,135.6627620221948,4454.0,4497.4,4415.0,4431.7
2017-05-11,4368.0,4444.95,4355.65,4403.25,4409.104082601472,8426,1061,37151111.0,1714.0,20.34,89.3,35.25,1494441000.0,0.0,0.05339816855642887,13167.6,0.1256931945461614,0.5261791365899586,0.89,-79.58212683813093,47.112989458975065,-104.79369952226119,259.85,4433.8,4173.95,75202.8,76854.5,-9261.4,8906.2,32.44,2017,141611.7,144847.8,-21248.1,8527.099999999999,31.07,318186.5,323213.1,-44552.399999999994,19390.5,70.64,686977.4,698378.1,-90577.29999999999,49950.8,181.98,135.73520345252774,4393.45,4412.5,4373.0,4400.9
2017-05-10,4445.0,4455.45,4330.0,4365.65,4350.05347368421,16625,866,72319639.0,11666.0,70.17,125.45,-79.35,1494354600.0,0.0,-0.8539147220802845,13151.07,0.9476020946266316,0.5261789792590382,0.9,-79.40627397981973,47.29790047501838,-104.71987389152734,259.85,4433.8,4173.95,75202.8,76854.5,-9261.4,8906.2,32.44,2017,141611.7,144847.8,-21248.1,8527.099999999999,31.07,318186.5,323213.1,-44552.399999999994,19390.5,70.64,686977.4,698378.1,-90577.29999999999,49950.8,181.98,134.57614056720098,4368.0,4444.95,4355.65,4403.25
2017-05-09,4412.0,4448.0,4402.4,4433.8,4431.485291326627,5269,816,23349496.0,1150.0,21.83,45.6,21.8,1494268200.0,0.0,1.5610504735835473,13027.62,0.2032890835377498,0.5261291387458773,0.91,-79.72281113266273,48.69369846526072,-105.77320725228304,259.85,4433.8,4173.95,75202.8,76854.5,-9261.4,8906.2,32.44,2017,141611.7,144847.8,-21248.1,8527.099999999999,31.07,318186.5,323213.1,-44552.399999999994,19390.5,70.64,686977.4,698378.1,-90577.29999999999,49950.8,181.98,136.67694204685574,4445.0,4455.45,4330.0,4365.65
2017-05-08,4324.0,4446.0,4324.0,4410.75,4412.821357285428,12024,1609,53059764.0,3003.0,24.98,122.0,86.75,1494181800.0,0.0,-0.5198700888628283,13001.19,0.4296450445982813,0.5262695306895463,0.91,-79.61684520773112,48.99597652214911,-105.83302950479107,259.85,4410.75,4150.9,75202.8,76854.5,-9261.4,8906.2,32.44,2017,141611.7,144847.8,-21248.1,8527.099999999999,31.07,318186.5,323213.1,-44552.399999999994,19390.5,70.64,686977.4,698378.1,-90577.29999999999,49950.8,181.98,135.96639950678176,4412.0,4448.0,4402.4,4433.8
2017-05-05,4319.95,4341.95,4287.15,4323.35,4301.431140683158,30359,659,130587148.0,27287.0,89.88,54.8,3.4,1493922600.0,0.0,-1.9815224168225232,12945.57,-0.8924265089793826,0.5262662509766943,0.9,-79.20478332774353,49.636130351927335,-105.7529639351638,259.85,4323.35,4063.5000000000005,75202.8,76854.5,-9261.4,8906.2,32.44,2017,141611.7,144847.8,-21248.1,8527.099999999999,31.07,318186.5,323213.1,-44552.399999999994,19390.5,70.64,686977.4,698378.1,-90577.29999999999,49950.8,181.98,133.27219482120842,4324.0,4446.0,4324.0,4410.75
2017-05-04,4313.0,4350.0,4284.95,4320.35,4319.364571092832,6808,1057,29406234.0,1880.0,27.61,65.05,7.35,1493836200.0,0.0,-0.06939063457734873,13062.14,0.4941563682161254,0.5263817294348202,0.86,-79.19034337495805,48.30073785765581,-105.02228101413486,259.85,4320.35,4060.5000000000005,75202.8,76854.5,-9261.4,8906.2,32.44,2017,141611.7,144847.8,-21248.1,8527.099999999999,31.07,318186.5,323213.1,-44552.399999999994,19390.5,70.64,686977.4,698378.1,-90577.29999999999,49950.8,181.98,133.17971639950682,4319.95,4341.95,4287.15,4323.35
2017-05-03,4224.85,4325.0,4213.2,4303.3,4289.234239417037,20859,2975,89469137.0,8530.0,40.89,111.8,78.45,1493749800.0,0.0,-0.3946439524575629,12997.91,-0.0672732277156473,0.5263603742101981,0.85,-79.10789394185858,49.033575397890885,-105.31981871907772,259.85,4303.3,4043.4500000000003,75202.8,76854.5,-9261.4,8906.2,32.44,2017,141611.7,144847.8,-21248.1,8527.099999999999,31.07,318186.5,323213.1,-44552.399999999994,19390.5,70.64,686977.4,698378.1,-90577.29999999999,49950.8,181.98,132.65413070283603,4313.0,4350.0,4284.95,4320.35
2017-05-02,4239.0,4239.0,4154.05,4205.35,4196.833484491202,11026,1820,46274286.0,3644.0,33.05,84.95,-33.65,1493663400.0,0.0,-2.2761601561592237,13006.66,0.2112604436007137,0.5263658510552826,0.82,-78.62128003614444,48.933315701340696,-104.76648640237212,259.85,4239.2,3979.35,75202.8,76854.5,-9261.4,8906.2,32.44,2017,141611.7,144847.8,-21248.1,8527.099999999999,31.07,318186.5,323213.1,-44552.399999999994,19390.5,70.64,686977.4,698378.1,-90577.29999999999,49950.8,181.98,129.63471023427869,4224.85,4325.0,4213.2,4303.3
2017-04-28,4231.85,4273.7,4219.2,4239.2,4245.874865026995,8335,1365,35389367.0,1744.0,20.92,54.5,7.35,1493317800.0,0.0,0.8049270572009437,12979.24,-0.1119765672679129,0.5266391462102973,0.8,-78.79198905453859,49.24795288476058,-105.10657759740562,259.85,4239.2,3979.35,75202.8,76854.5,-9261.4,8906.2,32.44,2017,141611.7,144847.8,-21248.1,8527.099999999999,31.07,318186.5,323213.1,-44552.399999999994,19390.5,70.64,686977.4,698378.1,-90577.29999999999,49950.8,181.98,130.67817509247843,4239.0,4239.0,4154.05,4205.35
2017-04-27,4240.0,4247.5,4204.9,4233.4,4231.590421250336,7454,1129,31542275.0,1629.0,21.85,42.6,-6.6,1493231400.0,0.0,-0.13681826759766036,12993.79,-0.0931884043484765,0.5266766449628534,0.81,-78.76293286719894,49.08083015040261,-104.99605174038473,259.85,4234.8,3974.9500000000003,75202.8,76854.5,-9261.4,8906.2,32.44,2017,141611.7,144847.8,-21248.1,8527.099999999999,31.07,318186.5,323213.1,-44552.399999999994,19390.5,70.64,686977.4,698378.1,-90577.29999999999,49950.8,181.98,130.49938347718864,4231.85,4273.7,4219.2,4239.2
2017-04-26,4242.0,4272.0,4195.0,4232.95,4235.006159052453,14775,2318,62572216.0,2854.0,19.32,77.0,-9.05,1493145000.0,0.0,-0.010629753862134717,13005.91,0.1803968268028644,0.5266751462704256,0.83,-78.76067517924852,48.94190410359598,-104.93001931035863,259.85,4234.8,3974.9500000000003,75202.8,76854.5,-9261.4,8906.2,32.44,2017,141611.7,144847.8,-21248.1,8527.099999999999,31.07,318186.5,323213.1,-44552.399999999994,19390.5,70.64,686977.4,698378.1,-90577.29999999999,49950.8,181.98,130.48551171393342,4240.0,4247.5,4204.9,4233.4
2017-04-25,4146.05,4259.9,4110.05,4234.8,4213.085108308695,33146,3560,139646919.0,8386.0,25.3,149.85,88.75,1493058600.0,0.0,0.043704744917860694,12982.49,0.998510985565737,0.5266732363239477,0.82,-78.76995371682251,49.21059057237864,-105.07598266120428,259.85,4234.8,3974.9500000000003,75202.8,76854.5,-9261.4,8906.2,32.44,2017,141611.7,144847.8,-21248.1,8527.099999999999,31.07,318186.5,323213.1,-44552.399999999994,19390.5,70.64,686977.4,698378.1,-90577.29999999999,49950.8,181.98,130.54254007398276,4242.0,4272.0,4195.0,4232.95
2017-04-24,3978.3,4206.8,3978.3,4144.35,4136.156044804945,54369,6423,224878668.0,11761.0,21.63,228.5,166.05,1492972200.0,0.0,-2.135874185321618,12854.14,0.9820781153150326,0.5265774944259637,0.81,-78.30661020425399,50.70047471087136,-105.38781137322653,259.85,4144.35,3884.5000000000005,75202.8,76854.5,-9261.4,8906.2,32.44,2017,141611.7,144847.8,-21248.1,8527.099999999999,31.07,318186.5,323213.1,-44552.399999999994,19390.5,70.64,686977.4,698378.1,-90577.29999999999,49950.8,181.98,127.75431565967943,4146.05,4259.9,4110.05,4234.8
2017-04-21,4029.7,4030.0,3960.35,3968.75,3987.444048734769,5335,847,21273014.0,1555.0,29.15,69.65,-60.95,1492713000.0,0.0,-4.237093874793407,12729.13,-0.0966138835171048,0.5267274495648194,0.79,-77.34677165354331,52.18047109268269,-105.20554342412665,259.85,4111.6,3851.7500000000005,75202.8,76854.5,-9261.4,8906.2,32.44,2017,141611.7,144847.8,-21248.1,8527.099999999999,31.07,318186.5,323213.1,-44552.399999999994,19390.5,70.64,686977.4,698378.1,-90577.29999999999,49950.8,181.98,122.34124537607893,3978.3,4206.8,3978.3,4144.35
2017-04-20,3959.75,4022.9,3946.0,4009.15,3985.7481534858575,5551,954,22124888.0,1537.0,27.69,76.9,49.4,1492626600.0,0.0,1.0179527559055046,12741.44,0.5187887355944554,0.5277044052059308,0.79,-77.57504707980495,52.03344362960544,-105.40643802106953,259.85,4111.6,3851.7500000000005,75202.8,76854.5,-9261.4,8906.2,32.44,2017,141611.7,144847.8,-21248.1,8527.099999999999,31.07,318186.5,323213.1,-44552.399999999994,19390.5,70.64,686977.4,698378.1,-90577.29999999999,49950.8,181.98,123.58662145499385,4029.7,4030.0,3960.35,3968.75
2017-04-19,3971.0,4002.5,3930.05,3946.7,3958.711986548162,4163,698,16480118.0,858.0,20.61,72.45,-24.3,1492540200.0,0.0,-1.5576867914645298,12675.68,0.2522979678545534,0.5277431279370848,0.81,-77.2202092887729,52.8221760094922,-105.47927774683652,259.85,4111.6,3851.7500000000005,75202.8,76854.5,-9261.4,8906.2,32.44,2017,141611.7,144847.8,-21248.1,8527.099999999999,31.07,318186.5,323213.1,-44552.399999999994,19390.5,70.64,686977.4,698378.1,-90577.29999999999,49950.8,181.98,121.66152897657214,3959.75,4022.9,3946.0,4009.15
2017-04-18,3999.65,4060.0,3955.2,3970.65,4006.0561939241297,6353,1083,25450475.0,1121.0,17.65,104.8,-29.0,1492453800.0,0.0,0.6068360909114112,12643.78,-0.4898465451809386,0.5278666012607793,0.82,-77.35761147419188,53.20774325399525,-105.83135145340067,259.85,4111.6,3851.7500000000005,75202.8,76854.5,-9261.4,8906.2,32.44,2017,141611.7,144847.8,-21248.1,8527.099999999999,31.07,318186.5,323213.1,-44552.399999999994,19390.5,70.64,686977.4,698378.1,-90577.29999999999,49950.8,181.98,122.39981504315661,3971.0,4002.5,3930.05,3946.7
2017-04-17,3965.0,4035.0,3965.0,3996.55,4012.2235781717695,4343,619,17425087.0,1824.0,42.0,70.0,31.55,1492367400.0,0.0,0.6522861496228494,12706.02,-0.0372125956375479,0.5278601173889331,0.83,-77.5043474997185,52.457260416715854,-105.58631924375516,259.85,4111.6,3851.7500000000005,75202.8,76854.5,-9261.4,8906.2,32.44,2017,141611.7,144847.8,-21248.1,8527.099999999999,31.07,318186.5,323213.1,-44552.399999999994,19390.5,70.64,686977.4,698378.1,-90577.29999999999,49950.8,181.98,123.19821208384711,3999.65,4060.0,3955.2,3970.65
2017-04-13,4035.95,4036.0,4010.0,4018.15,4021.126395390709,2777,412,11166668.0,858.0,30.9,26.0,-17.8,1492021800.0,0.0,0.5404661520561405,12710.75,-0.4340381132619364,0.5278863544554064,0.81,-77.62527531326606,52.4005271128769,-105.66921059531545,259.85,4111.6,3851.7500000000005,75202.8,76854.5,-9261.4,8906.2,32.44,2017,141611.7,144847.8,-21248.1,8527.099999999999,31.07,318186.5,323213.1,-44552.399999999994,19390.5,70.64,686977.4,698378.1,-90577.29999999999,49950.8,181.98,123.86405672009866,3965.0,4035.0,3965.0,3996.55
2017-04-12,4060.0,4060.0,4019.1,4033.75,4037.153346080306,2615,372,10557156.0,364.0,13.92,40.9,-26.25,1491935400.0,0.0,0.3882383684033597,12766.16,-0.3353082298457988,0.5278812753725554,0.81,-77.71180663154634,51.73905074039493,-105.4062988898996,259.85,4111.6,3851.7500000000005,75202.8,76854.5,-9261.4,8906.2,32.44,2017,141611.7,144847.8,-21248.1,8527.099999999999,31.07,318186.5,323213.1,-44552.399999999994,19390.5,70.64,686977.4,698378.1,-90577.29999999999,49950.8,181.98,124.34494451294698,4035.95,4036.0,4010.0,4018.15
2017-04-11,4056.7,4080.45,4023.5,4034.15,4046.6961620469087,7504,1244,30366408.0,1954.0,26.04,56.95,-22.55,1491849000.0,0.0,0.009916330957548958,12809.11,0.6612196335237019,0.5278765053895891,0.82,-77.71401658341907,51.23025721537249,-105.14440699806022,259.85,4111.6,3851.7500000000005,75202.8,76854.5,-9261.4,8906.2,32.44,2017,141611.7,144847.8,-21248.1,8527.099999999999,31.07,318186.5,323213.1,-44552.399999999994,19390.5,70.64,686977.4,698378.1,-90577.29999999999,49950.8,181.98,124.35727496917387,4060.0,4060.0,4019.1,4033.75
2017-04-10,4079.0,4098.05,4025.45,4058.1,4063.450584007187,4452,795,18090482.0,814.0,18.28,72.6,-20.9,1491762600.0,0.0,0.5936814446661609,12724.97,0.0989585750594601,0.5278362578094089,0.82,-77.84554348093936,52.23022136790894,-105.80172234092973,259.85,4111.6,3851.7500000000005,75202.8,76854.5,-9261.4,8906.2,32.44,2017,141611.7,144847.8,-21248.1,8527.099999999999,31.07,318186.5,323213.1,-44552.399999999994,19390.5,70.64,686977.4,698378.1,-90577.29999999999,49950.8,181.98,125.09556103575832,4056.7,4080.45,4023.5,4034.15
2017-04-07,4108.0,4146.9,4071.55,4084.55,4110.207954545455,6160,873,25318881.0,1098.0,17.82,75.35,-23.45,1491503400.0,0.0,0.6517828540450132,12712.39,-0.5679311693390754,0.5278585400887597,0.82,-77.98900735699159,52.38086622578446,-106.02585092864601,259.85,4111.6,3851.7500000000005,75202.8,76854.5,-9261.4,8906.2,32.44,2017,141611.7,144847.8,-21248.1,8527.099999999999,31.07,318186.5,323213.1,-44552.399999999994,19390.5,70.64,686977.4,698378.1,-90577.29999999999,49950.8,181.98,125.9109124537608,4079.0,4098.05,4025.45,4058.1
2017-04-06,4070.0,4140.2,4038.15,4108.85,4090.353136018805,9359,1079,38281615.0,2742.0,29.3,102.05,38.85,1491417000.0,0.0,0.5949247775152822,12785.0,-0.0337781836719952,0.5278460403581529,0.79,-78.11918176618762,51.51544779037936,-105.68440852773358,259.85,4111.6,3851.7500000000005,75202.8,76854.5,-9261.4,8906.2,32.44,2017,141611.7,144847.8,-21248.1,8527.099999999999,31.07,318186.5,323213.1,-44552.399999999994,19390.5,70.64,686977.4,698378.1,-90577.29999999999,49950.8,181.98,126.6599876695438,4108.0,4146.9,4071.55,4084.55
2017-04-05,4025.0,4078.3,4025.0,4070.55,4058.288612565445,7640,993,31005325.0,2484.0,32.51,53.3,45.55,1491330600.0,0.0,-0.9321342954841438,12789.32,0.5021445264674851,0.527868160843303,0.8,-77.9133040989547,51.46426862413327,-105.45735839804699,259.85,4111.6,3851.7500000000005,75202.8,76854.5,-9261.4,8906.2,32.44,2017,141611.7,144847.8,-21248.1,8527.099999999999,31.07,318186.5,323213.1,-44552.399999999994,19390.5,70.64,686977.4,698378.1,-90577.29999999999,49950.8,181.98,125.47934648581999,4070.0,4140.2,4038.15,4108.85
2017-04-03,4025.0,4055.0,4008.3,4024.8,4032.291948713865,12557,1512,50633490.0,4458.0,35.5,46.7,-0.2,1491157800.0,0.0,-1.1239267420864452,12725.42,0.7403478494921512,0.5278899541878789,0.79,-77.6622440866627,52.22483815858337,-105.60417844585824,259.85,4111.6,3851.7500000000005,75202.8,76854.5,-9261.4,8906.2,32.44,2017,141611.7,144847.8,-21248.1,8527.099999999999,31.07,318186.5,323213.1,-44552.399999999994,19390.5,70.64,686977.4,698378.1,-90577.29999999999,49950.8,181.98,124.06905055487054,4025.0,4078.3,4025.0,4070.55
2017-03-31,3999.0,4017.9,3970.5,3989.95,3993.0729216971367,14495,1093,57879592.0,6035.0,41.64,47.4,-9.05,1490898600.0,0.0,-0.8658815344861903,12631.9,0.2110223477426176,0.5279037193410735,0.76,-77.46713617965138,53.35183147428337,-105.9905596218845,259.85,4111.6,3851.7500000000005,74994.0,77395.0,-3356.8,6883.3,25.08,2017,140915.90000000002,144248.0,-18968.1,13218.6,48.15,306839.30000000005,312786.3,-42798.0,22312.8,81.28999999999999,664231.9,675748.1000000001,-88293.0,46870.0,170.73999999999998,159.0889154704944,4025.0,4055.0,4008.3,4024.8
2017-03-30,4000.0,4005.0,3970.0,3978.9,3987.393569844789,5412,761,21579774.0,1633.0,30.17,35.0,-21.1,1490812200.0,0.0,-0.27694582638879695,12605.3,0.4584878428597116,0.5279385568491333,0.78,-77.40455904898339,53.6754381093667,-106.1101003083451,259.85,4111.6,3851.7500000000005,74994.0,77395.0,-3356.8,6883.3,25.08,2017,140915.90000000002,144248.0,-18968.1,13218.6,48.15,306839.30000000005,312786.3,-42798.0,22312.8,81.28999999999999,664231.9,675748.1000000001,-88293.0,46870.0,170.73999999999998,158.64832535885168,3999.0,4017.9,3970.5,3989.95
2017-03-29,4010.0,4037.6,3970.05,3990.4,4005.3564524555904,7656,991,30665009.0,2167.0,28.3,67.55,-19.6,1490725800.0,0.0,0.2890246047902778,12547.77,0.3644958487306171,0.5279233266109206,0.78,-77.46967722534082,54.38002131055957,-106.54637878202766,259.85,4111.6,3851.7500000000005,74994.0,77395.0,-3356.8,6883.3,25.08,2017,140915.90000000002,144248.0,-18968.1,13218.6,48.15,306839.30000000005,312786.3,-42798.0,22312.8,81.28999999999999,664231.9,675748.1000000001,-88293.0,46870.0,170.73999999999998,159.10685805422648,4000.0,4005.0,3970.0,3978.9
2017-03-28,3953.7,3995.0,3953.7,3986.4,3981.9556662833775,7827,792,31166767.0,3555.0,45.42,41.3,32.7,1490639400.0,0.0,-0.100240577385724,12502.2,0.589107070733097,0.5279184843109163,0.78,-77.44707003812964,54.942730079506006,-106.82057640784373,259.85,4111.6,3851.7500000000005,74994.0,77395.0,-3356.8,6883.3,25.08,2017,140915.90000000002,144248.0,-18968.1,13218.6,48.15,306839.30000000005,312786.3,-42798.0,22312.8,81.28999999999999,664231.9,675748.1000000001,-88293.0,46870.0,170.73999999999998,158.94736842105266,4010.0,4037.6,3970.05,3990.4
2017-03-27,3955.05,3981.95,3935.0,3953.7,3954.88194710617,5218,639,20636574.0,1582.0,30.32,46.95,-1.35,1490553000.0,0.0,-0.8202889825406401,12428.98,-0.4521269992303067,0.5278870326828853,0.78,-77.26054075928876,55.85550865799125,-107.11418759825632,259.85,4111.6,3851.7500000000005,74994.0,77395.0,-3356.8,6883.3,25.08,2017,140915.90000000002,144248.0,-18968.1,13218.6,48.15,306839.30000000005,312786.3,-42798.0,22312.8,81.28999999999999,664231.9,675748.1000000001,-88293.0,46870.0,170.73999999999998,157.64354066985646,3953.7,3995.0,3953.7,3986.4
2017-03-24,3975.2,4009.8,3951.0,3971.9,3982.952622673434,3546,503,14123550.0,874.0,24.65,58.8,-3.3,1490293800.0,0.0,0.4603283000733649,12485.43,0.2448024639219337,0.5278949857920531,0.78,-77.3647372793877,55.15084382356075,-106.84683310712823,259.85,4111.6,3851.7500000000005,74994.0,77395.0,-3356.8,6883.3,25.08,2017,140915.90000000002,144248.0,-18968.1,13218.6,48.15,306839.30000000005,312786.3,-42798.0,22312.8,81.28999999999999,664231.9,675748.1000000001,-88293.0,46870.0,170.73999999999998,158.36921850079747,3955.05,3981.95,3935.0,3953.7
2017-03-23,3973.25,4002.0,3958.5,3975.2,3979.576144134666,7604,1018,30260697.0,2199.0,28.92,43.5,1.95,1490207400.0,0.0,0.08308366273066525,12454.94,0.713610513403351,0.5279047475903414,0.76,-77.38352787281143,55.53065691203651,-107.05721768531726,259.85,4111.6,3851.7500000000005,74994.0,77395.0,-3356.8,6883.3,25.08,2017,140915.90000000002,144248.0,-18968.1,13218.6,48.15,306839.30000000005,312786.3,-42798.0,22312.8,81.28999999999999,664231.9,675748.1000000001,-88293.0,46870.0,170.73999999999998,158.50079744816588,3975.2,4009.8,3951.0,3971.9
2017-03-22,3960.0,3994.45,3913.9,3969.25,3951.31598404514,10279,1713,40615577.0,3215.0,31.28,80.55,9.25,1490121000.0,0.0,-0.14967800362245542,12366.69,-0.9764081408448976,0.5278579226232631,0.77,-77.34962524406374,56.64054003132608,-107.61133244083939,259.85,4111.6,3851.7500000000005,74994.0,77395.0,-3356.8,6883.3,25.08,2017,140915.90000000002,144248.0,-18968.1,13218.6,48.15,306839.30000000005,312786.3,-42798.0,22312.8,81.28999999999999,664231.9,675748.1000000001,-88293.0,46870.0,170.73999999999998,158.2635566188198,3973.25,4002.0,3958.5,3975.2
2017-03-21,4006.2,4030.0,3970.0,4005.4,4008.3323559848222,5798,1178,23240311.0,2152.0,37.12,60.0,-0.8,1490034600.0,0.0,0.9107514013982465,12488.63,-0.1522265937620726,0.5277488488881986,0.77,-77.55405202975982,55.11108904659678,-107.00249922143236,259.85,4111.6,3851.7500000000005,74994.0,77395.0,-3356.8,6883.3,25.08,2017,140915.90000000002,144248.0,-18968.1,13218.6,48.15,306839.30000000005,312786.3,-42798.0,22312.8,81.28999999999999,664231.9,675748.1000000001,-88293.0,46870.0,170.73999999999998,159.7049441786284,3960.0,3994.45,3913.9,3969.25
2017-03-20,4035.2,4037.55,3989.55,4004.85,4012.159767248545,6015,1038,24133141.0,1816.0,30.19,48.0,-30.35,1489948200.0,0.0,-0.01373146252559021,12507.67,-0.1368483833287692,0.527795577799102,0.76,-77.55096944954244,54.87496871919391,-106.87261063226973,259.85,4111.6,3851.7500000000005,74994.0,77395.0,-3356.8,6883.3,25.08,2017,140915.90000000002,144248.0,-18968.1,13218.6,48.15,306839.30000000005,312786.3,-42798.0,22312.8,81.28999999999999,664231.9,675748.1000000001,-88293.0,46870.0,170.73999999999998,159.68301435406698,4006.2,4030.0,3970.0,4005.4
2017-03-17,4055.5,4070.0,4022.35,4035.2,4040.2291169451055,55727,818,225149848.0,51907.0,93.15,47.65,-20.3,1489689000.0,0.0,0.7578311297551599,12524.81,0.0646335461686353,0.5277922252889461,0.73,-77.71981562252182,54.66302482832075,-106.91524681322521,259.85,4111.6,3851.7500000000005,74994.0,77395.0,-3356.8,6883.3,25.08,2017,140915.90000000002,144248.0,-18968.1,13218.6,48.15,306839.30000000005,312786.3,-42798.0,22312.8,81.28999999999999,664231.9,675748.1000000001,-88293.0,46870.0,170.73999999999998,160.89314194577352,4035.2,4037.55,3989.55,4004.85
2017-03-16,4025.0,4088.0,4025.0,4055.55,4050.56934733484,37615,1809,152362166.0,29464.0,78.33,63.0,30.55,1489602600.0,0.0,0.5043120539254708,12516.72,0.9035328715706336,0.527827975441306,0.73,-77.83161346796365,54.762989025878994,-107.08173667253567,259.85,4111.6,3851.7500000000005,74994.0,77395.0,-3356.8,6883.3,25.08,2017,140915.90000000002,144248.0,-18968.1,13218.6,48.15,306839.30000000005,312786.3,-42798.0,22312.8,81.28999999999999,664231.9,675748.1000000001,-88293.0,46870.0,170.73999999999998,161.70454545454547,4055.5,4070.0,4022.35,4035.2
2017-03-15,4000.0,4033.15,3965.95,4015.3,4000.9478541762815,8668,1279,34680216.0,2077.0,23.96,67.2,15.3,1489516200.0,0.0,-0.9924671129686424,12404.64,0.2596886161336575,0.5277662464545473,0.73,-77.60939406769108,56.16132350475307,-107.59417560980233,259.85,4111.6,3851.7500000000005,74994.0,77395.0,-3356.8,6883.3,25.08,2017,140915.90000000002,144248.0,-18968.1,13218.6,48.15,306839.30000000005,312786.3,-42798.0,22312.8,81.28999999999999,664231.9,675748.1000000001,-88293.0,46870.0,170.73999999999998,160.09968102073367,4025.0,4088.0,4025.0,4055.55
2017-03-14,3881.0,4009.05,3881.0,3998.5,3977.401054909386,73940,3597,294089034.0,59028.0,79.83,128.05,117.5,1489429800.0,0.0,-0.4183996214479624,12372.51,1.6116593997997697,0.5278115549829517,0.78,-77.51531824434164,56.566856684698585,-107.74026581870348,259.85,4111.6,3851.7500000000005,74994.0,77395.0,-3356.8,6883.3,25.08,2017,140915.90000000002,144248.0,-18968.1,13218.6,48.15,306839.30000000005,312786.3,-42798.0,22312.8,81.28999999999999,664231.9,675748.1000000001,-88293.0,46870.0,170.73999999999998,159.4298245614035,4000.0,4033.15,3965.95,4015.3
2017-03-10,3828.2,3888.0,3828.2,3848.65,3857.929424135585,16167,2357,62371145.0,5859.0,36.24,59.8,20.45,1489084200.0,0.0,-3.747655370764036,12176.27,-0.0166689932092234,0.5275586507926655,0.75,-76.63986073038598,59.09018114742857,-108.1677279835231,259.85,4111.6,3851.7500000000005,74994.0,77395.0,-3356.8,6883.3,25.08,2017,140915.90000000002,144248.0,-18968.1,13218.6,48.15,306839.30000000005,312786.3,-42798.0,22312.8,81.28999999999999,664231.9,675748.1000000001,-88293.0,46870.0,170.73999999999998,153.4549441786284,3881.0,4009.05,3881.0,3998.5
2017-03-09,3798.2,3828.05,3789.05,3821.8,3816.154499326912,9657,1388,36852604.0,3019.0,31.26,39.0,23.6,1488997800.0,0.0,-0.6976472269497047,12178.3,-0.0078822522879162,0.5283258494035203,0.73,-76.47574441362708,59.06366241593655,-108.02492615834497,259.85,4111.6,3851.7500000000005,74994.0,77395.0,-3356.8,6883.3,25.08,2017,140915.90000000002,144248.0,-18968.1,13218.6,48.15,306839.30000000005,312786.3,-42798.0,22312.8,81.28999999999999,664231.9,675748.1000000001,-88293.0,46870.0,170.73999999999998,152.38437001594897,3828.2,3888.0,3828.2,3848.65
2017-03-08,3800.0,3814.65,3778.55,3798.2,3796.151509504287,5366,900,20370149.0,1691.0,31.51,36.1,-1.8,1488911400.0,0.0,-0.6175100737872308,12179.26,-0.3300438067071032,0.5283497230535634,0.73,-76.32957716813226,59.051124616766536,-107.87352720757322,259.85,4111.6,3851.7500000000005,74994.0,77395.0,-3356.8,6883.3,25.08,2017,140915.90000000002,144248.0,-18968.1,13218.6,48.15,306839.30000000005,312786.3,-42798.0,22312.8,81.28999999999999,664231.9,675748.1000000001,-88293.0,46870.0,170.73999999999998,151.4433811802233,3798.2,3828.05,3789.05,3821.8
2017-03-07,3825.0,3825.0,3774.0,3787.55,3801.935453695042,4276,878,16257076.0,1886.0,44.11,51.0,-37.45,1488825000.0,0.0,-0.28039597704174746,12219.59,-0.1057018504772577,0.528353716189753,0.76,-76.26301963010388,58.5261862304709,-107.54399879508253,259.85,4111.6,3851.7500000000005,74994.0,77395.0,-3356.8,6883.3,25.08,2017,140915.90000000002,144248.0,-18968.1,13218.6,48.15,306839.30000000005,312786.3,-42798.0,22312.8,81.28999999999999,664231.9,675748.1000000001,-88293.0,46870.0,170.73999999999998,151.01874003189795,3800.0,3814.65,3778.55,3798.2
2017-03-06,3820.0,3830.0,3792.0,3819.75,3813.3248126338326,7472,1131,28493163.0,2586.0,34.61,38.0,-0.25,1488738600.0,0.0,0.8501537933492509,12232.52,0.6243511765605891,0.5283546353766863,0.74,-76.46311931409124,58.35862111813428,-107.64618486587051,259.85,4111.6,3851.7500000000005,74994.0,77395.0,-3356.8,6883.3,25.08,2017,140915.90000000002,144248.0,-18968.1,13218.6,48.15,306839.30000000005,312786.3,-42798.0,22312.8,81.28999999999999,664231.9,675748.1000000001,-88293.0,46870.0,170.73999999999998,152.30263157894737,3825.0,3825.0,3774.0,3787.55
2017-03-03,3828.0,3860.0,3782.8,3801.6,3815.9890818205736,15204,1889,58018298.0,3075.0,20.22,77.2,-26.4,1488479400.0,0.0,-0.4751619870410395,12156.62,0.1101847612334117,0.5283630784358269,0.71,-76.35074705387206,59.34733503227048,-108.04254990279544,259.85,4111.6,3851.7500000000005,74994.0,77395.0,-3356.8,6883.3,25.08,2017,140915.90000000002,144248.0,-18968.1,13218.6,48.15,306839.30000000005,312786.3,-42798.0,22312.8,81.28999999999999,664231.9,675748.1000000001,-88293.0,46870.0,170.73999999999998,151.57894736842107,3820.0,3830.0,3792.0,3819.75
2017-03-02,3750.0,3841.85,3750.0,3804.25,3817.691235525337,47065,5433,179679638.0,18470.0,39.24,91.85,54.25,1488393000.0,0.0,0.06970749158250467,12143.24,-0.85516142253661,0.5283731355351603,0.67,-76.36722087139384,59.522911512907605,-108.13351826284216,259.85,4111.6,3851.7500000000005,74994.0,77395.0,-3356.8,6883.3,25.08,2017,140915.90000000002,144248.0,-18968.1,13218.6,48.15,306839.30000000005,312786.3,-42798.0,22312.8,81.28999999999999,664231.9,675748.1000000001,-88293.0,46870.0,170.73999999999998,151.68460925039872,3828.0,3860.0,3782.8,3801.6
2017-03-01,3767.05,3772.0,3720.5,3734.8,3735.603434914496,677455,1506,2530703225.0,671078.0,99.06,51.5,-32.25,1488306600.0,0.0,-1.8255898008805893,12247.98,0.5833151979764972,0.5282886133964333,0.63,-75.92776052265182,58.158733113541984,-106.94953516965839,259.85,4111.6,3851.7500000000005,74994.0,77395.0,-3356.8,6883.3,25.08,2017,140915.90000000002,144248.0,-18968.1,13218.6,48.15,306839.30000000005,312786.3,-42798.0,22312.8,81.28999999999999,664231.9,675748.1000000001,-88293.0,46870.0,170.73999999999998,148.9154704944179,3750.0,3841.85,3750.0,3804.25
2017-02-28,3789.0,3789.0,3727.75,3772.45,3754.900058154025,12037,1741,45197732.0,4967.0,41.26,61.25,-16.55,1488220200.0,0.0,1.008086109028583,12176.95,0.0005748598984389,0.5284359654668269,0.53,-76.16800752826413,59.08129704072036,-107.63861870931215,259.85,4111.6,3851.7500000000005,74994.0,77395.0,-3356.8,6883.3,25.08,2017,140915.90000000002,144248.0,-18968.1,13218.6,48.15,306839.30000000005,312786.3,-42798.0,22312.8,81.28999999999999,664231.9,675748.1000000001,-88293.0,46870.0,170.73999999999998,150.41666666666666,3767.05,3772.0,3720.5,3734.8
2017-02-27,3798.8,3798.8,3725.0,3747.35,3748.379360333424,11037,1931,41370863.0,4577.0,41.47,73.8,-51.45,1488133800.0,0.0,-0.6653501040437937,12176.88,-0.2941176470588225,0.5284973688437522,0.5,-76.0083792546733,59.082211535302974,-107.46892391212903,259.85,4111.6,3851.7500000000005,74994.0,77395.0,-3356.8,6883.3,25.08,2017,140915.90000000002,144248.0,-18968.1,13218.6,48.15,306839.30000000005,312786.3,-42798.0,22312.8,81.28999999999999,664231.9,675748.1000000001,-88293.0,46870.0,170.73999999999998,149.4158692185008,3789.0,3789.0,3727.75,3772.45
2017-02-23,3770.0,3799.0,3760.65,3789.55,3781.929579207921,8080,1094,30557991.0,3063.0,37.91,38.35,19.55,1487788200.0,0.0,1.1261291312527621,12212.8,0.0953187276302225,0.5285073054289091,0.51,-76.27554722856276,58.61432267784621,-107.49410624080312,259.85,4111.6,3851.7500000000005,74994.0,77395.0,-3356.8,6883.3,25.08,2017,140915.90000000002,144248.0,-18968.1,13218.6,48.15,306839.30000000005,312786.3,-42798.0,22312.8,81.28999999999999,664231.9,675748.1000000001,-88293.0,46870.0,170.73999999999998,151.09848484848487,3798.8,3798.8,3725.0,3747.35
2017-02-22,3783.1,3804.0,3758.6,3774.6,3782.197066387274,10499,1246,39709287.0,4775.0,45.48,45.4,-8.5,1487701800.0,0.0,-0.3945059439775189,12201.17,-0.0460399498967478,0.5285832794413521,0.52,-76.18158215440047,58.765511832062,-107.48918581133188,259.85,4111.6,3851.7500000000005,74994.0,77395.0,-3356.8,6883.3,25.08,2017,140915.90000000002,144248.0,-18968.1,13218.6,48.15,306839.30000000005,312786.3,-42798.0,22312.8,81.28999999999999,664231.9,675748.1000000001,-88293.0,46870.0,170.73999999999998,150.50239234449762,3770.0,3799.0,3760.65,3789.55
2017-02-21,3755.0,3780.0,3730.55,3769.25,3760.737136947341,11603,1041,43635833.0,4337.0,37.38,49.45,14.25,1487615400.0,0.0,-0.14173687278121738,12206.79,0.4464087343057477,0.5285894809573297,0.53,-76.14777475625124,58.69241626996122,-107.4218161836142,259.85,4111.6,3851.7500000000005,74994.0,77395.0,-3356.8,6883.3,25.08,2017,140915.90000000002,144248.0,-18968.1,13218.6,48.15,306839.30000000005,312786.3,-42798.0,22312.8,81.28999999999999,664231.9,675748.1000000001,-88293.0,46870.0,170.73999999999998,150.2890749601276,3783.1,3804.0,3758.6,3774.6
2017-02-20,3718.0,3762.0,3694.95,3754.05,3736.111367623973,10829,1175,40458350.0,4195.0,38.74,67.05,36.05,1487529000.0,0.0,-0.4032632486568932,12152.54,0.7005303281405473,0.5285726743845268,,-76.05119803945072,59.400833076871166,,259.85,4111.6,3851.7500000000005,74994.0,77395.0,-3356.8,6883.3,25.08,2017,140915.90000000002,144248.0,-18968.1,13218.6,48.15,306839.30000000005,312786.3,-42798.0,22312.8,81.28999999999999,664231.9,675748.1000000001,-88293.0,46870.0,170.73999999999998,149.683014354067,3755.0,3780.0,3730.55,3769.25
2017-02-17,3673.0,3745.45,3673.0,3719.55,3718.1111733408006,7142,1312,26554750.0,1897.0,26.56,72.45,46.55,1487269800.0,0.0,-0.919007471930311,12068.0,0.5129759853278459,0.5285339715567499,0.53,-75.82906534392602,60.517484255883325,-108.06448864138603,259.85,4111.6,3851.7500000000005,74994.0,77395.0,-3356.8,6883.3,25.08,2017,140915.90000000002,144248.0,-18968.1,13218.6,48.15,306839.30000000005,312786.3,-42798.0,22312.8,81.28999999999999,664231.9,675748.1000000001,-88293.0,46870.0,170.73999999999998,148.3074162679426,3718.0,3762.0,3694.95,3754.05
2017-02-16,3677.0,3740.0,3634.6,3718.3,3709.420544685352,7564,1258,28058057.0,2054.0,27.15,105.4,41.3,1487183400.0,0.0,-0.03360621580567047,12006.41,0.9111615397545902,0.5285536429910469,0.53,-75.820939676734,61.34090040236841,-108.49276261797155,259.85,4111.6,3851.7500000000005,74994.0,77395.0,-3356.8,6883.3,25.08,2017,140915.90000000002,144248.0,-18968.1,13218.6,48.15,306839.30000000005,312786.3,-42798.0,22312.8,81.28999999999999,664231.9,675748.1000000001,-88293.0,46870.0,170.73999999999998,148.25757575757578,3673.0,3745.45,3673.0,3719.55
2017-02-15,3715.0,3757.8,3663.6,3676.75,3718.706343084317,16853,3400,62671358.0,7579.0,44.97,94.2,-38.25,1487097000.0,0.0,-1.1174461447435724,11898.0,-0.9980903565083964,0.5284733111553691,0.54,-75.54769837492351,62.81097663472852,-108.99624758595712,259.85,4111.6,3851.7500000000005,74994.0,77395.0,-3356.8,6883.3,25.08,2017,140915.90000000002,144248.0,-18968.1,13218.6,48.15,306839.30000000005,312786.3,-42798.0,22312.8,81.28999999999999,664231.9,675748.1000000001,-88293.0,46870.0,170.73999999999998,146.60087719298247,3677.0,3740.0,3634.6,3718.3
2017-02-14,3765.55,3765.55,3683.85,3714.55,3712.4762650791167,12766,1600,47393472.0,3990.0,31.25,81.7,-51.0,1487010600.0,0.0,1.0280818657782076,12017.95,-0.2543864017396147,0.528423914678033,0.54,-75.79652986229826,61.18597597760016,-108.38331389785168,259.85,4111.6,3851.7500000000005,74994.0,77395.0,-3356.8,6883.3,25.08,2017,140915.90000000002,144248.0,-18968.1,13218.6,48.15,306839.30000000005,312786.3,-42798.0,22312.8,81.28999999999999,664231.9,675748.1000000001,-88293.0,46870.0,170.73999999999998,148.1080542264753,3715.0,3757.8,3663.6,3676.75
2017-02-13,3774.85,3799.0,3757.9,3773.8,3783.634970071536,20549,2030,77749915.0,6713.0,32.67,41.1,-1.05,1486924200.0,0.0,1.5950788116999348,12048.6,-0.0440520959589019,0.5284785764656291,0.52,-76.17653293762255,60.77594077320185,-108.54050674104153,259.85,4111.6,3851.7500000000005,74994.0,77395.0,-3356.8,6883.3,25.08,2017,140915.90000000002,144248.0,-18968.1,13218.6,48.15,306839.30000000005,312786.3,-42798.0,22312.8,81.28999999999999,664231.9,675748.1000000001,-88293.0,46870.0,170.73999999999998,150.47049441786285,3765.55,3765.55,3683.85,3714.55
2017-02-10,3763.1,3779.65,3750.0,3762.4,3764.498402768535,15026,1771,56565353.0,6218.0,41.38,29.65,-0.7,1486665000.0,0.0,-0.30208278128146526,12053.91,0.0388406562079168,0.5286277967737406,0.55,-76.10434828832659,60.70511560149363,-108.45401451341384,259.85,4111.6,3851.7500000000005,74994.0,77395.0,-3356.8,6883.3,25.08,2017,140915.90000000002,144248.0,-18968.1,13218.6,48.15,306839.30000000005,312786.3,-42798.0,22312.8,81.28999999999999,664231.9,675748.1000000001,-88293.0,46870.0,170.73999999999998,150.01594896331738,3774.85,3799.0,3757.9,3773.8
2017-02-09,3725.0,3762.9,3717.0,3755.1,3746.050419633774,15728,1652,58917881.0,5002.0,31.8,45.9,30.1,1486578600.0,0.0,-0.1940250903678553,12049.23,0.1429517712306038,0.528631628717541,0.54,-76.05789459668185,60.767534522952914,-108.43607426519237,259.85,4111.6,3851.7500000000005,74994.0,77395.0,-3356.8,6883.3,25.08,2017,140915.90000000002,144248.0,-18968.1,13218.6,48.15,306839.30000000005,312786.3,-42798.0,22312.8,81.28999999999999,664231.9,675748.1000000001,-88293.0,46870.0,170.73999999999998,149.72488038277513,3763.1,3779.65,3750.0,3762.4
2017-02-08,3703.4,3746.0,3686.0,3716.55,3711.929551655333,24557,3756,91153854.0,7870.0,32.05,60.0,13.15,1486492200.0,0.0,-1.0266038188064153,12032.03,0.1458236748731467,0.5286318508158536,0.54,-75.80955456000862,60.99735456111728,-108.30923779708235,259.85,4111.6,3851.7500000000005,74994.0,77395.0,-3356.8,6883.3,25.08,2017,140915.90000000002,144248.0,-18968.1,13218.6,48.15,306839.30000000005,312786.3,-42798.0,22312.8,81.28999999999999,664231.9,675748.1000000001,-88293.0,46870.0,170.73999999999998,148.18779904306223,3725.0,3762.9,3717.0,3755.1
2017-02-07,3750.0,3779.9,3680.0,3703.4,3702.531609878724,29437,3563,108991423.0,10315.0,35.04,99.9,-46.6,1486405800.0,0.0,-0.3538227657370441,12014.51,-0.3049473664994417,0.5286852543802322,0.53,-75.72365934006588,61.23212681998682,-108.34597869931173,259.85,4111.6,3851.7500000000005,74994.0,77395.0,-3356.8,6883.3,25.08,2017,140915.90000000002,144248.0,-18968.1,13218.6,48.15,306839.30000000005,312786.3,-42798.0,22312.8,81.28999999999999,664231.9,675748.1000000001,-88293.0,46870.0,170.73999999999998,147.6634768740032,3703.4,3746.0,3686.0,3716.55
2017-02-06,3759.75,3803.0,3740.0,3748.15,3773.8509374419896,10774,1440,40659470.0,3131.0,29.06,63.0,-11.6,1486319400.0,0.0,1.208349084624949,12051.26,0.7680987340502154,0.5286780597814374,0.53,-76.01349999333004,60.74045369529826,-108.37544583152041,259.85,4111.6,3851.7500000000005,74994.0,77395.0,-3356.8,6883.3,25.08,2017,140915.90000000002,144248.0,-18968.1,13218.6,48.15,306839.30000000005,312786.3,-42798.0,22312.8,81.28999999999999,664231.9,675748.1000000001,-88293.0,46870.0,170.73999999999998,149.44776714513557,3750.0,3779.9,3680.0,3703.4
2017-02-03,3745.7,3772.35,3720.0,3737.5,3740.445390070922,7755,1334,29007154.0,1866.0,24.06,52.35,-8.2,1486060200.0,0.0,-0.284140175820069,11959.4,0.293011171994384,0.5287094546793892,0.51,-75.94515050167225,61.9750990852384,-108.95232952084326,259.85,4111.6,3851.7500000000005,74994.0,77395.0,-3356.8,6883.3,25.08,2017,140915.90000000002,144248.0,-18968.1,13218.6,48.15,306839.30000000005,312786.3,-42798.0,22312.8,81.28999999999999,664231.9,675748.1000000001,-88293.0,46870.0,170.73999999999998,149.02312599681022,3759.75,3803.0,3740.0,3748.15
2017-02-02,3805.0,3805.0,3720.0,3726.9,3749.618083538084,10175,2309,38152364.0,4050.0,39.8,85.0,-78.1,1485973800.0,0.0,-0.28361204013377384,11924.46,0.427330272231452,0.5287060415415604,0.52,-75.8767340148649,62.449704221407096,-109.1393427876047,259.85,4111.6,3851.7500000000005,74994.0,77395.0,-3356.8,6883.3,25.08,2017,140915.90000000002,144248.0,-18968.1,13218.6,48.15,306839.30000000005,312786.3,-42798.0,22312.8,81.28999999999999,664231.9,675748.1000000001,-88293.0,46870.0,170.73999999999998,148.60047846889952,3745.7,3772.35,3720.0,3737.5
2017-02-01,3719.9,3798.75,3670.0,3783.25,3750.809893353647,21004,3636,78782011.0,7168.0,34.13,128.75,63.35,1485887400.0,0.0,1.5119804663393133,11873.72,1.8334571189903004,0.5286935031419159,0.51,-76.23604044141942,63.14390098469562,-109.86017696846204,259.85,4111.6,3851.7500000000005,74994.0,77395.0,-3356.8,6883.3,25.08,2017,140915.90000000002,144248.0,-18968.1,13218.6,48.15,306839.30000000005,312786.3,-42798.0,22312.8,81.28999999999999,664231.9,675748.1000000001,-88293.0,46870.0,170.73999999999998,150.84728867623605,3805.0,3805.0,3720.0,3726.9
2017-01-31,3710.0,3737.0,3664.2,3693.75,3710.495295794725,14030,2316,52058249.0,5482.0,39.07,72.8,-16.25,1485801000.0,0.0,-2.3656908742483274,11659.94,-0.9665577802805192,0.5284874587731168,0.52,-75.66023688663283,66.13507445149803,-110.85698084071389,259.85,4111.6,3851.7500000000005,74994.0,77395.0,-3356.8,6883.3,25.08,2017,140915.90000000002,144248.0,-18968.1,13218.6,48.15,306839.30000000005,312786.3,-42798.0,22312.8,81.28999999999999,664231.9,675748.1000000001,-88293.0,46870.0,170.73999999999998,147.2787081339713,3719.9,3798.75,3670.0,3783.25
2017-01-30,3710.0,3732.7,3658.85,3692.75,3695.0531053105306,15554,1912,57472856.0,5385.0,34.62,73.85,-17.25,1485714600.0,0.0,-0.02707275803722764,11773.74,-0.0793510021564802,0.5286833184821144,0.51,-75.65364565703067,64.52928296361225,-110.00957262107868,259.85,4111.6,3851.7500000000005,74994.0,77395.0,-3356.8,6883.3,25.08,2017,140915.90000000002,144248.0,-18968.1,13218.6,48.15,306839.30000000005,312786.3,-42798.0,22312.8,81.28999999999999,664231.9,675748.1000000001,-88293.0,46870.0,170.73999999999998,147.23883572567783,3710.0,3737.0,3664.2,3693.75
2017-01-27,3680.0,3762.75,3666.55,3685.15,3707.470848638975,21234,3672,78724436.0,10845.0,51.07,96.2,5.15,1485455400.0,0.0,-0.20580867916863976,11783.09,0.5711764168666145,0.5286818043076715,0.52,-75.60343540968482,64.39872732873975,-109.89495623072072,259.85,4111.6,3851.7500000000005,74994.0,77395.0,-3356.8,6883.3,25.08,2017,140915.90000000002,144248.0,-18968.1,13218.6,48.15,306839.30000000005,312786.3,-42798.0,22312.8,81.28999999999999,664231.9,675748.1000000001,-88293.0,46870.0,170.73999999999998,146.93580542264755,3710.0,3732.7,3658.85,3692.75
2017-01-25,3656.0,3693.3,3625.0,3681.5,3668.18422889044,10031,1604,36795556.0,2183.0,21.76,68.3,25.5,1485282600.0,0.0,-0.0990461717976232,11716.17,1.310199616936103,0.528653412562723,0.5,-75.57924758929784,65.33773408887033,-110.35593697821353,259.85,4111.6,3851.7500000000005,74994.0,77395.0,-3356.8,6883.3,25.08,2017,140915.90000000002,144248.0,-18968.1,13218.6,48.15,306839.30000000005,312786.3,-42798.0,22312.8,81.28999999999999,664231.9,675748.1000000001,-88293.0,46870.0,170.73999999999998,146.7902711323764,3680.0,3762.75,3666.55,3685.15
2017-01-24,3526.0,3675.0,3526.0,3652.5,3597.573565341756,33562,4589,120741764.0,5626.0,16.76,149.0,126.5,1485196200.0,0.0,-0.7877223957626023,11564.65,1.0094260848906522,0.5284822013868282,0.51,-75.38535249828884,67.50398844755354,-111.30048299273567,259.85,4111.6,3851.7500000000005,74994.0,77395.0,-3356.8,6883.3,25.08,2017,140915.90000000002,144248.0,-18968.1,13218.6,48.15,306839.30000000005,312786.3,-42798.0,22312.8,81.28999999999999,664231.9,675748.1000000001,-88293.0,46870.0,170.73999999999998,145.63397129186603,3656.0,3693.3,3625.0,3681.5
2017-01-23,3482.0,3565.0,3482.0,3518.1,3519.6818522812523,43989,5305,154827285.0,10651.0,24.21,83.0,36.1,1485109800.0,0.0,-3.6796714579055423,11449.08,0.5315870164217529,0.528413660760534,0.51,-74.44501293311731,69.1948174001754,-111.24900873421281,259.85,4111.6,3851.7500000000005,74994.0,77395.0,-3356.8,6883.3,25.08,2017,140915.90000000002,144248.0,-18968.1,13218.6,48.15,306839.30000000005,312786.3,-42798.0,22312.8,81.28999999999999,664231.9,675748.1000000001,-88293.0,46870.0,170.73999999999998,140.27511961722487,3526.0,3675.0,3526.0,3652.5
2017-01-20,3452.0,3520.0,3421.85,3470.2,3483.3703207939075,21665,2789,75467218.0,3205.0,14.79,98.15,18.2,1484850600.0,0.0,-1.3615303715073468,11388.54,-1.1308469632253182,0.5291330389441913,0.5,-74.09227133882773,70.09423508193322,-111.41688044072751,259.85,4111.6,3851.7500000000005,74994.0,77395.0,-3356.8,6883.3,25.08,2017,140915.90000000002,144248.0,-18968.1,13218.6,48.15,306839.30000000005,312786.3,-42798.0,22312.8,81.28999999999999,664231.9,675748.1000000001,-88293.0,46870.0,170.73999999999998,138.3652312599681,3482.0,3565.0,3482.0,3518.1
2017-01-19,3510.0,3515.05,3425.0,3455.1,3457.15493697479,17136,3039,59241807.0,6998.0,40.84,90.05,-54.9,1484764200.0,0.0,-0.43513342170480307,11518.8,0.2441093923372994,0.5290860067430606,0.52,-73.97904546901681,68.17072958988784,-110.29209984098519,259.85,4111.6,3851.7500000000005,74994.0,77395.0,-3356.8,6883.3,25.08,2017,140915.90000000002,144248.0,-18968.1,13218.6,48.15,306839.30000000005,312786.3,-42798.0,22312.8,81.28999999999999,664231.9,675748.1000000001,-88293.0,46870.0,170.73999999999998,137.76315789473685,3452.0,3520.0,3421.85,3470.2
2017-01-18,3389.0,3530.0,3376.8,3494.65,3457.3290101875878,26601,3229,91968409.0,11240.0,42.25,153.2,105.65,1484677800.0,0.0,1.144684669039986,11490.75,0.3694823316693352,0.5290904577360738,0.53,-74.27353239952498,68.58125013597893,-110.80879948348212,259.85,4111.6,3851.7500000000005,74994.0,77395.0,-3356.8,6883.3,25.08,2017,140915.90000000002,144248.0,-18968.1,13218.6,48.15,306839.30000000005,312786.3,-42798.0,22312.8,81.28999999999999,664231.9,675748.1000000001,-88293.0,46870.0,170.73999999999998,139.34011164274324,3510.0,3515.05,3425.0,3455.1
2017-01-17,3340.0,3394.8,3335.05,3384.95,3378.440469802659,16773,1932,56666582.0,8855.0,52.79,59.75,44.95,1484591400.0,0.0,-3.139084028443484,11448.45,-0.0716613742574145,0.5291575639044888,0.55,-73.43978493035348,69.20412806973869,-110.31863609172319,259.85,4111.6,3851.7500000000005,74994.0,77395.0,-3356.8,6883.3,25.08,2017,140915.90000000002,144248.0,-18968.1,13218.6,48.15,306839.30000000005,312786.3,-42798.0,22312.8,81.28999999999999,664231.9,675748.1000000001,-88293.0,46870.0,170.73999999999998,134.96610845295055,3389.0,3530.0,3376.8,3494.65
2017-01-16,3319.35,3344.0,3304.95,3336.1,3330.9667318982392,5110,894,17021240.0,1778.0,34.79,39.05,16.75,1484505000.0,0.0,-1.4431527792138743,11456.66,0.290366604251413,0.529698658635092,,-73.05086777974282,69.08287406626363,,259.85,4111.6,3851.7500000000005,74994.0,77395.0,-3356.8,6883.3,25.08,2017,140915.90000000002,144248.0,-18968.1,13218.6,48.15,306839.30000000005,312786.3,-42798.0,22312.8,81.28999999999999,664231.9,675748.1000000001,-88293.0,46870.0,170.73999999999998,133.018341307815,3340.0,3394.8,3335.05,3384.95
2017-01-13,3352.9,3354.75,3313.0,3319.35,3322.484567278596,9914,986,32939112.0,5594.0,56.43,41.75,-33.55,1484245800.0,0.0,-0.5020832708851675,11423.49,-0.050047203612491,0.5298036695419827,0.53,-72.91487791284439,69.57383426606054,-110.02455466625175,259.85,4111.6,3851.7500000000005,74994.0,77395.0,-3356.8,6883.3,25.08,2017,140915.90000000002,144248.0,-18968.1,13218.6,48.15,306839.30000000005,312786.3,-42798.0,22312.8,81.28999999999999,664231.9,675748.1000000001,-88293.0,46870.0,170.73999999999998,132.35047846889952,3319.35,3344.0,3304.95,3336.1
2017-01-12,3351.5,3394.85,3337.1,3348.5,3364.8716884774967,9399,1214,31626429.0,1884.0,20.04,57.75,-3.0,1484159400.0,0.0,0.8781839818036596,11429.21,0.2344226869944066,0.5298150936107402,0.52,-73.15066447663132,69.48896730395191,-110.21146434501068,259.85,4111.6,3851.7500000000005,74994.0,77395.0,-3356.8,6883.3,25.08,2017,140915.90000000002,144248.0,-18968.1,13218.6,48.15,306839.30000000005,312786.3,-42798.0,22312.8,81.28999999999999,664231.9,675748.1000000001,-88293.0,46870.0,170.73999999999998,133.5127591706539,3352.9,3354.75,3313.0,3319.35
2017-01-11,3285.3,3359.35,3285.3,3351.5,3334.401607789855,8832,1127,29449435.0,2919.0,33.05,74.05,66.2,1484073000.0,0.0,0.08959235478571692,11402.48,1.1330648272730226,0.5298582093950943,0.52,-73.17469789646427,69.8862878952649,-110.44899499303393,259.85,4111.6,3851.7500000000005,74994.0,77395.0,-3356.8,6883.3,25.08,2017,140915.90000000002,144248.0,-18968.1,13218.6,48.15,306839.30000000005,312786.3,-42798.0,22312.8,81.28999999999999,664231.9,675748.1000000001,-88293.0,46870.0,170.73999999999998,133.6323763955343,3351.5,3394.85,3337.1,3348.5
2017-01-10,3310.0,3314.75,3262.0,3282.6,3285.1663766434654,10344,1014,33981761.0,3895.0,37.65,52.75,-27.4,1483986600.0,0.0,-2.055795912278091,11274.73,0.6388376136732932,0.5297315386877163,0.52,-72.61164930238226,71.81120966976593,-110.89685149565597,259.85,4111.6,3851.7500000000005,74994.0,77395.0,-3356.8,6883.3,25.08,2017,140915.90000000002,144248.0,-18968.1,13218.6,48.15,306839.30000000005,312786.3,-42798.0,22312.8,81.28999999999999,664231.9,675748.1000000001,-88293.0,46870.0,170.73999999999998,130.88516746411483,3285.3,3359.35,3285.3,3351.5
2017-01-09,3330.5,3332.0,3287.4,3296.95,3301.187231387772,14426,1753,47622927.0,5376.0,37.27,44.6,-33.55,1483900200.0,0.0,0.4371534759032514,11203.16,0.0325907115579227,0.5299235934351753,0.5,-72.73085730751149,72.90880430164346,-111.60199107938277,259.85,4111.6,3851.7500000000005,74994.0,77395.0,-3356.8,6883.3,25.08,2017,140915.90000000002,144248.0,-18968.1,13218.6,48.15,306839.30000000005,312786.3,-42798.0,22312.8,81.28999999999999,664231.9,675748.1000000001,-88293.0,46870.0,170.73999999999998,131.457336523126,3310.0,3314.75,3262.0,3282.6
2017-01-06,3380.0,3394.4,3315.05,3330.5,3345.120175012153,10285,1909,34404561.0,3385.0,32.91,79.35,-49.5,1483641000.0,0.0,1.0176071823958521,11199.51,-0.3278644755636883,0.5299362051742778,0.53,-73.00555472151329,72.96515651131166,-111.92156668432267,259.85,4111.6,3851.7500000000005,74994.0,77395.0,-3356.8,6883.3,25.08,2017,140915.90000000002,144248.0,-18968.1,13218.6,48.15,306839.30000000005,312786.3,-42798.0,22312.8,81.28999999999999,664231.9,675748.1000000001,-88293.0,46870.0,170.73999999999998,132.79505582137162,3330.5,3332.0,3287.4,3296.95
2017-01-05,3298.9,3395.0,3298.9,3380.1,3363.830185017467,15458,2538,51998087.0,4067.0,26.31,96.1,81.2,1483554600.0,0.0,1.4892658759945832,11236.35,1.054673588102606,0.5299845800246925,0.52,-73.4016745066714,72.39806520800794,-112.01594070892494,259.85,4111.6,3851.7500000000005,74994.0,77395.0,-3356.8,6883.3,25.08,2017,140915.90000000002,144248.0,-18968.1,13218.6,48.15,306839.30000000005,312786.3,-42798.0,22312.8,81.28999999999999,664231.9,675748.1000000001,-88293.0,46870.0,170.73999999999998,134.77272727272728,3380.0,3394.4,3315.05,3330.5
2017-01-04,3340.0,3360.5,3292.0,3298.9,3341.8530793181694,37898,1758,126649548.0,30335.0,80.04,68.5,-41.1,1483468200.0,0.0,-2.4022957900653785,11119.08,-0.0045865000418254,0.5300059792874414,0.53,-72.74697626481554,74.21630206815672,-112.33115695251917,259.85,4111.6,3851.7500000000005,74994.0,77395.0,-3356.8,6883.3,25.08,2017,140915.90000000002,144248.0,-18968.1,13218.6,48.15,306839.30000000005,312786.3,-42798.0,22312.8,81.28999999999999,664231.9,675748.1000000001,-88293.0,46870.0,170.73999999999998,131.53508771929825,3298.9,3395.0,3298.9,3380.1
2017-01-03,3371.65,3384.65,3320.0,3327.6,3355.5909222737823,6896,1208,23140155.0,1253.0,18.17,64.65,-44.05,1483381800.0,0.0,0.8699869653520764,11119.59,0.4246529938397358,0.5303224683634673,0.53,-72.98202909003486,74.2083116373895,-112.58529318242803,259.85,4111.6,3851.7500000000005,74994.0,77395.0,-3356.8,6883.3,25.08,2017,140915.90000000002,144248.0,-18968.1,13218.6,48.15,306839.30000000005,312786.3,-42798.0,22312.8,81.28999999999999,664231.9,675748.1000000001,-88293.0,46870.0,170.73999999999998,132.6794258373206,3340.0,3360.5,3292.0,3298.9
2017-01-02,3270.0,3375.0,3270.0,3364.65,3337.481734948672,10813,1802,36088190.0,3183.0,29.44,105.0,94.65,1483295400.0,0.0,1.1134150739271709,11072.57,0.3273700577359983,0.5303529587119036,,-73.27953873359785,74.94809244827533,,259.85,4111.6,3851.7500000000005,74994.0,77395.0,-3356.8,6883.3,25.08,2017,140915.90000000002,144248.0,-18968.1,13218.6,48.15,306839.30000000005,312786.3,-42798.0,22312.8,81.28999999999999,664231.9,675748.1000000001,-88293.0,46870.0,170.73999999999998,134.1566985645933,3371.65,3384.65,3320.0,3327.6
2016-12-30,3225.05,3268.75,3225.05,3245.75,3250.936797121008,4446,929,14453665.0,1157.0,26.02,43.7,20.7,1483036200.0,0.0,-3.533799949474692,11036.44,0.9597933315769414,0.5304188399567451,0.51,-72.30070091658322,75.5208201195313,-112.59785310858908,259.85,4111.6,3851.7500000000005,63722.0,63032.3,-8778.9,5634.2,20.53,2016,150196.8,154249.5,-12618.2,15789.5,57.519999999999996,291808.5,299097.3,-33866.3,24316.600000000002,88.58999999999999,634223.2,646739.0,-79860.3,43578.6,158.74,158.09790550414027,3270.0,3375.0,3270.0,3364.65
2016-12-29,3150.0,3240.0,3149.75,3214.95,3199.3489058934088,7449,1311,23831950.0,2404.0,32.27,90.25,64.95,1482949800.0,0.0,-0.9489332203651002,10931.52,0.9399126294007408,0.5310216951206779,0.47,-72.03533491967215,77.2054572465677,-113.25352750260484,259.85,4111.6,3851.7500000000005,63722.0,63032.3,-8778.9,5634.2,20.53,2016,150196.8,154249.5,-12618.2,15789.5,57.519999999999996,291808.5,299097.3,-33866.3,24316.600000000002,88.58999999999999,634223.2,646739.0,-79860.3,43578.6,158.74,156.59766195811005,3225.05,3268.75,3225.05,3245.75
2016-12-28,3150.0,3197.4,3113.0,3158.35,3170.363504464285,8960,1457,28406457.0,1577.0,17.6,84.4,8.35,1482863400.0,0.0,-1.7605250470458356,10829.73,0.2594033722438382,0.5309820556231212,0.53,-71.5341871546852,78.87103371921553,-113.66187027855452,259.85,4111.6,3851.7500000000005,63722.0,63032.3,-8778.9,5634.2,20.53,2016,150196.8,154249.5,-12618.2,15789.5,57.519999999999996,291808.5,299097.3,-33866.3,24316.600000000002,88.58999999999999,634223.2,646739.0,-79860.3,43578.6,158.74,153.84072089624937,3150.0,3240.0,3149.75,3214.95
2016-12-27,3087.0,3167.45,3052.0,3156.85,3109.881563690575,12074,1677,37548710.0,1940.0,16.07,115.45,69.85,1482777000.0,0.0,-0.04749315307043256,10801.71,1.5773021954150757,0.5311459759678,0.51,-71.52066141881939,79.33503121265059,-113.89825955295498,259.85,4111.6,3851.7500000000005,63722.0,63032.3,-8778.9,5634.2,20.53,2016,150196.8,154249.5,-12618.2,15789.5,57.519999999999996,291808.5,299097.3,-33866.3,24316.600000000002,88.58999999999999,634223.2,646739.0,-79860.3,43578.6,158.74,153.76765708718946,3150.0,3197.4,3113.0,3158.35
2016-12-26,3105.7,3118.85,3068.5,3086.25,3087.892590324556,8165,1309,25212643.0,2394.0,29.32,50.35,-19.45,1482690600.0,0.0,-2.2364065444984704,10633.98,-1.3670804359742883,0.5308922128306044,,-70.86917780477926,82.16368659711604,,259.85,4111.6,3851.7500000000005,63722.0,63032.3,-8778.9,5634.2,20.53,2016,150196.8,154249.5,-12618.2,15789.5,57.519999999999996,291808.5,299097.3,-33866.3,24316.600000000002,88.58999999999999,634223.2,646739.0,-79860.3,43578.6,158.74,150.3287871407696,3087.0,3167.45,3052.0,3156.85
2016-12-23,3152.35,3152.35,3071.3,3105.7,3102.5325532105435,33499,2284,103931738.0,21566.0,64.38,81.05,-46.65,1482431400.0,0.0,0.6302146618063942,10781.37,-0.0110363401641055,0.530957052272299,0.52,-71.05161477283704,79.67336247619737,-113.5986507906396,259.85,4111.6,3851.7500000000005,63722.0,63032.3,-8778.9,5634.2,20.53,2016,150196.8,154249.5,-12618.2,15789.5,57.519999999999996,291808.5,299097.3,-33866.3,24316.600000000002,88.58999999999999,634223.2,646739.0,-79860.3,43578.6,158.74,151.27618119824646,3105.7,3118.85,3068.5,3086.25
2016-12-22,3190.0,3190.0,3132.0,3152.35,3157.053020767779,6356,1142,20066229.0,1960.0,30.84,58.0,-37.65,1482345000.0,0.0,1.5020768264803364,10782.56,-1.1481692000219978,0.5309817920846457,0.51,-71.4800069789205,79.6535331127302,-114.01378202302848,259.85,4111.6,3851.7500000000005,63722.0,63032.3,-8778.9,5634.2,20.53,2016,150196.8,154249.5,-12618.2,15789.5,57.519999999999996,291808.5,299097.3,-33866.3,24316.600000000002,88.58999999999999,634223.2,646739.0,-79860.3,43578.6,158.74,153.54846566000973,3152.35,3152.35,3071.3,3105.7
2016-12-21,3155.2,3210.9,3155.2,3192.3,3190.890275707898,10736,1165,34257398.0,2764.0,25.75,55.7,37.1,1482258600.0,0.0,1.2673085158691144,10907.8,-0.1365960127147847,0.5309653917656869,0.52,-71.83692008896408,77.5908065787785,-113.2788510977627,259.85,4111.6,3851.7500000000005,63722.0,63032.3,-8778.9,5634.2,20.53,2016,150196.8,154249.5,-12618.2,15789.5,57.519999999999996,291808.5,299097.3,-33866.3,24316.600000000002,88.58999999999999,634223.2,646739.0,-79860.3,43578.6,158.74,155.4943984413054,3190.0,3190.0,3132.0,3152.35
2016-12-20,3111.0,3170.0,3107.95,3148.75,3140.295395146235,16070,1853,50464547.0,3629.0,22.58,62.05,37.75,1482172200.0,0.0,-1.3642201547473642,10922.72,-0.5478521591311569,0.53105839622197,0.52,-71.44739976181025,77.34822461804387,-112.7676735120499,259.85,4111.6,3851.7500000000005,63722.0,63032.3,-8778.9,5634.2,20.53,2016,150196.8,154249.5,-12618.2,15789.5,57.519999999999996,291808.5,299097.3,-33866.3,24316.600000000002,88.58999999999999,634223.2,646739.0,-79860.3,43578.6,158.74,153.37311251826594,3155.2,3210.9,3155.2,3192.3
2016-12-19,3192.0,3192.0,3100.0,3107.95,3141.620896464646,12672,2765,39810620.0,5514.0,43.51,92.0,-84.05,1482085800.0,0.0,-1.295752282651852,10982.89,-0.4448888095235914,0.53112227102057,0.52,-71.07257195257324,76.37661854029314,-111.88171146363482,259.85,4111.6,3851.7500000000005,63722.0,63032.3,-8778.9,5634.2,20.53,2016,150196.8,154249.5,-12618.2,15789.5,57.519999999999996,291808.5,299097.3,-33866.3,24316.600000000002,88.58999999999999,634223.2,646739.0,-79860.3,43578.6,158.74,151.38577691183633,3111.0,3170.0,3107.95,3148.75
2016-12-16,3276.4,3291.65,3160.2,3178.15,3211.5829851066105,18666,3166,59947408.0,6453.0,34.57,131.45,-98.25,1481826600.0,0.0,2.2587235959394603,11031.97,-0.2198750393441639,0.5311879099862994,0.51,-71.7115302927804,75.59193870179126,-112.10414838950433,259.85,4111.6,3851.7500000000005,63722.0,63032.3,-8778.9,5634.2,20.53,2016,150196.8,154249.5,-12618.2,15789.5,57.519999999999996,291808.5,299097.3,-33866.3,24316.600000000002,88.58999999999999,634223.2,646739.0,-79860.3,43578.6,158.74,154.80516317584022,3192.0,3192.0,3100.0,3107.95
2016-12-15,3310.0,3314.25,3252.0,3268.3,3279.0802171908613,9761,2014,32007102.0,2547.0,26.09,62.25,-41.7,1481740200.0,0.0,2.836555857967693,11056.28,-0.2174115124314424,0.5314798502037519,0.51,-72.49181531683138,75.20585585748552,-112.70115759880882,259.85,4111.6,3851.7500000000005,63722.0,63032.3,-8778.9,5634.2,20.53,2016,150196.8,154249.5,-12618.2,15789.5,57.519999999999996,291808.5,299097.3,-33866.3,24316.600000000002,88.58999999999999,634223.2,646739.0,-79860.3,43578.6,158.74,159.19629810034095,3276.4,3291.65,3160.2,3178.15
2016-12-14,3369.0,3380.0,3305.0,3316.35,3327.460720328741,12411,1819,41297115.0,4047.0,32.61,75.0,-52.65,1481653800.0,0.0,1.4701832757090694,11080.37,-0.5474197045962081,0.5319427161338164,0.55,-72.89037646810499,74.82493815639731,-112.9503888116902,259.85,4111.6,3851.7500000000005,63722.0,63032.3,-8778.9,5634.2,20.53,2016,150196.8,154249.5,-12618.2,15789.5,57.519999999999996,291808.5,299097.3,-33866.3,24316.600000000002,88.58999999999999,634223.2,646739.0,-79860.3,43578.6,158.74,161.53677545056013,3310.0,3314.25,3252.0,3268.3
2016-12-13,3465.5,3465.5,3355.0,3363.05,3385.99720191353,11079,1761,37513463.0,4186.0,37.78,110.5,-102.45,1481567400.0,0.0,1.4081746498409542,11141.36,0.2915661848038153,0.5320353015242113,0.54,-73.26682624403443,73.86791199638105,-112.81986401316985,259.85,4111.6,3851.7500000000005,63722.0,63032.3,-8778.9,5634.2,20.53,2016,150196.8,154249.5,-12618.2,15789.5,57.519999999999996,291808.5,299097.3,-33866.3,24316.600000000002,88.58999999999999,634223.2,646739.0,-79860.3,43578.6,158.74,163.81149537262542,3369.0,3380.0,3305.0,3316.35
2016-12-12,3580.5,3580.6,3445.55,3461.85,3484.2499999999995,10892,2824,37950451.0,5087.0,46.7,135.05,-118.65,1481481000.0,0.0,2.937809428940974,11108.97,-1.057738296164945,0.532147541169937,0.51,-74.02978176408568,74.37485203398695,-113.84678115285305,259.85,4111.6,3851.7500000000005,63722.0,63032.3,-8778.9,5634.2,20.53,2016,150196.8,154249.5,-12618.2,15789.5,57.519999999999996,291808.5,299097.3,-33866.3,24316.600000000002,88.58999999999999,634223.2,646739.0,-79860.3,43578.6,158.74,168.62396492937162,3465.5,3465.5,3355.0,3363.05
2016-12-09,3600.0,3606.15,3561.05,3576.1,3579.016400164002,7317,1538,26187663.0,2326.0,31.79,45.1,-23.9,1481221800.0,0.0,3.3002585322876588,11227.73,0.2013356334620519,0.5325242653247692,0.54,-74.85948379519589,72.53042244514252,-113.73613061821517,259.85,4111.6,3851.7500000000005,63722.0,63032.3,-8778.9,5634.2,20.53,2016,150196.8,154249.5,-12618.2,15789.5,57.519999999999996,291808.5,299097.3,-33866.3,24316.600000000002,88.58999999999999,634223.2,646739.0,-79860.3,43578.6,158.74,174.18899171943497,3580.5,3580.6,3445.55,3461.85
2016-12-08,3589.0,3630.0,3577.25,3596.05,3601.359602567268,16204,1421,58356431.0,12341.0,76.16,52.75,7.05,1481135400.0,0.0,0.557870305640229,11205.17,1.6168671464639184,0.533159710942383,0.51,-74.99895718913808,72.87778766408721,-114.09254594166256,259.85,4111.6,3851.7500000000005,63722.0,63032.3,-8778.9,5634.2,20.53,2016,150196.8,154249.5,-12618.2,15789.5,57.519999999999996,291808.5,299097.3,-33866.3,24316.600000000002,88.58999999999999,634223.2,646739.0,-79860.3,43578.6,158.74,175.1607403799318,3600.0,3606.15,3561.05,3576.1
2016-12-07,3603.95,3666.45,3556.15,3566.55,3610.792946874528,13214,2132,47713018.0,4691.0,35.5,110.3,-37.4,1481049000.0,0.0,-0.8203445447087732,11026.88,-0.4307161084212696,0.5329123352711654,0.52,-74.79216609889109,75.67299181636149,-115.36212247036308,259.85,4111.6,3851.7500000000005,63722.0,63032.3,-8778.9,5634.2,20.53,2016,150196.8,154249.5,-12618.2,15789.5,57.519999999999996,291808.5,299097.3,-33866.3,24316.600000000002,88.58999999999999,634223.2,646739.0,-79860.3,43578.6,158.74,173.72381880175354,3589.0,3630.0,3577.25,3596.05
2016-12-06,3594.3,3608.45,3555.85,3603.95,3602.0,31975,1122,115173950.0,29638.0,92.69,52.6,9.65,1480962600.0,0.0,1.0486324319019635,11074.58,0.2429456160264465,0.5329236176323685,0.49,-75.05376045727604,74.91633994246283,-115.20731478654977,259.85,4111.6,3851.7500000000005,63722.0,63032.3,-8778.9,5634.2,20.53,2016,150196.8,154249.5,-12618.2,15789.5,57.519999999999996,291808.5,299097.3,-33866.3,24316.600000000002,88.58999999999999,634223.2,646739.0,-79860.3,43578.6,158.74,175.54554310764732,3603.95,3666.45,3556.15,3566.55
2016-12-05,3565.0,3630.5,3557.0,3589.45,3595.81917211329,4590,1075,16504810.0,1341.0,29.22,73.5,24.45,1480876200.0,0.0,-0.40233632542071573,11047.74,0.532247423618526,0.5329869841931028,0.49,-74.95298722645532,75.34129152206697,-115.33775135776057,259.85,4111.6,3851.7500000000005,63722.0,63032.3,-8778.9,5634.2,20.53,2016,150196.8,154249.5,-12618.2,15789.5,57.519999999999996,291808.5,299097.3,-33866.3,24316.600000000002,88.58999999999999,634223.2,646739.0,-79860.3,43578.6,158.74,174.83925962006816,3594.3,3608.45,3555.85,3603.95
2016-12-02,3562.5,3599.0,3530.0,3585.15,3570.4862940069884,7442,1298,26571559.0,1767.0,23.74,69.0,22.65,1480617000.0,0.0,-0.11979551184720938,10989.25,-1.2706321626351658,0.5329682661282727,0.49,-74.92294604130929,76.27454102873263,-115.80370147271987,259.85,4111.6,3851.7500000000005,63722.0,63032.3,-8778.9,5634.2,20.53,2016,150196.8,154249.5,-12618.2,15789.5,57.519999999999996,291808.5,299097.3,-33866.3,24316.600000000002,88.58999999999999,634223.2,646739.0,-79860.3,43578.6,158.74,174.62981003409644,3565.0,3630.5,3557.0,3589.45
2016-12-01,3610.0,3615.0,3551.95,3562.5,3581.2869308101717,8455,1179,30279781.0,2730.0,32.29,63.05,-47.5,1480530600.0,0.0,-0.6317727291745179,11130.68,-0.5753415113232685,0.5327843861805063,0.48,-74.76350877192984,74.03474001588401,-114.43232578195932,259.85,4111.6,3851.7500000000005,63722.0,63032.3,-8778.9,5634.2,20.53,2016,150196.8,154249.5,-12618.2,15789.5,57.519999999999996,291808.5,299097.3,-33866.3,24316.600000000002,88.58999999999999,634223.2,646739.0,-79860.3,43578.6,158.74,173.52654651729176,3562.5,3599.0,3530.0,3585.15
2016-11-30,3549.9,3630.55,3549.9,3594.2,3600.757999098693,15533,2700,55930574.0,4664.0,30.03,80.65,44.3,1480444200.0,0.0,0.8898245614034961,11195.09,1.0742038495464623,0.5327639270455617,0.48,-74.98608869845863,73.03344591244911,-114.11994746346278,259.85,4111.6,3851.7500000000005,63722.0,63032.3,-8778.9,5634.2,20.53,2016,150196.8,154249.5,-12618.2,15789.5,57.519999999999996,291808.5,299097.3,-33866.3,24316.600000000002,88.58999999999999,634223.2,646739.0,-79860.3,43578.6,158.74,175.0706283487579,3610.0,3615.0,3551.95,3562.5
2016-11-29,3503.0,3562.9,3503.0,3537.35,3539.234019791388,3739,763,13233196.0,901.0,24.1,59.9,34.35,1480357800.0,0.0,-1.5817149852540124,11076.11,0.3080030066744621,0.532698096744818,0.48,-74.58408130380087,74.89217784944353,-114.70330681883634,259.85,4111.6,3851.7500000000005,63722.0,63032.3,-8778.9,5634.2,20.53,2016,150196.8,154249.5,-12618.2,15789.5,57.519999999999996,291808.5,299097.3,-33866.3,24316.600000000002,88.58999999999999,634223.2,646739.0,-79860.3,43578.6,158.74,172.3015099853872,3549.9,3630.55,3549.9,3594.2
2016-11-28,3498.8,3561.9,3475.0,3503.0,3512.817492830807,9764,1575,34299150.0,2133.0,21.85,86.9,4.2,1480271400.0,0.0,-0.9710659109220199,11042.1,0.3362989307674979,0.5328265733274934,0.48,-74.33485583785327,75.43085101565825,-114.75066095250592,259.85,4111.6,3851.7500000000005,63722.0,63032.3,-8778.9,5634.2,20.53,2016,150196.8,154249.5,-12618.2,15789.5,57.519999999999996,291808.5,299097.3,-33866.3,24316.600000000002,88.58999999999999,634223.2,646739.0,-79860.3,43578.6,158.74,170.62834875791523,3503.0,3562.9,3503.0,3537.35
2016-11-25,3482.9,3509.0,3452.0,3497.0,3490.3479620760427,10231,2272,35709750.0,3170.0,30.98,57.0,14.1,1480012200.0,0.0,-0.1712817584927251,11005.09,1.7001952664745137,0.5328668213944421,0.49,-74.29082070346011,76.02082309186022,-115.0286903217256,259.85,4111.6,3851.7500000000005,63722.0,63032.3,-8778.9,5634.2,20.53,2016,150196.8,154249.5,-12618.2,15789.5,57.519999999999996,291808.5,299097.3,-33866.3,24316.600000000002,88.58999999999999,634223.2,646739.0,-79860.3,43578.6,158.74,170.3360935216756,3498.8,3561.9,3475.0,3503.0
2016-11-24,3468.7,3504.6,3405.0,3482.35,3472.665900383142,7830,1664,27190974.0,2079.0,26.55,99.6,13.65,1479925800.0,0.0,-0.41893051186732144,10821.11,-0.5323089763599964,0.5325705218288341,,-74.18266400562838,79.01352079407748,,259.85,4111.6,3851.7500000000005,63722.0,63032.3,-8778.9,5634.2,20.53,2016,150196.8,154249.5,-12618.2,15789.5,57.519999999999996,291808.5,299097.3,-33866.3,24316.600000000002,88.58999999999999,634223.2,646739.0,-79860.3,43578.6,158.74,169.62250365319045,3482.9,3509.0,3452.0,3497.0
2016-11-23,3451.0,3475.6,3384.0,3451.3,3437.974380450313,20297,3055,69780566.0,5228.0,25.76,91.6,0.3,1479839400.0,0.0,-0.8916392665872075,10879.02,0.6841213871227492,0.5325438662954388,0.51,-73.95039550314375,78.06061575399255,-115.7595002503669,259.85,4111.6,3851.7500000000005,63722.0,63032.3,-8778.9,5634.2,20.53,2016,150196.8,154249.5,-12618.2,15789.5,57.519999999999996,291808.5,299097.3,-33866.3,24316.600000000002,88.58999999999999,634223.2,646739.0,-79860.3,43578.6,158.74,168.11008280565028,3468.7,3504.6,3405.0,3482.35
2016-11-22,3365.0,3435.5,3301.15,3424.45,3386.3952819670217,17041,2493,57707562.0,9940.0,58.33,134.35,59.45,1479753000.0,0.0,-0.7779677223075487,10805.1,1.066969225603143,0.5325406093733741,0.49,-73.74614901663041,79.27876650840805,-116.19436674479454,259.85,4111.6,3851.7500000000005,63722.0,63032.3,-8778.9,5634.2,20.53,2016,150196.8,154249.5,-12618.2,15789.5,57.519999999999996,291808.5,299097.3,-33866.3,24316.600000000002,88.58999999999999,634223.2,646739.0,-79860.3,43578.6,158.74,166.80224062347781,3451.0,3475.6,3384.0,3451.3
2016-11-21,3393.1,3410.0,3305.1,3323.0,3344.544958640732,22365,1513,74800748.0,17239.0,77.08,104.9,-70.1,1479666600.0,0.0,-2.9625195286834383,10691.03,-2.1055802684374347,0.5324578847522592,0.46,-72.94462834787842,81.19161577509368,-116.39081371611692,259.85,4111.6,3851.7500000000005,63722.0,63032.3,-8778.9,5634.2,20.53,2016,150196.8,154249.5,-12618.2,15789.5,57.519999999999996,291808.5,299097.3,-33866.3,24316.600000000002,88.58999999999999,634223.2,646739.0,-79860.3,43578.6,158.74,161.86069167072577,3365.0,3435.5,3301.15,3424.45
2016-11-18,3297.0,3406.8,3280.0,3393.0,3347.721064626404,12286,2712,41130101.0,3336.0,27.15,126.8,96.0,1479407400.0,0.0,2.1065302437556443,10920.98,0.0310508088323446,0.5324539953679888,0.44,-73.50279988211022,77.37648086527034,-114.90793650837622,259.85,4111.6,3851.7500000000005,63722.0,63032.3,-8778.9,5634.2,20.53,2016,150196.8,154249.5,-12618.2,15789.5,57.519999999999996,291808.5,299097.3,-33866.3,24316.600000000002,88.58999999999999,634223.2,646739.0,-79860.3,43578.6,158.74,165.27033609352168,3393.1,3410.0,3305.1,3323.0
2016-11-17,3370.0,3405.0,3321.6,3337.55,3365.2634283045304,12846,3141,43230174.0,2915.0,22.69,83.4,-32.45,1479321000.0,0.0,-1.6342469790745606,10917.59,-0.2649226836850538,0.532717617208031,0.44,-73.06257584156043,77.43155769725736,-114.517335003178,259.85,4111.6,3851.7500000000005,63722.0,63032.3,-8778.9,5634.2,20.53,2016,150196.8,154249.5,-12618.2,15789.5,57.519999999999996,291808.5,299097.3,-33866.3,24316.600000000002,88.58999999999999,634223.2,646739.0,-79860.3,43578.6,158.74,162.56941061860692,3297.0,3406.8,3280.0,3393.0
2016-11-16,3411.8,3465.1,3346.0,3370.05,3385.965665665665,19980,4928,67651594.0,9197.0,46.03,119.1,-41.75,1479234600.0,0.0,0.9737681832481915,10946.59,0.1112083574543953,0.5328541845330642,0.47,-73.32235426774083,76.96150125290157,-114.55117079156557,259.85,4111.6,3851.7500000000005,63722.0,63032.3,-8778.9,5634.2,20.53,2016,150196.8,154249.5,-12618.2,15789.5,57.519999999999996,291808.5,299097.3,-33866.3,24316.600000000002,88.58999999999999,634223.2,646739.0,-79860.3,43578.6,158.74,164.15245981490503,3370.0,3405.0,3321.6,3337.55
2016-11-15,3635.0,3635.0,3345.5,3367.3,3390.501889451098,31226,3201,105871812.0,19743.0,63.23,289.5,-267.7,1479148200.0,0.0,-0.08160116318749466,10934.43,-2.9817692043558,0.5329122936244182,0.51,-73.30056722002792,77.15829723177157,-114.65738710021745,259.85,4111.6,3851.7500000000005,63722.0,63032.3,-8778.9,5634.2,20.53,2016,150196.8,154249.5,-12618.2,15789.5,57.519999999999996,291808.5,299097.3,-33866.3,24316.600000000002,88.58999999999999,634223.2,646739.0,-79860.3,43578.6,158.74,164.01850949829517,3411.8,3465.1,3346.0,3370.05
2016-11-11,3849.9,3849.9,3611.0,3634.7,3658.4325380131017,16639,2310,60872659.0,5997.0,36.04,238.9,-215.2,1478802600.0,0.0,7.9410803908175565,11270.49,-2.951957710592412,0.531928974149137,,-75.26480864995735,71.87584568195349,,259.85,4111.6,3851.7500000000005,63722.0,63032.3,-8778.9,5634.2,20.53,2016,150196.8,154249.5,-12618.2,15789.5,57.519999999999996,291808.5,299097.3,-33866.3,24316.600000000002,88.58999999999999,634223.2,646739.0,-79860.3,43578.6,158.74,177.04335119337554,3635.0,3635.0,3345.5,3367.3
2016-11-10,3782.0,3875.0,3782.0,3841.2,3848.7070480532366,27199,2028,104680983.0,18995.0,69.84,93.0,59.2,1478716200.0,0.0,5.681349217266907,11613.31,1.3183333042522172,0.5346340347181618,0.48,-76.59455378527544,66.80214340269914,-112.532628903817,259.85,4111.6,3851.7500000000005,63722.0,63032.3,-8778.9,5634.2,20.53,2016,150196.8,154249.5,-12618.2,15789.5,57.519999999999996,291808.5,299097.3,-33866.3,24316.600000000002,88.58999999999999,634223.2,646739.0,-79860.3,43578.6,158.74,187.10180224062347,3849.9,3849.9,3611.0,3634.7
2016-11-09,3820.0,3858.2,3595.15,3781.85,3725.184919255928,39136,5907,145788837.0,11510.0,29.41,263.05,-38.15,1478629800.0,0.0,-1.5450900760179076,11462.2,-1.575266301151068,0.5363637382617358,0.45,-76.22724328040509,69.00115161138349,-113.44559522083375,259.85,4111.6,3851.7500000000005,63722.0,63032.3,-8778.9,5634.2,20.53,2016,150196.8,154249.5,-12618.2,15789.5,57.519999999999996,291808.5,299097.3,-33866.3,24316.600000000002,88.58999999999999,634223.2,646739.0,-79860.3,43578.6,158.74,184.21091086215293,3782.0,3875.0,3782.0,3841.2
2016-11-08,3913.4,3968.7,3907.5,3958.1,3942.225416997617,6295,1354,24816309.0,2527.0,40.14,61.2,44.7,1478543400.0,0.0,4.6604175205256615,11645.65,0.4326685915546413,0.5362111911195258,0.43,-77.28581895353832,66.33893342149216,-113.05692664889415,259.85,4111.6,3851.7500000000005,63722.0,63032.3,-8778.9,5634.2,20.53,2016,150196.8,154249.5,-12618.2,15789.5,57.519999999999996,291808.5,299097.3,-33866.3,24316.600000000002,88.58999999999999,634223.2,646739.0,-79860.3,43578.6,158.74,192.79590842669262,3820.0,3858.2,3595.15,3781.85
2016-11-07,3875.0,3943.65,3875.0,3908.7,3910.2888297872337,20680,879,80864773.0,16924.0,81.84,68.65,33.7,1478457000.0,0.0,-1.2480735706525858,11595.48,0.7876671250236722,0.5374902818836671,0.41,-76.99874638626653,67.05862974193393,-113.23173717341876,259.85,4111.6,3851.7500000000005,63722.0,63032.3,-8778.9,5634.2,20.53,2016,150196.8,154249.5,-12618.2,15789.5,57.519999999999996,291808.5,299097.3,-33866.3,24316.600000000002,88.58999999999999,634223.2,646739.0,-79860.3,43578.6,158.74,190.3896736483195,3913.4,3968.7,3907.5,3958.1
2016-11-04,3906.0,3931.0,3825.0,3851.85,3859.661131984001,8251,1588,31846064.0,2674.0,32.41,106.0,-54.15,1478197800.0,0.0,-1.4544477703584247,11504.86,-0.9703389429305044,0.5375143683912899,0.38,-76.6592676246479,68.37449564792617,-113.58728600692724,259.85,4111.6,3851.7500000000005,63722.0,63032.3,-8778.9,5634.2,20.53,2016,150196.8,154249.5,-12618.2,15789.5,57.519999999999996,291808.5,299097.3,-33866.3,24316.600000000002,88.58999999999999,634223.2,646739.0,-79860.3,43578.6,158.74,187.62055528494884,3875.0,3943.65,3875.0,3908.7
2016-11-03,3896.0,3931.45,3882.6,3907.3,3908.614640198511,8060,1251,31503434.0,3753.0,46.56,48.85,11.3,1478111400.0,0.0,1.4395679997923239,11617.59,-0.6330185774402142,0.5375195975671485,0.38,-76.99050495226884,66.74069234669153,-113.04067759673983,259.85,4111.6,3851.7500000000005,63722.0,63032.3,-8778.9,5634.2,20.53,2016,150196.8,154249.5,-12618.2,15789.5,57.519999999999996,291808.5,299097.3,-33866.3,24316.600000000002,88.58999999999999,634223.2,646739.0,-79860.3,43578.6,158.74,190.32148075986362,3906.0,3931.0,3825.0,3851.85
2016-11-02,3970.0,3970.0,3879.45,3894.95,3908.82583664296,32481,3215,126962572.0,19511.0,60.07,90.55,-75.05,1478025000.0,0.0,-0.3160750390295175,11691.6,-1.4443299890246395,0.537599219008117,0.37,-76.91754708019359,65.68519278798452,-112.40094371237865,259.85,4111.6,3851.7500000000005,63722.0,63032.3,-8778.9,5634.2,20.53,2016,150196.8,154249.5,-12618.2,15789.5,57.519999999999996,291808.5,299097.3,-33866.3,24316.600000000002,88.58999999999999,634223.2,646739.0,-79860.3,43578.6,158.74,189.7199220652703,3896.0,3931.45,3882.6,3907.3
2016-11-01,3967.0,3992.3,3954.0,3975.3,3975.680676270985,8399,1677,33391742.0,5275.0,62.81,38.3,8.3,1477938600.0,0.0,2.0629276370685234,11862.94,-0.1342718048571778,0.5373623448136557,0.35,-77.38409679772596,63.29215186117438,-111.55683910946382,259.85,4111.6,3851.7500000000005,63722.0,63032.3,-8778.9,5634.2,20.53,2016,150196.8,154249.5,-12618.2,15789.5,57.519999999999996,291808.5,299097.3,-33866.3,24316.600000000002,88.58999999999999,634223.2,646739.0,-79860.3,43578.6,158.74,193.63370677057964,3970.0,3970.0,3879.45,3894.95
2016-10-30,3972.25,3993.65,3932.25,3971.4,3977.848039215687,1224,201,4868886.0,466.0,38.07,61.4,-0.85,1477765800.0,0.0,-0.09810580333560193,11878.89,0.2152974217458636,0.5376198880265474,,-77.36188749559349,63.07289654168024,,259.85,4111.6,3851.7500000000005,63722.0,63032.3,-8778.9,5634.2,20.53,2016,150196.8,154249.5,-12618.2,15789.5,57.519999999999996,291808.5,299097.3,-33866.3,24316.600000000002,88.58999999999999,634223.2,646739.0,-79860.3,43578.6,158.74,193.44374086702385,3967.0,3992.3,3954.0,3975.3
2016-10-28,3960.0,3982.0,3899.45,3972.25,3946.9296736655697,7906,1279,31204426.0,2094.0,26.49,82.55,12.25,1477593000.0,0.0,0.021403031676481277,11853.37,0.4875439349059762,0.5376167600308585,0.3,-77.36673170117692,63.4239882835008,-111.60324576237849,259.85,4111.6,3851.7500000000005,63722.0,63032.3,-8778.9,5634.2,20.53,2016,150196.8,154249.5,-12618.2,15789.5,57.519999999999996,291808.5,299097.3,-33866.3,24316.600000000002,88.58999999999999,634223.2,646739.0,-79860.3,43578.6,158.74,193.4851436921578,3972.25,3993.65,3932.25,3971.4
2016-10-27,3958.5,3971.3,3919.35,3945.65,3945.776071139854,12370,1670,48809250.0,7186.0,58.09,51.95,-12.85,1477506600.0,0.0,-0.669645666813512,11795.86,-0.3174903641632198,0.5375952724655931,0.3,-77.21414722542546,64.22075202655846,-111.87764132734877,259.85,4111.6,3851.7500000000005,63722.0,63032.3,-8778.9,5634.2,20.53,2016,150196.8,154249.5,-12618.2,15789.5,57.519999999999996,291808.5,299097.3,-33866.3,24316.600000000002,88.58999999999999,634223.2,646739.0,-79860.3,43578.6,158.74,192.18947881149538,3960.0,3982.0,3899.45,3972.25
2016-10-26,4017.2,4017.2,3930.85,3938.55,3961.348100660224,10451,2846,41400049.0,4988.0,47.73,86.35,-78.65,1477420200.0,0.0,-0.17994500272451308,11833.43,-0.82144317869427,0.5376041292548319,0.33,-77.17307130796867,63.69936696291776,-111.57070465549799,259.85,4111.6,3851.7500000000005,63722.0,63032.3,-8778.9,5634.2,20.53,2016,150196.8,154249.5,-12618.2,15789.5,57.519999999999996,291808.5,299097.3,-33866.3,24316.600000000002,88.58999999999999,634223.2,646739.0,-79860.3,43578.6,158.74,191.84364344861177,3958.5,3971.3,3919.35,3945.65
2016-10-25,3990.0,4030.45,3966.1,4017.2,4003.295175023652,9513,2358,38083347.0,4636.0,48.73,64.35,27.2,1477333800.0,0.0,1.9969278033794113,11931.44,-0.1782018181605171,0.5375237185975622,0.34,-77.61998406850543,62.35466967943517,-111.29433992219492,259.85,4111.6,3851.7500000000005,63722.0,63032.3,-8778.9,5634.2,20.53,2016,150196.8,154249.5,-12618.2,15789.5,57.519999999999996,291808.5,299097.3,-33866.3,24316.600000000002,88.58999999999999,634223.2,646739.0,-79860.3,43578.6,158.74,195.67462250365318,4017.2,4017.2,3930.85,3938.55
2016-10-24,3981.2,4009.2,3965.8,3977.25,3978.783181142492,9418,2266,37472180.0,4448.0,47.23,43.4,-3.95,1477247400.0,0.0,-0.9944737628198697,11952.74,0.1929634559738158,0.5377635883787227,0.33,-77.39518511534351,62.06535070619792,-110.9242088409274,259.85,4111.6,3851.7500000000005,63722.0,63032.3,-8778.9,5634.2,20.53,2016,150196.8,154249.5,-12618.2,15789.5,57.519999999999996,291808.5,299097.3,-33866.3,24316.600000000002,88.58999999999999,634223.2,646739.0,-79860.3,43578.6,158.74,193.7286897223575,3990.0,4030.45,3966.1,4017.2
2016-10-21,4020.0,4020.0,3950.0,3981.2,3981.3223760092274,6936,1203,27614452.0,2488.0,35.87,70.0,-38.8,1476988200.0,0.0,0.09931485322773881,11929.72,0.0191994419585617,0.5378141079014691,0.34,-77.41761278006632,62.378077607856696,-111.12256614465788,259.85,4111.6,3851.7500000000005,63722.0,63032.3,-8778.9,5634.2,20.53,2016,150196.8,154249.5,-12618.2,15789.5,57.519999999999996,291808.5,299097.3,-33866.3,24316.600000000002,88.58999999999999,634223.2,646739.0,-79860.3,43578.6,158.74,193.92109108621528,3981.2,4009.2,3965.8,3977.25
2016-10-20,4032.85,4047.5,3993.8,4008.2,4020.051653828727,8828,1905,35489016.0,4518.0,51.18,53.7,-24.65,1476901800.0,0.0,0.678187481161463,11927.43,0.4024539505472324,0.5378152775747801,0.35,-77.56973204929893,62.40925329262046,-111.29614658495319,259.85,4111.6,3851.7500000000005,63722.0,63032.3,-8778.9,5634.2,20.53,2016,150196.8,154249.5,-12618.2,15789.5,57.519999999999996,291808.5,299097.3,-33866.3,24316.600000000002,88.58999999999999,634223.2,646739.0,-79860.3,43578.6,158.74,195.2362396492937,4020.0,4020.0,3950.0,3981.2
2016-10-19,4024.1,4046.0,4005.25,4031.7,4032.222994256068,10794,2632,43523815.0,3340.0,30.94,40.75,7.6,1476815400.0,0.0,0.586298088917725,11879.62,-0.0385385638074109,0.5378318583969455,0.35,-77.70047374556638,63.06287574855087,-111.77945625482624,259.85,4111.6,3851.7500000000005,63722.0,63032.3,-8778.9,5634.2,20.53,2016,150196.8,154249.5,-12618.2,15789.5,57.519999999999996,291808.5,299097.3,-33866.3,24316.600000000002,88.58999999999999,634223.2,646739.0,-79860.3,43578.6,158.74,196.3809059912323,4032.85,4047.5,3993.8,4008.2
2016-10-18,4030.0,4049.0,3992.05,4015.25,4011.824181196024,12274,1842,49241130.0,2826.0,23.02,56.95,-14.75,1476729000.0,0.0,-0.40801646947936643,11884.2,1.7120614575630633,0.5378546452988273,0.34,-77.60911524811655,63.00003365813431,-111.65110542572496,259.85,4111.6,3851.7500000000005,63722.0,63032.3,-8778.9,5634.2,20.53,2016,150196.8,154249.5,-12618.2,15789.5,57.519999999999996,291808.5,299097.3,-33866.3,24316.600000000002,88.58999999999999,634223.2,646739.0,-79860.3,43578.6,158.74,195.5796395518753,4024.1,4046.0,4005.25,4031.7
2016-10-17,4038.4,4069.55,3965.0,4008.7,4006.982440707785,59114,7736,236868760.0,4241.0,7.17,104.55,-29.7,1476642600.0,0.0,-0.163128074217056,11684.16,-0.7680940329183206,0.5375570381378446,0.34,-77.57252974779854,65.79069441021007,-113.09601117901624,259.85,4111.6,3851.7500000000005,63722.0,63032.3,-8778.9,5634.2,20.53,2016,150196.8,154249.5,-12618.2,15789.5,57.519999999999996,291808.5,299097.3,-33866.3,24316.600000000002,88.58999999999999,634223.2,646739.0,-79860.3,43578.6,158.74,195.26059425231367,4030.0,4049.0,3992.05,4015.25
2016-10-14,3970.65,4057.0,3939.25,4038.4,4017.099523751373,8189,1297,32896028.0,2411.0,29.44,117.75,67.75,1476383400.0,0.0,0.7408885673659826,11774.6,0.3374520664678249,0.5374861558550529,0.32,-77.7374702852615,64.5172659793114,-112.56261199288596,259.85,4111.6,3851.7500000000005,63722.0,63032.3,-8778.9,5634.2,20.53,2016,150196.8,154249.5,-12618.2,15789.5,57.519999999999996,291808.5,299097.3,-33866.3,24316.600000000002,88.58999999999999,634223.2,646739.0,-79860.3,43578.6,158.74,196.70725767169995,4038.4,4069.55,3965.0,4008.7
2016-10-13,3978.15,4008.15,3941.95,3982.3,3984.266305782941,7574,1096,30176833.0,1894.0,25.01,66.2,4.15,1476297000.0,0.0,-1.3891640253565707,11735.0,-1.5159080971799188,0.5375129579988642,0.3,-77.42385053863346,65.07243289305495,-112.53987253976236,259.85,4111.6,3851.7500000000005,63722.0,63032.3,-8778.9,5634.2,20.53,2016,150196.8,154249.5,-12618.2,15789.5,57.519999999999996,291808.5,299097.3,-33866.3,24316.600000000002,88.58999999999999,634223.2,646739.0,-79860.3,43578.6,158.74,193.97467121285922,3970.65,4057.0,3939.25,4038.4
2016-10-10,3939.3,3991.4,3939.3,3978.15,3979.237035337311,4358,895,17341515.0,1385.0,31.78,52.1,38.85,1476037800.0,0.0,-0.10421113426913875,11915.63,0.0656711855496539,0.537353605133544,,-77.40029913401958,62.57008651661727,,259.85,4111.6,3851.7500000000005,63722.0,63032.3,-8778.9,5634.2,20.53,2016,150196.8,154249.5,-12618.2,15789.5,57.519999999999996,291808.5,299097.3,-33866.3,24316.600000000002,88.58999999999999,634223.2,646739.0,-79860.3,43578.6,158.74,193.77252800779345,3978.15,4008.15,3941.95,3982.3
2016-10-07,3963.15,3975.0,3905.0,3939.3,3935.721341603492,4353,922,17132195.0,910.0,20.91,70.0,-23.85,1475778600.0,0.0,-0.9765845933411232,11907.81,-0.1279871710893276,0.5373537488939307,0.33,-77.1774173076435,62.67684821978181,-111.00972993026414,259.85,4111.6,3851.7500000000005,63722.0,63032.3,-8778.9,5634.2,20.53,2016,150196.8,154249.5,-12618.2,15789.5,57.519999999999996,291808.5,299097.3,-33866.3,24316.600000000002,88.58999999999999,634223.2,646739.0,-79860.3,43578.6,158.74,191.88017535314174,3939.3,3991.4,3939.3,3978.15
2016-10-06,4040.0,4040.0,3946.15,3963.15,3980.234771573604,7092,1445,28227825.0,2518.0,35.5,93.85,-76.85,1475692200.0,0.0,0.6054375142791946,11923.07,-0.3556021334456649,0.5374016233373594,0.33,-77.31476224720235,62.46864272372803,-111.03816971891399,259.85,4111.6,3851.7500000000005,63722.0,63032.3,-8778.9,5634.2,20.53,2016,150196.8,154249.5,-12618.2,15789.5,57.519999999999996,291808.5,299097.3,-33866.3,24316.600000000002,88.58999999999999,634223.2,646739.0,-79860.3,43578.6,158.74,193.04188991719434,3963.15,3975.0,3905.0,3939.3
2016-10-05,3969.9,4050.0,3940.0,4033.65,4009.357308421719,14237,2454,57081220.0,6562.0,46.09,110.0,63.75,1475605800.0,0.0,1.7788880057530099,11965.62,-0.0198863636363566,0.5374091797543109,0.32,-77.71125407509328,61.89090076402224,-111.12002135142055,259.85,4111.6,3851.7500000000005,63722.0,63032.3,-8778.9,5634.2,20.53,2016,150196.8,154249.5,-12618.2,15789.5,57.519999999999996,291808.5,299097.3,-33866.3,24316.600000000002,88.58999999999999,634223.2,646739.0,-79860.3,43578.6,158.74,196.47588894301023,4040.0,4040.0,3946.15,3963.15
2016-10-04,3940.0,3991.2,3930.05,3955.6,3964.950437317784,6517,1218,25839582.0,1708.0,26.21,61.15,15.6,1475519400.0,0.0,-1.9349720476491528,11968.0,0.4400125214320427,0.5376046239952933,0.33,-77.27146324198605,61.85870655080215,-110.67958039214679,259.85,4111.6,3851.7500000000005,63722.0,63032.3,-8778.9,5634.2,20.53,2016,150196.8,154249.5,-12618.2,15789.5,57.519999999999996,291808.5,299097.3,-33866.3,24316.600000000002,88.58999999999999,634223.2,646739.0,-79860.3,43578.6,158.74,192.67413541159277,3969.9,4050.0,3940.0,4033.65
2016-10-03,3867.95,3934.8,3857.9,3926.5,3913.670871559633,9592,1498,37539931.0,2888.0,30.11,76.9,58.55,1475433000.0,0.0,-0.7356658913944769,11915.57,1.836821031310221,0.5377975491793171,0.32,-77.1030179549217,62.57090512665362,-110.9014021662302,259.85,4111.6,3851.7500000000005,63722.0,63032.3,-8778.9,5634.2,20.53,2016,150196.8,154249.5,-12618.2,15789.5,57.519999999999996,291808.5,299097.3,-33866.3,24316.600000000002,88.58999999999999,634223.2,646739.0,-79860.3,43578.6,158.74,191.25669751583047,3940.0,3991.2,3930.05,3955.6
2016-09-30,3899.0,3899.0,3842.05,3857.9,3868.949704671559,5587,1391,21615822.0,1516.0,27.13,56.95,-41.1,1475173800.0,9.5,-1.7471030179549207,11700.65,0.8405497831617703,0.5374726785334328,0.29,-76.69587081054459,65.55704170281138,-112.06512253450788,259.85,4111.6,3851.7500000000005,61956.5,61346.3,-9301.1,6010.5,21.9,2016,138716.0,140427.3,-12135.7,12517.5,45.61,279631.9,284675.3,-31103.8,25736.1,93.75999999999999,609818.0,620400.5,-76532.7,44722.2,162.92,176.15981735159818,3867.95,3934.8,3857.9,3926.5
2016-09-29,3970.55,3998.0,3835.75,3857.75,3901.898256136843,9003,1520,35128790.0,3076.0,34.17,162.25,-112.8,1475087400.0,9.5,-0.0038881256642198103,11603.12,-2.3830636409066352,0.5375734261948759,0.26,-76.69496468148532,66.9486310578534,-112.80500056750158,259.85,4111.6,3851.7500000000005,61956.5,61346.3,-9301.1,6010.5,21.9,2016,138716.0,140427.3,-12135.7,12517.5,45.61,279631.9,284675.3,-31103.8,25736.1,93.75999999999999,609818.0,620400.5,-76532.7,44722.2,162.92,176.1529680365297,3899.0,3899.0,3842.05,3857.9
2016-09-28,3940.0,3978.9,3901.25,3970.55,3944.684057971015,4485,883,17691908.0,1743.0,38.86,77.65,30.55,1475001000.0,9.5,2.923984187674167,11886.38,0.5879714645973033,0.5369292695705302,0.27,-77.35704121595245,62.97013893212233,-111.29258101474767,259.85,4111.6,3851.7500000000005,61956.5,61346.3,-9301.1,6010.5,21.9,2016,138716.0,140427.3,-12135.7,12517.5,45.61,279631.9,284675.3,-31103.8,25736.1,93.75999999999999,609818.0,620400.5,-76532.7,44722.2,162.92,181.30365296803654,3970.55,3998.0,3835.75,3857.75
2016-09-27,3930.0,3959.15,3905.1,3914.95,3925.946022727273,5984,1057,23492861.0,1564.0,26.14,54.05,-15.05,1474914600.0,9.5,-1.4003097807608555,11816.9,-0.1369885009097404,0.5374156316808976,0.26,-77.03546660876894,63.9283568448578,-111.511836820633,259.85,4111.6,3851.7500000000005,61956.5,61346.3,-9301.1,6010.5,21.9,2016,138716.0,140427.3,-12135.7,12517.5,45.61,279631.9,284675.3,-31103.8,25736.1,93.75999999999999,609818.0,620400.5,-76532.7,44722.2,162.92,178.7648401826484,3940.0,3978.9,3901.25,3970.55
2016-09-26,3963.6,3963.6,3906.5,3936.9,3933.6847664631136,6059,1208,23834196.0,1582.0,26.11,57.1,-26.7,1474828200.0,9.5,0.5606712729409047,11833.11,-0.9583506659490926,0.5375204173881494,0.25,-77.16350428001728,63.70379384625004,-111.52121403311519,259.85,4111.6,3851.7500000000005,61956.5,61346.3,-9301.1,6010.5,21.9,2016,138716.0,140427.3,-12135.7,12517.5,45.61,279631.9,284675.3,-31103.8,25736.1,93.75999999999999,609818.0,620400.5,-76532.7,44722.2,162.92,179.76712328767124,3930.0,3959.15,3905.1,3914.95
2016-09-23,3995.5,4010.5,3955.3,3963.6,3975.140441239592,11649,1247,46306411.0,6474.0,55.58,55.2,-31.9,1474569000.0,9.5,0.6781985826411541,11947.61,-0.1911367036771194,0.5374322068470894,0.18,-77.31733777374104,62.13493744774059,-110.79391653135366,259.85,4111.6,3851.7500000000005,61956.5,61346.3,-9301.1,6010.5,21.9,2016,138716.0,140427.3,-12135.7,12517.5,45.61,279631.9,284675.3,-31103.8,25736.1,93.75999999999999,609818.0,620400.5,-76532.7,44722.2,162.92,180.986301369863,3963.6,3963.6,3906.5,3936.9
2016-09-22,3999.0,4004.9,3964.25,3986.75,3981.726703028896,8617,2441,34310539.0,2859.0,33.18,40.65,-12.25,1474482600.0,9.5,0.5840649914219398,11970.49,1.0986959900003423,0.5374570762886,0.18,-77.4490499780523,61.82503807279402,-110.7606119083556,259.85,4111.6,3851.7500000000005,61956.5,61346.3,-9301.1,6010.5,21.9,2016,138716.0,140427.3,-12135.7,12517.5,45.61,279631.9,284675.3,-31103.8,25736.1,93.75999999999999,609818.0,620400.5,-76532.7,44722.2,162.92,182.0433789954338,3995.5,4010.5,3955.3,3963.6
2016-09-21,4000.0,4010.0,3940.5,3963.15,3964.477632620744,5052,1307,20028541.0,1880.0,37.21,69.5,-36.85,1474396200.0,9.5,-0.5919608703831458,11840.4,0.0081084916178308,0.5373579892227901,0.22,-77.31476224720235,63.603003276916326,-111.59412543898762,259.85,4111.6,3851.7500000000005,61956.5,61346.3,-9301.1,6010.5,21.9,2016,138716.0,140427.3,-12135.7,12517.5,45.61,279631.9,284675.3,-31103.8,25736.1,93.75999999999999,609818.0,620400.5,-76532.7,44722.2,162.92,180.96575342465755,3999.0,4004.9,3964.25,3986.75
2016-09-20,4000.0,4029.1,3971.55,3984.05,3998.7083088954055,5115,1068,20453393.0,1594.0,31.16,57.55,-15.95,1474309800.0,9.5,0.5273582882303174,11839.44,-0.2913919777935758,0.5373754717165449,0.3,-77.43376714649666,63.61626901272357,-111.75837707454065,259.85,4111.6,3851.7500000000005,61956.5,61346.3,-9301.1,6010.5,21.9,2016,138716.0,140427.3,-12135.7,12517.5,45.61,279631.9,284675.3,-31103.8,25736.1,93.75999999999999,609818.0,620400.5,-76532.7,44722.2,162.92,181.92009132420094,4000.0,4010.0,3940.5,3963.15
2016-09-19,3923.0,4001.0,3895.5,3990.1,3944.943231441048,12137,2607,47879776.0,3549.0,29.24,105.5,67.1,1474223400.0,9.5,0.1518555239015562,11874.04,0.2818252683336464,0.5373826163748278,0.3,-77.46798325856494,63.13950433045535,-111.53684050736236,259.85,4111.6,3851.7500000000005,61956.5,61346.3,-9301.1,6010.5,21.9,2016,138716.0,140427.3,-12135.7,12517.5,45.61,279631.9,284675.3,-31103.8,25736.1,93.75999999999999,609818.0,620400.5,-76532.7,44722.2,162.92,182.19634703196348,4000.0,4029.1,3971.55,3984.05
2016-09-16,3950.0,4026.0,3884.1,3930.5,3965.8788417242513,15195,2453,60261529.0,5836.0,38.41,141.9,-19.5,1473964200.0,9.5,-1.4936968998270683,11840.67,0.4199759989483631,0.5373786136246892,0.3,-77.12631980664038,63.59927267629282,-111.44199520087778,259.85,4111.6,3851.7500000000005,61956.5,61346.3,-9301.1,6010.5,21.9,2016,138716.0,140427.3,-12135.7,12517.5,45.61,279631.9,284675.3,-31103.8,25736.1,93.75999999999999,609818.0,620400.5,-76532.7,44722.2,162.92,179.47488584474888,3923.0,4001.0,3895.5,3990.1
2016-09-15,3944.9,3954.6,3888.0,3929.4,3912.813064983796,5863,1176,22940823.0,1265.0,21.58,66.6,-15.5,1473877800.0,9.5,-0.027986261289913994,11791.15,0.0223098404210198,0.5374866583254376,0.29,-77.11991652669619,64.28635035598734,-111.80710102455976,259.85,4111.6,3851.7500000000005,61956.5,61346.3,-9301.1,6010.5,21.9,2016,138716.0,140427.3,-12135.7,12517.5,45.61,279631.9,284675.3,-31103.8,25736.1,93.75999999999999,609818.0,620400.5,-76532.7,44722.2,162.92,179.4246575342466,3950.0,4026.0,3884.1,3930.5
2016-09-14,4050.0,4050.0,3837.05,3944.9,3906.45754549961,14121,2962,55163087.0,2317.0,16.41,212.95,-105.1,1473791400.0,9.5,0.39446225886903274,11788.52,0.5036898607265083,0.537486633259914,0.33,-77.20981520444118,64.32300237858526,-111.93519860510064,259.85,4111.6,3851.7500000000005,61956.5,61346.3,-9301.1,6010.5,21.9,2016,138716.0,140427.3,-12135.7,12517.5,45.61,279631.9,284675.3,-31103.8,25736.1,93.75999999999999,609818.0,620400.5,-76532.7,44722.2,162.92,180.1324200913242,3944.9,3954.6,3888.0,3929.4
2016-09-12,3965.0,3965.0,3845.65,3868.15,3870.927931292009,8034,1646,31099035.0,2500.0,31.12,119.35,-96.85,1473618600.0,9.5,-1.945549950569092,11729.44,-2.030807060800588,0.5374746229379822,0.37,-76.75762315318693,65.15068068040759,-111.94559507555482,259.85,4111.6,3851.7500000000005,61956.5,61346.3,-9301.1,6010.5,21.9,2016,138716.0,140427.3,-12135.7,12517.5,45.61,279631.9,284675.3,-31103.8,25736.1,93.75999999999999,609818.0,620400.5,-76532.7,44722.2,162.92,176.62785388127855,4050.0,4050.0,3837.05,3944.9
2016-09-09,4110.0,4110.0,3943.0,3971.7,3999.5567886116633,13066,2077,52258209.0,5523.0,42.27,167.0,-138.3,1473359400.0,9.5,2.6769902925170896,11972.58,-0.8428611063949654,0.5372159536208679,0.35,-77.36359745197271,61.79678899618963,-110.72379279950098,259.85,4111.6,3851.7500000000005,61956.5,61346.3,-9301.1,6010.5,21.9,2016,138716.0,140427.3,-12135.7,12517.5,45.61,279631.9,284675.3,-31103.8,25736.1,93.75999999999999,609818.0,620400.5,-76532.7,44722.2,162.92,181.35616438356163,3965.0,3965.0,3845.65,3868.15
2016-09-08,4075.05,4130.0,4075.0,4111.6,4112.735407826497,10605,1925,43615559.0,3764.0,35.49,55.0,36.55,1473273000.0,9.5,3.522421129491171,12074.35,0.4447258064918635,0.5375671834345014,0.35,-78.13381651911665,60.43306679034481,-110.78250150570933,259.85,4111.6,3851.7500000000005,61956.5,61346.3,-9301.1,6010.5,21.9,2016,138716.0,140427.3,-12135.7,12517.5,45.61,279631.9,284675.3,-31103.8,25736.1,93.75999999999999,609818.0,620400.5,-76532.7,44722.2,162.92,187.74429223744295,4110.0,4110.0,3943.0,3971.7
2016-09-07,4080.0,4117.25,4072.25,4088.65,4089.731090875302,5381,838,22006843.0,1956.0,36.35,45.0,8.65,1473186600.0,9.5,-0.558176865453841,12020.89,-0.0506361530492327,0.5383029260680318,0.34,-78.01107945165275,61.146554040507816,-111.08342541577201,259.85,4088.65,3828.8,61956.5,61346.3,-9301.1,6010.5,21.9,2016,138716.0,140427.3,-12135.7,12517.5,45.61,279631.9,284675.3,-31103.8,25736.1,93.75999999999999,609818.0,620400.5,-76532.7,44722.2,162.92,186.69634703196348,4075.05,4130.0,4075.0,4111.6
2016-09-06,4087.6,4102.3,4050.95,4074.95,4078.356071898291,22810,2975,93027302.0,7888.0,34.58,51.35,-12.65,1473100200.0,9.5,-0.3350739241559042,12026.98,1.4846810783535114,0.5383174371906982,0.32,-77.93715260309942,61.06495562477032,-110.95722143728847,259.85,4087.6,3827.75,61956.5,61346.3,-9301.1,6010.5,21.9,2016,138716.0,140427.3,-12135.7,12517.5,45.61,279631.9,284675.3,-31103.8,25736.1,93.75999999999999,609818.0,620400.5,-76532.7,44722.2,162.92,186.07077625570776,4080.0,4117.25,4072.25,4088.65
2016-09-02,4060.0,4099.25,4037.6,4087.6,4071.749103942652,14229,2439,57936918.0,4930.0,34.65,61.65,27.6,1472754600.0,9.5,0.31043325684978473,11851.03,0.3896644057660214,0.5380934815771339,0.33,-78.00543105979058,63.45625654478977,-112.30325822290784,259.85,4087.6,3827.75,61956.5,61346.3,-9301.1,6010.5,21.9,2016,138716.0,140427.3,-12135.7,12517.5,45.61,279631.9,284675.3,-31103.8,25736.1,93.75999999999999,609818.0,620400.5,-76532.7,44722.2,162.92,186.64840182648402,4087.6,4102.3,4050.95,4074.95
2016-09-01,3971.0,4094.9,3960.0,4056.3,4019.838456827923,32660,4587,131287924.0,5353.0,16.39,134.9,85.3,1472668200.0,9.5,-0.7657305020060567,11805.03,-0.2523048376452896,0.5380877575275691,0.33,-77.83571234869216,64.0931873955424,-112.47590286716972,259.85,4056.3,3796.4500000000003,61956.5,61346.3,-9301.1,6010.5,21.9,2016,138716.0,140427.3,-12135.7,12517.5,45.61,279631.9,284675.3,-31103.8,25736.1,93.75999999999999,609818.0,620400.5,-76532.7,44722.2,162.92,185.2191780821918,4060.0,4099.25,4037.6,4087.6
2016-08-31,3903.05,4065.0,3903.05,4029.15,4029.4616220024072,34069,4541,137279728.0,10013.0,29.39,161.95,126.1,1472581800.0,9.5,-0.6693291916278432,11834.89,0.3906236745939262,0.538108817501876,0.33,-77.68636064678654,63.67917234549709,-112.10510886734453,259.85,4029.15,3769.3,61956.5,61346.3,-9301.1,6010.5,21.9,2016,138716.0,140427.3,-12135.7,12517.5,45.61,279631.9,284675.3,-31103.8,25736.1,93.75999999999999,609818.0,620400.5,-76532.7,44722.2,162.92,183.97945205479454,3971.0,4094.9,3960.0,4056.3
2016-08-30,3808.0,3909.0,3808.0,3888.65,3877.4733336598274,20419,2566,79174128.0,6620.0,32.42,101.0,80.65,1472495400.0,9.5,-3.4870878473127087,11788.84,1.3972522855331793,0.5381184241261001,0.33,-76.88015120928857,64.31854194305802,-111.6435645618138,259.85,3914.7,3654.85,61956.5,61346.3,-9301.1,6010.5,21.9,2016,138716.0,140427.3,-12135.7,12517.5,45.61,279631.9,284675.3,-31103.8,25736.1,93.75999999999999,609818.0,620400.5,-76532.7,44722.2,162.92,177.56392694063928,3903.05,4065.0,3903.05,4029.15
2016-08-29,3799.0,3810.0,3763.95,3787.6,3781.3660274902422,5893,982,22283590.0,2331.0,39.56,46.05,-11.4,1472409000.0,9.5,-2.598588198989371,11626.39,0.2977083958771054,0.5386183348335862,0.33,-76.26333298130743,66.61448652591217,-112.29537273919352,259.85,3914.7,3654.85,61956.5,61346.3,-9301.1,6010.5,21.9,2016,138716.0,140427.3,-12135.7,12517.5,45.61,279631.9,284675.3,-31103.8,25736.1,93.75999999999999,609818.0,620400.5,-76532.7,44722.2,162.92,172.94977168949774,3808.0,3909.0,3808.0,3888.65
2016-08-26,3820.35,3849.0,3771.05,3800.8,3801.252970922881,7910,1303,30067911.0,1848.0,23.36,77.95,-19.55,1472149800.0,9.5,0.3485056500158512,11591.88,-0.1418806290299779,0.53899866442844,0.34,-76.34576931172386,67.11051184104737,-112.67498601725174,259.85,3914.7,3654.85,61956.5,61346.3,-9301.1,6010.5,21.9,2016,138716.0,140427.3,-12135.7,12517.5,45.61,279631.9,284675.3,-31103.8,25736.1,93.75999999999999,609818.0,620400.5,-76532.7,44722.2,162.92,173.55251141552515,3799.0,3810.0,3763.95,3787.6
2016-08-25,3819.7,3839.0,3763.7,3792.05,3791.455626039293,16237,2538,61561865.0,7027.0,43.28,75.3,-27.65,1472063400.0,9.5,-0.23021469164385966,11608.35,-0.5393572267013869,0.5390041102392739,0.33,-76.29118814361625,66.87341439567207,-112.48836201223877,259.85,3914.7,3654.85,61956.5,61346.3,-9301.1,6010.5,21.9,2016,138716.0,140427.3,-12135.7,12517.5,45.61,279631.9,284675.3,-31103.8,25736.1,93.75999999999999,609818.0,620400.5,-76532.7,44722.2,162.92,173.1529680365297,3820.35,3849.0,3771.05,3800.8
2016-08-24,3828.0,3849.85,3799.05,3819.7,3819.9486650151393,7266,1190,27755747.0,1450.0,19.96,50.8,-8.3,1471977000.0,9.5,0.729157052254048,11671.3,0.3967250399563582,0.5389689500400817,0.31,-76.46281121554048,65.97337057568566,-112.16332911081058,259.85,3914.7,3654.85,61956.5,61346.3,-9301.1,6010.5,21.9,2016,138716.0,140427.3,-12135.7,12517.5,45.61,279631.9,284675.3,-31103.8,25736.1,93.75999999999999,609818.0,620400.5,-76532.7,44722.2,162.92,174.41552511415526,3819.7,3839.0,3763.7,3792.05
2016-08-23,3840.15,3861.95,3767.2,3826.1,3830.0347883890977,18052,2502,69139788.0,4018.0,22.26,94.75,-14.05,1471890600.0,9.5,0.16755242558317285,11625.18,-0.0727201460591797,0.5389905817354902,0.3,-76.5021823789237,66.63182849641898,-112.55441320778733,259.85,3914.7,3654.85,61956.5,61346.3,-9301.1,6010.5,21.9,2016,138716.0,140427.3,-12135.7,12517.5,45.61,279631.9,284675.3,-31103.8,25736.1,93.75999999999999,609818.0,620400.5,-76532.7,44722.2,162.92,174.70776255707764,3828.0,3849.85,3799.05,3819.7
2016-08-22,3915.0,3920.0,3848.0,3865.8,3874.663586728265,4762,1225,18451148.0,1259.0,26.44,72.0,-49.2,1471804200.0,9.5,1.0376100990564963,11633.64,-0.4069794318724673,0.5389918074249703,0.29,-76.74349423146568,66.5106535873553,-112.72588399737715,259.85,3914.7,3654.85,61956.5,61346.3,-9301.1,6010.5,21.9,2016,138716.0,140427.3,-12135.7,12517.5,45.61,279631.9,284675.3,-31103.8,25736.1,93.75999999999999,609818.0,620400.5,-76532.7,44722.2,162.92,176.5205479452055,3840.15,3861.95,3767.2,3826.1
2016-08-19,3900.0,3953.6,3881.1,3914.7,3922.1131408367705,16970,2460,66558260.0,3560.0,20.98,72.5,14.7,1471545000.0,9.5,1.2649386931553597,11681.18,0.0958011996572416,0.5390392271884458,0.3,-77.03400005108948,65.83298947537834,-112.65885205324597,259.85,3914.7,3654.85,61956.5,61346.3,-9301.1,6010.5,21.9,2016,138716.0,140427.3,-12135.7,12517.5,45.61,279631.9,284675.3,-31103.8,25736.1,93.75999999999999,609818.0,620400.5,-76532.7,44722.2,162.92,178.75342465753425,3915.0,3920.0,3848.0,3865.8
2016-08-18,3701.0,3890.0,3701.0,3871.2,3830.569020479135,20704,2613,79308101.0,5230.0,25.26,189.0,170.2,1471458600.0,9.5,-1.1111962602498249,11670.0,0.6306879620862738,0.5391409727475426,0.3,-76.77593511056003,65.99185946872322,-112.49310812612234,259.85,3871.2,3611.35,61956.5,61346.3,-9301.1,6010.5,21.9,2016,138716.0,140427.3,-12135.7,12517.5,45.61,279631.9,284675.3,-31103.8,25736.1,93.75999999999999,609818.0,620400.5,-76532.7,44722.2,162.92,176.76712328767124,3900.0,3953.6,3881.1,3914.7
2016-08-17,3730.0,3736.7,3673.35,3700.55,3697.381999630384,5411,1066,20006534.0,2333.0,43.12,63.35,-29.45,1471372200.0,9.5,-4.408193841702824,11596.86,0.0506427837484224,0.5391703022058377,0.3,-75.7049627758036,67.03875014443564,-111.98851486001885,259.85,3802.7,3542.85,61956.5,61346.3,-9301.1,6010.5,21.9,2016,138716.0,140427.3,-12135.7,12517.5,45.61,279631.9,284675.3,-31103.8,25736.1,93.75999999999999,609818.0,620400.5,-76532.7,44722.2,162.92,168.97488584474888,3701.0,3890.0,3701.0,3871.2
2016-08-16,3736.6,3759.8,3705.65,3738.45,3739.7577959183673,12250,1530,45812033.0,6136.0,50.09,54.15,1.85,1471285800.0,9.5,1.0241720825282519,11590.99,-0.0648359142683019,0.54030593459985,0.27,-75.95126322406345,67.12334321744736,-112.3425213122909,259.85,3802.7,3542.85,61956.5,61346.3,-9301.1,6010.5,21.9,2016,138716.0,140427.3,-12135.7,12517.5,45.61,279631.9,284675.3,-31103.8,25736.1,93.75999999999999,609818.0,620400.5,-76532.7,44722.2,162.92,170.7054794520548,3730.0,3736.7,3673.35,3700.55
2016-08-12,3720.0,3764.6,3669.65,3713.2,3718.170660694288,8930,1742,33203264.0,1686.0,18.88,94.95,-6.8,1470940200.0,9.5,-0.6754136072436467,11598.51,0.7394880908022428,0.5403727587438988,0.29,-75.78773025961435,67.01498726991657,-112.1340957078107,259.85,3802.7,3542.85,61956.5,61346.3,-9301.1,6010.5,21.9,2016,138716.0,140427.3,-12135.7,12517.5,45.61,279631.9,284675.3,-31103.8,25736.1,93.75999999999999,609818.0,620400.5,-76532.7,44722.2,162.92,169.55251141552512,3736.6,3759.8,3705.65,3738.45
2016-08-11,3737.45,3781.7,3662.0,3703.7,3722.5637609807904,10359,1989,38562038.0,2201.0,21.25,119.7,-33.75,1470853800.0,9.5,-0.25584401594311856,11513.37,0.1418623543758324,0.540342744164978,0.28,-75.72562572562572,68.2500432106325,-112.73274539507102,259.85,3802.7,3542.85,61956.5,61346.3,-9301.1,6010.5,21.9,2016,138716.0,140427.3,-12135.7,12517.5,45.61,279631.9,284675.3,-31103.8,25736.1,93.75999999999999,609818.0,620400.5,-76532.7,44722.2,162.92,169.11872146118722,3720.0,3764.6,3669.65,3713.2
2016-08-10,3808.0,3810.0,3715.0,3728.5,3768.648790287361,11449,1147,43147260.0,5719.0,49.95,95.0,-79.5,1470767400.0,9.5,0.6696006696006673,11497.06,-1.2370855943654724,0.5403443295547513,0.28,-75.88708595950115,68.48872668316946,-113.02328464890164,259.85,3802.7,3542.85,61956.5,61346.3,-9301.1,6010.5,21.9,2016,138716.0,140427.3,-12135.7,12517.5,45.61,279631.9,284675.3,-31103.8,25736.1,93.75999999999999,609818.0,620400.5,-76532.7,44722.2,162.92,170.25114155251143,3737.45,3781.7,3662.0,3703.7
2016-08-09,3790.0,3838.0,3756.45,3801.8,3797.888794040043,12886,1979,48939595.0,5537.0,42.97,81.55,11.8,1470681000.0,9.5,1.9659380447901276,11641.07,-0.4222257008510421,0.5401938754684509,0.29,-76.35199116208112,66.40437691724215,-112.35657265318804,259.85,3802.7,3542.85,61956.5,61346.3,-9301.1,6010.5,21.9,2016,138716.0,140427.3,-12135.7,12517.5,45.61,279631.9,284675.3,-31103.8,25736.1,93.75999999999999,609818.0,620400.5,-76532.7,44722.2,162.92,173.59817351598176,3808.0,3810.0,3715.0,3728.5
2016-08-08,3819.0,3826.55,3750.0,3779.85,3785.725459522879,5114,978,19360200.0,2133.0,41.71,76.55,-39.15,1470594600.0,9.5,-0.5773580935346523,11690.43,0.5394011374552754,0.5404114815977343,0.31,-76.21466460309271,65.7017748705565,-111.86313054519565,259.85,3802.7,3542.85,61956.5,61346.3,-9301.1,6010.5,21.9,2016,138716.0,140427.3,-12135.7,12517.5,45.61,279631.9,284675.3,-31103.8,25736.1,93.75999999999999,609818.0,620400.5,-76532.7,44722.2,162.92,172.5958904109589,3790.0,3838.0,3756.45,3801.8
2016-08-05,3661.0,3832.7,3661.0,3802.7,3772.841444938927,21122,2991,79689957.0,7078.0,33.51,171.7,141.7,1470335400.0,9.5,0.6045213434395569,11627.71,1.521462965307374,0.5404010934465463,0.28,-76.35758802955795,66.59557212899188,-112.47459572059847,259.85,3802.7,3542.85,61956.5,61346.3,-9301.1,6010.5,21.9,2016,138716.0,140427.3,-12135.7,12517.5,45.61,279631.9,284675.3,-31103.8,25736.1,93.75999999999999,609818.0,620400.5,-76532.7,44722.2,162.92,173.63926940639269,3819.0,3826.55,3750.0,3779.85
2016-08-04,3680.0,3700.0,3636.6,3661.0,3670.8452120682114,4574,966,16790446.0,1561.0,34.13,63.4,-19.0,1470249000.0,9.5,-3.726299734399241,11453.45,0.1925391726676606,0.5401838447134888,0.26,-75.4425020486206,69.13026206077643,-112.90510499503633,259.85,3755.8,3495.9500000000003,61956.5,61346.3,-9301.1,6010.5,21.9,2016,138716.0,140427.3,-12135.7,12517.5,45.61,279631.9,284675.3,-31103.8,25736.1,93.75999999999999,609818.0,620400.5,-76532.7,44722.2,162.92,167.1689497716895,3661.0,3832.7,3661.0,3802.7
2016-08-03,3660.0,3704.65,3652.05,3673.7,3674.337123262949,5541,1110,20359502.0,1707.0,30.81,52.6,13.7,1470162600.0,9.5,0.34689975416553054,11431.44,-1.043628808864261,0.5409933332882708,0.28,-75.52739744671584,69.45590406807891,-113.2311003717355,259.85,3755.8,3495.9500000000003,61956.5,61346.3,-9301.1,6010.5,21.9,2016,138716.0,140427.3,-12135.7,12517.5,45.61,279631.9,284675.3,-31103.8,25736.1,93.75999999999999,609818.0,620400.5,-76532.7,44722.2,162.92,167.7488584474886,3680.0,3700.0,3636.6,3661.0
2016-08-02,3757.0,3757.95,3660.2,3680.8,3697.525530503978,9048,1629,33455211.0,3070.0,33.93,97.75,-76.2,1470076200.0,9.5,0.19326564499007048,11552.0,-0.3405949887331005,0.5408719807926051,0.29,-75.57460334709846,67.68741343490305,-112.3179758519326,259.85,3755.8,3495.9500000000003,61956.5,61346.3,-9301.1,6010.5,21.9,2016,138716.0,140427.3,-12135.7,12517.5,45.61,279631.9,284675.3,-31103.8,25736.1,93.75999999999999,609818.0,620400.5,-76532.7,44722.2,162.92,168.0730593607306,3660.0,3704.65,3652.05,3673.7
2016-08-01,3718.0,3768.0,3718.0,3755.8,3752.9679506933753,29205,1981,109605429.0,16865.0,57.75,50.0,37.8,1469989800.0,9.5,2.0376005216257376,11591.48,0.0476438724110961,0.5408591329474993,0.29,-76.0623568880132,67.11627850800761,-112.49595993996229,259.85,3755.8,3495.9500000000003,61956.5,61346.3,-9301.1,6010.5,21.9,2016,138716.0,140427.3,-12135.7,12517.5,45.61,279631.9,284675.3,-31103.8,25736.1,93.75999999999999,609818.0,620400.5,-76532.7,44722.2,162.92,171.4977168949772,3757.0,3757.95,3660.2,3680.8
2016-07-29,3679.0,3737.0,3656.75,3705.75,3713.823649990391,15611,1614,57976501.0,3063.0,19.62,80.25,26.75,1469730600.0,9.5,-1.3326055700516592,11585.96,-0.1046723170174512,0.5411188558266529,0.28,-75.73905417256965,67.19589917451813,-112.22850897049656,259.85,3705.75,3445.9,61956.5,61346.3,-9301.1,6010.5,21.9,2016,138716.0,140427.3,-12135.7,12517.5,45.61,279631.9,284675.3,-31103.8,25736.1,93.75999999999999,609818.0,620400.5,-76532.7,44722.2,162.92,169.2123287671233,3718.0,3768.0,3718.0,3755.8
2016-07-28,3649.0,3723.9,3645.0,3684.35,3688.617322545053,21752,2676,80234804.0,8128.0,37.37,78.9,35.35,1469644200.0,9.5,-0.5774809417796734,11598.1,0.5676935790015047,0.5412161995972755,0.25,-75.59813807048734,67.020891352894,-111.98562613222322,259.85,3684.35,3424.5,61956.5,61346.3,-9301.1,6010.5,21.9,2016,138716.0,140427.3,-12135.7,12517.5,45.61,279631.9,284675.3,-31103.8,25736.1,93.75999999999999,609818.0,620400.5,-76532.7,44722.2,162.92,168.23515981735162,3679.0,3737.0,3656.75,3705.75
2016-07-27,3646.4,3690.0,3642.0,3648.75,3665.946267641557,11762,2747,43118860.0,3396.0,28.87,48.0,2.35,1469557800.0,9.5,-0.9662491348541802,11532.63,0.3705815031266102,0.5412026436739735,0.31,-75.36005481329222,67.96905822869546,-112.28731599515352,259.85,3671.95,3412.1,61956.5,61346.3,-9301.1,6010.5,21.9,2016,138716.0,140427.3,-12135.7,12517.5,45.61,279631.9,284675.3,-31103.8,25736.1,93.75999999999999,609818.0,620400.5,-76532.7,44722.2,162.92,166.6095890410959,3649.0,3723.9,3645.0,3684.35
2016-07-26,3672.0,3696.4,3617.15,3630.75,3635.366270566728,32820,1903,119312721.0,24219.0,73.79,79.25,-41.25,1469471400.0,9.5,-0.49331963001028045,11490.05,-0.4227465002951014,0.5412418156920084,0.31,-75.23789850581835,68.591520489467,-112.50471263374854,259.85,3671.95,3412.1,61956.5,61346.3,-9301.1,6010.5,21.9,2016,138716.0,140427.3,-12135.7,12517.5,45.61,279631.9,284675.3,-31103.8,25736.1,93.75999999999999,609818.0,620400.5,-76532.7,44722.2,162.92,165.78767123287673,3646.4,3690.0,3642.0,3648.75
2016-07-25,3639.7,3684.55,3613.8,3671.95,3644.597134328359,8375,1352,30523501.0,2796.0,33.39,70.75,32.25,1469385000.0,9.5,1.134751773049647,11538.83,1.0374463129413591,0.5412301109753936,0.32,-75.51573414670679,67.87880573680347,-112.400594073002,259.85,3671.95,3412.1,61956.5,61346.3,-9301.1,6010.5,21.9,2016,138716.0,140427.3,-12135.7,12517.5,45.61,279631.9,284675.3,-31103.8,25736.1,93.75999999999999,609818.0,620400.5,-76532.7,44722.2,162.92,167.6689497716895,3672.0,3696.4,3617.15,3630.75
2016-07-22,3640.1,3650.0,3605.0,3639.5,3626.59793814433,15132,2434,54877680.0,4236.0,27.99,45.0,-0.6,1469125800.0,9.5,-0.8837266302645697,11420.35,0.5905771890111433,0.541203280436143,0.33,-75.297430965792,69.62045821712994,-113.12765425582623,259.85,3639.5,3379.65,61956.5,61346.3,-9301.1,6010.5,21.9,2016,138716.0,140427.3,-12135.7,12517.5,45.61,279631.9,284675.3,-31103.8,25736.1,93.75999999999999,609818.0,620400.5,-76532.7,44722.2,162.92,166.18721461187215,3639.7,3684.55,3613.8,3671.95
2016-07-21,3570.0,3665.0,3569.0,3637.25,3618.9886687965927,23475,3881,84955759.0,6582.0,28.04,96.0,67.25,1469039400.0,9.5,-0.06182167880203204,11353.3,-0.5050420956048352,0.5412122362604935,0.32,-75.28214997594337,70.62219795125648,-113.65055974317079,259.85,3637.25,3377.4,61956.5,61346.3,-9301.1,6010.5,21.9,2016,138716.0,140427.3,-12135.7,12517.5,45.61,279631.9,284675.3,-31103.8,25736.1,93.75999999999999,609818.0,620400.5,-76532.7,44722.2,162.92,166.08447488584477,3640.1,3650.0,3605.0,3639.5
2016-07-20,3506.0,3568.9,3506.0,3559.75,3544.4978379470595,24745,3428,87708599.0,6019.0,24.32,62.9,53.75,1468953000.0,9.5,-2.1307306344078625,11410.93,0.6786653620386884,0.5411791758202865,0.32,-74.74401292225578,69.76048402715642,-112.64375683663405,259.85,3559.75,3299.9,61956.5,61346.3,-9301.1,6010.5,21.9,2016,138716.0,140427.3,-12135.7,12517.5,45.61,279631.9,284675.3,-31103.8,25736.1,93.75999999999999,609818.0,620400.5,-76532.7,44722.2,162.92,162.54566210045664,3570.0,3665.0,3569.0,3637.25
2016-07-19,3515.0,3559.9,3478.05,3505.9,3515.1812795634696,61943,8258,217740874.0,5855.0,9.45,81.85,-9.1,1468866600.0,9.5,-1.512746681648991,11334.01,0.152074791460488,0.5413961014196235,0.31,-74.3560854559457,70.91258963067793,-112.89005223212428,259.85,3524.65,3264.8,61956.5,61346.3,-9301.1,6010.5,21.9,2016,138716.0,140427.3,-12135.7,12517.5,45.61,279631.9,284675.3,-31103.8,25736.1,93.75999999999999,609818.0,620400.5,-76532.7,44722.2,162.92,160.0867579908676,3506.0,3568.9,3506.0,3559.75
2016-07-18,3544.9,3548.0,3487.2,3499.6,3509.575972447325,9872,1622,34646534.0,2361.0,23.92,60.8,-45.3,1468780200.0,9.5,-0.17969708206166946,11316.8,-0.3941353227280064,0.5415248794458528,0.32,-74.30992113384387,71.17250459493852,-112.9983151430547,259.85,3524.65,3264.8,61956.5,61346.3,-9301.1,6010.5,21.9,2016,138716.0,140427.3,-12135.7,12517.5,45.61,279631.9,284675.3,-31103.8,25736.1,93.75999999999999,609818.0,620400.5,-76532.7,44722.2,162.92,159.79908675799086,3515.0,3559.9,3478.05,3505.9
2016-07-15,3492.25,3556.0,3492.25,3524.65,3533.261112909941,21619,3057,76385572.0,5583.0,25.82,63.75,32.4,1468521000.0,9.5,0.715796090981824,11361.58,-0.3142822047133564,0.5415050243228874,0.32,-74.49250280169663,70.49785329153164,-112.8141629552555,259.85,3524.65,3264.8,61956.5,61346.3,-9301.1,6010.5,21.9,2016,138716.0,140427.3,-12135.7,12517.5,45.61,279631.9,284675.3,-31103.8,25736.1,93.75999999999999,609818.0,620400.5,-76532.7,44722.2,162.92,160.94292237442923,3544.9,3548.0,3487.2,3499.6
2016-07-14,3434.65,3510.0,3434.65,3500.35,3495.188861897683,27581,3283,96400804.0,13584.0,49.25,75.35,65.7,1468434600.0,9.5,-0.6894301561857219,11397.4,0.5825410651296936,0.5415254477371012,0.32,-74.31542560029712,69.96200887921806,-112.34834563992686,259.85,3500.35,3240.5,61956.5,61346.3,-9301.1,6010.5,21.9,2016,138716.0,140427.3,-12135.7,12517.5,45.61,279631.9,284675.3,-31103.8,25736.1,93.75999999999999,609818.0,620400.5,-76532.7,44722.2,162.92,159.83333333333334,3492.25,3556.0,3492.25,3524.65
2016-07-13,3480.0,3489.4,3421.35,3434.85,3455.343232541397,5556,1322,19197887.0,824.0,14.83,68.05,-45.15,1468348200.0,9.5,-1.8712414472838446,11331.39,-0.2211947156300686,0.5415181614036402,0.31,-73.82564012984557,70.9521073760589,-112.38962423380752,259.85,3480.1,3220.25,61956.5,61346.3,-9301.1,6010.5,21.9,2016,138716.0,140427.3,-12135.7,12517.5,45.61,279631.9,284675.3,-31103.8,25736.1,93.75999999999999,609818.0,620400.5,-76532.7,44722.2,162.92,156.84246575342468,3434.65,3510.0,3434.65,3500.35
2016-07-12,3454.55,3497.0,3453.95,3480.1,3478.8895530034583,23423,2212,81486030.0,8848.0,37.77,43.05,25.55,1468261800.0,9.5,1.31737921597741,11356.51,0.5194807493835052,0.5417121337179485,0.29,-74.16597224217695,70.5739703482848,-112.52965178571532,259.85,3480.1,3220.25,61956.5,61346.3,-9301.1,6010.5,21.9,2016,138716.0,140427.3,-12135.7,12517.5,45.61,279631.9,284675.3,-31103.8,25736.1,93.75999999999999,609818.0,620400.5,-76532.7,44722.2,162.92,158.90867579908675,3480.0,3489.4,3421.35,3434.85
2016-07-11,3430.0,3468.6,3419.0,3453.85,3452.965489313836,22225,2841,76742158.0,7389.0,33.25,49.6,23.85,1468175400.0,9.5,-0.7542886698658102,11297.82,1.576720956264133,0.5417976552757883,0.31,-73.96962809618253,71.4600692877033,-112.82856880897006,259.85,3453.85,3194.0,61956.5,61346.3,-9301.1,6010.5,21.9,2016,138716.0,140427.3,-12135.7,12517.5,45.61,279631.9,284675.3,-31103.8,25736.1,93.75999999999999,609818.0,620400.5,-76532.7,44722.2,162.92,157.71004566210047,3454.55,3497.0,3453.95,3480.1
2016-07-08,3380.7,3408.0,3372.1,3399.45,3400.028111245568,186758,2272,634982450.0,175253.0,93.84,35.9,18.75,1467916200.0,9.5,-1.5750539253297058,11122.45,-0.1607667974823035,0.5415660792579272,0.28,-73.55307476209387,74.1635161317875,-113.84588091537584,259.85,3426.6,3166.75,61956.5,61346.3,-9301.1,6010.5,21.9,2016,138716.0,140427.3,-12135.7,12517.5,45.61,279631.9,284675.3,-31103.8,25736.1,93.75999999999999,609818.0,620400.5,-76532.7,44722.2,162.92,155.22602739726028,3430.0,3468.6,3419.0,3453.85
2016-07-07,3375.0,3415.0,3350.0,3379.35,3383.271776741387,26588,2545,89954430.0,10512.0,39.54,65.0,4.35,1467829800.0,9.5,-0.5912721175484248,11140.36,0.0007181148050205,0.5417034141247574,0.29,-73.39577137615223,73.88351902451984,-113.5516318891899,259.85,3426.6,3166.75,61956.5,61346.3,-9301.1,6010.5,21.9,2016,138716.0,140427.3,-12135.7,12517.5,45.61,279631.9,284675.3,-31103.8,25736.1,93.75999999999999,609818.0,620400.5,-76532.7,44722.2,162.92,154.3082191780822,3380.7,3408.0,3372.1,3399.45
2016-07-05,3465.0,3600.0,3355.85,3371.2,3403.5341675867994,32604,3272,110968828.0,7514.0,23.05,244.15,-93.8,1467657000.0,9.5,-0.24117063932412863,11140.28,-0.2894576205044075,0.5417215648022387,0.28,-73.33145467489321,73.88476770781345,-113.4847446144752,259.85,3426.6,3166.75,61956.5,61346.3,-9301.1,6010.5,21.9,2016,138716.0,140427.3,-12135.7,12517.5,45.61,279631.9,284675.3,-31103.8,25736.1,93.75999999999999,609818.0,620400.5,-76532.7,44722.2,162.92,153.93607305936072,3375.0,3415.0,3350.0,3379.35
2016-07-04,3437.6,3473.65,3403.75,3410.75,3432.090313347393,13276,1960,45564431.0,4247.0,31.99,69.9,-26.85,1467570600.0,9.5,1.1731727574750828,11172.62,0.5970479844340959,0.5417119292055188,,-73.64069486183391,73.38144499678678,,259.85,3426.6,3166.75,61956.5,61346.3,-9301.1,6010.5,21.9,2016,138716.0,140427.3,-12135.7,12517.5,45.61,279631.9,284675.3,-31103.8,25736.1,93.75999999999999,609818.0,620400.5,-76532.7,44722.2,162.92,155.7420091324201,3465.0,3600.0,3355.85,3371.2
2016-07-01,3420.0,3484.3,3375.1,3426.6,3450.236943012032,22689,2581,78282426.0,7563.0,33.33,109.2,6.6,1467311400.0,9.5,0.4647071758410837,11106.31,0.6968615842131598,0.5417660462379105,0.28,-73.76262184089184,74.41661541952278,-114.20732285818721,259.85,3426.6,3166.75,61956.5,61346.3,-9301.1,6010.5,21.9,2016,138716.0,140427.3,-12135.7,12517.5,45.61,279631.9,284675.3,-31103.8,25736.1,93.75999999999999,609818.0,620400.5,-76532.7,44722.2,162.92,156.46575342465755,3437.6,3473.65,3403.75,3410.75
2016-06-30,3396.05,3419.95,3390.5,3411.9,3412.3598391596915,48744,2293,166332068.0,39293.0,80.61,29.45,15.85,1467225000.0,0.0,-0.42899667308702316,11029.45,1.054852707268994,0.5417334208566245,0.26,-73.64957941323016,75.63205780886626,-114.74114212703053,259.85,3411.9,3152.05,62325.3,61823.3,-9021.1,7749.2,28.24,2016,125678.5,124378.6,-18080.0,11644.7,42.43,275875.3,278628.1,-30698.199999999997,27434.2,99.94999999999999,594061.8,601841.2,-75250.59999999999,46824.7,170.58999999999997,120.81798866855524,3420.0,3484.3,3375.1,3426.6
2016-06-29,3416.05,3416.05,3373.0,3396.45,3391.158249759888,44771,3130,151825546.0,33268.0,74.31,43.05,-19.6,1467138600.0,0.0,-0.45282687065858473,10914.32,0.9404742416969868,0.5416279402320361,0.26,-73.52971484932797,77.48471732549531,-115.61677942933721,259.85,3406.9,3147.05,62325.3,61823.3,-9021.1,7749.2,28.24,2016,125678.5,124378.6,-18080.0,11644.7,42.43,275875.3,278628.1,-30698.199999999997,27434.2,99.94999999999999,594061.8,601841.2,-75250.59999999999,46824.7,170.58999999999997,120.27089235127478,3396.05,3419.95,3390.5,3411.9
2016-06-28,3396.1,3437.0,3389.65,3400.3,3402.669925764983,33138,2261,112757676.0,23371.0,70.53,47.35,4.2,1467052200.0,0.0,0.11335364866258413,10812.63,0.5027633861099945,0.5415478935712019,0.26,-73.55968591006676,79.15391537489029,-116.54451959692325,259.85,3406.9,3147.05,62325.3,61823.3,-9021.1,7749.2,28.24,2016,125678.5,124378.6,-18080.0,11644.7,42.43,275875.3,278628.1,-30698.199999999997,27434.2,99.94999999999999,594061.8,601841.2,-75250.59999999999,46824.7,170.58999999999997,120.407223796034,3416.05,3416.05,3373.0,3396.45
2016-06-27,3310.0,3401.3,3291.15,3396.1,3381.632668843444,11638,1914,39355441.0,4319.0,37.11,110.15,86.1,1466965800.0,0.0,-0.12351851307238482,10758.54,0.4777074525164515,0.541525379929706,0.27,-73.52698683784341,80.05463566617775,-117.00239197952348,259.85,3406.9,3147.05,62325.3,61823.3,-9021.1,7749.2,28.24,2016,125678.5,124378.6,-18080.0,11644.7,42.43,275875.3,278628.1,-30698.199999999997,27434.2,99.94999999999999,594061.8,601841.2,-75250.59999999999,46824.7,170.58999999999997,120.2584985835694,3396.1,3437.0,3389.65,3400.3
2016-06-24,3280.0,3329.95,3222.75,3295.1,3262.6082207298323,12359,2378,40322575.0,3556.0,28.77,107.2,15.1,1466706600.0,0.0,-2.9739995877624326,10707.39,-1.9100595553821045,0.54150436962581,0.27,-72.71554732785044,80.91477007935642,-116.65504271329073,259.85,3406.9,3147.05,62325.3,61823.3,-9021.1,7749.2,28.24,2016,125678.5,124378.6,-18080.0,11644.7,42.43,275875.3,278628.1,-30698.199999999997,27434.2,99.94999999999999,594061.8,601841.2,-75250.59999999999,46824.7,170.58999999999997,116.68201133144476,3310.0,3401.3,3291.15,3396.1
2016-06-23,3311.2,3349.0,3300.0,3334.15,3323.0580460010883,47738,1186,158636145.0,42578.0,89.19,49.0,22.95,1466620200.0,0.0,1.1850930169039042,10915.89,0.5847538293267007,0.5416006641651497,0.31,-73.03510639893227,77.4591902263581,-115.1291590653313,259.85,3406.9,3147.05,62325.3,61823.3,-9021.1,7749.2,28.24,2016,125678.5,124378.6,-18080.0,11644.7,42.43,275875.3,278628.1,-30698.199999999997,27434.2,99.94999999999999,594061.8,601841.2,-75250.59999999999,46824.7,170.58999999999997,118.06480169971672,3280.0,3329.95,3222.75,3295.1
2016-06-22,3354.75,3354.75,3302.15,3318.05,3321.298349235196,6603,1515,21930533.0,1811.0,27.43,52.6,-36.7,1466533800.0,0.0,-0.48288169398497116,10852.43,-0.2506502936661881,0.5416578415396053,0.27,-72.90426605988458,78.49688963669888,-115.54647425085582,259.85,3406.9,3147.05,62325.3,61823.3,-9021.1,7749.2,28.24,2016,125678.5,124378.6,-18080.0,11644.7,42.43,275875.3,278628.1,-30698.199999999997,27434.2,99.94999999999999,594061.8,601841.2,-75250.59999999999,46824.7,170.58999999999997,117.49468838526913,3311.2,3349.0,3300.0,3334.15
2016-06-21,3340.0,3362.5,3310.0,3352.15,3346.284432816296,5351,1266,17905968.0,1718.0,32.11,52.5,12.15,1466447400.0,0.0,1.0277120597941503,10879.7,-0.0885269447000403,0.5416603685998896,0.27,-73.17989946750593,78.04948665863947,-115.57996488053479,259.85,3406.9,3147.05,62325.3,61823.3,-9021.1,7749.2,28.24,2016,125678.5,124378.6,-18080.0,11644.7,42.43,275875.3,278628.1,-30698.199999999997,27434.2,99.94999999999999,594061.8,601841.2,-75250.59999999999,46824.7,170.58999999999997,118.7021954674221,3354.75,3354.75,3302.15,3318.05
2016-06-20,3275.05,3370.0,3269.4,3363.35,3350.5875171532675,21133,3280,70807966.0,7128.0,33.73,100.6,88.3,1466361000.0,0.0,0.3341139268827398,10889.34,0.7724505292030948,0.5417271693132564,0.28,-73.26921075713202,77.89186488804647,-115.59366662805634,259.85,3406.9,3147.05,62325.3,61823.3,-9021.1,7749.2,28.24,2016,125678.5,124378.6,-18080.0,11644.7,42.43,275875.3,278628.1,-30698.199999999997,27434.2,99.94999999999999,594061.8,601841.2,-75250.59999999999,46824.7,170.58999999999997,119.09879603399433,3340.0,3362.5,3310.0,3352.15
2016-06-17,3309.75,3326.0,3275.9,3294.9,3300.4765320246643,7947,1266,26228887.0,1570.0,19.76,50.1,-14.85,1466101800.0,0.0,-2.0351732647509113,10805.87,0.2752359131828585,0.5416757337626177,0.27,-72.713891165134,79.26599153978347,-115.77410284675176,259.85,3406.9,3147.05,62325.3,61823.3,-9021.1,7749.2,28.24,2016,125678.5,124378.6,-18080.0,11644.7,42.43,275875.3,278628.1,-30698.199999999997,27434.2,99.94999999999999,594061.8,601841.2,-75250.59999999999,46824.7,170.58999999999997,116.67492917847026,3275.05,3370.0,3269.4,3363.35
2016-06-16,3350.0,3350.0,3261.6,3281.85,3286.3188065414056,22992,3591,75559042.0,11707.0,50.92,88.4,-68.15,1466015400.0,0.0,-0.3960666484567166,10776.21,-0.655828382047241,0.5419098809589487,0.27,-72.60539025244907,79.75939592862427,-115.9514793376286,259.85,3406.9,3147.05,62325.3,61823.3,-9021.1,7749.2,28.24,2016,125678.5,124378.6,-18080.0,11644.7,42.43,275875.3,278628.1,-30698.199999999997,27434.2,99.94999999999999,594061.8,601841.2,-75250.59999999999,46824.7,170.58999999999997,116.21281869688386,3309.75,3326.0,3275.9,3294.9
2016-06-15,3321.0,3375.35,3307.0,3360.8,3346.7111960882653,15952,1932,53386737.0,7020.0,44.01,68.35,39.8,1465929000.0,0.0,2.4056553468318365,10847.35,1.0094096722677692,0.5418638154941452,0.26,-73.24892882646989,78.58048279072769,-115.94796446279713,259.85,3406.9,3147.05,62325.3,61823.3,-9021.1,7749.2,28.24,2016,125678.5,124378.6,-18080.0,11644.7,42.43,275875.3,278628.1,-30698.199999999997,27434.2,99.94999999999999,594061.8,601841.2,-75250.59999999999,46824.7,170.58999999999997,119.00849858356942,3350.0,3350.0,3261.6,3281.85
2016-06-14,3392.0,3406.0,3310.0,3320.1,3347.729981592269,8692,1584,29098469.0,3035.0,34.92,96.0,-71.9,1465842600.0,0.0,-1.2110211854320485,10738.95,0.095538136027673,0.54211976566305,0.27,-72.92099635553146,80.38309145679976,-116.62188672263423,259.85,3406.9,3147.05,62325.3,61823.3,-9021.1,7749.2,28.24,2016,125678.5,124378.6,-18080.0,11644.7,42.43,275875.3,278628.1,-30698.199999999997,27434.2,99.94999999999999,594061.8,601841.2,-75250.59999999999,46824.7,170.58999999999997,117.5672804532578,3321.0,3375.35,3307.0,3360.8
2016-06-13,3350.0,3399.0,3331.2,3389.2,3373.6160140783104,11365,2077,38341146.0,3406.0,29.97,67.8,39.2,1465756200.0,0.0,2.0812626125719103,10728.7,-0.674808060665133,0.5422023676174454,0.27,-73.47309099492504,80.55542610008668,-117.2740391115675,259.85,3406.9,3147.05,62325.3,61823.3,-9021.1,7749.2,28.24,2016,125678.5,124378.6,-18080.0,11644.7,42.43,275875.3,278628.1,-30698.199999999997,27434.2,99.94999999999999,594061.8,601841.2,-75250.59999999999,46824.7,170.58999999999997,120.01416430594901,3392.0,3406.0,3310.0,3320.1
2016-06-10,3365.0,3391.9,3352.5,3377.1,3376.3955119214584,6417,1670,21666330.0,2303.0,35.89,39.4,12.1,1465497000.0,0.0,-0.3570164050513358,10801.59,-0.3837428065515791,0.5424175020401117,0.26,-73.37804625270202,79.337023530795,-116.53080782504298,259.85,3406.9,3147.05,62325.3,61823.3,-9021.1,7749.2,28.24,2016,125678.5,124378.6,-18080.0,11644.7,42.43,275875.3,278628.1,-30698.199999999997,27434.2,99.94999999999999,594061.8,601841.2,-75250.59999999999,46824.7,170.58999999999997,119.5856940509915,3350.0,3399.0,3331.2,3389.2
2016-06-09,3380.0,3400.0,3368.0,3381.0,3376.3431158256763,96533,2710,325928530.0,88896.0,92.09,32.0,1.0,1465410600.0,0.0,0.1154836990317154,10843.2,-0.6045383920836978,0.5424036362753181,0.26,-73.40875480627034,78.64883060351187,-116.18714156898511,259.85,3406.9,3147.05,62325.3,61823.3,-9021.1,7749.2,28.24,2016,125678.5,124378.6,-18080.0,11644.7,42.43,275875.3,278628.1,-30698.199999999997,27434.2,99.94999999999999,594061.8,601841.2,-75250.59999999999,46824.7,170.58999999999997,119.72379603399435,3365.0,3391.9,3352.5,3377.1
2016-06-08,3360.0,3390.45,3345.0,3373.0,3365.7500984251965,20320,2460,68392042.0,8986.0,44.22,45.45,13.0,1465324200.0,0.0,-0.236616385684707,10909.15,0.2795360492115817,0.5423588485799807,0.24,-73.34568633264156,77.56882983550506,-115.52566144426335,259.85,3406.9,3147.05,62325.3,61823.3,-9021.1,7749.2,28.24,2016,125678.5,124378.6,-18080.0,11644.7,42.43,275875.3,278628.1,-30698.199999999997,27434.2,99.94999999999999,594061.8,601841.2,-75250.59999999999,46824.7,170.58999999999997,119.44050991501418,3380.0,3400.0,3368.0,3381.0
2016-06-07,3228.0,3341.0,3227.5,3331.8,3304.3319274567684,26081,3703,86180281.0,11637.0,44.62,113.5,103.8,1465237800.0,0.0,-1.2214645715979744,10878.74,0.72086718859945,0.5423547665412991,0.28,-73.0160874002041,78.06519872705846,-115.48326069618645,259.85,3406.9,3147.05,62325.3,61823.3,-9021.1,7749.2,28.24,2016,125678.5,124378.6,-18080.0,11644.7,42.43,275875.3,278628.1,-30698.199999999997,27434.2,99.94999999999999,594061.8,601841.2,-75250.59999999999,46824.7,170.58999999999997,117.9815864022663,3360.0,3390.45,3345.0,3373.0
2016-06-06,3210.8,3244.95,3189.0,3228.8,3223.627706185568,7760,1611,25015351.0,3352.0,43.2,55.95,18.0,1465151400.0,0.0,-3.09142205414491,10800.88,-0.1525323137395506,0.5423874606405836,0.28,-72.15528989098117,79.34881231899624,-115.32122222054844,259.85,3406.9,3147.05,62325.3,61823.3,-9021.1,7749.2,28.24,2016,125678.5,124378.6,-18080.0,11644.7,42.43,275875.3,278628.1,-30698.199999999997,27434.2,99.94999999999999,594061.8,601841.2,-75250.59999999999,46824.7,170.58999999999997,114.33427762039662,3228.0,3341.0,3227.5,3331.8
2016-06-03,3236.0,3259.0,3176.1,3189.05,3207.438261706222,12472,1680,40003170.0,4806.0,38.53,82.9,-46.95,1464892200.0,0.0,-1.2311075322101073,10817.38,-0.0459234824229604,0.5429477462820167,0.3,-71.80821874853012,79.07524742590167,-114.87906180123167,259.85,3406.9,3147.05,62325.3,61823.3,-9021.1,7749.2,28.24,2016,125678.5,124378.6,-18080.0,11644.7,42.43,275875.3,278628.1,-30698.199999999997,27434.2,99.94999999999999,594061.8,601841.2,-75250.59999999999,46824.7,170.58999999999997,112.9266997167139,3210.8,3244.95,3189.0,3228.8
2016-06-02,3213.15,3240.5,3210.4,3231.35,3224.986059834501,15710,1200,50664531.0,11144.0,70.94,30.1,18.2,1464805800.0,0.0,1.326413822298167,10822.35,0.4731984202581474,0.5430332991609874,0.29,-72.17726337289369,78.99300983612616,-115.20561845810492,259.85,3406.9,3147.05,62325.3,61823.3,-9021.1,7749.2,28.24,2016,125678.5,124378.6,-18080.0,11644.7,42.43,275875.3,278628.1,-30698.199999999997,27434.2,99.94999999999999,594061.8,601841.2,-75250.59999999999,46824.7,170.58999999999997,114.42457507082153,3236.0,3259.0,3176.1,3189.05
2016-06-01,3226.75,3259.1,3210.0,3236.4,3236.64251626898,6915,1528,22381383.0,1925.0,27.84,49.1,9.65,1464719400.0,0.0,0.15628143036192643,10771.38,0.0919017719665182,0.5431251157558359,0.3,-72.22067729576071,79.84000193104322,-115.72085005177797,259.85,3406.9,3147.05,62325.3,61823.3,-9021.1,7749.2,28.24,2016,125678.5,124378.6,-18080.0,11644.7,42.43,275875.3,278628.1,-30698.199999999997,27434.2,99.94999999999999,594061.8,601841.2,-75250.59999999999,46824.7,170.58999999999997,114.60339943342777,3213.15,3240.5,3210.4,3231.35
2016-05-31,3212.25,3249.85,3208.7,3229.35,3231.445145406986,6499,1090,21001162.0,2134.0,32.84,41.15,17.1,1464633000.0,0.0,-0.2178346310715673,10761.49,-0.1471604800809212,0.5431270941303861,0.34,-72.16003220462322,80.00527807952244,-115.76840319104339,259.85,3406.9,3147.05,62325.3,61823.3,-9021.1,7749.2,28.24,2016,125678.5,124378.6,-18080.0,11644.7,42.43,275875.3,278628.1,-30698.199999999997,27434.2,99.94999999999999,594061.8,601841.2,-75250.59999999999,46824.7,170.58999999999997,114.35375354107649,3226.75,3259.1,3210.0,3236.4
2016-05-30,3248.3,3252.1,3193.7,3220.4,3214.892580956984,8276,1759,26606451.0,2554.0,30.86,58.4,-27.9,1464546600.0,0.0,-0.27714555560716114,10777.35,0.3514094087215369,0.5431251801051363,,-72.08266053906347,79.74038144812963,,259.85,3406.9,3147.05,62325.3,61823.3,-9021.1,7749.2,28.24,2016,125678.5,124378.6,-18080.0,11644.7,42.43,275875.3,278628.1,-30698.199999999997,27434.2,99.94999999999999,594061.8,601841.2,-75250.59999999999,46824.7,170.58999999999997,114.03682719546744,3212.25,3249.85,3208.7,3229.35
2016-05-27,3229.0,3254.95,3225.0,3246.05,3238.9823346033945,11548,1256,37403768.0,5844.0,50.61,29.95,17.05,1464287400.0,0.0,0.7964849087069847,10739.61,1.1013290506485252,0.5431177568221144,0.32,-72.30326088630798,80.37200605981036,-116.10092684662249,259.85,3406.9,3147.05,62325.3,61823.3,-9021.1,7749.2,28.24,2016,125678.5,124378.6,-18080.0,11644.7,42.43,275875.3,278628.1,-30698.199999999997,27434.2,99.94999999999999,594061.8,601841.2,-75250.59999999999,46824.7,170.58999999999997,114.94511331444761,3248.3,3252.1,3193.7,3220.4
2016-05-26,3209.0,3235.45,3197.6,3214.95,3214.751186783974,15799,2018,50789854.0,5676.0,35.93,37.85,5.95,1464201000.0,0.0,-0.9580875217572227,10622.62,1.4565258086822297,0.5430338941907438,0.31,-72.03533491967215,82.35849536178455,-116.9004488684732,259.85,3406.9,3147.05,62325.3,61823.3,-9021.1,7749.2,28.24,2016,125678.5,124378.6,-18080.0,11644.7,42.43,275875.3,278628.1,-30698.199999999997,27434.2,99.94999999999999,594061.8,601841.2,-75250.59999999999,46824.7,170.58999999999997,113.84383852691218,3229.0,3254.95,3225.0,3246.05
2016-05-25,3180.0,3208.8,3180.0,3205.6,3201.4993248073715,50356,1939,161214700.0,41616.0,82.64,28.8,25.6,1464114600.0,0.0,-0.2908287842734669,10470.12,1.94511384714251,0.5428605208676225,0.33,-71.95376840529075,85.01459391105352,-118.25569116530835,259.85,3406.9,3147.05,62325.3,61823.3,-9021.1,7749.2,28.24,2016,125678.5,124378.6,-18080.0,11644.7,42.43,275875.3,278628.1,-30698.199999999997,27434.2,99.94999999999999,594061.8,601841.2,-75250.59999999999,46824.7,170.58999999999997,113.51274787535411,3209.0,3235.45,3197.6,3214.95
2016-05-24,3122.4,3191.5,3115.0,3173.7,3157.2063540397885,9852,2058,31104797.0,2181.0,22.14,76.5,51.3,1464028200.0,0.0,-0.9951335163463915,10270.35,0.027075539782051,0.5424578554171828,0.35,-71.67186564577622,88.61333839645191,-119.90100690427661,259.85,3406.9,3147.05,62325.3,61823.3,-9021.1,7749.2,28.24,2016,125678.5,124378.6,-18080.0,11644.7,42.43,275875.3,278628.1,-30698.199999999997,27434.2,99.94999999999999,594061.8,601841.2,-75250.59999999999,46824.7,170.58999999999997,112.38314447592067,3180.0,3208.8,3180.0,3205.6
2016-05-23,3148.9,3165.0,3113.05,3124.5,3136.5267076723853,6178,1466,19377462.0,1414.0,22.89,51.95,-24.4,1463941800.0,0.0,-1.5502410435768943,10267.57,-0.2417305889268473,0.5425134255527854,0.35,-71.22579612738038,88.66440647592371,-119.48754731029484,259.85,3406.9,3147.05,62325.3,61823.3,-9021.1,7749.2,28.24,2016,125678.5,124378.6,-18080.0,11644.7,42.43,275875.3,278628.1,-30698.199999999997,27434.2,99.94999999999999,594061.8,601841.2,-75250.59999999999,46824.7,170.58999999999997,110.64093484419264,3122.4,3191.5,3115.0,3173.7
2016-05-20,3198.15,3205.3,3120.05,3142.7,3150.823358572762,9641,2047,30377088.0,3461.0,35.9,85.25,-55.45,1463682600.0,0.0,0.5824931989118154,10292.45,-0.4838293293007667,0.5426435851245747,0.33,-71.39243325802653,88.20834689505412,-119.40905447197973,259.85,3406.9,3147.05,62325.3,61823.3,-9021.1,7749.2,28.24,2016,125678.5,124378.6,-18080.0,11644.7,42.43,275875.3,278628.1,-30698.199999999997,27434.2,99.94999999999999,594061.8,601841.2,-75250.59999999999,46824.7,170.58999999999997,111.28541076487252,3148.9,3165.0,3113.05,3124.5
2016-05-19,3201.6,3225.2,3170.0,3181.65,3196.7399836467707,4892,940,15638452.0,1539.0,31.46,55.2,-19.95,1463596200.0,0.0,1.2393801508257418,10342.49,-1.150261305725786,0.5426364916691591,0.31,-71.74264925431773,87.29773971258372,-119.25537115018415,259.85,3406.9,3147.05,62325.3,61823.3,-9021.1,7749.2,28.24,2016,125678.5,124378.6,-18080.0,11644.7,42.43,275875.3,278628.1,-30698.199999999997,27434.2,99.94999999999999,594061.8,601841.2,-75250.59999999999,46824.7,170.58999999999997,112.66466005665724,3198.15,3205.3,3120.05,3142.7
2016-05-18,3253.1,3300.0,3203.8,3217.15,3227.449742181745,14933,1997,48195507.0,5985.0,40.08,96.2,-35.95,1463509800.0,0.0,1.115773262301012,10462.84,-0.1473524280702576,0.5425775965685717,0.3,-72.05445813841445,85.14332628617088,-118.38854619964818,259.85,3406.9,3147.05,62325.3,61823.3,-9021.1,7749.2,28.24,2016,125678.5,124378.6,-18080.0,11644.7,42.43,275875.3,278628.1,-30698.199999999997,27434.2,99.94999999999999,594061.8,601841.2,-75250.59999999999,46824.7,170.58999999999997,113.92174220963173,3201.6,3225.2,3170.0,3181.65
2016-05-17,3180.0,3269.6,3176.65,3252.8,3237.556630360272,13129,2432,42505881.0,3841.0,29.26,92.95,72.8,1463423400.0,0.0,1.1081236498142744,10478.28,0.30325656194361,0.5426544633551996,0.28,-72.36073536645353,84.87051309947815,-118.54415485739182,259.85,3406.9,3147.05,62325.3,61823.3,-9021.1,7749.2,28.24,2016,125678.5,124378.6,-18080.0,11644.7,42.43,275875.3,278628.1,-30698.199999999997,27434.2,99.94999999999999,594061.8,601841.2,-75250.59999999999,46824.7,170.58999999999997,115.18413597733712,3253.1,3300.0,3203.8,3217.15
2016-05-16,3165.0,3177.0,3145.5,3169.25,3163.205026929982,8355,1391,26428578.0,2457.0,29.41,31.5,4.25,1463337000.0,0.0,-2.568556320708315,10446.6,0.4525200153083553,0.5427263286745926,0.28,-71.63208961110674,85.43114506155112,-118.12585795280003,259.85,3406.9,3147.05,62325.3,61823.3,-9021.1,7749.2,28.24,2016,125678.5,124378.6,-18080.0,11644.7,42.43,275875.3,278628.1,-30698.199999999997,27434.2,99.94999999999999,594061.8,601841.2,-75250.59999999999,46824.7,170.58999999999997,112.22556657223797,3180.0,3269.6,3176.65,3252.8
2016-05-13,3208.05,3213.6,3136.05,3152.65,3165.8317696538343,15455,2391,48927930.0,6900.0,44.65,77.55,-55.4,1463077800.0,0.0,-0.5237832294706868,10399.54,-0.8615890302309137,0.5430959848161446,0.29,-71.48272088560418,86.27025810757011,-118.46825383728128,259.85,3406.9,3147.05,62325.3,61823.3,-9021.1,7749.2,28.24,2016,125678.5,124378.6,-18080.0,11644.7,42.43,275875.3,278628.1,-30698.199999999997,27434.2,99.94999999999999,594061.8,601841.2,-75250.59999999999,46824.7,170.58999999999997,111.63774787535412,3165.0,3177.0,3145.5,3169.25
2016-05-12,3200.0,3230.0,3198.0,3221.35,3219.075711492505,9206,1878,29634811.0,1632.0,17.73,32.0,21.35,1462991400.0,0.0,2.1791191537278154,10489.92,0.7713050319752002,0.5430198391652065,0.27,-72.09089356946622,84.66537399713248,-118.18925598367655,259.85,3406.9,3147.05,62325.3,61823.3,-9021.1,7749.2,28.24,2016,125678.5,124378.6,-18080.0,11644.7,42.43,275875.3,278628.1,-30698.199999999997,27434.2,99.94999999999999,594061.8,601841.2,-75250.59999999999,46824.7,170.58999999999997,114.07046742209631,3208.05,3213.6,3136.05,3152.65
2016-05-11,3160.0,3221.1,3050.0,3196.2,3187.5534242963545,15171,2803,48358373.0,4032.0,26.58,171.1,36.2,1462905000.0,0.0,-0.7807285765284777,10409.63,-0.3869830537020391,0.543258367156404,0.26,-71.8712846505225,86.0897073190882,-118.7589913022024,259.85,3406.9,3147.05,62325.3,61823.3,-9021.1,7749.2,28.24,2016,125678.5,124378.6,-18080.0,11644.7,42.43,275875.3,278628.1,-30698.199999999997,27434.2,99.94999999999999,594061.8,601841.2,-75250.59999999999,46824.7,170.58999999999997,113.1798866855524,3200.0,3230.0,3198.0,3221.35
2016-05-10,3165.75,3188.0,3136.1,3172.1,3162.057502896871,13808,1674,43661690.0,5266.0,38.14,51.9,6.35,1462818600.0,0.0,-0.7540203992240757,10450.07,0.2053957127720274,0.5432717152485647,0.24,-71.65757699946408,85.36957168707961,-118.14606542827948,259.85,3406.9,3147.05,62325.3,61823.3,-9021.1,7749.2,28.24,2016,125678.5,124378.6,-18080.0,11644.7,42.43,275875.3,278628.1,-30698.199999999997,27434.2,99.94999999999999,594061.8,601841.2,-75250.59999999999,46824.7,170.58999999999997,112.32648725212465,3160.0,3221.1,3050.0,3196.2
2016-05-09,3110.0,3175.4,3110.0,3164.95,3154.4434756688283,13419,2319,42329477.0,5274.0,39.3,65.4,54.95,1462732200.0,0.0,-0.22540273005264844,10428.65,1.5261066853325067,0.5432997943085499,0.24,-71.5935480813283,85.75031284010875,-118.29128345861913,259.85,3406.9,3147.05,62325.3,61823.3,-9021.1,7749.2,28.24,2016,125678.5,124378.6,-18080.0,11644.7,42.43,275875.3,278628.1,-30698.199999999997,27434.2,99.94999999999999,594061.8,601841.2,-75250.59999999999,46824.7,170.58999999999997,112.07330028328612,3165.75,3188.0,3136.1,3172.1
2016-05-06,3122.9,3122.9,3060.4,3100.9,3093.1808120682367,14186,3169,43879863.0,5734.0,40.42,62.5,-22.0,1462473000.0,0.0,-2.023728652901302,10271.89,0.0036021932488861,0.5430538390769061,0.19,-71.00680447611984,88.58506078238769,-119.20008158943193,259.85,3406.9,3147.05,62325.3,61823.3,-9021.1,7749.2,28.24,2016,125678.5,124378.6,-18080.0,11644.7,42.43,275875.3,278628.1,-30698.199999999997,27434.2,99.94999999999999,594061.8,601841.2,-75250.59999999999,46824.7,170.58999999999997,109.80524079320114,3110.0,3175.4,3110.0,3164.95
2016-05-05,3183.0,3183.0,3107.0,3120.15,3138.6117600212365,15068,3313,47292602.0,7272.0,48.26,76.0,-62.85,1462386600.0,0.0,0.6207875133025897,10271.52,0.2903792114261394,0.5432938453450975,0.2,-71.18568017563258,88.59185398071561,-119.40843042199793,259.85,3406.9,3147.05,62325.3,61823.3,-9021.1,7749.2,28.24,2016,125678.5,124378.6,-18080.0,11644.7,42.43,275875.3,278628.1,-30698.199999999997,27434.2,99.94999999999999,594061.8,601841.2,-75250.59999999999,46824.7,170.58999999999997,110.48689801699717,3122.9,3122.9,3060.4,3100.9
2016-05-04,3221.0,3221.0,3173.5,3183.6,3187.0632954545454,8800,1207,28046157.0,3839.0,43.62,47.5,-37.4,1462300200.0,0.0,2.0335560790346596,10241.78,-0.7777517278527601,0.5433129652819717,0.19,-71.75995728106545,89.13948551911875,-120.27736601876367,259.85,3406.9,3147.05,62325.3,61823.3,-9021.1,7749.2,28.24,2016,125678.5,124378.6,-18080.0,11644.7,42.43,275875.3,278628.1,-30698.199999999997,27434.2,99.94999999999999,594061.8,601841.2,-75250.59999999999,46824.7,170.58999999999997,112.73371104815864,3183.0,3183.0,3107.0,3120.15
2016-05-03,3190.0,3243.3,3184.0,3214.2,3217.3704592186423,14590,2716,46941435.0,4629.0,31.73,59.3,24.2,1462213800.0,0.0,0.9611760271390768,10322.06,-0.6793256009529847,0.5434996369706557,0.21,-72.02880965714643,87.66844990244196,-119.77244542913992,259.85,3406.9,3147.05,62325.3,61823.3,-9021.1,7749.2,28.24,2016,125678.5,124378.6,-18080.0,11644.7,42.43,275875.3,278628.1,-30698.199999999997,27434.2,99.94999999999999,594061.8,601841.2,-75250.59999999999,46824.7,170.58999999999997,113.8172804532578,3221.0,3221.0,3173.5,3183.6
2016-05-02,3175.0,3195.0,3136.0,3177.4,3171.516057128704,12113,2000,38416574.0,5197.0,42.9,59.0,2.4,1462127400.0,0.0,-1.1449194200734203,10392.66,-0.1293469612112963,0.5435028318257542,0.22,-71.70485302448543,86.39357007734306,-118.76043239005645,259.85,3406.9,3147.05,62325.3,61823.3,-9021.1,7749.2,28.24,2016,125678.5,124378.6,-18080.0,11644.7,42.43,275875.3,278628.1,-30698.199999999997,27434.2,99.94999999999999,594061.8,601841.2,-75250.59999999999,46824.7,170.58999999999997,112.51416430594902,3190.0,3243.3,3184.0,3214.2
2016-04-29,3160.0,3194.0,3151.0,3162.45,3170.488704138804,11066,1621,35084628.0,3329.0,30.08,43.0,2.45,1461868200.0,0.0,-0.4705104802668947,10406.12,0.0211458757852778,0.5435743647563429,0.22,-71.57109203307563,86.15247565855475,-118.50178290111442,259.85,3406.9,3147.05,62325.3,61823.3,-9021.1,7749.2,28.24,2016,125678.5,124378.6,-18080.0,11644.7,42.43,275875.3,278628.1,-30698.199999999997,27434.2,99.94999999999999,594061.8,601841.2,-75250.59999999999,46824.7,170.58999999999997,111.98477337110482,3175.0,3195.0,3136.0,3177.4
2016-04-28,3210.0,3226.0,3150.0,3164.05,3188.239010666979,8531,1538,27198867.0,3017.0,35.37,76.0,-45.95,1461781800.0,0.0,0.05059368527566832,10403.92,-1.457033932419316,0.5435857559058528,0.22,-71.58546799197232,86.19183922982876,-118.53853520633524,259.85,3406.9,3147.05,62325.3,61823.3,-9021.1,7749.2,28.24,2016,125678.5,124378.6,-18080.0,11644.7,42.43,275875.3,278628.1,-30698.199999999997,27434.2,99.94999999999999,594061.8,601841.2,-75250.59999999999,46824.7,170.58999999999997,112.04143059490086,3160.0,3194.0,3151.0,3162.45
2016-04-27,3255.0,3265.0,3175.0,3189.45,3211.174814336455,15485,2702,49725042.0,6019.0,38.87,90.0,-65.55,1461695400.0,0.0,0.8027686035302795,10557.75,0.2059595389164004,0.5433355695638727,0.24,-71.81175437771404,83.47896095285454,-117.27844263693822,259.85,3406.9,3147.05,62325.3,61823.3,-9021.1,7749.2,28.24,2016,125678.5,124378.6,-18080.0,11644.7,42.43,275875.3,278628.1,-30698.199999999997,27434.2,99.94999999999999,594061.8,601841.2,-75250.59999999999,46824.7,170.58999999999997,112.9408640226629,3210.0,3226.0,3150.0,3164.05
2016-04-26,3299.9,3299.9,3254.8,3266.9,3275.527639280295,13839,2444,45330027.0,2353.0,17.0,45.1,-33.0,1461609000.0,0.0,2.428318362100068,10536.05,1.1692599008284563,0.5433754589839694,0.24,-72.48002693685144,83.85685337484163,-118.15537301820129,259.85,3406.9,3147.05,62325.3,61823.3,-9021.1,7749.2,28.24,2016,125678.5,124378.6,-18080.0,11644.7,42.43,275875.3,278628.1,-30698.199999999997,27434.2,99.94999999999999,594061.8,601841.2,-75250.59999999999,46824.7,170.58999999999997,115.68342776203967,3255.0,3265.0,3175.0,3189.45
2016-04-25,3275.05,3325.0,3259.75,3277.6,3289.5138115179225,52058,6979,171245510.0,8058.0,15.48,65.25,2.55,1461522600.0,0.0,0.3275276255777504,10414.28,-0.5204054730455154,0.543602907497643,0.25,-72.56986819624116,86.00661783627864,-119.43741498920645,259.85,3406.9,3147.05,62325.3,61823.3,-9021.1,7749.2,28.24,2016,125678.5,124378.6,-18080.0,11644.7,42.43,275875.3,278628.1,-30698.199999999997,27434.2,99.94999999999999,594061.8,601841.2,-75250.59999999999,46824.7,170.58999999999997,116.06232294617564,3299.9,3299.9,3254.8,3266.9
2016-04-22,3265.0,3314.85,3203.55,3270.85,3255.452928094885,16188,2776,52699272.0,1358.0,8.39,111.3,5.85,1461263400.0,0.0,-0.20594337319990164,10468.76,-0.0698734641201626,0.5435761075331391,0.23,-72.51326107892444,85.03862921683178,-118.8432056338311,259.85,3406.9,3147.05,62325.3,61823.3,-9021.1,7749.2,28.24,2016,125678.5,124378.6,-18080.0,11644.7,42.43,275875.3,278628.1,-30698.199999999997,27434.2,99.94999999999999,594061.8,601841.2,-75250.59999999999,46824.7,170.58999999999997,115.82330028328612,3275.05,3325.0,3259.75,3277.6
2016-04-21,3385.0,3414.75,3255.0,3269.6,3304.448865289497,13748,3427,45429563.0,4981.0,36.23,159.75,-115.4,1461177000.0,0.0,-0.0382163657764778,10476.08,-0.1520201524395248,0.543576491718408,0.23,-72.50275263029117,84.90933631663754,-118.76244918633218,259.85,3406.9,3147.05,62325.3,61823.3,-9021.1,7749.2,28.24,2016,125678.5,124378.6,-18080.0,11644.7,42.43,275875.3,278628.1,-30698.199999999997,27434.2,99.94999999999999,594061.8,601841.2,-75250.59999999999,46824.7,170.58999999999997,115.77903682719547,3265.0,3314.85,3203.55,3270.85
2016-04-20,3400.1,3452.95,3356.4,3369.75,3410.2522174409414,11387,2619,38832542.0,2703.0,23.74,96.55,-30.35,1461090600.0,0.0,3.0630658184487514,10492.03,0.1730969361937839,0.5435724261901211,0.23,-73.31997922694562,84.62823686169405,-119.42653360402517,259.85,3406.9,3147.05,62325.3,61823.3,-9021.1,7749.2,28.24,2016,125678.5,124378.6,-18080.0,11644.7,42.43,275875.3,278628.1,-30698.199999999997,27434.2,99.94999999999999,594061.8,601841.2,-75250.59999999999,46824.7,170.58999999999997,119.32542492917848,3385.0,3414.75,3255.0,3269.6
2016-04-18,3275.0,3417.45,3239.1,3406.9,3349.0249317787147,24186,3921,80999517.0,6433.0,26.6,178.35,131.9,1460917800.0,0.0,1.1024556717857514,10473.9,0.8780927559514762,0.5441582110815989,0.22,-73.61090727640965,84.94782268305026,-119.9362476964572,259.85,3406.9,3147.05,62325.3,61823.3,-9021.1,7749.2,28.24,2016,125678.5,124378.6,-18080.0,11644.7,42.43,275875.3,278628.1,-30698.199999999997,27434.2,99.94999999999999,594061.8,601841.2,-75250.59999999999,46824.7,170.58999999999997,120.64093484419264,3400.1,3452.95,3356.4,3369.75
2016-04-13,3164.9,3307.3,3164.9,3275.55,3288.1494719272505,34749,5443,114259906.0,18119.0,52.14,142.4,110.65,1460485800.0,0.0,-3.855411077519144,10382.73,1.592170653453362,0.5441588546830898,0.23,-72.55270107310223,86.57183611632009,-119.766375725394,259.85,3374.9,3115.05,62325.3,61823.3,-9021.1,7749.2,28.24,2016,125678.5,124378.6,-18080.0,11644.7,42.43,275875.3,278628.1,-30698.199999999997,27434.2,99.94999999999999,594061.8,601841.2,-75250.59999999999,46824.7,170.58999999999997,115.98973087818698,3275.0,3417.45,3239.1,3406.9
2016-04-12,3152.0,3197.0,3150.0,3164.9,3173.09972246148,20898,1910,66311438.0,13119.0,62.78,47.0,12.9,1460399400.0,0.0,-3.3780586466395035,10220.01,0.6361141499949374,0.544778139258758,0.22,-71.59309930803501,89.54237813857324,-120.4739782645341,259.85,3374.9,3115.05,62325.3,61823.3,-9021.1,7749.2,28.24,2016,125678.5,124378.6,-18080.0,11644.7,42.43,275875.3,278628.1,-30698.199999999997,27434.2,99.94999999999999,594061.8,601841.2,-75250.59999999999,46824.7,170.58999999999997,112.0715297450425,3164.9,3307.3,3164.9,3275.55
2016-04-11,3159.0,3183.95,3142.2,3153.7,3156.942247126672,24449,1781,77184081.0,17517.0,71.65,41.75,-5.3,1460313000.0,0.0,-0.35388163923031346,10155.41,1.265695299786218,0.5454221794365741,0.23,-71.49221549291309,90.74808402614964,-121.09278616087857,259.85,3374.9,3115.05,62325.3,61823.3,-9021.1,7749.2,28.24,2016,125678.5,124378.6,-18080.0,11644.7,42.43,275875.3,278628.1,-30698.199999999997,27434.2,99.94999999999999,594061.8,601841.2,-75250.59999999999,46824.7,170.58999999999997,111.67492917847025,3152.0,3197.0,3150.0,3164.9
2016-04-08,3150.1,3200.4,3135.0,3159.0,3172.420985801685,8663,1511,27482683.0,2623.0,30.28,65.4,8.9,1460053800.0,0.0,0.16805656847513895,10028.48,0.2583318004046875,0.5452581397181488,0.23,-71.54004431782211,93.16237356010085,-122.44217744479477,259.85,3374.9,3115.05,62325.3,61823.3,-9021.1,7749.2,28.24,2016,125678.5,124378.6,-18080.0,11644.7,42.43,275875.3,278628.1,-30698.199999999997,27434.2,99.94999999999999,594061.8,601841.2,-75250.59999999999,46824.7,170.58999999999997,111.86260623229462,3159.0,3183.95,3142.2,3153.7
2016-04-07,3191.0,3225.05,3127.9,3139.85,3183.1293141495285,11329,2161,36061672.0,4125.0,36.41,97.15,-51.15,1459967400.0,0.0,-0.6062044950933876,10002.64,-0.7247167927460829,0.5452551861743377,0.23,-71.3664665509499,93.66137339742308,-122.54040744728587,259.85,3374.9,3115.05,62325.3,61823.3,-9021.1,7749.2,28.24,2016,125678.5,124378.6,-18080.0,11644.7,42.43,275875.3,278628.1,-30698.199999999997,27434.2,99.94999999999999,594061.8,601841.2,-75250.59999999999,46824.7,170.58999999999997,111.18449008498584,3150.1,3200.4,3135.0,3159.0
2016-04-06,3134.0,3199.95,3096.4,3191.55,3181.7110544759485,21973,3679,69911737.0,9902.0,45.06,103.55,57.55,1459881000.0,0.0,1.6465754733506532,10075.66,0.305526049356053,0.5452097753795335,0.23,-71.83030189093074,92.25787690334926,-122.23479998606115,259.85,3374.9,3115.05,62325.3,61823.3,-9021.1,7749.2,28.24,2016,125678.5,124378.6,-18080.0,11644.7,42.43,275875.3,278628.1,-30698.199999999997,27434.2,99.94999999999999,594061.8,601841.2,-75250.59999999999,46824.7,170.58999999999997,113.01522662889519,3191.0,3225.05,3127.9,3139.85
2016-04-05,3170.0,3170.0,3080.0,3101.05,3117.795573893473,10664,2094,33248172.0,4585.0,43.0,90.0,-68.95,1459794600.0,0.0,-2.835612790023656,10044.97,-1.833841186323748,0.545375962970185,0.23,-71.0082068976637,92.84527479922788,-121.74835157704089,259.85,3374.9,3115.05,62325.3,61823.3,-9021.1,7749.2,28.24,2016,125678.5,124378.6,-18080.0,11644.7,42.43,275875.3,278628.1,-30698.199999999997,27434.2,99.94999999999999,594061.8,601841.2,-75250.59999999999,46824.7,170.58999999999997,109.81055240793202,3134.0,3199.95,3096.4,3191.55
2016-04-04,3212.55,3223.75,3165.0,3173.15,3189.3556636052576,5553,1081,17710492.0,1843.0,33.19,58.75,-39.4,1459708200.0,0.0,2.325018945195989,10232.62,0.5204506249729901,0.5454628145658531,0.23,-71.66695554890251,89.30879872408042,-120.48612781908453,259.85,3374.9,3115.05,62325.3,61823.3,-9021.1,7749.2,28.24,2016,125678.5,124378.6,-18080.0,11644.7,42.43,275875.3,278628.1,-30698.199999999997,27434.2,99.94999999999999,594061.8,601841.2,-75250.59999999999,46824.7,170.58999999999997,112.3636685552408,3170.0,3170.0,3080.0,3101.05
2016-04-01,3264.9,3264.9,3194.0,3204.45,3225.2614984560378,18459,3532,59535102.0,4327.0,23.44,70.9,-60.45,1459449000.0,0.0,0.9864015252981861,10179.64,-0.0538039807091217,0.5457800984864525,0.23,-71.94370328761566,90.29405755016876,-121.32887348743628,259.85,3374.9,3115.05,62325.3,61823.3,-9021.1,7749.2,28.24,2016,125678.5,124378.6,-18080.0,11644.7,42.43,275875.3,278628.1,-30698.199999999997,27434.2,99.94999999999999,594061.8,601841.2,-75250.59999999999,46824.7,170.58999999999997,113.47202549575071,3212.55,3223.75,3165.0,3173.15
2016-03-31,3205.0,3253.6,3180.7,3227.0,3228.7854310705534,50189,5905,162049512.0,29816.0,59.41,72.9,22.0,1459362600.0,0.0,0.7037089048042677,10185.12,0.2666855679693825,0.5458438546817821,0.21,-72.1397582894329,90.19167177215388,-121.46570086025628,259.85,3374.9,3115.05,65036.6,64359.1,-10363.5,6814.1,24.83,2016,124281.8,123169.6,-18322.2,13759.7,50.14,262997.8,263596.9,-30457.899999999998,26277.2,95.75,569837.1000000001,576383.2,-73255.9,48590.0,177.04,129.96375352396296,3264.9,3264.9,3194.0,3204.45
2016-03-30,3166.0,3222.85,3166.0,3192.05,3209.416329021235,40970,3888,131489787.0,29462.0,71.91,56.85,26.05,1459276200.0,0.0,-1.0830492717694429,10158.03,1.7861115174883535,0.5458718688216903,0.2,-71.83471436850927,90.69888551224987,-121.43551012936129,259.85,3374.9,3115.05,65036.6,64359.1,-10363.5,6814.1,24.83,2016,124281.8,123169.6,-18322.2,13759.7,50.14,262997.8,263596.9,-30457.899999999998,26277.2,95.75,569837.1000000001,576383.2,-73255.9,48590.0,177.04,128.55618203785744,3205.0,3253.6,3180.7,3227.0
2016-03-29,3187.0,3194.95,3117.25,3137.1,3144.2164073550207,5656,938,17783688.0,2382.0,42.11,77.7,-49.9,1459189800.0,0.0,-1.7214642627778498,9979.78,-0.1901230048835911,0.5455935375029709,0.23,-71.3413662299576,94.10498027010614,-122.7889487985464,259.85,3374.9,3115.05,65036.6,64359.1,-10363.5,6814.1,24.83,2016,124281.8,123169.6,-18322.2,13759.7,50.14,262997.8,263596.9,-30457.899999999998,26277.2,95.75,569837.1000000001,576383.2,-73255.9,48590.0,177.04,126.34313330648409,3166.0,3222.85,3166.0,3192.05
2016-03-28,3208.95,3230.0,3158.0,3178.9,3188.2071565146134,18305,2101,58360132.0,10375.0,56.68,72.0,-30.05,1459103400.0,0.0,1.3324407892639778,9998.79,-1.374707047432655,0.5457623866956884,0.29,-71.71820441033063,93.73594204898792,-123.00748477001326,259.85,3374.9,3115.05,65036.6,64359.1,-10363.5,6814.1,24.83,2016,124281.8,123169.6,-18322.2,13759.7,50.14,262997.8,263596.9,-30457.899999999998,26277.2,95.75,569837.1000000001,576383.2,-73255.9,48590.0,177.04,128.02658074909385,3187.0,3194.95,3117.25,3137.1
2016-03-23,3210.0,3265.8,3185.1,3197.85,3210.4796500969046,19091,2385,61291267.0,9675.0,50.68,80.7,-12.15,1458671400.0,0.0,0.596118154078451,10138.16,0.0684023558837454,0.5456531305078056,0.3,-71.88579827071312,91.07264040023044,-121.71617366955817,259.85,3374.9,3115.05,65036.6,64359.1,-10363.5,6814.1,24.83,2016,124281.8,123169.6,-18322.2,13759.7,50.14,262997.8,263596.9,-30457.899999999998,26277.2,95.75,569837.1000000001,576383.2,-73255.9,48590.0,177.04,128.7897704389851,3208.95,3230.0,3158.0,3178.9
2016-03-22,3226.1,3238.25,3184.2,3201.6,3192.2572418572413,115440,2144,368514176.0,107030.0,92.71,54.05,-24.5,1458585000.0,0.0,0.11726628828745422,10131.23,0.2283306045121946,0.5456778363295363,0.3,-71.91872813593203,91.20333858771345,-121.82266525160674,259.85,3374.9,3115.05,65036.6,64359.1,-10363.5,6814.1,24.83,2016,124281.8,123169.6,-18322.2,13759.7,50.14,262997.8,263596.9,-30457.899999999998,26277.2,95.75,569837.1000000001,576383.2,-73255.9,48590.0,177.04,128.94079742247283,3210.0,3265.8,3185.1,3197.85
2016-03-21,3110.65,3240.0,3110.65,3221.6,3213.7566320085507,20582,3221,66145539.0,6821.0,33.14,129.35,110.95,1458498600.0,0.0,0.6246876561719183,10108.15,1.3532280042794609,0.5456751957581789,0.31,-72.09305934939161,91.63991432655828,-122.23952822811401,259.85,3374.9,3115.05,65036.6,64359.1,-10363.5,6814.1,24.83,2016,124281.8,123169.6,-18322.2,13759.7,50.14,262997.8,263596.9,-30457.899999999998,26277.2,95.75,569837.1000000001,576383.2,-73255.9,48590.0,177.04,129.74627466774064,3226.1,3238.25,3184.2,3201.6
2016-03-18,3048.0,3119.95,3040.0,3110.25,3101.7803254091064,63981,4715,198455007.0,39979.0,62.49,79.95,62.25,1458239400.0,0.0,-3.4563570896448903,9973.19,1.0658683969716254,0.545506483437267,0.3,-71.09396350775661,94.23323931460244,-122.63515456413663,259.85,3374.9,3115.05,65036.6,64359.1,-10363.5,6814.1,24.83,2016,124281.8,123169.6,-18322.2,13759.7,50.14,262997.8,263596.9,-30457.899999999998,26277.2,95.75,569837.1000000001,576383.2,-73255.9,48590.0,177.04,125.26178010471205,3110.65,3240.0,3110.65,3221.6
2016-03-17,2978.0,3048.0,2978.0,3026.85,3025.3557528166607,41006,1714,124057738.0,34193.0,83.39,70.0,48.85,1458153000.0,0.0,-2.681456474559929,9868.01,0.2121432459439853,0.5461075727893955,0.29,-70.29750400581463,96.30351002887107,-123.02120892267169,259.85,3374.9,3115.05,65036.6,64359.1,-10363.5,6814.1,24.83,2016,124281.8,123169.6,-18322.2,13759.7,50.14,262997.8,263596.9,-30457.899999999998,26277.2,95.75,569837.1000000001,576383.2,-73255.9,48590.0,177.04,121.90293999194523,3048.0,3119.95,3040.0,3110.25
2016-03-16,2990.0,2995.0,2955.25,2974.35,2984.3910905693774,10169,1040,30348273.0,6331.0,62.26,39.75,-15.65,1458066600.0,0.0,-1.734476435898702,9847.12,0.2117783786589333,0.5465365270078473,0.31,-69.77322776404928,96.7199546669483,-122.77478955670719,259.85,3374.9,3115.05,65036.6,64359.1,-10363.5,6814.1,24.83,2016,124281.8,123169.6,-18322.2,13759.7,50.14,262997.8,263596.9,-30457.899999999998,26277.2,95.75,569837.1000000001,576383.2,-73255.9,48590.0,177.04,119.7885622231172,2978.0,3048.0,2978.0,3026.85
2016-03-15,3009.0,3010.0,2981.0,2988.25,2995.1441700172318,3482,660,10429092.0,1529.0,43.91,29.0,-20.75,1457980200.0,0.0,0.46732899625128166,9826.31,-0.8551053065968706,0.5467116454993115,0.34,-69.91382916422654,97.13656499744054,-123.17363849265831,259.85,3374.9,3115.05,65036.6,64359.1,-10363.5,6814.1,24.83,2016,124281.8,123169.6,-18322.2,13759.7,50.14,262997.8,263596.9,-30457.899999999998,26277.2,95.75,569837.1000000001,576383.2,-73255.9,48590.0,177.04,120.34836890857834,2990.0,2995.0,2955.25,2974.35
2016-03-14,3000.0,3021.65,2995.0,3008.4,3010.2163499030776,44881,1813,135101520.0,38140.0,84.98,26.65,8.4,1457893800.0,0.0,0.6743077051786228,9911.06,0.3538842722488722,0.5466373898554108,0.34,-70.11534370429465,95.45083976890464,-122.44648490252487,259.85,3374.9,3115.05,65036.6,64359.1,-10363.5,6814.1,24.83,2016,124281.8,123169.6,-18322.2,13759.7,50.14,262997.8,263596.9,-30457.899999999998,26277.2,95.75,569837.1000000001,576383.2,-73255.9,48590.0,177.04,121.15988723318567,3009.0,3010.0,2981.0,2988.25
2016-03-11,3000.0,3008.45,2970.0,2990.55,2994.410453808752,17276,1742,51731435.0,8608.0,49.83,38.45,-9.45,1457634600.0,0.0,-0.5933386517750217,9876.11,0.2216298112391879,0.5466571540514502,0.33,-69.9369681162328,96.14250955082515,-122.64356190981428,259.85,3374.9,3115.05,65036.6,64359.1,-10363.5,6814.1,24.83,2016,124281.8,123169.6,-18322.2,13759.7,50.14,262997.8,263596.9,-30457.899999999998,26277.2,95.75,569837.1000000001,576383.2,-73255.9,48590.0,177.04,120.44099879178415,3000.0,3021.65,2995.0,3008.4
2016-03-10,3000.0,3017.0,2985.0,2995.55,2998.9423974185675,22933,1303,68774746.0,16828.0,73.38,32.0,-4.45,1457548200.0,0.0,0.16719332564243405,9854.27,-0.5299406365545933,0.5466724984869842,0.32,-69.9871476022767,96.57721982450246,-122.92832246114834,259.85,3374.9,3115.05,65036.6,64359.1,-10363.5,6814.1,24.83,2016,124281.8,123169.6,-18322.2,13759.7,50.14,262997.8,263596.9,-30457.899999999998,26277.2,95.75,569837.1000000001,576383.2,-73255.9,48590.0,177.04,120.6423681031011,3000.0,3008.45,2970.0,2990.55
2016-03-09,2959.0,2999.35,2953.6,2991.3,2978.356533250711,142012,2047,422962368.0,131425.0,92.54,45.75,32.3,1457461800.0,0.0,-0.1418771177246203,9906.77,0.5139958868153771,0.5466387723697743,0.3,-69.94450573329323,95.53547725444317,-122.3039101057116,259.85,3374.9,3115.05,65036.6,64359.1,-10363.5,6814.1,24.83,2016,124281.8,123169.6,-18322.2,13759.7,50.14,262997.8,263596.9,-30457.899999999998,26277.2,95.75,569837.1000000001,576383.2,-73255.9,48590.0,177.04,120.47120418848169,3000.0,3017.0,2985.0,2995.55
2016-03-08,2910.05,2965.0,2910.05,2953.9,2946.4852528089887,11392,1315,33566360.0,2386.0,20.94,54.95,43.85,1457375400.0,0.0,-1.2502925149600497,9856.11,0.051669776327734,0.5466135893835382,0.29,-69.56396628186465,96.54052156479584,-122.46580935443535,259.85,3374.9,3115.05,65036.6,64359.1,-10363.5,6814.1,24.83,2016,124281.8,123169.6,-18322.2,13759.7,50.14,262997.8,263596.9,-30457.899999999998,26277.2,95.75,569837.1000000001,576383.2,-73255.9,48590.0,177.04,118.96496173983085,2959.0,2999.35,2953.6,2991.3
2016-03-04,2953.95,3000.0,2896.3,2904.95,2918.4810210289643,15122,2064,44133270.0,5548.0,36.69,103.7,-49.0,1457029800.0,0.0,-1.6571312502115965,9851.02,0.4020763241764591,0.5467049667545161,0.29,-69.05110242861323,96.64207361268171,-122.01725962976307,259.85,3374.9,3115.05,65036.6,64359.1,-10363.5,6814.1,24.83,2016,124281.8,123169.6,-18322.2,13759.7,50.14,262997.8,263596.9,-30457.899999999998,26277.2,95.75,569837.1000000001,576383.2,-73255.9,48590.0,177.04,116.99355618203786,2910.05,2965.0,2910.05,2953.9
2016-03-03,2982.0,3010.0,2940.0,2953.95,2973.224797058212,14413,2249,42853089.0,5063.0,35.13,70.0,-28.05,1456943400.0,0.0,1.6867760202413207,9811.57,1.2965117659629932,0.5468528433978301,0.28,-69.56448145703212,97.43272483404796,-122.97272527637823,259.85,3374.9,3115.05,65036.6,64359.1,-10363.5,6814.1,24.83,2016,124281.8,123169.6,-18322.2,13759.7,50.14,262997.8,263596.9,-30457.899999999998,26277.2,95.75,569837.1000000001,576383.2,-73255.9,48590.0,177.04,118.96697543294403,2953.95,3000.0,2896.3,2904.95
2016-03-02,2900.0,3000.0,2900.0,2973.7,2979.3160947632546,92061,3084,274278819.0,79404.0,86.25,100.0,73.7,1456857000.0,0.0,0.6685962863284711,9685.99,1.9587553987353568,0.5468562647756053,0.36,-69.76662070820862,99.99246334138276,-124.61125746146962,259.85,3374.9,3115.05,65036.6,64359.1,-10363.5,6814.1,24.83,2016,124281.8,123169.6,-18322.2,13759.7,50.14,262997.8,263596.9,-30457.899999999998,26277.2,95.75,569837.1000000001,576383.2,-73255.9,48590.0,177.04,119.762384212646,2982.0,3010.0,2940.0,2953.95
2016-03-01,2787.0,2912.5,2767.0,2887.5,2832.0975516935177,15766,2419,44650850.0,5825.0,36.95,145.5,100.5,1456770600.0,0.0,-2.8987456703769676,9499.91,3.192367602938062,0.5464672773244655,0.33,-68.86406926406927,103.9098265141459,-125.79705504499506,259.85,3374.9,3115.05,65036.6,64359.1,-10363.5,6814.1,24.83,2016,124281.8,123169.6,-18322.2,13759.7,50.14,262997.8,263596.9,-30457.899999999998,26277.2,95.75,569837.1000000001,576383.2,-73255.9,48590.0,177.04,116.2907772855417,2900.0,3000.0,2900.0,2973.7
2016-02-29,2806.0,2840.95,2689.95,2767.05,2779.610737829614,31552,4791,87702278.0,10596.0,33.58,151.0,-38.95,1456684200.0,0.0,-4.171428571428571,9206.02,-0.363004298906,0.545843590468211,0.33,-67.50871867150937,110.41937775499076,-127.93029989770471,259.85,3374.9,3115.05,65036.6,64359.1,-10363.5,6814.1,24.83,2016,124281.8,123169.6,-18322.2,13759.7,50.14,262997.8,263596.9,-30457.899999999998,26277.2,95.75,569837.1000000001,576383.2,-73255.9,48590.0,177.04,111.43979057591625,2787.0,2912.5,2767.0,2887.5
2016-02-26,2804.0,2834.4,2754.0,2775.45,2778.30761523046,6986,1380,19409257.0,2543.0,36.4,80.4,-28.55,1456425000.0,0.0,0.3035723965956416,9239.56,0.5614950854214928,0.5468885589917859,0.33,-67.60705471184853,109.6555463680089,-127.72594522603859,259.85,3374.9,3115.05,65036.6,64359.1,-10363.5,6814.1,24.83,2016,124281.8,123169.6,-18322.2,13759.7,50.14,262997.8,263596.9,-30457.899999999998,26277.2,95.75,569837.1000000001,576383.2,-73255.9,48590.0,177.04,111.77809101892872,2806.0,2840.95,2689.95,2767.05
2016-02-25,2810.0,2839.95,2767.6,2778.65,2789.8930345629424,9461,1501,26395178.0,3691.0,39.01,72.35,-31.35,1456338600.0,0.0,0.11529661856637397,9187.97,-0.756855662753686,0.5468637869888481,0.32,-67.64435967106328,110.8327519571788,-128.3997817169253,259.85,3374.9,3115.05,65036.6,64359.1,-10363.5,6814.1,24.83,2016,124281.8,123169.6,-18322.2,13759.7,50.14,262997.8,263596.9,-30457.899999999998,26277.2,95.75,569837.1000000001,576383.2,-73255.9,48590.0,177.04,111.90696737817157,2804.0,2834.4,2754.0,2775.45
2016-02-24,2814.0,2841.0,2784.95,2795.75,2807.760176447596,35818,1539,100568354.0,25853.0,72.18,56.05,-18.25,1456252200.0,0.0,0.615406762276649,9258.04,-1.2051047010074534,0.5467942425304142,0.33,-67.84226057408567,109.23705233505147,-127.72200976185032,259.85,3374.9,3115.05,65036.6,64359.1,-10363.5,6814.1,24.83,2016,124281.8,123169.6,-18322.2,13759.7,50.14,262997.8,263596.9,-30457.899999999998,26277.2,95.75,569837.1000000001,576383.2,-73255.9,48590.0,177.04,112.59565042287556,2810.0,2839.95,2767.6,2778.65
2016-02-23,2923.1,2941.15,2803.0,2814.25,2912.7503252166584,163737,2839,476925000.0,151875.0,92.76,138.15,-108.85,1456165800.0,0.0,0.6617186801394892,9370.97,-1.5423780990715397,0.5466459664859551,0.32,-68.05365550324242,106.71552678111232,-126.53434107028589,259.85,3374.9,3115.05,65036.6,64359.1,-10363.5,6814.1,24.83,2016,124281.8,123169.6,-18322.2,13759.7,50.14,262997.8,263596.9,-30457.899999999998,26277.2,95.75,569837.1000000001,576383.2,-73255.9,48590.0,177.04,113.3407168747483,2814.0,2841.0,2784.95,2795.75
2016-02-22,2850.0,2927.0,2850.0,2918.55,2906.9054814985066,17404,2731,50591783.0,4855.0,27.9,77.0,68.55,1456079400.0,0.0,3.706138402771608,9517.77,0.4351803877579607,0.546393408260078,0.33,-69.19531959363383,103.52719176866007,-125.91158492698088,259.85,3374.9,3115.05,65036.6,64359.1,-10363.5,6814.1,24.83,2016,124281.8,123169.6,-18322.2,13759.7,50.14,262997.8,263596.9,-30457.899999999998,26277.2,95.75,569837.1000000001,576383.2,-73255.9,48590.0,177.04,117.54128070882,2923.1,2941.15,2803.0,2814.25
2016-02-19,2800.0,2846.0,2778.0,2840.3,2815.122745179349,4823,1016,13577337.0,776.0,16.09,68.0,40.3,1455820200.0,0.0,-2.6811259015607103,9476.53,0.1995208117018476,0.5472455188452137,0.31,-68.34665352251523,104.41290219099182,-125.62650024531708,259.85,3374.9,3115.05,65036.6,64359.1,-10363.5,6814.1,24.83,2016,124281.8,123169.6,-18322.2,13759.7,50.14,262997.8,263596.9,-30457.899999999998,26277.2,95.75,569837.1000000001,576383.2,-73255.9,48590.0,177.04,114.38985098670965,2850.0,2927.0,2850.0,2918.55
2016-02-18,2777.05,2826.95,2774.5,2794.8,2797.6270551508846,4805,829,13442598.0,1373.0,28.57,52.45,17.75,1455733800.0,0.0,-1.601943456677113,9457.66,0.9893208870038528,0.5476794208297795,0.3,-67.83132961213683,104.8207484726666,-125.37519260034193,259.85,3374.9,3115.05,65036.6,64359.1,-10363.5,6814.1,24.83,2016,124281.8,123169.6,-18322.2,13759.7,50.14,262997.8,263596.9,-30457.899999999998,26277.2,95.75,569837.1000000001,576383.2,-73255.9,48590.0,177.04,112.55739025372534,2800.0,2846.0,2778.0,2840.3
2016-02-17,2790.55,2796.45,2741.55,2774.95,2771.13528539659,5396,851,14953046.0,1986.0,36.81,54.9,-15.6,1455647400.0,0.0,-0.7102476026907278,9365.01,0.6803035564352022,0.5477290114956005,0.3,-67.60121803996468,106.84708291822432,-126.26014644450346,259.85,3374.9,3115.05,65036.6,64359.1,-10363.5,6814.1,24.83,2016,124281.8,123169.6,-18322.2,13759.7,50.14,262997.8,263596.9,-30457.899999999998,26277.2,95.75,569837.1000000001,576383.2,-73255.9,48590.0,177.04,111.75795408779702,2777.05,2826.95,2774.5,2794.8
2016-02-16,2825.0,2835.0,2785.05,2790.9,2798.8585801332006,7057,782,19751545.0,3345.0,47.4,49.95,-34.1,1455561000.0,0.0,0.5747851312636332,9301.73,-1.8076696115368216,0.5477099836434858,0.3,-67.78637715432299,108.25427097969948,-127.21400914685863,259.85,3374.9,3115.05,65036.6,64359.1,-10363.5,6814.1,24.83,2016,124281.8,123169.6,-18322.2,13759.7,50.14,262997.8,263596.9,-30457.899999999998,26277.2,95.75,569837.1000000001,576383.2,-73255.9,48590.0,177.04,112.40032219089812,2790.55,2796.45,2741.55,2774.95
2016-02-15,2770.3,2861.0,2765.65,2803.5,2832.6049170954834,6996,1289,19816904.0,1168.0,16.7,95.35,33.2,1455474600.0,0.0,0.4514672686230181,9472.97,2.797560978256497,0.5473463988025954,,-67.93115748171927,104.4897218084719,,259.85,3374.9,3115.05,65036.6,64359.1,-10363.5,6814.1,24.83,2016,124281.8,123169.6,-18322.2,13759.7,50.14,262997.8,263596.9,-30457.899999999998,26277.2,95.75,569837.1000000001,576383.2,-73255.9,48590.0,177.04,112.90777285541684,2825.0,2835.0,2785.05,2790.9
2016-02-12,2729.0,2788.0,2706.6,2769.4,2759.1116227850644,9989,1411,27560766.0,3180.0,31.84,81.4,40.4,1455215400.0,0.0,-1.2163367219546917,9215.17,-0.1492045673717745,0.5464899199836137,0.3,-67.53628944897811,110.21044647033098,-127.90124054591254,259.85,3374.9,3115.05,65036.6,64359.1,-10363.5,6814.1,24.83,2016,124281.8,123169.6,-18322.2,13759.7,50.14,262997.8,263596.9,-30457.899999999998,26277.2,95.75,569837.1000000001,576383.2,-73255.9,48590.0,177.04,111.5344341522352,2770.3,2861.0,2765.65,2803.5
2016-02-11,2799.7,2825.0,2680.0,2707.8,2767.757191131624,12133,1965,33581198.0,4252.0,35.04,145.0,-91.9,1455129000.0,0.0,-2.224308514479667,9228.94,-3.5071797649194103,0.5465734507681319,0.28,-66.7977694068986,109.89680288310466,-126.99140362088721,259.85,3374.9,3115.05,65036.6,64359.1,-10363.5,6814.1,24.83,2016,124281.8,123169.6,-18322.2,13759.7,50.14,262997.8,263596.9,-30457.899999999998,26277.2,95.75,569837.1000000001,576383.2,-73255.9,48590.0,177.04,109.05356423681033,2729.0,2788.0,2706.6,2769.4
2016-02-10,2780.0,2825.95,2758.45,2805.9,2787.346311475409,5856,972,16322700.0,1426.0,24.35,67.5,25.9,1455042600.0,0.0,3.6228672723243927,9564.38,-1.1834985892035688,0.5454425213248518,0.31,-67.9585872625539,102.53534468517564,-124.02663701093815,259.85,3374.9,3115.05,65036.6,64359.1,-10363.5,6814.1,24.83,2016,124281.8,123169.6,-18322.2,13759.7,50.14,262997.8,263596.9,-30457.899999999998,26277.2,95.75,569837.1000000001,576383.2,-73255.9,48590.0,177.04,113.00443012484898,2799.7,2825.0,2680.0,2707.8
2016-02-09,2820.9,2844.45,2753.45,2763.25,2779.598575063613,9825,1382,27309556.0,3461.0,35.23,91.0,-57.65,1454956200.0,0.0,-1.5200114045404334,9678.93,-1.3402090228644803,0.5461056161540798,0.3,-67.46403691305528,100.138341738188,-122.28631604379002,259.85,3374.9,3115.05,65036.6,64359.1,-10363.5,6814.1,24.83,2016,124281.8,123169.6,-18322.2,13759.7,50.14,262997.8,263596.9,-30457.899999999998,26277.2,95.75,569837.1000000001,576383.2,-73255.9,48590.0,177.04,111.28674989931535,2780.0,2825.95,2758.45,2805.9
2016-02-08,2840.0,2874.0,2802.8,2820.9,2852.048,9500,1081,27094456.0,3947.0,41.55,71.2,-19.1,1454869800.0,0.0,2.0863114086673296,9810.41,-0.9472720241755272,0.5460273426317648,0.32,-68.1289659328583,97.45606962400144,-121.48791590334591,259.85,3374.9,3115.05,65036.6,64359.1,-10363.5,6814.1,24.83,2016,124281.8,123169.6,-18322.2,13759.7,50.14,262997.8,263596.9,-30457.899999999998,26277.2,95.75,569837.1000000001,576383.2,-73255.9,48590.0,177.04,113.60853805879985,2820.9,2844.45,2753.45,2763.25
2016-02-05,2780.0,2851.0,2780.0,2842.75,2831.751440544788,11454,1459,32434881.0,3499.0,30.55,71.0,62.75,1454610600.0,0.0,0.7745754900918111,9904.23,1.361242506053495,0.5461972021715381,0.3,-68.37393369096824,95.58562351641672,-120.71867466280557,259.85,3374.9,3115.05,65036.6,64359.1,-10363.5,6814.1,24.83,2016,124281.8,123169.6,-18322.2,13759.7,50.14,262997.8,263596.9,-30457.899999999998,26277.2,95.75,569837.1000000001,576383.2,-73255.9,48590.0,177.04,114.48852194925495,2840.0,2874.0,2802.8,2820.9
2016-02-04,2770.0,2811.0,2750.0,2770.2,2782.5963119860453,8026,1053,22333118.0,2055.0,25.6,61.0,0.2,1454524200.0,0.0,-2.5521062351596235,9771.22,0.3032331179016356,0.5460371409202286,0.29,-67.54566457295502,98.24801815945196,-121.324380738954,259.85,3374.9,3115.05,65036.6,64359.1,-10363.5,6814.1,24.83,2016,124281.8,123169.6,-18322.2,13759.7,50.14,262997.8,263596.9,-30457.899999999998,26277.2,95.75,569837.1000000001,576383.2,-73255.9,48590.0,177.04,111.56665324204592,2780.0,2851.0,2780.0,2842.75
2016-02-03,2779.7,2803.0,2750.1,2771.05,2782.568460309004,5631,1037,15668643.0,890.0,15.81,52.9,-8.65,1454437800.0,0.0,0.0306837051476494,9741.68,-1.4556556115068564,0.546425489012917,0.33,-67.55561971093991,98.84917180609504,-121.71900634223297,259.85,3374.9,3115.05,65036.6,64359.1,-10363.5,6814.1,24.83,2016,124281.8,123169.6,-18322.2,13759.7,50.14,262997.8,263596.9,-30457.899999999998,26277.2,95.75,569837.1000000001,576383.2,-73255.9,48590.0,177.04,111.60088602496981,2770.0,2811.0,2750.0,2770.2
2016-02-02,2824.05,2855.0,2784.0,2809.3,2824.2290149986843,11401,1951,32199035.0,3779.0,33.15,71.0,-14.75,1454351400.0,0.0,1.380343191209099,9885.58,-1.3484087937968514,0.546171088801374,0.34,-67.99736589185919,95.95461267826472,-120.5593030036687,259.85,3374.9,3115.05,65036.6,64359.1,-10363.5,6814.1,24.83,2016,124281.8,123169.6,-18322.2,13759.7,50.14,262997.8,263596.9,-30457.899999999998,26277.2,95.75,569837.1000000001,576383.2,-73255.9,48590.0,177.04,113.14136125654451,2779.7,2803.0,2750.1,2771.05
2016-02-01,2815.0,2859.3,2790.0,2812.35,2829.1615228655105,4439,1068,12558648.0,945.0,21.29,69.3,-2.65,1454265000.0,0.0,0.10856797066884916,10020.7,0.0666065510089408,0.5460763694510847,0.35,-68.03207282166159,93.31234344906044,-119.14661182798935,259.85,3374.9,3115.05,65036.6,64359.1,-10363.5,6814.1,24.83,2016,124281.8,123169.6,-18322.2,13759.7,50.14,262997.8,263596.9,-30457.899999999998,26277.2,95.75,569837.1000000001,576383.2,-73255.9,48590.0,177.04,113.26419653644786,2824.05,2855.0,2784.0,2809.3
2016-01-29,2751.5,2839.0,2739.1,2826.0,2804.4621070708577,13393,2539,37560161.0,3210.0,23.97,99.9,74.5,1454005800.0,0.0,0.48535921915835445,10014.03,1.613389304750967,0.5460775275844442,0.33,-68.18648266100496,93.4411021337064,-119.36236310484202,259.85,3374.9,3115.05,65036.6,64359.1,-10363.5,6814.1,24.83,2016,124281.8,123169.6,-18322.2,13759.7,50.14,262997.8,263596.9,-30457.899999999998,26277.2,95.75,569837.1000000001,576383.2,-73255.9,48590.0,177.04,113.81393475634314,2815.0,2859.3,2790.0,2812.35
2016-01-28,2774.0,2774.0,2721.0,2743.5,2744.0855054475246,7251,1270,19897364.0,2132.0,29.4,53.0,-30.5,1453919400.0,0.0,-2.919320594479835,9855.03,-0.1263744616164075,0.5458096979700257,0.35,-67.22981592855841,96.56206018652402,-120.09329144003902,259.85,3374.9,3115.05,65036.6,64359.1,-10363.5,6814.1,24.83,2016,124281.8,123169.6,-18322.2,13759.7,50.14,262997.8,263596.9,-30457.899999999998,26277.2,95.75,569837.1000000001,576383.2,-73255.9,48590.0,177.04,110.49134111961338,2751.5,2839.0,2739.1,2826.0
2016-01-27,2749.0,2784.1,2738.6,2747.2,2758.347886029412,6528,1190,18006495.0,997.0,15.27,45.5,-1.8,1453833000.0,0.0,0.13486422453070634,9867.5,0.1303952956218657,0.5463277715591753,0.32,-67.27395165987187,96.3136559412212,-120.03795179405745,259.85,3374.9,3115.05,65036.6,64359.1,-10363.5,6814.1,24.83,2016,124281.8,123169.6,-18322.2,13759.7,50.14,262997.8,263596.9,-30457.899999999998,26277.2,95.75,569837.1000000001,576383.2,-73255.9,48590.0,177.04,110.64035440998792,2774.0,2774.0,2721.0,2743.5
2016-01-25,2750.0,2770.0,2726.15,2750.25,2750.1653954568064,12062,1293,33172495.0,5910.0,49.0,43.85,0.25,1453660200.0,0.0,0.11102213162492713,9854.65,0.2902465161767731,0.5463285047939263,0.31,-67.31024452322517,96.56963971323182,-120.20962955975716,259.85,3374.9,3115.05,65036.6,64359.1,-10363.5,6814.1,24.83,2016,124281.8,123169.6,-18322.2,13759.7,50.14,262997.8,263596.9,-30457.899999999998,26277.2,95.75,569837.1000000001,576383.2,-73255.9,48590.0,177.04,110.76318968989126,2749.0,2784.1,2738.6,2747.2
2016-01-22,2715.0,2739.1,2694.0,2718.9,2715.1488873189683,11324,2058,30746346.0,3909.0,34.52,45.1,3.9,1453401000.0,0.0,-1.1398963730569922,9826.13,1.9855046741872997,0.5463223933432395,0.31,-66.93331862150134,97.1401762443607,-120.14381225516817,259.85,3374.9,3115.05,65036.6,64359.1,-10363.5,6814.1,24.83,2016,124281.8,123169.6,-18322.2,13759.7,50.14,262997.8,263596.9,-30457.899999999998,26277.2,95.75,569837.1000000001,576383.2,-73255.9,48590.0,177.04,109.50060410793397,2750.0,2770.0,2726.15,2750.25
2016-01-21,2670.0,2716.0,2646.8,2697.1,2686.829630438343,18319,3010,49220032.0,3997.0,21.82,69.2,27.1,1453314600.0,0.0,-0.8017948435028899,9634.83,-0.3002943961257776,0.5459634723060124,0.28,-66.66604871899447,101.05440365839358,-121.96519205989875,259.85,3374.9,3115.05,65036.6,64359.1,-10363.5,6814.1,24.83,2016,124281.8,123169.6,-18322.2,13759.7,50.14,262997.8,263596.9,-30457.899999999998,26277.2,95.75,569837.1000000001,576383.2,-73255.9,48590.0,177.04,108.62263391059203,2715.0,2739.1,2694.0,2718.9
2016-01-20,2638.7,2677.0,2581.95,2625.2,2612.6074913010843,29314,4894,76585976.0,4306.0,14.69,95.05,-13.5,1453228200.0,0.0,-2.665826257832493,9663.85,-1.7774651809735476,0.5459876813408728,0.26,-65.75308547920157,100.45064855104332,-120.71594537362398,259.85,3374.9,3115.05,65036.6,64359.1,-10363.5,6814.1,24.83,2016,124281.8,123169.6,-18322.2,13759.7,50.14,262997.8,263596.9,-30457.899999999998,26277.2,95.75,569837.1000000001,576383.2,-73255.9,48590.0,177.04,105.72694321385421,2670.0,2716.0,2646.8,2697.1
2016-01-19,2650.0,2660.0,2617.0,2644.5,2640.2888460611903,8302,1347,21919678.0,2955.0,35.59,43.0,-5.5,1453141800.0,0.0,0.7351820813652266,9838.73,1.24129202210308,0.5460453821385253,0.26,-66.00302514653053,96.88770806801286,-119.02613892369847,259.85,3374.9,3115.05,65036.6,64359.1,-10363.5,6814.1,24.83,2016,124281.8,123169.6,-18322.2,13759.7,50.14,262997.8,263596.9,-30457.899999999998,26277.2,95.75,569837.1000000001,576383.2,-73255.9,48590.0,177.04,106.50422875553767,2638.7,2677.0,2581.95,2625.2
2016-01-18,2629.2,2665.35,2581.15,2638.75,2622.04885874049,10909,2055,28603931.0,2500.0,22.92,84.2,9.55,1453055400.0,0.0,-0.217432406882212,9718.1,-1.8183324442720197,0.545915416639021,,-65.92894362861203,99.3316594807627,,259.85,3374.9,3115.05,65036.6,64359.1,-10363.5,6814.1,24.83,2016,124281.8,123169.6,-18322.2,13759.7,50.14,262997.8,263596.9,-30457.899999999998,26277.2,95.75,569837.1000000001,576383.2,-73255.9,48590.0,177.04,106.27265404752316,2650.0,2660.0,2617.0,2644.5
2016-01-15,2659.0,2659.0,2593.45,2617.05,2614.7750158328054,12632,2463,33029838.0,4789.0,37.91,65.55,-41.95,1452796200.0,0.0,-0.8223590715300766,9898.08,-1.8315439736183103,0.5455231049440573,0.24,-65.64643396190367,95.70714724471816,-117.96596854699382,259.85,3374.9,3115.05,65036.6,64359.1,-10363.5,6814.1,24.83,2016,124281.8,123169.6,-18322.2,13759.7,50.14,262997.8,263596.9,-30457.899999999998,26277.2,95.75,569837.1000000001,576383.2,-73255.9,48590.0,177.04,105.39871123640759,2629.2,2665.35,2581.15,2638.75
2016-01-14,2660.0,2660.0,2605.05,2627.05,2624.121452630764,25829,4034,67778433.0,14191.0,54.94,54.95,-32.95,1452709800.0,0.0,0.38210962725206965,10082.75,-0.5848904612174799,0.5451618172431779,0.25,-65.77720256561544,92.12268478341724,-116.11268235715283,259.85,3374.9,3115.05,65036.6,64359.1,-10363.5,6814.1,24.83,2016,124281.8,123169.6,-18322.2,13759.7,50.14,262997.8,263596.9,-30457.899999999998,26277.2,95.75,569837.1000000001,576383.2,-73255.9,48590.0,177.04,105.8014498590415,2659.0,2659.0,2593.45,2617.05
2016-01-13,2680.0,2707.9,2607.75,2684.55,2681.991686581399,551518,2682,1479166691.0,539422.0,97.81,100.15,4.55,1452623400.0,0.0,2.188766867779446,10142.07,0.0845709774510261,0.5451280024273844,0.22,-66.5102158648563,90.9989775262841,-116.21637854615997,259.85,3374.9,3115.05,65036.6,64359.1,-10363.5,6814.1,24.83,2016,124281.8,123169.6,-18322.2,13759.7,50.14,262997.8,263596.9,-30457.899999999998,26277.2,95.75,569837.1000000001,576383.2,-73255.9,48590.0,177.04,108.11719693918648,2660.0,2660.0,2605.05,2627.05
2016-01-12,2739.0,2739.0,2660.05,2670.65,2690.4065874385024,31302,1590,84215107.0,25910.0,82.77,78.95,-68.35,1452537000.0,0.0,-0.5177776536104739,10133.5,-0.751890008785272,0.545436060316867,0.21,-66.33591073334208,91.16050722849953,-116.1535970798756,259.85,3374.9,3115.05,65036.6,64359.1,-10363.5,6814.1,24.83,2016,124281.8,123169.6,-18322.2,13759.7,50.14,262997.8,263596.9,-30457.899999999998,26277.2,95.75,569837.1000000001,576383.2,-73255.9,48590.0,177.04,107.55739025372534,2680.0,2707.9,2607.75,2684.55
2016-01-11,2701.0,2739.9,2670.7,2726.9,2712.425103360543,9433,1532,25586306.0,3418.0,36.23,69.2,25.9,1452450600.0,0.0,2.1062288206990853,10210.27,-0.5519658242864933,0.5453792794987662,0.21,-67.03032747808868,89.72319047390518,-116.05896680438292,259.85,3374.9,3115.05,65036.6,64359.1,-10363.5,6814.1,24.83,2016,124281.8,123169.6,-18322.2,13759.7,50.14,262997.8,263596.9,-30457.899999999998,26277.2,95.75,569837.1000000001,576383.2,-73255.9,48590.0,177.04,109.82279500604109,2739.0,2739.0,2660.05,2670.65
2016-01-08,2684.55,2718.0,2637.2,2703.0,2683.4442085597825,11776,1898,31600239.0,5871.0,49.86,80.8,18.45,1452191400.0,0.0,-0.8764531152590904,10266.94,0.699120998542524,0.5456255894094432,0.2,-66.73880873103958,88.67598330174327,-115.21356926863331,259.85,3374.9,3115.05,65036.6,64359.1,-10363.5,6814.1,24.83,2016,124281.8,123169.6,-18322.2,13759.7,50.14,262997.8,263596.9,-30457.899999999998,26277.2,95.75,569837.1000000001,576383.2,-73255.9,48590.0,177.04,108.86024969794605,2701.0,2739.9,2670.7,2726.9
2016-01-07,2718.9,2718.9,2654.0,2666.35,2673.492016806723,14280,1887,38177466.0,7406.0,51.86,64.9,-52.55,1452105000.0,0.0,-1.3559008509063997,10195.66,-2.451891660200556,0.5456201041241093,0.2,-66.28162094248692,89.99505672021233,-115.47560913999948,259.85,3374.9,3115.05,65036.6,64359.1,-10363.5,6814.1,24.83,2016,124281.8,123169.6,-18322.2,13759.7,50.14,262997.8,263596.9,-30457.899999999998,26277.2,95.75,569837.1000000001,576383.2,-73255.9,48590.0,177.04,107.38421264599276,2684.55,2718.0,2637.2,2703.0
2016-01-06,2739.0,2747.7,2724.0,2736.65,2734.312627986348,5860,852,16023072.0,1634.0,27.88,23.7,-2.35,1452018600.0,0.0,2.6365630918671723,10451.93,-0.5184458996421171,0.5450174366460737,0.21,-67.1477901814262,85.33658376969613,-113.75326265802326,259.85,3374.9,3115.05,65036.6,64359.1,-10363.5,6814.1,24.83,2016,124281.8,123169.6,-18322.2,13759.7,50.14,262997.8,263596.9,-30457.899999999998,26277.2,95.75,569837.1000000001,576383.2,-73255.9,48590.0,177.04,110.21546516310916,2718.9,2718.9,2654.0,2666.35
2016-01-05,2760.0,2786.55,2717.65,2739.0,2737.2525577652605,8699,1483,23811360.0,2844.0,32.69,68.9,-21.0,1451932200.0,0.0,0.08587141212796912,10506.4,0.1417333792115949,0.5454278737717421,0.2,-67.17597663380796,84.37571385060536,-113.28775726256222,259.85,3374.9,3115.05,65036.6,64359.1,-10363.5,6814.1,24.83,2016,124281.8,123169.6,-18322.2,13759.7,50.14,262997.8,263596.9,-30457.899999999998,26277.2,95.75,569837.1000000001,576383.2,-73255.9,48590.0,177.04,110.31010873942812,2739.0,2747.7,2724.0,2736.65
2016-01-04,2825.0,2826.95,2731.1,2760.05,2761.2161905965622,15824,2084,43693485.0,5061.0,31.98,95.85,-64.95,1451845800.0,0.0,0.7685286600949359,10491.53,-1.769115245756736,0.5454275488651127,0.22,-67.426314740675,84.63703578029134,-113.68969164877782,259.85,3374.9,3115.05,65036.6,64359.1,-10363.5,6814.1,24.83,2016,124281.8,123169.6,-18322.2,13759.7,50.14,262997.8,263596.9,-30457.899999999998,26277.2,95.75,569837.1000000001,576383.2,-73255.9,48590.0,177.04,111.1578735400725,2760.0,2786.55,2717.65,2739.0
2016-01-01,2781.0,2825.0,2770.0,2816.0,2809.8682847417485,6757,1179,18986280.0,1358.0,20.1,55.0,35.0,1451586600.0,0.0,2.0271371895436596,10680.48,0.4350107483200416,0.5450915040867846,,-68.07350852272727,81.37059383098888,,259.85,3374.9,3115.05,65036.6,64359.1,-10363.5,6814.1,24.83,2016,124281.8,123169.6,-18322.2,13759.7,50.14,262997.8,263596.9,-30457.899999999998,26277.2,95.75,569837.1000000001,576383.2,-73255.9,48590.0,177.04,113.41119613370923,2825.0,2826.95,2731.1,2760.05
2015-12-31,2784.35,2793.35,2768.05,2784.95,2779.3705852417306,9825,1442,27307316.0,2169.0,22.08,25.3,0.6,1451500200.0,0.0,-1.1026278409090984,10634.22,0.551347354506615,0.5453398289669982,0.16,-67.71755327743764,82.15957540844559,-112.59518770604583,259.85,3374.9,3115.05,58258.1,57472.7,-9787.9,5085.6,18.53,2015,127361.9,126182.4,-19384.6,14563.3,53.06999999999999,253040.4,250561.0,-37464.6,26208.0,95.5,544848.9,549658.3,-71330.9,50524.6,184.09,150.2941176470588,2781.0,2825.0,2770.0,2816.0
2015-12-30,2817.8,2822.05,2781.1,2787.6,2794.975362122648,7387,1190,20646483.0,1980.0,26.8,40.95,-30.2,1451413800.0,0.0,0.09515431156754683,10575.91,-0.2555878000681022,0.5453814519583262,0.21,-67.7482422155259,83.16390740844051,-113.19976468355775,259.85,3374.9,3115.05,58258.1,57472.7,-9787.9,5085.6,18.53,2015,127361.9,126182.4,-19384.6,14563.3,53.06999999999999,253040.4,250561.0,-37464.6,26208.0,95.5,544848.9,549658.3,-71330.9,50524.6,184.09,150.43712898003236,2784.35,2793.35,2768.05,2784.95
2015-12-29,2810.0,2829.5,2803.0,2819.3,2817.9018023617164,3218,622,9068008.0,777.0,24.15,26.5,9.3,1451327400.0,0.0,1.1371789352848438,10603.01,0.150939404157735,0.5453724399215092,0.23,-68.11087858688327,82.6957628069765,-113.31543285891249,259.85,3374.9,3115.05,58258.1,57472.7,-9787.9,5085.6,18.53,2015,127361.9,126182.4,-19384.6,14563.3,53.06999999999999,253040.4,250561.0,-37464.6,26208.0,95.5,544848.9,549658.3,-71330.9,50524.6,184.09,152.14786832164057,2817.8,2822.05,2781.1,2787.6
2015-12-28,2813.0,2820.0,2807.0,2810.6,2813.5332766319366,4703,722,13232047.0,1974.0,41.97,13.0,-2.4,1451241000.0,0.0,-0.30858723796688414,10587.03,0.56757301031225,0.5454570671425241,0.23,-68.01216822030884,82.97152270277877,-113.37411652467311,259.85,3374.9,3115.05,58258.1,57472.7,-9787.9,5085.6,18.53,2015,127361.9,126182.4,-19384.6,14563.3,53.06999999999999,253040.4,250561.0,-37464.6,26208.0,95.5,544848.9,549658.3,-71330.9,50524.6,184.09,151.67835941716135,2810.0,2829.5,2803.0,2819.3
2015-12-24,2821.9,2826.8,2814.0,2820.25,2820.4916397770608,3409,542,9615056.0,1014.0,29.74,12.8,-1.65,1450895400.0,0.0,0.34334305842169677,10527.28,0.1047901059882505,0.5454297495413477,0.2,-68.1216204237213,84.0100196821971,-114.03409846803748,259.85,3374.9,3115.05,58258.1,57472.7,-9787.9,5085.6,18.53,2015,127361.9,126182.4,-19384.6,14563.3,53.06999999999999,253040.4,250561.0,-37464.6,26208.0,95.5,544848.9,549658.3,-71330.9,50524.6,184.09,152.1991365353481,2813.0,2820.0,2807.0,2810.6
2015-12-23,2801.55,2828.8,2801.55,2818.1,2819.626628984141,6369,619,17958202.0,2699.0,42.38,27.25,16.55,1450809000.0,0.0,-0.07623437638507591,10516.26,0.8124423022170424,0.5454381959762133,0.2,-68.09729959902062,84.20284397685107,-114.11565927462559,259.85,3374.9,3115.05,58258.1,57472.7,-9787.9,5085.6,18.53,2015,127361.9,126182.4,-19384.6,14563.3,53.06999999999999,253040.4,250561.0,-37464.6,26208.0,95.5,544848.9,549658.3,-71330.9,50524.6,184.09,152.0831084727469,2821.9,2826.8,2814.0,2820.25
2015-12-22,2809.0,2820.0,2790.0,2797.75,2806.6270813265446,7267,912,20395759.0,1632.0,22.46,30.0,-11.25,1450722600.0,0.0,-0.722117738902095,10431.51,-0.4312430739097928,0.5453695456390717,0.21,-67.86524886069162,85.69938580320586,-114.69855635314931,259.85,3374.9,3115.05,58258.1,57472.7,-9787.9,5085.6,18.53,2015,127361.9,126182.4,-19384.6,14563.3,53.06999999999999,253040.4,250561.0,-37464.6,26208.0,95.5,544848.9,549658.3,-71330.9,50524.6,184.09,150.98488936859147,2801.55,2828.8,2801.55,2818.1
2015-12-21,2810.0,2819.9,2783.55,2809.3,2801.789565217392,7475,1294,20943377.0,1224.0,16.37,36.35,-0.7,1450636200.0,0.0,0.4128317397909198,10476.69,0.7702510722245037,0.5453737876866049,0.24,-67.99736589185919,84.8985700636365,-114.40793090759645,259.85,3374.9,3115.05,58258.1,57472.7,-9787.9,5085.6,18.53,2015,127361.9,126182.4,-19384.6,14563.3,53.06999999999999,253040.4,250561.0,-37464.6,26208.0,95.5,544848.9,549658.3,-71330.9,50524.6,184.09,151.6082029141932,2809.0,2820.0,2790.0,2797.75
2015-12-18,2889.1,2889.1,2811.5,2824.4,2836.8255676689123,14401,2247,40853125.0,4525.0,31.42,77.6,-64.7,1450377000.0,0.0,0.5375004449506893,10396.61,-0.6959282561581293,0.5453248193800392,0.19,-68.16846055799462,86.32275328207943,-115.32878868425007,259.85,3374.9,3115.05,58258.1,57472.7,-9787.9,5085.6,18.53,2015,127361.9,126182.4,-19384.6,14563.3,53.06999999999999,253040.4,250561.0,-37464.6,26208.0,95.5,544848.9,549658.3,-71330.9,50524.6,184.09,152.42309767943874,2810.0,2819.9,2783.55,2809.3
2015-12-17,2861.0,2898.45,2848.0,2889.1,2877.7092988562904,10055,1494,28935367.0,3887.0,38.66,50.45,28.1,1450290600.0,0.0,2.2907520181277397,10469.47,1.3156213952264073,0.5452830953924873,0.23,-68.88131251946974,85.02608059433766,-115.349181823101,259.85,3374.9,3115.05,58258.1,57472.7,-9787.9,5085.6,18.53,2015,127361.9,126182.4,-19384.6,14563.3,53.06999999999999,253040.4,250561.0,-37464.6,26208.0,95.5,544848.9,549658.3,-71330.9,50524.6,184.09,155.9147328656233,2889.1,2889.1,2811.5,2824.4
2015-12-16,2863.3,2889.85,2825.55,2848.55,2859.4901202155584,7237,1150,20694130.0,2328.0,32.17,64.3,-14.75,1450204200.0,0.0,-1.4035512789449922,10333.52,0.5706143812731934,0.5454350711266365,0.27,-68.43832827227888,87.46032329738557,-116.26498846154281,259.85,3374.9,3115.05,58258.1,57472.7,-9787.9,5085.6,18.53,2015,127361.9,126182.4,-19384.6,14563.3,53.06999999999999,253040.4,250561.0,-37464.6,26208.0,95.5,544848.9,549658.3,-71330.9,50524.6,184.09,153.72638963842417,2861.0,2898.45,2848.0,2889.1
2015-12-15,2839.0,2867.55,2839.0,2857.9,2854.833697433097,3662,734,10454401.0,935.0,25.53,28.55,18.9,1450117800.0,0.0,0.3282371732986844,10274.89,0.6115091006654527,0.5455201779171184,0.25,-68.5415864795829,88.52999886130168,-116.9501071649232,259.85,3374.9,3115.05,58258.1,57472.7,-9787.9,5085.6,18.53,2015,127361.9,126182.4,-19384.6,14563.3,53.06999999999999,253040.4,250561.0,-37464.6,26208.0,95.5,544848.9,549658.3,-71330.9,50524.6,184.09,154.2309767943875,2863.3,2889.85,2825.55,2848.55
2015-12-14,2794.7,2854.0,2783.6,2839.55,2826.363057324841,7693,1470,21743211.0,2249.0,29.23,70.4,44.85,1450031400.0,0.0,-0.6420798488400492,10212.44,0.5041722393297698,0.5454906325875991,0.26,-68.33829303939005,89.68287696182303,-117.37763476109794,259.85,3374.9,3115.05,58258.1,57472.7,-9787.9,5085.6,18.53,2015,127361.9,126182.4,-19384.6,14563.3,53.06999999999999,253040.4,250561.0,-37464.6,26208.0,95.5,544848.9,549658.3,-71330.9,50524.6,184.09,153.24069077172155,2839.0,2867.55,2839.0,2857.9
2015-12-11,2813.5,2852.35,2767.9,2777.45,2813.753783976544,12619,2093,35506759.0,3126.0,24.77,84.45,-36.05,1449772200.0,0.0,-2.186966244651456,10161.21,-0.9183463525034186,0.5454888121248256,0.23,-67.63038038488541,90.63920537022658,-117.1775904274397,259.85,3374.9,3115.05,58258.1,57472.7,-9787.9,5085.6,18.53,2015,127361.9,126182.4,-19384.6,14563.3,53.06999999999999,253040.4,250561.0,-37464.6,26208.0,95.5,544848.9,549658.3,-71330.9,50524.6,184.09,149.88936859147327,2794.7,2854.0,2783.6,2839.55
2015-12-10,2810.0,2830.0,2742.0,2813.8,2783.5265957446813,8272,1561,23025332.0,2515.0,30.4,88.0,3.8,1449685800.0,0.0,1.3087544330231182,10255.39,0.910769933178046,0.5456747608595431,0.24,-68.04854644964105,88.88847718126762,-116.66178303609193,259.85,3374.9,3115.05,58258.1,57472.7,-9787.9,5085.6,18.53,2015,127361.9,126182.4,-19384.6,14563.3,53.06999999999999,253040.4,250561.0,-37464.6,26208.0,95.5,544848.9,549658.3,-71330.9,50524.6,184.09,151.8510523475445,2813.5,2852.35,2767.9,2777.45
2015-12-09,2840.0,2840.45,2780.0,2785.45,2792.8655183567853,12366,1089,34536575.0,2515.0,30.4,60.45,-54.55,1449599400.0,0.0,-1.0075342952590938,10162.83,-1.3940703497110074,0.5457004113810211,0.26,-67.72334811251324,90.60881663867252,-117.28673452002528,259.85,3374.9,3115.05,58258.1,57472.7,-9787.9,5085.6,18.53,2015,127361.9,126182.4,-19384.6,14563.3,53.06999999999999,253040.4,250561.0,-37464.6,26208.0,95.5,544848.9,549658.3,-71330.9,50524.6,184.09,150.32110091743118,2810.0,2830.0,2742.0,2813.8
2015-12-08,2863.6,2879.65,2832.35,2849.85,2859.558657179347,5481,962,15673241.0,1248.0,22.77,47.3,-13.75,1449513000.0,0.0,2.3120142167333935,10306.51,-0.9575107028055418,0.5455234216379917,0.27,-68.45272558204817,87.95159564197775,-116.5550896513387,259.85,3374.9,3115.05,58258.1,57472.7,-9787.9,5085.6,18.53,2015,127361.9,126182.4,-19384.6,14563.3,53.06999999999999,253040.4,250561.0,-37464.6,26208.0,95.5,544848.9,549658.3,-71330.9,50524.6,184.09,153.79654614139233,2840.0,2840.45,2780.0,2785.45
2015-12-07,2880.0,2899.9,2856.7,2863.6,2875.2032802032795,8658,1095,24893510.0,1850.0,21.37,43.2,-16.4,1449426600.0,0.0,0.4824815341158306,10406.15,-0.1223737630651977,0.5457552898534491,0.29,-68.60420449783489,86.15193899761199,-115.75381190285577,259.85,3374.9,3115.05,58258.1,57472.7,-9787.9,5085.6,18.53,2015,127361.9,126182.4,-19384.6,14563.3,53.06999999999999,253040.4,250561.0,-37464.6,26208.0,95.5,544848.9,549658.3,-71330.9,50524.6,184.09,154.53858607663247,2863.6,2879.65,2832.35,2849.85
2015-12-04,2855.0,2886.4,2832.0,2862.4,2858.734609557912,7261,1110,20757272.0,1588.0,21.87,54.4,7.4,1449167400.0,0.0,-0.041905294035471385,10418.9,-0.928724859911545,0.5457691256247778,0.23,-68.59104248183343,85.92413786484178,-115.59025717549727,259.85,3374.9,3115.05,58258.1,57472.7,-9787.9,5085.6,18.53,2015,127361.9,126182.4,-19384.6,14563.3,53.06999999999999,253040.4,250561.0,-37464.6,26208.0,95.5,544848.9,549658.3,-71330.9,50524.6,184.09,154.47382622773878,2880.0,2899.9,2856.7,2863.6
2015-12-03,2850.0,2893.95,2840.05,2854.8,2873.354996640108,10417,1701,29931739.0,1849.0,17.75,53.9,4.8,1449081000.0,0.0,-0.26551145891559047,10516.57,-0.7473744214667066,0.5456609272631346,0.21,-68.5074260893933,84.19741417591477,-114.5460763870559,259.85,3374.9,3115.05,58258.1,57472.7,-9787.9,5085.6,18.53,2015,127361.9,126182.4,-19384.6,14563.3,53.06999999999999,253040.4,250561.0,-37464.6,26208.0,95.5,544848.9,549658.3,-71330.9,50524.6,184.09,154.0636805180788,2855.0,2886.4,2832.0,2862.4
2015-12-02,2889.0,2889.95,2838.1,2845.9,2859.579730856258,8397,1165,24011891.0,2386.0,28.41,51.85,-43.1,1448994600.0,0.0,-0.31175563962450026,10595.76,-0.1496469914169629,0.5455927255791111,0.21,-68.4089391756562,82.82076981736091,-113.69077424249872,259.85,3374.9,3115.05,58258.1,57472.7,-9787.9,5085.6,18.53,2015,127361.9,126182.4,-19384.6,14563.3,53.06999999999999,253040.4,250561.0,-37464.6,26208.0,95.5,544848.9,549658.3,-71330.9,50524.6,184.09,153.58337830545062,2850.0,2893.95,2840.05,2854.8
2015-12-01,2825.95,2873.95,2825.95,2862.7,2860.824243990696,7738,1532,22137058.0,2769.0,35.78,48.0,36.75,1448908200.0,0.0,0.5903229206929206,10611.64,0.2907130597832985,0.5455933884711204,0.21,-68.59433402033046,82.5471840356439,-113.72695725550766,259.85,3374.9,3115.05,58258.1,57472.7,-9787.9,5085.6,18.53,2015,127361.9,126182.4,-19384.6,14563.3,53.06999999999999,253040.4,250561.0,-37464.6,26208.0,95.5,544848.9,549658.3,-71330.9,50524.6,184.09,154.4900161899622,2889.0,2889.95,2838.1,2845.9
2015-11-30,2832.0,2832.65,2776.05,2806.95,2798.867053038285,5694,1045,15936749.0,1063.0,18.67,56.6,-25.05,1448821800.0,0.0,-1.9474621860481323,10580.88,0.0683775233717653,0.5456107646671319,0.22,-67.97057304191382,83.07787253990217,-113.3987202371016,259.85,3374.9,3115.05,58258.1,57472.7,-9787.9,5085.6,18.53,2015,127361.9,126182.4,-19384.6,14563.3,53.06999999999999,253040.4,250561.0,-37464.6,26208.0,95.5,544848.9,549658.3,-71330.9,50524.6,184.09,151.48138154344304,2825.95,2873.95,2825.95,2862.7
2015-11-27,2810.0,2849.0,2804.05,2832.65,2831.816188870152,10081,1256,28547539.0,4071.0,40.38,44.95,22.65,1448562600.0,0.0,0.9155845312527999,10573.65,0.5399900730826301,0.545841125713862,0.18,-68.26116887013927,83.20305665498668,-113.75856757490294,259.85,3374.9,3115.05,58258.1,57472.7,-9787.9,5085.6,18.53,2015,127361.9,126182.4,-19384.6,14563.3,53.06999999999999,253040.4,250561.0,-37464.6,26208.0,95.5,544848.9,549658.3,-71330.9,50524.6,184.09,152.86832164058282,2832.0,2832.65,2776.05,2806.95
2015-11-26,2780.0,2823.0,2746.0,2812.3,2800.6182362422287,8686,1209,24326170.0,5132.0,59.08,77.0,32.3,1448476200.0,0.0,-0.7184085573579524,10516.86,0.5480164519663377,0.5458691462462428,,-68.03150446253956,84.1923349745076,,259.85,3374.9,3115.05,58258.1,57472.7,-9787.9,5085.6,18.53,2015,127361.9,126182.4,-19384.6,14563.3,53.06999999999999,253040.4,250561.0,-37464.6,26208.0,95.5,544848.9,549658.3,-71330.9,50524.6,184.09,151.7701025364274,2810.0,2849.0,2804.05,2832.65
2015-11-24,2809.9,2839.65,2768.4,2777.7,2801.7497675379686,9679,1340,27118136.0,3183.0,32.89,71.25,-32.2,1448303400.0,0.0,-1.2303097109127914,10459.54,-0.0975190429570838,0.5458688184457693,0.16,-67.6332937322245,85.20173927342884,-114.21492746798427,259.85,3374.9,3115.05,58258.1,57472.7,-9787.9,5085.6,18.53,2015,127361.9,126182.4,-19384.6,14563.3,53.06999999999999,253040.4,250561.0,-37464.6,26208.0,95.5,544848.9,549658.3,-71330.9,50524.6,184.09,149.90286022665944,2780.0,2823.0,2746.0,2812.3
2015-11-23,2797.0,2808.0,2760.85,2800.15,2798.0807113543087,11696,1343,32726352.0,4676.0,39.98,47.15,3.15,1448217000.0,0.0,0.808222630233657,10469.75,0.0549503058103972,0.545956853050728,0.14,-67.89279145760048,85.02113230974953,-114.37422733681382,259.85,3374.9,3115.05,58258.1,57472.7,-9787.9,5085.6,18.53,2015,127361.9,126182.4,-19384.6,14563.3,53.06999999999999,253040.4,250561.0,-37464.6,26208.0,95.5,544848.9,549658.3,-71330.9,50524.6,184.09,151.11440906637884,2809.9,2839.65,2768.4,2777.7
2015-11-20,2755.55,2794.45,2751.0,2775.1,2776.2012477255003,19235,1486,53400231.0,8126.0,42.25,43.45,19.55,1447957800.0,0.0,-0.8945949324143387,10464.0,0.2851187196013072,0.5460015380305416,0.12,-67.60296926236893,85.12280198776759,-114.13462988459561,259.85,3374.9,3115.05,58258.1,57472.7,-9787.9,5085.6,18.53,2015,127361.9,126182.4,-19384.6,14563.3,53.06999999999999,253040.4,250561.0,-37464.6,26208.0,95.5,544848.9,549658.3,-71330.9,50524.6,184.09,149.76254722072315,2797.0,2808.0,2760.85,2800.15
2015-11-19,2749.9,2766.95,2729.05,2754.3,2752.7792402034097,6686,843,18405082.0,1640.0,24.53,37.9,4.4,1447871400.0,0.0,-0.7495225397282868,10434.25,1.3485621262290692,0.5460412991137585,0.11,-67.3583124568856,85.65062175048519,-114.17702468451915,259.85,3374.9,3115.05,58258.1,57472.7,-9787.9,5085.6,18.53,2015,127361.9,126182.4,-19384.6,14563.3,53.06999999999999,253040.4,250561.0,-37464.6,26208.0,95.5,544848.9,549658.3,-71330.9,50524.6,184.09,148.64004317323258,2755.55,2794.45,2751.0,2775.1
2015-11-18,2739.7,2753.0,2716.0,2735.05,2737.190436933223,7278,920,19921272.0,2638.0,36.25,37.0,-4.65,1447785000.0,0.0,-0.6989071633445865,10295.41,-1.076156315548249,0.5458756723742677,0.12,-67.12857168973146,88.15423572252101,-115.30431930671739,259.85,3374.9,3115.05,58258.1,57472.7,-9787.9,5085.6,18.53,2015,127361.9,126182.4,-19384.6,14563.3,53.06999999999999,253040.4,250561.0,-37464.6,26208.0,95.5,544848.9,549658.3,-71330.9,50524.6,184.09,147.60118726389638,2749.9,2766.95,2729.05,2754.3
2015-11-17,2753.95,2763.3,2707.45,2739.7,2739.467120181406,17199,1768,47116095.0,7680.0,44.65,55.85,-14.25,1447698600.0,0.0,0.17001517339718664,10407.41,0.423020252673556,0.5457598938364355,0.14,-67.18436325145089,86.12940203182156,-114.25393017539639,259.85,3374.9,3115.05,58258.1,57472.7,-9787.9,5085.6,18.53,2015,127361.9,126182.4,-19384.6,14563.3,53.06999999999999,253040.4,250561.0,-37464.6,26208.0,95.5,544848.9,549658.3,-71330.9,50524.6,184.09,147.8521316783594,2739.7,2753.0,2716.0,2735.05
2015-11-16,2682.0,2765.0,2649.55,2731.95,2715.396881123449,12248,1898,33258181.0,3331.0,27.2,115.45,49.95,1447612200.0,0.0,-0.28287768733803453,10363.57,0.4105142812851126,0.5457455050015703,0.15,-67.09127180219257,86.91676709859635,-114.59384492976966,259.85,3374.9,3115.05,58258.1,57472.7,-9787.9,5085.6,18.53,2015,127361.9,126182.4,-19384.6,14563.3,53.06999999999999,253040.4,250561.0,-37464.6,26208.0,95.5,544848.9,549658.3,-71330.9,50524.6,184.09,147.4338909875877,2753.95,2763.3,2707.45,2739.7
2015-11-13,2710.0,2718.85,2660.5,2680.85,2683.852446627621,21172,3699,56822524.0,12139.0,57.34,58.35,-29.15,1447353000.0,0.0,-1.8704588297736024,10321.2,-0.9298267337424226,0.545733524832313,0.14,-66.4639946285693,87.6840871216525,-114.37973787169581,259.85,3374.9,3115.05,58258.1,57472.7,-9787.9,5085.6,18.53,2015,127361.9,126182.4,-19384.6,14563.3,53.06999999999999,253040.4,250561.0,-37464.6,26208.0,95.5,544848.9,549658.3,-71330.9,50524.6,184.09,144.67620075553157,2682.0,2765.0,2649.55,2731.95
2015-11-11,2728.0,2730.0,2710.0,2719.8,2720.494539781591,2564,454,6975348.0,1239.0,48.32,20.0,-8.2,1447180200.0,0.0,1.4528974019434315,10418.07,0.7599988007145342,0.5458379727037792,,-66.9442606073976,85.93895030461496,,259.85,3374.9,3115.05,58258.1,57472.7,-9787.9,5085.6,18.53,2015,127361.9,126182.4,-19384.6,14563.3,53.06999999999999,253040.4,250561.0,-37464.6,26208.0,95.5,544848.9,549658.3,-71330.9,50524.6,184.09,146.77819751753913,2710.0,2718.85,2660.5,2680.85
2015-11-10,2754.25,2767.4,2700.0,2703.75,2720.727942341201,12626,1424,34351911.0,4772.0,37.8,67.4,-50.5,1447093800.0,0.0,-0.590116920361794,10339.49,-1.5172239060157522,0.5459171673864298,0.13,-66.74803513638466,87.35208409699125,-114.4940682201551,259.85,3374.9,3115.05,58258.1,57472.7,-9787.9,5085.6,18.53,2015,127361.9,126182.4,-19384.6,14563.3,53.06999999999999,253040.4,250561.0,-37464.6,26208.0,95.5,544848.9,549658.3,-71330.9,50524.6,184.09,145.91203453858606,2728.0,2730.0,2710.0,2719.8
2015-11-09,2780.0,2780.0,2730.1,2754.7,2754.098126096188,10833,2096,29835145.0,3617.0,33.39,49.9,-25.3,1447007400.0,0.0,1.8844197873324031,10498.78,-0.1122678291778256,0.5456565849837459,0.14,-67.36305223799324,84.50953348865295,-113.5398437580834,259.85,3374.9,3115.05,58258.1,57472.7,-9787.9,5085.6,18.53,2015,127361.9,126182.4,-19384.6,14563.3,53.06999999999999,253040.4,250561.0,-37464.6,26208.0,95.5,544848.9,549658.3,-71330.9,50524.6,184.09,148.66162978953048,2754.25,2767.4,2700.0,2703.75
2015-11-06,2837.0,2851.0,2778.8,2791.6,2812.42106442577,17850,2181,50201716.0,4025.0,22.55,72.2,-45.4,1446748200.0,0.0,1.3395288053145604,10510.58,-0.2353026044647821,0.5458858741257417,0.08,-67.79445479295028,84.3023886407791,-113.85026703707992,259.85,3374.9,3115.05,58258.1,57472.7,-9787.9,5085.6,18.53,2015,127361.9,126182.4,-19384.6,14563.3,53.06999999999999,253040.4,250561.0,-37464.6,26208.0,95.5,544848.9,549658.3,-71330.9,50524.6,184.09,150.6529951430113,2780.0,2780.0,2730.1,2754.7
2015-11-05,2898.0,2898.0,2827.0,2834.45,2842.599255052817,16377,1870,46553248.0,3154.0,19.26,71.0,-63.55,1446661800.0,0.0,1.5349620289439647,10535.37,-1.15170405287236,0.5459961717379141,0.05,-68.28132441919949,83.86872032021655,-114.09602483400865,259.85,3374.9,3115.05,58258.1,57472.7,-9787.9,5085.6,18.53,2015,127361.9,126182.4,-19384.6,14563.3,53.06999999999999,253040.4,250561.0,-37464.6,26208.0,95.5,544848.9,549658.3,-71330.9,50524.6,184.09,152.96546141392335,2837.0,2851.0,2778.8,2791.6
2015-11-04,2940.0,2948.75,2885.0,2894.25,2915.5742390497408,13470,993,39272785.0,7463.0,55.4,63.75,-45.75,1446575400.0,0.0,2.109756742930724,10658.12,-0.1661692828493377,0.5459873027657532,0.05,-68.93668480608102,81.75109681632406,-113.59444628982946,259.85,3374.9,3115.05,58258.1,57472.7,-9787.9,5085.6,18.53,2015,127361.9,126182.4,-19384.6,14563.3,53.06999999999999,253040.4,250561.0,-37464.6,26208.0,95.5,544848.9,549658.3,-71330.9,50524.6,184.09,156.1926605504587,2898.0,2898.0,2827.0,2834.45
2015-11-03,2927.7,2957.6,2912.0,2923.8,2938.2689885375994,15878,1609,46653835.0,7840.0,49.38,45.6,-3.9,1446489000.0,0.0,1.0209898937548756,10675.86,0.1974693143572681,0.54627317383304,0.06,-69.25063273821739,81.44908232217357,-113.77130505370971,259.85,3374.9,3115.05,58258.1,57472.7,-9787.9,5085.6,18.53,2015,127361.9,126182.4,-19384.6,14563.3,53.06999999999999,253040.4,250561.0,-37464.6,26208.0,95.5,544848.9,549658.3,-71330.9,50524.6,184.09,157.78737182946574,2940.0,2948.75,2885.0,2894.25
2015-11-02,2910.0,2929.9,2861.9,2920.65,2910.753077170074,9343,1822,27195166.0,1279.0,13.69,68.0,10.65,1446402600.0,0.0,-0.10773650728503892,10654.82,-0.1570526576195829,0.546341023023014,0.08,-69.2174687141561,81.80738858094271,-113.94849380046773,259.85,3374.9,3115.05,58258.1,57472.7,-9787.9,5085.6,18.53,2015,127361.9,126182.4,-19384.6,14563.3,53.06999999999999,253040.4,250561.0,-37464.6,26208.0,95.5,544848.9,549658.3,-71330.9,50524.6,184.09,157.6173772261198,2927.7,2957.6,2912.0,2923.8
2015-10-30,2938.0,2940.0,2857.0,2883.7,2905.122080993202,6766,976,19656056.0,1551.0,22.92,83.0,-54.3,1446143400.0,0.0,-1.2651293376474526,10671.58,-0.524893525194603,0.5463368042341156,0.08,-68.82303984464404,81.52185524542756,-113.39772277032839,259.85,3374.9,3115.05,58258.1,57472.7,-9787.9,5085.6,18.53,2015,127361.9,126182.4,-19384.6,14563.3,53.06999999999999,253040.4,250561.0,-37464.6,26208.0,95.5,544848.9,549658.3,-71330.9,50524.6,184.09,155.62331354560172,2910.0,2929.9,2861.9,2920.65
2015-10-29,2899.75,2940.95,2878.55,2917.4,2919.4996341909523,16402,2348,47885633.0,4589.0,27.98,62.4,17.65,1446057000.0,0.0,1.168637514304538,10727.89,-0.6210322808948399,0.5463952493944099,0.07,-69.1831768012614,80.56905878043122,-113.23748009961037,259.85,3374.9,3115.05,58258.1,57472.7,-9787.9,5085.6,18.53,2015,127361.9,126182.4,-19384.6,14563.3,53.06999999999999,253040.4,250561.0,-37464.6,26208.0,95.5,544848.9,549658.3,-71330.9,50524.6,184.09,157.4419859686994,2938.0,2940.0,2857.0,2883.7
2015-10-28,2905.0,2910.0,2870.0,2893.35,2887.4824046920817,8866,1235,25600419.0,3355.0,37.84,40.0,-11.65,1445970600.0,0.0,-0.8243641598683848,10794.93,-0.5903836803253348,0.5464362665795569,0.04,-68.92702230977932,79.44766663609674,-112.35825120420206,259.85,3374.9,3115.05,58258.1,57472.7,-9787.9,5085.6,18.53,2015,127361.9,126182.4,-19384.6,14563.3,53.06999999999999,253040.4,250561.0,-37464.6,26208.0,95.5,544848.9,549658.3,-71330.9,50524.6,184.09,156.14409066378843,2899.75,2940.95,2878.55,2917.4
2015-10-27,2850.0,2908.25,2840.0,2902.5,2881.3817278723227,12281,1786,35386249.0,3288.0,26.77,68.25,52.5,1445884200.0,0.0,0.31624241795842334,10859.04,-0.1775085375999019,0.5464292912469688,0.03,-69.02497846683893,78.38823689755263,-111.87221431813069,259.85,3374.9,3115.05,58258.1,57472.7,-9787.9,5085.6,18.53,2015,127361.9,126182.4,-19384.6,14563.3,53.06999999999999,253040.4,250561.0,-37464.6,26208.0,95.5,544848.9,549658.3,-71330.9,50524.6,184.09,156.6378845116028,2905.0,2910.0,2870.0,2893.35
2015-10-26,2902.15,2920.0,2831.7,2845.25,2866.211234694831,10699,1437,30665594.0,4306.0,40.25,88.3,-56.9,1445797800.0,0.0,-1.9724375538329064,10878.35,-0.454610757840157,0.5464315693752627,0.02,-68.40172216852649,78.07158254698552,-111.07157091189866,259.85,3374.9,3115.05,58258.1,57472.7,-9787.9,5085.6,18.53,2015,127361.9,126182.4,-19384.6,14563.3,53.06999999999999,253040.4,250561.0,-37464.6,26208.0,95.5,544848.9,549658.3,-71330.9,50524.6,184.09,153.54830005396653,2850.0,2908.25,2840.0,2902.5
2015-10-23,2900.0,2925.3,2888.35,2902.15,2908.260869565217,14076,1459,40936680.0,6610.0,46.96,36.95,2.15,1445538600.0,0.0,1.9998242685177026,10928.03,0.2566960702015342,0.5466404495641356,0.01,-69.02124287166411,77.26204997607068,-111.26033820033446,259.85,3374.9,3115.05,58258.1,57472.7,-9787.9,5085.6,18.53,2015,127361.9,126182.4,-19384.6,14563.3,53.06999999999999,253040.4,250561.0,-37464.6,26208.0,95.5,544848.9,549658.3,-71330.9,50524.6,184.09,156.61899622234213,2902.15,2920.0,2831.7,2845.25
2015-10-21,2919.1,2944.0,2880.0,2892.25,2905.2374020156776,10716,1303,31132524.0,4939.0,46.09,64.0,-26.85,1445365800.0,0.0,-0.34112640628499724,10900.05,-0.1804984724939062,0.5468976956071988,0.01,-68.91520442562019,77.71707469231795,-111.42302450722535,259.85,3374.9,3115.05,58258.1,57472.7,-9787.9,5085.6,18.53,2015,127361.9,126182.4,-19384.6,14563.3,53.06999999999999,253040.4,250561.0,-37464.6,26208.0,95.5,544848.9,549658.3,-71330.9,50524.6,184.09,156.08472746896922,2900.0,2925.3,2888.35,2902.15
2015-10-20,2940.0,2943.85,2894.0,2914.7,2914.326966894518,14922,1991,43487587.0,3457.0,23.17,49.85,-25.3,1445279400.0,0.0,0.776212291468581,10919.76,0.0113568505621719,0.5468978391783735,0.02,-69.1546299790716,77.39629808713744,-111.4915602065488,259.85,3374.9,3115.05,58258.1,57472.7,-9787.9,5085.6,18.53,2015,127361.9,126182.4,-19384.6,14563.3,53.06999999999999,253040.4,250561.0,-37464.6,26208.0,95.5,544848.9,549658.3,-71330.9,50524.6,184.09,157.2962763086886,2919.1,2944.0,2880.0,2892.25
2015-10-19,2970.0,2995.0,2886.05,2903.1,2946.0485124872075,55697,7187,164086064.0,3928.0,7.05,108.95,-66.9,1445193000.0,0.0,-0.3979826397227826,10918.52,0.4889838284682035,0.5469395882728918,0.02,-69.03138024869966,77.41644471961399,-111.38255985743098,259.85,3374.9,3115.05,58258.1,57472.7,-9787.9,5085.6,18.53,2015,127361.9,126182.4,-19384.6,14563.3,53.06999999999999,253040.4,250561.0,-37464.6,26208.0,95.5,544848.9,549658.3,-71330.9,50524.6,184.09,156.67026443604962,2940.0,2943.85,2894.0,2914.7
2015-10-16,2970.0,2975.0,2905.7,2955.05,2938.9166514013555,10918,1527,32087092.0,2119.0,19.41,69.3,-14.95,1444933800.0,0.0,1.7894664324342946,10865.39,0.562444583890942,0.5469247345514747,0.01,-69.57581089998477,78.28398244333614,-112.39578797009318,259.85,3374.9,3115.05,58258.1,57472.7,-9787.9,5085.6,18.53,2015,127361.9,126182.4,-19384.6,14563.3,53.06999999999999,253040.4,250561.0,-37464.6,26208.0,95.5,544848.9,549658.3,-71330.9,50524.6,184.09,159.4738262277388,2970.0,2995.0,2886.05,2903.1
2015-10-15,2929.25,2970.0,2912.5,2950.05,2947.42678942679,10101,1479,29771958.0,2775.0,27.47,57.5,20.8,1444847400.0,0.0,-0.16920187475677473,10804.62,0.7637047654841744,0.5471048770828654,0.01,-69.5242453517737,79.28673104653379,-112.90693154651893,259.85,3374.9,3115.05,58258.1,57472.7,-9787.9,5085.6,18.53,2015,127361.9,126182.4,-19384.6,14563.3,53.06999999999999,253040.4,250561.0,-37464.6,26208.0,95.5,544848.9,549658.3,-71330.9,50524.6,184.09,159.20399352401512,2970.0,2975.0,2905.7,2955.05
2015-10-14,2910.0,2932.1,2889.8,2909.85,2907.984135520301,11157,1427,32444379.0,2100.0,18.82,42.3,-0.15,1444761000.0,0.0,-1.362688767986997,10722.73,-0.1708394314165806,0.5470455157958116,0.0,-69.10321837895424,80.65595235541696,-113.22569543722571,259.85,3374.9,3115.05,58258.1,57472.7,-9787.9,5085.6,18.53,2015,127361.9,126182.4,-19384.6,14563.3,53.06999999999999,253040.4,250561.0,-37464.6,26208.0,95.5,544848.9,549658.3,-71330.9,50524.6,184.09,157.03453858607662,2929.25,2970.0,2912.5,2950.05
2015-10-13,2843.85,2914.0,2840.95,2904.2,2893.1843655589128,13240,2168,38305761.0,3668.0,27.7,73.05,60.35,1444674600.0,0.0,-0.19416808426551135,10741.08,-0.1014695884203775,0.5471518358877172,0.01,-69.0431099786516,80.34732075359274,-113.00982251928028,259.85,3374.9,3115.05,58258.1,57472.7,-9787.9,5085.6,18.53,2015,127361.9,126182.4,-19384.6,14563.3,53.06999999999999,253040.4,250561.0,-37464.6,26208.0,95.5,544848.9,549658.3,-71330.9,50524.6,184.09,156.72962763086883,2910.0,2932.1,2889.8,2909.85
2015-10-12,2844.0,2866.6,2820.0,2843.85,2848.9875324675327,21175,3579,60327311.0,4326.0,20.43,46.6,-0.15,1444588200.0,0.0,-2.0780249294125697,10751.99,-0.3470986446006519,0.5471510388948332,,-68.38616664029396,80.1643230694969,,259.85,3374.9,3115.05,58258.1,57472.7,-9787.9,5085.6,18.53,2015,127361.9,126182.4,-19384.6,14563.3,53.06999999999999,253040.4,250561.0,-37464.6,26208.0,95.5,544848.9,549658.3,-71330.9,50524.6,184.09,153.4727468969239,2843.85,2914.0,2840.95,2904.2
2015-10-09,2830.0,2878.0,2803.0,2813.75,2836.5152965408606,16507,2260,46822358.0,3253.0,19.71,75.0,-16.25,1444329000.0,0.0,-1.0584243191448128,10789.44,0.4636091492739691,0.5473983022196414,0.01,-68.04797867614394,79.53897514606874,-111.59200464837002,259.85,3374.9,3115.05,58258.1,57472.7,-9787.9,5085.6,18.53,2015,127361.9,126182.4,-19384.6,14563.3,53.06999999999999,253040.4,250561.0,-37464.6,26208.0,95.5,544848.9,549658.3,-71330.9,50524.6,184.09,151.8483540205073,2844.0,2866.6,2820.0,2843.85
2015-10-08,2758.9,2826.95,2751.0,2818.05,2795.207149696776,18798,2570,52544304.0,3694.0,19.65,75.95,59.15,1444242600.0,0.0,0.15282096845847803,10739.65,-0.585030802056874,0.5474441702193098,0.0,-68.09673355689219,80.37133426135861,-112.09555195102044,259.85,3374.9,3115.05,58258.1,57472.7,-9787.9,5085.6,18.53,2015,127361.9,126182.4,-19384.6,14563.3,53.06999999999999,253040.4,250561.0,-37464.6,26208.0,95.5,544848.9,549658.3,-71330.9,50524.6,184.09,152.08041014570966,2830.0,2878.0,2803.0,2813.75
2015-10-07,2768.0,2789.8,2741.0,2759.8,2760.082273747196,14707,2041,40592530.0,2117.0,14.39,48.8,-8.2,1444156200.0,0.0,-2.0670321676336423,10802.85,0.2754061474884883,0.5474008046086251,0.0,-67.42336401188493,79.31610639784871,-110.84106447249063,259.85,3374.9,3115.05,58258.1,57472.7,-9787.9,5085.6,18.53,2015,127361.9,126182.4,-19384.6,14563.3,53.06999999999999,253040.4,250561.0,-37464.6,26208.0,95.5,544848.9,549658.3,-71330.9,50524.6,184.09,148.93685914732865,2758.9,2826.95,2751.0,2818.05
2015-10-06,2830.0,2830.0,2756.55,2771.55,2781.19962290832,12729,1851,35401890.0,3128.0,24.57,73.45,-58.45,1444069800.0,0.0,0.4257554895282345,10773.18,0.4589722453272937,0.5476570847250996,0.0,-67.56147282206709,79.80995397830537,-111.26995954987018,259.85,3374.9,3115.05,58258.1,57472.7,-9787.9,5085.6,18.53,2015,127361.9,126182.4,-19384.6,14563.3,53.06999999999999,253040.4,250561.0,-37464.6,26208.0,95.5,544848.9,549658.3,-71330.9,50524.6,184.09,149.57096600107934,2768.0,2789.8,2741.0,2759.8
2015-10-05,2792.0,2829.8,2781.65,2817.55,2812.7543760587246,12397,1507,34869716.0,4284.0,34.56,48.15,25.55,1443983400.0,0.0,1.6597210946942997,10723.96,1.998605646087093,0.5476503188318576,0.01,-68.09107203066495,80.6352317614016,-112.25550591068894,259.85,3374.9,3115.05,58258.1,57472.7,-9787.9,5085.6,18.53,2015,127361.9,126182.4,-19384.6,14563.3,53.06999999999999,253040.4,250561.0,-37464.6,26208.0,95.5,544848.9,549658.3,-71330.9,50524.6,184.09,152.0534268753373,2830.0,2830.0,2756.55,2771.55
2015-10-01,2684.7,2780.0,2673.0,2773.85,2751.9229673831965,14747,2155,40582608.0,4509.0,30.58,107.0,89.15,1443637800.0,0.0,-1.5509928838884912,10513.83,0.1482148963591001,0.5473878418318439,0.0,-67.58836995511653,84.24541770220748,-113.7032873353501,259.85,3374.9,3115.05,58258.1,57472.7,-9787.9,5085.6,18.53,2015,127361.9,126182.4,-19384.6,14563.3,53.06999999999999,253040.4,250561.0,-37464.6,26208.0,95.5,544848.9,549658.3,-71330.9,50524.6,184.09,149.6950890447922,2792.0,2829.8,2781.65,2817.55
2015-09-30,2716.2,2740.15,2662.55,2679.8,2692.287383056805,19347,2564,52087684.0,7249.0,37.47,77.6,-36.4,1443551400.0,9.0,-3.390594300340677,10498.27,1.3856389168684258,0.5475327385538052,0.0,-66.45085454138369,84.5184968571012,-112.72749858400348,259.85,3374.9,3115.05,56816.5,56208.8,-10414.7,3938.9,14.35,2015,123294.7,121831.79999999999,-20151.4,11899.7,43.36,247576.5,245001.39999999997,-38473.6,25659.4,93.5,527208.4,529676.7,-69577.40000000001,51395.5,187.26,186.74564459930315,2684.7,2780.0,2673.0,2773.85
2015-09-29,2710.0,2759.95,2623.65,2712.3,2683.3310540069683,22960,3336,61609281.0,4410.0,19.21,136.3,2.3,1443465000.0,9.0,1.2127770729158938,10354.79,0.3869167649066307,0.5480401299944604,0.01,-66.8528555100837,87.07525695837384,-114.57811025155199,259.85,3374.9,3115.05,56816.5,56208.8,-10414.7,3938.9,14.35,2015,123294.7,121831.79999999999,-20151.4,11899.7,43.36,247576.5,245001.39999999997,-38473.6,25659.4,93.5,527208.4,529676.7,-69577.40000000001,51395.5,187.26,189.01045296167248,2716.2,2740.15,2662.55,2679.8
2015-09-28,2760.0,2787.75,2713.85,2718.95,2736.8461506809854,24303,3787,66513572.0,10819.0,44.52,73.9,-41.05,1443378600.0,9.0,0.24517936806398577,10314.88,-0.72997758579042,0.5481250936819922,0.01,-66.93392669964508,87.79908249053796,-115.06332576402734,259.85,3374.9,3115.05,56816.5,56208.8,-10414.7,3938.9,14.35,2015,123294.7,121831.79999999999,-20151.4,11899.7,43.36,247576.5,245001.39999999997,-38473.6,25659.4,93.5,527208.4,529676.7,-69577.40000000001,51395.5,187.26,189.4738675958188,2710.0,2759.95,2623.65,2712.3
2015-09-24,2794.0,2821.9,2731.0,2810.65,2769.93299137837,18326,2677,50761792.0,3837.0,20.94,90.9,16.65,1443033000.0,9.0,3.372625462034984,10390.73,0.2493031763964648,0.5480610537496718,0.01,-68.01273726718019,86.42819128203698,-115.38518224435407,259.85,3374.9,3115.05,56816.5,56208.8,-10414.7,3938.9,14.35,2015,123294.7,121831.79999999999,-20151.4,11899.7,43.36,247576.5,245001.39999999997,-38473.6,25659.4,93.5,527208.4,529676.7,-69577.40000000001,51395.5,187.26,195.86411149825784,2760.0,2787.75,2713.85,2718.95
2015-09-23,2809.0,2809.0,2760.0,2783.25,2787.7155746096746,15628,2554,43566419.0,4034.0,25.81,49.0,-25.75,1442946600.0,9.0,-0.9748634657463562,10364.89,0.4903866569843318,0.5487972758354208,0.01,-67.69783526452888,86.89296268460159,-115.38896850234875,259.85,3374.9,3115.05,56816.5,56208.8,-10414.7,3938.9,14.35,2015,123294.7,121831.79999999999,-20151.4,11899.7,43.36,247576.5,245001.39999999997,-38473.6,25659.4,93.5,527208.4,529676.7,-69577.40000000001,51395.5,187.26,193.9547038327526,2794.0,2821.9,2731.0,2810.65
2015-09-22,2925.0,2929.1,2790.05,2810.9,2845.3279855247283,16580,2751,47175538.0,6533.0,39.4,139.05,-114.1,1442860200.0,9.0,0.9934429174526249,10314.31,-1.8444766100152887,0.5488301401936848,0.0,-68.01558219787258,87.80946083644956,-116.20806089907306,259.85,3374.9,3115.05,56816.5,56208.8,-10414.7,3938.9,14.35,2015,123294.7,121831.79999999999,-20151.4,11899.7,43.36,247576.5,245001.39999999997,-38473.6,25659.4,93.5,527208.4,529676.7,-69577.40000000001,51395.5,187.26,195.8815331010453,2809.0,2809.0,2760.0,2783.25
2015-09-21,2940.0,2940.0,2873.0,2905.95,2905.6493859649127,11400,2448,33124403.0,4740.0,41.58,67.0,-34.05,1442773800.0,9.0,3.3814792415240547,10508.13,0.1640466231750847,0.5484837241909458,0.01,-69.06175261102221,84.34535925992543,-115.32832453888747,259.85,3374.9,3115.05,56816.5,56208.8,-10414.7,3938.9,14.35,2015,123294.7,121831.79999999999,-20151.4,11899.7,43.36,247576.5,245001.39999999997,-38473.6,25659.4,93.5,527208.4,529676.7,-69577.40000000001,51395.5,187.26,202.50522648083623,2925.0,2929.1,2790.05,2810.9
2015-09-18,2940.4,3019.0,2937.55,2944.55,2998.035454809649,30969,2385,92846160.0,5664.0,18.29,81.45,4.15,1442514600.0,9.0,1.3283091587948936,10490.92,1.0514594827851995,0.5492296485082232,0.0,-69.46732098283269,84.6477715967713,-115.95838682393176,259.85,3374.9,3115.05,56816.5,56208.8,-10414.7,3938.9,14.35,2015,123294.7,121831.79999999999,-20151.4,11899.7,43.36,247576.5,245001.39999999997,-38473.6,25659.4,93.5,527208.4,529676.7,-69577.40000000001,51395.5,187.26,205.19512195121953,2940.0,2940.0,2873.0,2905.95
2015-09-16,2940.0,2970.9,2919.9,2940.4,2946.601513240857,14274,1783,42059790.0,4875.0,34.15,51.0,0.4,1442341800.0,9.0,-0.14093834371975422,10381.76,0.4821940506816613,0.5492298765256286,0.06,-69.424227996191,86.5892681009771,-117.00868723114365,259.85,3374.9,3115.05,56816.5,56208.8,-10414.7,3938.9,14.35,2015,123294.7,121831.79999999999,-20151.4,11899.7,43.36,247576.5,245001.39999999997,-38473.6,25659.4,93.5,527208.4,529676.7,-69577.40000000001,51395.5,187.26,204.90592334494775,2940.4,3019.0,2937.55,2944.55
2015-09-15,2948.05,2958.9,2903.55,2922.65,2926.053199691596,9079,1295,26565637.0,3217.0,35.43,55.35,-25.4,1442255400.0,9.0,-0.6036593660726397,10331.94,-0.6135217185533892,0.5492077431698001,0.07,-69.23853352265922,87.48899045097048,-117.31971997841903,259.85,3374.9,3115.05,56816.5,56208.8,-10414.7,3938.9,14.35,2015,123294.7,121831.79999999999,-20151.4,11899.7,43.36,247576.5,245001.39999999997,-38473.6,25659.4,93.5,527208.4,529676.7,-69577.40000000001,51395.5,187.26,203.66898954703834,2940.0,2970.9,2919.9,2940.4
2015-09-14,2945.6,2962.1,2927.0,2948.8,2947.108321522576,4939,852,14555768.0,983.0,19.9,35.1,3.2,1442169000.0,9.0,0.894735941696756,10395.72,1.1123042087817003,0.5491784230836396,0.07,-69.51132664134563,86.33870477465729,-116.95823789095998,259.85,3374.9,3115.05,56816.5,56208.8,-10414.7,3938.9,14.35,2015,123294.7,121831.79999999999,-20151.4,11899.7,43.36,247576.5,245001.39999999997,-38473.6,25659.4,93.5,527208.4,529676.7,-69577.40000000001,51395.5,187.26,205.4912891986063,2948.05,2958.9,2903.55,2922.65
2015-09-11,2998.95,3000.0,2924.55,2938.65,2966.694417657773,9333,1404,27688159.0,3380.0,36.22,75.45,-60.3,1441909800.0,9.0,-0.3442078133478077,10281.36,0.035221751085368,0.5490998936938314,0.04,-69.40601977098328,88.4113580304551,-117.97072307108569,259.85,3374.9,3115.05,56816.5,56208.8,-10414.7,3938.9,14.35,2015,123294.7,121831.79999999999,-20151.4,11899.7,43.36,247576.5,245001.39999999997,-38473.6,25659.4,93.5,527208.4,529676.7,-69577.40000000001,51395.5,187.26,204.78397212543555,2945.6,2962.1,2927.0,2948.8
2015-09-10,2911.0,2994.35,2901.0,2974.5,2939.418694508385,12164,1757,35755089.0,3806.0,31.29,93.35,63.5,1441823400.0,9.0,1.2199479352763998,10277.74,-0.210497290138667,0.5491059189051066,0.02,-69.77475205916961,88.47771980999714,-118.36740957968856,259.85,3374.9,3115.05,56816.5,56208.8,-10414.7,3938.9,14.35,2015,123294.7,121831.79999999999,-20151.4,11899.7,43.36,247576.5,245001.39999999997,-38473.6,25659.4,93.5,527208.4,529676.7,-69577.40000000001,51395.5,187.26,207.2822299651568,2998.95,3000.0,2924.55,2938.65
2015-09-09,2888.0,2995.0,2888.0,2983.35,2965.2917861996075,13246,2235,39278255.0,3254.0,24.57,107.0,95.35,1441737000.0,9.0,0.29752899646999786,10299.42,1.7113151816143146,0.54920005053337,0.03,-69.86441416528399,88.08097931728194,-118.25201645584795,259.85,3374.9,3115.05,56816.5,56208.8,-10414.7,3938.9,14.35,2015,123294.7,121831.79999999999,-20151.4,11899.7,43.36,247576.5,245001.39999999997,-38473.6,25659.4,93.5,527208.4,529676.7,-69577.40000000001,51395.5,187.26,207.89895470383274,2911.0,2994.35,2901.0,2974.5
2015-09-08,2865.0,2896.1,2810.0,2884.75,2862.717784518594,8901,1384,25481051.0,1968.0,22.11,86.1,19.75,1441650600.0,9.0,-3.305009469220843,10126.13,1.359517372333796,0.5488808571992757,0.06,-68.83438772857266,91.29963767006744,-118.9740782634706,259.85,3374.9,3115.05,56816.5,56208.8,-10414.7,3938.9,14.35,2015,123294.7,121831.79999999999,-20151.4,11899.7,43.36,247576.5,245001.39999999997,-38473.6,25659.4,93.5,527208.4,529676.7,-69577.40000000001,51395.5,187.26,201.02787456445992,2888.0,2995.0,2888.0,2983.35
2015-09-07,2924.9,2937.9,2850.0,2857.7,2879.3505715841043,11022,1606,31736202.0,2631.0,23.87,87.9,-67.2,1441564200.0,9.0,-0.9376895744865332,9990.31,-1.514014840460609,0.5493621211146281,,-68.53938481996012,93.90038947740362,,259.85,3374.9,3115.05,56816.5,56208.8,-10414.7,3938.9,14.35,2015,123294.7,121831.79999999999,-20151.4,11899.7,43.36,247576.5,245001.39999999997,-38473.6,25659.4,93.5,527208.4,529676.7,-69577.40000000001,51395.5,187.26,199.14285714285714,2865.0,2896.1,2810.0,2884.75
2015-09-04,3025.0,3025.0,2892.75,2916.9,2922.3619784470848,14476,2214,42304112.0,3331.0,23.01,132.25,-108.1,1441305000.0,9.0,2.0715960387724497,10143.89,-2.136069385353057,0.5491323259725039,0.02,-69.17789433988139,90.9647088050048,-119.13857382086574,259.85,3374.9,3115.05,56816.5,56208.8,-10414.7,3938.9,14.35,2015,123294.7,121831.79999999999,-20151.4,11899.7,43.36,247576.5,245001.39999999997,-38473.6,25659.4,93.5,527208.4,529676.7,-69577.40000000001,51395.5,187.26,203.26829268292684,2924.9,2937.9,2850.0,2857.7
2015-09-03,2899.7,3022.9,2893.4,3004.1,2971.1642884107205,13245,1754,39353071.0,3676.0,27.75,129.5,104.4,1441218600.0,9.0,2.9894751277040665,10365.3,1.2929749760334008,0.5488640252871321,0.02,-70.07256749109551,86.88557012339248,-117.76995396788234,259.85,3374.9,3115.05,56816.5,56208.8,-10414.7,3938.9,14.35,2015,123294.7,121831.79999999999,-20151.4,11899.7,43.36,247576.5,245001.39999999997,-38473.6,25659.4,93.5,527208.4,529676.7,-69577.40000000001,51395.5,187.26,209.34494773519162,3025.0,3025.0,2892.75,2916.9
2015-09-02,2925.0,2925.0,2844.05,2877.25,2878.703171398029,16838,2333,48471604.0,6615.0,39.29,80.95,-47.75,1441132200.0,9.0,-4.222562497919502,10232.99,-0.676811560442292,0.5492693811587288,0.03,-68.75314970892346,89.30195377890529,-117.81750051589341,259.85,3374.9,3115.05,56816.5,56208.8,-10414.7,3938.9,14.35,2015,123294.7,121831.79999999999,-20151.4,11899.7,43.36,247576.5,245001.39999999997,-38473.6,25659.4,93.5,527208.4,529676.7,-69577.40000000001,51395.5,187.26,200.50522648083623,2899.7,3022.9,2893.4,3004.1
2015-09-01,2879.7,2907.0,2778.0,2831.1,2843.341123860952,11852,1924,33699279.0,2885.0,24.34,129.0,-48.6,1441045800.0,9.0,-1.603962116604396,10302.72,-2.217649705116942,0.5503381154033518,0.03,-68.24379216558934,88.02073627158656,-116.69844813824764,259.85,3374.9,3115.05,56816.5,56208.8,-10414.7,3938.9,14.35,2015,123294.7,121831.79999999999,-20151.4,11899.7,43.36,247576.5,245001.39999999997,-38473.6,25659.4,93.5,527208.4,529676.7,-69577.40000000001,51395.5,187.26,197.28919860627178,2925.0,2925.0,2844.05,2877.25
2015-08-31,2946.75,2950.0,2882.5,2898.1,2908.0997352162403,15862,2450,46128278.0,3997.0,25.2,67.5,-48.65,1440959400.0,9.0,2.366571297375586,10536.38,-0.3144862350775268,0.5498981947329172,0.08,-68.9779510713916,83.85109496810101,-115.12352496515011,259.85,3374.9,3115.05,56816.5,56208.8,-10414.7,3938.9,14.35,2015,123294.7,121831.79999999999,-20151.4,11899.7,43.36,247576.5,245001.39999999997,-38473.6,25659.4,93.5,527208.4,529676.7,-69577.40000000001,51395.5,187.26,201.9581881533101,2879.7,2907.0,2778.0,2831.1
2015-08-28,2927.7,2961.6,2916.9,2944.8,2939.3888099661244,9151,1535,26898347.0,1293.0,14.13,44.7,17.1,1440700200.0,9.0,1.611400572789079,10569.62,0.4486614758406171,0.5502564130264872,0.06,-69.46991306710133,83.27290858138703,-115.31834966059635,259.85,3374.9,3115.05,56816.5,56208.8,-10414.7,3938.9,14.35,2015,123294.7,121831.79999999999,-20151.4,11899.7,43.36,247576.5,245001.39999999997,-38473.6,25659.4,93.5,527208.4,529676.7,-69577.40000000001,51395.5,187.26,205.212543554007,2946.75,2950.0,2882.5,2898.1
2015-08-27,2921.0,2940.0,2855.5,2902.2,2899.501687186502,10965,1944,31793036.0,3071.0,28.01,84.5,-18.8,1440613800.0,9.0,-1.4466177669111735,10522.41,2.233464464033608,0.5504127309206164,0.06,-69.02177658328165,84.0951835178443,-115.3358114367535,259.85,3374.9,3115.05,56816.5,56208.8,-10414.7,3938.9,14.35,2015,123294.7,121831.79999999999,-20151.4,11899.7,43.36,247576.5,245001.39999999997,-38473.6,25659.4,93.5,527208.4,529676.7,-69577.40000000001,51395.5,187.26,202.2439024390244,2927.7,2961.6,2916.9,2944.8
2015-08-26,2905.0,2921.7,2850.0,2901.3,2891.04645137411,21614,3240,62487078.0,7160.0,33.13,71.7,-3.7,1440527400.0,9.0,-0.031010957204868905,10292.53,-0.907880460159638,0.5499759027109536,0.06,-69.01216695963879,88.20688402171282,-117.55082907063803,259.85,3374.9,3115.05,56816.5,56208.8,-10414.7,3938.9,14.35,2015,123294.7,121831.79999999999,-20151.4,11899.7,43.36,247576.5,245001.39999999997,-38473.6,25659.4,93.5,527208.4,529676.7,-69577.40000000001,51395.5,187.26,202.18118466898957,2921.0,2940.0,2855.5,2902.2
2015-08-25,2850.0,2938.5,2792.25,2896.3,2870.5183102723327,20453,3393,58710711.0,3248.0,15.88,146.25,46.3,1440441000.0,9.0,-0.17233653879294986,10386.83,1.2574772076772378,0.5498702368284819,0.07,-68.9586714083486,86.49819049700437,-116.55296098559354,259.85,3374.9,3115.05,56816.5,56208.8,-10414.7,3938.9,14.35,2015,123294.7,121831.79999999999,-20151.4,11899.7,43.36,247576.5,245001.39999999997,-38473.6,25659.4,93.5,527208.4,529676.7,-69577.40000000001,51395.5,187.26,201.83275261324044,2905.0,2921.7,2850.0,2901.3
2015-08-24,2945.0,2945.0,2817.15,2836.8,2845.60647538826,18995,2955,54052295.0,6288.0,33.1,127.85,-108.2,1440354600.0,9.0,-2.0543451990470585,10257.84,-6.671907241819786,0.5496972274558247,0.06,-68.30760011280317,88.8433627352347,-117.17156845256648,259.85,3374.9,3115.05,56816.5,56208.8,-10414.7,3938.9,14.35,2015,123294.7,121831.79999999999,-20151.4,11899.7,43.36,247576.5,245001.39999999997,-38473.6,25659.4,93.5,527208.4,529676.7,-69577.40000000001,51395.5,187.26,197.6864111498258,2850.0,2938.5,2792.25,2896.3
2015-08-21,3072.0,3072.0,2929.9,2971.75,2962.7113585490447,17423,2401,51619320.0,4357.0,25.01,142.1,-100.25,1440095400.0,9.0,4.757120699379569,10991.16,-0.8276722046325458,0.5446598533735016,0.03,-69.74678219904096,76.24390874120657,-111.28743855904797,259.85,3374.9,3115.05,56816.5,56208.8,-10414.7,3938.9,14.35,2015,123294.7,121831.79999999999,-20151.4,11899.7,43.36,247576.5,245001.39999999997,-38473.6,25659.4,93.5,527208.4,529676.7,-69577.40000000001,51395.5,187.26,207.09059233449477,2945.0,2945.0,2817.15,2836.8
2015-08-20,3183.0,3183.0,3022.0,3049.2,3071.9479794848667,17743,2177,54505573.0,5484.0,30.91,161.0,-133.8,1440009000.0,9.0,2.606208463026838,11082.89,-1.47298592355658,0.546046805225921,0.02,-70.5152171061262,74.78518689619766,-111.36050855291383,259.85,3374.9,3115.05,56816.5,56208.8,-10414.7,3938.9,14.35,2015,123294.7,121831.79999999999,-20151.4,11899.7,43.36,247576.5,245001.39999999997,-38473.6,25659.4,93.5,527208.4,529676.7,-69577.40000000001,51395.5,187.26,212.48780487804876,3072.0,3072.0,2929.9,2971.75
2015-08-19,3133.2,3178.45,3112.75,3162.95,3166.112287017038,83340,1896,263863798.0,72559.0,87.06,65.7,29.75,1439922600.0,9.0,3.7304866850321305,11248.58,0.2540982364637623,0.5462262053732583,0.05,-71.57558608261276,72.2106256967546,-111.04161083431106,259.85,3374.9,3115.05,56816.5,56208.8,-10414.7,3938.9,14.35,2015,123294.7,121831.79999999999,-20151.4,11899.7,43.36,247576.5,245001.39999999997,-38473.6,25659.4,93.5,527208.4,529676.7,-69577.40000000001,51395.5,187.26,220.41463414634146,3183.0,3183.0,3022.0,3049.2
2015-08-18,3085.0,3146.95,3075.0,3133.2,3122.9040151020117,13773,1963,43011757.0,4597.0,33.38,71.95,48.2,1439836200.0,9.0,-0.9405776253181397,11220.07,0.11394359033845,0.5471394521815708,0.07,-71.30569385931315,72.64820985965328,-111.08609584224294,259.85,3374.9,3115.05,56816.5,56208.8,-10414.7,3938.9,14.35,2015,123294.7,121831.79999999999,-20151.4,11899.7,43.36,247576.5,245001.39999999997,-38473.6,25659.4,93.5,527208.4,529676.7,-69577.40000000001,51395.5,187.26,218.34146341463415,3133.2,3178.45,3112.75,3162.95
2015-08-17,3108.15,3126.0,3066.0,3081.85,3083.594808622965,4546,649,14018022.0,1171.0,25.76,60.0,-26.3,1439749800.0,9.0,-1.6388995276394702,11207.3,-0.256405464168663,0.5471911628729692,0.1,-70.82758732579457,72.84493142862243,-110.7329709473369,259.85,3374.9,3115.05,56816.5,56208.8,-10414.7,3938.9,14.35,2015,123294.7,121831.79999999999,-20151.4,11899.7,43.36,247576.5,245001.39999999997,-38473.6,25659.4,93.5,527208.4,529676.7,-69577.40000000001,51395.5,187.26,214.76306620209058,3085.0,3146.95,3075.0,3133.2
2015-08-14,3071.1,3129.9,3070.0,3108.15,3106.439091362956,8012,1073,24888790.0,2731.0,34.09,59.9,37.05,1439490600.0,9.0,0.8533835196391948,11236.11,1.9372052641033253,0.54734571409932,0.09,-71.07443334459404,72.40174757990086,-110.74395846148465,259.85,3374.9,3115.05,56816.5,56208.8,-10414.7,3938.9,14.35,2015,123294.7,121831.79999999999,-20151.4,11899.7,43.36,247576.5,245001.39999999997,-38473.6,25659.4,93.5,527208.4,529676.7,-69577.40000000001,51395.5,187.26,216.59581881533103,3108.15,3126.0,3066.0,3081.85
2015-08-13,3070.0,3107.5,3055.0,3071.1,3078.8719192448866,7628,1101,23485635.0,1662.0,21.79,52.5,1.1,1439404200.0,9.0,-1.1920274118044527,11022.58,-0.1061237288488947,0.5469735156376714,0.1,-70.72547295757221,75.74152330942484,-112.19938289031718,259.85,3374.9,3115.05,56816.5,56208.8,-10414.7,3938.9,14.35,2015,123294.7,121831.79999999999,-20151.4,11899.7,43.36,247576.5,245001.39999999997,-38473.6,25659.4,93.5,527208.4,529676.7,-69577.40000000001,51395.5,187.26,214.01393728222996,3071.1,3129.9,3070.0,3108.15
2015-08-12,3170.0,3170.0,3054.65,3066.85,3075.5390760218343,15022,1850,46200748.0,6008.0,39.99,115.35,-103.15,1439317800.0,9.0,-0.13838689720295783,11034.29,-1.6431596371392798,0.5470566384820458,0.1,-70.68490470678384,75.55501985175302,-112.06307422347987,259.85,3374.9,3115.05,56816.5,56208.8,-10414.7,3938.9,14.35,2015,123294.7,121831.79999999999,-20151.4,11899.7,43.36,247576.5,245001.39999999997,-38473.6,25659.4,93.5,527208.4,529676.7,-69577.40000000001,51395.5,187.26,213.7177700348432,3070.0,3107.5,3055.0,3071.1
2015-08-11,3190.0,3190.0,3145.0,3151.5,3155.4606429500054,16922,1643,53396705.0,11190.0,66.13,45.0,-38.5,1439231400.0,9.0,2.760161077326906,11218.63,-0.8250559584722761,0.5467205325356114,0.1,-71.47231477074409,72.67037062457717,-111.24802644491962,259.85,3374.9,3115.05,56816.5,56208.8,-10414.7,3938.9,14.35,2015,123294.7,121831.79999999999,-20151.4,11899.7,43.36,247576.5,245001.39999999997,-38473.6,25659.4,93.5,527208.4,529676.7,-69577.40000000001,51395.5,187.26,219.61672473867597,3170.0,3170.0,3054.65,3066.85
2015-08-10,3202.05,3228.25,3155.0,3170.85,3200.081313775511,3136,573,10035455.0,911.0,29.05,73.25,-31.2,1439145000.0,9.0,0.6139933365064243,11311.96,-0.4118414542458093,0.5471389460229434,0.12,-71.646403961083,71.24574344322295,-110.68206826370627,259.85,3374.9,3115.05,56816.5,56208.8,-10414.7,3938.9,14.35,2015,123294.7,121831.79999999999,-20151.4,11899.7,43.36,247576.5,245001.39999999997,-38473.6,25659.4,93.5,527208.4,529676.7,-69577.40000000001,51395.5,187.26,220.9651567944251,3190.0,3190.0,3145.0,3151.5
2015-08-07,3222.0,3238.0,3190.55,3202.05,3213.254333532576,6692,1019,21503098.0,1404.0,20.98,47.45,-19.95,1438885800.0,9.0,0.9839632906003315,11358.74,-0.2423957127575704,0.5471421112160382,0.06,-71.92267453662498,70.54048248309232,-110.54551452194912,259.85,3374.9,3115.05,56816.5,56208.8,-10414.7,3938.9,14.35,2015,123294.7,121831.79999999999,-20151.4,11899.7,43.36,247576.5,245001.39999999997,-38473.6,25659.4,93.5,527208.4,529676.7,-69577.40000000001,51395.5,187.26,223.13937282229966,3202.05,3228.25,3155.0,3170.85
2015-08-06,3219.0,3252.45,3202.75,3222.0,3234.758053786943,10523,1350,34039359.0,2775.0,26.37,49.7,3.0,1438799400.0,9.0,0.6230383660467353,11386.34,0.2078727628596066,0.5472005715010867,0.04,-72.09652389819988,70.12709966503724,-110.48822488976187,259.85,3374.9,3115.05,56816.5,56208.8,-10414.7,3938.9,14.35,2015,123294.7,121831.79999999999,-20151.4,11899.7,43.36,247576.5,245001.39999999997,-38473.6,25659.4,93.5,527208.4,529676.7,-69577.40000000001,51395.5,187.26,224.52961672473867,3222.0,3238.0,3190.55,3202.05
2015-08-05,3160.0,3225.75,3158.0,3211.45,3206.048581560284,11280,1591,36164228.0,2895.0,25.66,67.75,51.45,1438713000.0,9.0,-0.3274363749224185,11362.72,0.6784421614102198,0.5472261661918179,0.08,-72.00485761883262,70.48074756748386,-110.60998880722475,259.85,3374.9,3115.05,56816.5,56208.8,-10414.7,3938.9,14.35,2015,123294.7,121831.79999999999,-20151.4,11899.7,43.36,247576.5,245001.39999999997,-38473.6,25659.4,93.5,527208.4,529676.7,-69577.40000000001,51395.5,187.26,223.794425087108,3219.0,3252.45,3202.75,3222.0
2015-08-04,3157.9,3174.0,3103.85,3143.25,3137.8101862239173,4457,805,13985220.0,646.0,14.49,70.15,-14.65,1438626600.0,9.0,-2.1236513101558385,11286.15,0.1480993765451188,0.5471838887316792,0.08,-71.39743895649407,71.63736083606899,-110.63247392615027,259.85,3374.9,3115.05,56816.5,56208.8,-10414.7,3938.9,14.35,2015,123294.7,121831.79999999999,-20151.4,11899.7,43.36,247576.5,245001.39999999997,-38473.6,25659.4,93.5,527208.4,529676.7,-69577.40000000001,51395.5,187.26,219.0418118466899,3160.0,3225.75,3158.0,3211.45
2015-08-03,3150.0,3179.75,3146.0,3157.9,3164.672757475083,6622,1010,20956463.0,1846.0,27.88,33.75,7.9,1438540200.0,9.0,0.46607810387337967,11269.46,0.3208283853002758,0.5474635160954052,0.08,-71.53013078311537,71.89155469738569,-110.92433701402365,259.85,3374.9,3115.05,56816.5,56208.8,-10414.7,3938.9,14.35,2015,123294.7,121831.79999999999,-20151.4,11899.7,43.36,247576.5,245001.39999999997,-38473.6,25659.4,93.5,527208.4,529676.7,-69577.40000000001,51395.5,187.26,220.06271777003485,3157.9,3174.0,3103.85,3143.25
2015-07-31,3175.0,3215.4,3135.0,3149.65,3168.5140027322404,14640,1795,46387045.0,7783.0,53.16,80.4,-25.35,1438281000.0,9.0,-0.261249564584054,11233.42,1.2191254014193298,0.5474712194451612,0.08,-71.45555855412506,72.44303159678887,-111.1522357051678,259.85,3374.9,3115.05,56816.5,56208.8,-10414.7,3938.9,14.35,2015,123294.7,121831.79999999999,-20151.4,11899.7,43.36,247576.5,245001.39999999997,-38473.6,25659.4,93.5,527208.4,529676.7,-69577.40000000001,51395.5,187.26,219.4878048780488,3150.0,3179.75,3146.0,3157.9
2015-07-30,3136.5,3199.8,3133.0,3151.25,3153.206716455752,138049,2046,435297034.0,125276.0,90.75,66.8,14.75,1438194600.0,9.0,0.05079929515978687,11098.12,0.6667809564238514,0.5473107911487236,0.07,-71.47005156683855,74.54532839796289,-112.30120247338863,259.85,3374.9,3115.05,56816.5,56208.8,-10414.7,3938.9,14.35,2015,123294.7,121831.79999999999,-20151.4,11899.7,43.36,247576.5,245001.39999999997,-38473.6,25659.4,93.5,527208.4,529676.7,-69577.40000000001,51395.5,187.26,219.5993031358885,3175.0,3215.4,3135.0,3149.65
2015-07-29,3139.9,3153.0,3084.25,3133.9,3125.508584686775,10775,1498,33677355.0,3262.0,30.27,68.75,-6.0,1438108200.0,9.0,-0.5505751685838889,11024.61,0.5410714546276951,0.5472653690582092,0.06,-71.31210313028495,75.70916340804798,-112.7722704617351,259.85,3374.9,3115.05,56816.5,56208.8,-10414.7,3938.9,14.35,2015,123294.7,121831.79999999999,-20151.4,11899.7,43.36,247576.5,245001.39999999997,-38473.6,25659.4,93.5,527208.4,529676.7,-69577.40000000001,51395.5,187.26,218.39024390243904,3136.5,3199.8,3133.0,3151.25
2015-07-28,3132.1,3182.5,3117.9,3125.1,3146.8076733283983,8106,1038,25508023.0,2581.0,31.84,64.6,-7.0,1438021800.0,9.0,-0.2808002808002863,10965.28,-0.316180093563112,0.5472528274116502,0.05,-71.23132059774086,76.65987553441407,-113.20629159160356,259.85,3374.9,3115.05,56816.5,56208.8,-10414.7,3938.9,14.35,2015,123294.7,121831.79999999999,-20151.4,11899.7,43.36,247576.5,245001.39999999997,-38473.6,25659.4,93.5,527208.4,529676.7,-69577.40000000001,51395.5,187.26,217.77700348432055,3139.9,3153.0,3084.25,3133.9
2015-07-27,3208.0,3238.5,3119.0,3132.2,3167.6312008210743,17538,2103,55553916.0,6862.0,39.13,119.5,-75.8,1437935400.0,9.0,0.22719272983264815,11000.06,-1.6270792344839968,0.5472412013362081,0.05,-71.29653278845541,76.10131217466088,-112.96494422611181,259.85,3374.9,3115.05,56816.5,56208.8,-10414.7,3938.9,14.35,2015,123294.7,121831.79999999999,-20151.4,11899.7,43.36,247576.5,245001.39999999997,-38473.6,25659.4,93.5,527208.4,529676.7,-69577.40000000001,51395.5,187.26,218.27177700348432,3132.1,3182.5,3117.9,3125.1
2015-07-24,3239.0,3260.0,3201.0,3208.75,3223.116917815539,9357,1301,30158705.0,3276.0,35.01,59.0,-30.25,1437676200.0,9.0,2.4439690952046567,11182.0,-0.7728219403696279,0.546914930444069,0.04,-71.9813011297234,73.23600429261312,-112.05328872620169,259.85,3374.9,3115.05,56816.5,56208.8,-10414.7,3938.9,14.35,2015,123294.7,121831.79999999999,-20151.4,11899.7,43.36,247576.5,245001.39999999997,-38473.6,25659.4,93.5,527208.4,529676.7,-69577.40000000001,51395.5,187.26,223.60627177700349,3208.0,3238.5,3119.0,3132.2
2015-07-23,3258.15,3259.0,3211.0,3240.15,3236.9303233869705,6401,902,20719591.0,2485.0,38.82,48.0,-18.0,1437589800.0,9.0,0.9785742111414031,11269.09,-0.2446725733907029,0.5472366156769548,0.03,-72.25282780118205,71.89719844282014,-111.61119025521506,259.85,3374.9,3115.05,56816.5,56208.8,-10414.7,3938.9,14.35,2015,123294.7,121831.79999999999,-20151.4,11899.7,43.36,247576.5,245001.39999999997,-38473.6,25659.4,93.5,527208.4,529676.7,-69577.40000000001,51395.5,187.26,225.79442508710804,3239.0,3260.0,3201.0,3208.75
2015-07-22,3231.0,3264.95,3204.3,3255.75,3238.3863185949567,14633,1802,47387307.0,2240.0,15.31,60.65,24.75,1437503400.0,9.0,0.48145919170408114,11296.73,1.1124696127255973,0.5472944307562939,0.04,-72.38577900637334,71.47661314380356,-111.5226395320689,259.85,3374.9,3115.05,56816.5,56208.8,-10414.7,3938.9,14.35,2015,123294.7,121831.79999999999,-20151.4,11899.7,43.36,247576.5,245001.39999999997,-38473.6,25659.4,93.5,527208.4,529676.7,-69577.40000000001,51395.5,187.26,226.8815331010453,3258.15,3259.0,3211.0,3240.15
2015-07-21,3365.0,3365.0,3215.0,3231.4,3271.694888510567,24083,3329,78792228.0,5086.0,21.12,150.0,-133.6,1437417000.0,9.0,-0.7479075481839792,11172.44,-1.1256995798096137,0.5471771159094722,0.03,-72.17769387881414,73.38423835795939,-112.34545446325833,259.85,3374.9,3115.05,56816.5,56208.8,-10414.7,3938.9,14.35,2015,123294.7,121831.79999999999,-20151.4,11899.7,43.36,247576.5,245001.39999999997,-38473.6,25659.4,93.5,527208.4,529676.7,-69577.40000000001,51395.5,187.26,225.18466898954705,3231.0,3264.95,3204.3,3255.75
2015-07-20,3214.55,3369.5,3119.0,3353.95,3248.74142331706,76399,8878,248200596.0,13159.0,17.22,250.5,139.4,1437330600.0,9.0,3.792473850343492,11299.64,0.0590632933586077,0.5470467970714953,0.04,-73.19429329596446,71.43245271530776,-112.28930588895173,259.85,3374.9,3115.05,56816.5,56208.8,-10414.7,3938.9,14.35,2015,123294.7,121831.79999999999,-20151.4,11899.7,43.36,247576.5,245001.39999999997,-38473.6,25659.4,93.5,527208.4,529676.7,-69577.40000000001,51395.5,187.26,233.72473867595818,3365.0,3365.0,3215.0,3231.4
2015-07-17,3186.7,3244.0,3175.05,3216.65,3216.2113129866643,11173,1480,35934729.0,2565.0,22.96,68.95,29.95,1437071400.0,9.0,-4.093680585578186,11292.97,0.1667528518729089,0.548003707472809,0.03,-72.05011424929664,71.53370636776685,-111.26441043687998,259.85,3374.9,3115.05,56816.5,56208.8,-10414.7,3938.9,14.35,2015,123294.7,121831.79999999999,-20151.4,11899.7,43.36,247576.5,245001.39999999997,-38473.6,25659.4,93.5,527208.4,529676.7,-69577.40000000001,51395.5,187.26,224.15679442508713,3214.55,3369.5,3119.0,3353.95
2015-07-16,3201.2,3215.0,3161.5,3173.6,3185.0459128405964,12001,1749,38223736.0,5210.0,43.41,53.5,-27.6,1436985000.0,9.0,-1.3383489033621965,11274.17,0.9695582357371668,0.549071785616543,0.02,-71.67097302747668,71.8197437150584,-111.11418651591396,259.85,3374.9,3115.05,56816.5,56208.8,-10414.7,3938.9,14.35,2015,123294.7,121831.79999999999,-20151.4,11899.7,43.36,247576.5,245001.39999999997,-38473.6,25659.4,93.5,527208.4,529676.7,-69577.40000000001,51395.5,187.26,221.1567944250871,3186.7,3244.0,3175.05,3216.65
2015-07-15,3138.0,3225.0,3138.0,3200.85,3200.693194378652,18999,2804,60809970.0,7768.0,40.89,87.0,62.85,1436898600.0,9.0,0.8586463322409976,11165.91,0.6740509325002364,0.5490796695186616,0.02,-71.91214833559836,73.48563619087025,-112.27063557625962,259.85,3374.9,3115.05,56816.5,56208.8,-10414.7,3938.9,14.35,2015,123294.7,121831.79999999999,-20151.4,11899.7,43.36,247576.5,245001.39999999997,-38473.6,25659.4,93.5,527208.4,529676.7,-69577.40000000001,51395.5,187.26,223.05574912891987,3201.2,3215.0,3161.5,3173.6
2015-07-14,3160.0,3163.85,3125.0,3136.4,3143.695182495173,21754,2463,68387945.0,12354.0,56.79,38.85,-23.6,1436812200.0,9.0,-2.013527656716174,11091.15,0.0224553733273458,0.5490855982921968,0.01,-71.334970029333,74.65501773936877,-112.33147425428594,259.85,3374.9,3115.05,56816.5,56208.8,-10414.7,3938.9,14.35,2015,123294.7,121831.79999999999,-20151.4,11899.7,43.36,247576.5,245001.39999999997,-38473.6,25659.4,93.5,527208.4,529676.7,-69577.40000000001,51395.5,187.26,218.5644599303136,3138.0,3225.0,3138.0,3200.85
2015-07-13,3150.0,3179.5,3122.15,3163.9,3153.26507663009,11027,1931,34771054.0,4649.0,42.16,57.35,13.9,1436725800.0,9.0,0.87680142838924,11088.66,1.180459683063395,0.5493396862571254,0.02,-71.58412086349126,74.6942371756371,-112.62564288504592,259.85,3374.9,3115.05,56816.5,56208.8,-10414.7,3938.9,14.35,2015,123294.7,121831.79999999999,-20151.4,11899.7,43.36,247576.5,245001.39999999997,-38473.6,25659.4,93.5,527208.4,529676.7,-69577.40000000001,51395.5,187.26,220.4808362369338,3160.0,3163.85,3125.0,3136.4
2015-07-10,3110.0,3147.45,3095.0,3134.65,3121.297801250269,9278,1557,28959401.0,3527.0,38.01,52.45,24.65,1436466600.0,9.0,-0.9244919245235295,10959.29,0.2877052668182722,0.5492410755754015,0.01,-71.31896702981194,76.75643221413064,-113.4812600056757,259.85,3374.9,3115.05,56816.5,56208.8,-10414.7,3938.9,14.35,2015,123294.7,121831.79999999999,-20151.4,11899.7,43.36,247576.5,245001.39999999997,-38473.6,25659.4,93.5,527208.4,529676.7,-69577.40000000001,51395.5,187.26,218.4425087108014,3150.0,3179.5,3122.15,3163.9
2015-07-09,3116.95,3141.65,3081.0,3103.75,3105.9953831948287,7581,1220,23546551.0,1575.0,20.78,60.65,-13.2,1436380200.0,9.0,-0.985755985516723,10927.85,-0.3856826153857295,0.5492849138503492,0.03,-71.03342730567861,77.26496977905077,-113.48743102699885,259.85,3374.9,3115.05,56816.5,56208.8,-10414.7,3938.9,14.35,2015,123294.7,121831.79999999999,-20151.4,11899.7,43.36,247576.5,245001.39999999997,-38473.6,25659.4,93.5,527208.4,529676.7,-69577.40000000001,51395.5,187.26,216.28919860627178,3110.0,3147.45,3095.0,3134.65
2015-07-08,3170.0,3170.0,3082.2,3116.95,3115.144014487229,10492,1530,32684091.0,2899.0,27.63,87.8,-53.05,1436293800.0,9.0,0.4252919855014081,10970.16,-1.566302248957352,0.5493212703703706,0.02,-71.15609810872809,76.58128960744419,-113.23284297708318,259.85,3374.9,3115.05,56816.5,56208.8,-10414.7,3938.9,14.35,2015,123294.7,121831.79999999999,-20151.4,11899.7,43.36,247576.5,245001.39999999997,-38473.6,25659.4,93.5,527208.4,529676.7,-69577.40000000001,51395.5,187.26,217.20905923344947,3116.95,3141.65,3081.0,3103.75
2015-07-07,3103.25,3184.0,3103.0,3160.95,3151.8690076065795,11306,1615,35635031.0,3529.0,31.21,81.0,57.7,1436207400.0,9.0,1.4116363753027716,11144.72,0.101765949095478,0.5490264175826166,0.02,-71.55760135402332,73.81549289708491,-112.09327645305328,259.85,3374.9,3115.05,56816.5,56208.8,-10414.7,3938.9,14.35,2015,123294.7,121831.79999999999,-20151.4,11899.7,43.36,247576.5,245001.39999999997,-38473.6,25659.4,93.5,527208.4,529676.7,-69577.40000000001,51395.5,187.26,220.2752613240418,3170.0,3170.0,3082.2,3116.95
2015-07-06,3070.0,3120.0,3040.1,3101.05,3081.526643202096,12217,2049,37647011.0,4208.0,34.44,79.9,31.05,1436121000.0,9.0,-1.8949999209098456,11133.39,0.5804425637402799,0.5491643770475212,0.02,-71.0082068976637,73.9923778831066,-111.65120171656378,259.85,3374.9,3115.05,56816.5,56208.8,-10414.7,3938.9,14.35,2015,123294.7,121831.79999999999,-20151.4,11899.7,43.36,247576.5,245001.39999999997,-38473.6,25659.4,93.5,527208.4,529676.7,-69577.40000000001,51395.5,187.26,216.10104529616726,3103.25,3184.0,3103.0,3160.95
2015-07-03,3060.0,3077.25,3028.85,3061.95,3062.9186245386627,11109,1397,34025963.0,3825.0,34.43,48.4,1.95,1435861800.0,9.0,-1.2608632559939492,11069.14,0.3064704965510811,0.5493549719011747,,-70.63799212919871,75.00230370200396,,259.85,3374.9,3115.05,56816.5,56208.8,-10414.7,3938.9,14.35,2015,123294.7,121831.79999999999,-20151.4,11899.7,43.36,247576.5,245001.39999999997,-38473.6,25659.4,93.5,527208.4,529676.7,-69577.40000000001,51395.5,187.26,213.37630662020905,3070.0,3120.0,3040.1,3101.05
2015-07-02,3060.0,3067.0,3033.0,3058.25,3050.0704705365,9096,1257,27743441.0,3381.0,37.17,34.0,-1.75,1435775400.0,9.0,-0.12083802805401556,11035.32,0.1322960164199527,0.54944422901224,0.01,-70.60246873211804,75.53863413113531,-112.11124088064723,259.85,3374.9,3115.05,56816.5,56208.8,-10414.7,3938.9,14.35,2015,123294.7,121831.79999999999,-20151.4,11899.7,43.36,247576.5,245001.39999999997,-38473.6,25659.4,93.5,527208.4,529676.7,-69577.40000000001,51395.5,187.26,213.11846689895472,3060.0,3077.25,3028.85,3061.95
2015-07-01,3000.0,3059.1,2976.1,3051.1,3026.7992019311296,20299,2491,61440997.0,4454.0,21.94,83.0,51.1,1435689000.0,9.0,-0.23379383634432038,11020.74,1.074972967470167,0.5494437196259184,0.01,-70.53357805381665,75.77086475136878,-112.16990938488485,259.85,3374.9,3115.05,56816.5,56208.8,-10414.7,3938.9,14.35,2015,123294.7,121831.79999999999,-20151.4,11899.7,43.36,247576.5,245001.39999999997,-38473.6,25659.4,93.5,527208.4,529676.7,-69577.40000000001,51395.5,187.26,212.62020905923345,3060.0,3067.0,3033.0,3058.25
2015-06-30,2912.2,3000.0,2908.2,2991.4,2967.980430825243,19776,2625,58694781.0,8127.0,41.1,91.8,79.2,1435602600.0,0.0,-1.9566713644259437,10903.53,0.75607274635896,0.5493193291497921,0.01,-69.9455104633282,77.66035403213453,-112.6103508485042,259.85,3374.9,3115.05,60974.8,60382.1,-9375.6,5907.9,21.53,2015,115074.6,113681.5,-20202.6,9024.5,32.88,242436.5,239863.90000000002,-39587.2,23587.8,85.95,518311.8,518492.0,-70285.4,51022.0,185.89999999999998,138.94101254064097,3000.0,3059.1,2976.1,3051.1
2015-06-29,2900.0,2930.0,2839.3,2907.7,2886.03050627434,13866,1928,40017699.0,4757.0,34.31,90.7,7.7,1435516200.0,0.0,-2.7980209935147493,10821.71,-0.9117970496159478,0.5494994450747694,0.02,-69.08037280324655,79.00359555005633,-112.50181472801253,259.85,3374.9,3115.05,60974.8,60382.1,-9375.6,5907.9,21.53,2015,115074.6,113681.5,-20202.6,9024.5,32.88,242436.5,239863.90000000002,-39587.2,23587.8,85.95,518311.8,518492.0,-70285.4,51022.0,185.89999999999998,135.05341384115187,2912.2,3000.0,2908.2,2991.4
2015-06-26,2840.0,2920.0,2840.0,2915.5,2899.62807036955,18076,2292,52413677.0,5443.0,30.11,80.0,75.5,1435257000.0,0.0,0.2682532585892794,10921.29,-0.173578738386948,0.5498900117056241,0.01,-69.16309380895215,77.37144604712445,-111.71338028136942,259.85,3374.9,3115.05,60974.8,60382.1,-9375.6,5907.9,21.53,2015,115074.6,113681.5,-20202.6,9024.5,32.88,242436.5,239863.90000000002,-39587.2,23587.8,85.95,518311.8,518492.0,-70285.4,51022.0,185.89999999999998,135.4156990246168,2900.0,2930.0,2839.3,2907.7
2015-06-25,2844.0,2879.0,2835.05,2862.95,2854.4483395867164,17857,1925,50971884.0,3928.0,22.0,43.95,18.95,1435170600.0,0.0,-1.8024352598182247,10940.28,0.4722257426397203,0.549890552845372,0.01,-68.59707644213137,77.06356692881717,-110.97810495932652,259.85,3374.9,3115.05,60974.8,60382.1,-9375.6,5907.9,21.53,2015,115074.6,113681.5,-20202.6,9024.5,32.88,242436.5,239863.90000000002,-39587.2,23587.8,85.95,518311.8,518492.0,-70285.4,51022.0,185.89999999999998,132.97491871806778,2840.0,2920.0,2840.0,2915.5
2015-06-24,2925.0,2970.0,2830.0,2844.8,2906.005851693153,31273,2671,90879521.0,13504.0,43.18,140.0,-80.2,1435084200.0,0.0,-0.6339614733054888,10888.86,-0.4113833749167628,0.5500731301442034,0.01,-68.39672384701913,77.89970667269117,-111.25175860248021,259.85,3374.9,3115.05,60974.8,60382.1,-9375.6,5907.9,21.53,2015,115074.6,113681.5,-20202.6,9024.5,32.88,242436.5,239863.90000000002,-39587.2,23587.8,85.95,518311.8,518492.0,-70285.4,51022.0,185.89999999999998,132.13190896423595,2844.0,2879.0,2835.05,2862.95
2015-06-23,2830.0,2904.85,2809.75,2891.1,2876.7403612237367,13565,1886,39022983.0,3104.0,22.88,95.1,61.1,1434997800.0,0.0,1.627530933633281,10933.84,0.3372459987023957,0.5500717569806859,0.01,-68.90283974957629,77.167856855414,-111.35519763489812,259.85,3374.9,3115.05,60974.8,60382.1,-9375.6,5907.9,21.53,2015,115074.6,113681.5,-20202.6,9024.5,32.88,242436.5,239863.90000000002,-39587.2,23587.8,85.95,518311.8,518492.0,-70285.4,51022.0,185.89999999999998,134.28239665582907,2925.0,2970.0,2830.0,2844.8
2015-06-22,2808.55,2843.6,2790.05,2800.75,2819.28908803602,46197,1060,130242698.0,2414.0,5.23,53.55,-7.8,1434911400.0,0.0,-3.125108090346229,10897.09,1.468803977894373,0.5502438382598254,0.01,-67.89966973132198,77.7653483636457,-110.69407106016422,259.85,3374.9,3115.05,60974.8,60382.1,-9375.6,5907.9,21.53,2015,115074.6,113681.5,-20202.6,9024.5,32.88,242436.5,239863.90000000002,-39587.2,23587.8,85.95,518311.8,518492.0,-70285.4,51022.0,185.89999999999998,130.08592661402693,2830.0,2904.85,2809.75,2891.1
2015-06-19,2800.0,2815.0,2795.05,2802.55,2806.7901875901875,6930,955,19451056.0,3144.0,45.37,19.95,2.55,1434652200.0,0.0,0.0642684995090681,10739.35,0.6531604568468019,0.5506284292013828,0.01,-67.92028688158999,80.37637287172873,-112.1822965365626,259.85,3374.9,3115.05,60974.8,60382.1,-9375.6,5907.9,21.53,2015,115074.6,113681.5,-20202.6,9024.5,32.88,242436.5,239863.90000000002,-39587.2,23587.8,85.95,518311.8,518492.0,-70285.4,51022.0,185.89999999999998,130.16953088713424,2808.55,2843.6,2790.05,2800.75
2015-06-18,2781.15,2818.05,2763.0,2798.1,2794.676695698073,15156,1961,42356120.0,4001.0,26.4,55.05,16.95,1434565800.0,0.0,-0.1587839646036704,10669.66,0.9795422367255392,0.5505845178183133,0.01,-67.86926843215039,81.5545200128214,-112.77641866413546,259.85,3374.9,3115.05,60974.8,60382.1,-9375.6,5907.9,21.53,2015,115074.6,113681.5,-20202.6,9024.5,32.88,242436.5,239863.90000000002,-39587.2,23587.8,85.95,518311.8,518492.0,-70285.4,51022.0,185.89999999999998,129.96284254528564,2800.0,2815.0,2795.05,2802.55
2015-06-17,2743.0,2815.0,2738.05,2789.5,2777.928667927587,14804,1944,41124456.0,3595.0,24.28,76.95,46.5,1434479400.0,0.0,-0.3073514170329861,10566.16,0.7776144699431553,0.5504803965271621,0.01,-67.7702097150027,83.33292321903131,-113.64784552841732,259.85,3374.9,3115.05,60974.8,60382.1,-9375.6,5907.9,21.53,2015,115074.6,113681.5,-20202.6,9024.5,32.88,242436.5,239863.90000000002,-39587.2,23587.8,85.95,518311.8,518492.0,-70285.4,51022.0,185.89999999999998,129.56339990710634,2781.15,2818.05,2763.0,2798.1
2015-06-16,2712.0,2749.5,2693.5,2742.6,2725.487104403649,8879,1257,24199600.0,2660.0,29.96,56.0,30.6,1434393000.0,0.0,-1.6813048933500663,10484.63,0.3569329609259375,0.5504204594660772,0.01,-67.21906220374827,84.75854655815228,-113.87639613936867,259.85,3374.9,3115.05,60974.8,60382.1,-9375.6,5907.9,21.53,2015,115074.6,113681.5,-20202.6,9024.5,32.88,242436.5,239863.90000000002,-39587.2,23587.8,85.95,518311.8,518492.0,-70285.4,51022.0,185.89999999999998,127.38504412447746,2743.0,2815.0,2738.05,2789.5
2015-06-15,2745.5,2750.0,2705.0,2715.65,2727.017784803873,10121,1476,27600147.0,3914.0,38.67,45.0,-29.85,1434306600.0,0.0,-0.9826442062276564,10447.34,0.363032023478449,0.5505869077675231,0.02,-66.89374551212417,85.41801070894601,-113.93277215786058,259.85,3374.9,3115.05,60974.8,60382.1,-9375.6,5907.9,21.53,2015,115074.6,113681.5,-20202.6,9024.5,32.88,242436.5,239863.90000000002,-39587.2,23587.8,85.95,518311.8,518492.0,-70285.4,51022.0,185.89999999999998,126.13330236878774,2712.0,2749.5,2693.5,2742.6
2015-06-12,2706.0,2765.6,2682.9,2743.35,2724.785168539325,17800,2677,48501176.0,5609.0,31.51,82.7,37.35,1434047400.0,0.0,1.02001362473072,10409.55,0.0941367877720145,0.550633671472309,0.02,-67.22802413108062,86.09113746511619,-114.64169056129535,259.85,3374.9,3115.05,60974.8,60382.1,-9375.6,5907.9,21.53,2015,115074.6,113681.5,-20202.6,9024.5,32.88,242436.5,239863.90000000002,-39587.2,23587.8,85.95,518311.8,518492.0,-70285.4,51022.0,185.89999999999998,127.41987923827217,2745.5,2750.0,2705.0,2715.65
2015-06-11,2810.0,2826.5,2695.65,2705.95,2751.265088681893,15674,2636,43123329.0,4510.0,28.77,130.85,-104.05,1433961000.0,0.0,-1.3632966992910167,10399.76,-1.778603863967776,0.550706800257799,0.01,-66.77506975369094,86.26631768425426,-114.28701046760679,259.85,3374.9,3115.05,60974.8,60382.1,-9375.6,5907.9,21.53,2015,115074.6,113681.5,-20202.6,9024.5,32.88,242436.5,239863.90000000002,-39587.2,23587.8,85.95,518311.8,518492.0,-70285.4,51022.0,185.89999999999998,125.6827682303762,2706.0,2765.6,2682.9,2743.35
2015-06-10,2812.35,2842.95,2800.5,2804.8,2813.9153731474166,11403,1779,32087077.0,4422.0,38.78,42.45,-7.55,1433874600.0,0.0,3.6530608473918758,10588.08,1.191968927763165,0.5504261511003783,0.02,-67.94602110667427,82.95337776065159,-113.61472102522345,259.85,3374.9,3115.05,60974.8,60382.1,-9375.6,5907.9,21.53,2015,115074.6,113681.5,-20202.6,9024.5,32.88,242436.5,239863.90000000002,-39587.2,23587.8,85.95,518311.8,518492.0,-70285.4,51022.0,185.89999999999998,130.27403622851836,2810.0,2826.5,2695.65,2705.95
2015-06-09,2808.0,2843.65,2791.0,2811.8,2821.185008857396,9032,1236,25480943.0,2373.0,26.27,52.65,3.8,1433788200.0,0.0,0.2495721620079827,10463.36,-0.2262782144522468,0.5511661929352001,0.02,-68.02581975958462,85.13412517585172,-114.95784809776889,259.85,3374.9,3115.05,60974.8,60382.1,-9375.6,5907.9,21.53,2015,115074.6,113681.5,-20202.6,9024.5,32.88,242436.5,239863.90000000002,-39587.2,23587.8,85.95,518311.8,518492.0,-70285.4,51022.0,185.89999999999998,130.59916395726893,2812.35,2842.95,2800.5,2804.8
2015-06-08,2807.7,2833.0,2783.55,2808.05,2810.576259607173,5855,1035,16455924.0,2072.0,35.39,49.45,0.35,1433701800.0,0.0,-0.13336652677999883,10487.09,-1.1065186907735725,0.5511630013368618,0.02,-67.9831199586902,84.71520698306203,-114.6839844383214,259.85,3374.9,3115.05,60974.8,60382.1,-9375.6,5907.9,21.53,2015,115074.6,113681.5,-20202.6,9024.5,32.88,242436.5,239863.90000000002,-39587.2,23587.8,85.95,518311.8,518492.0,-70285.4,51022.0,185.89999999999998,130.4249883882954,2808.0,2843.65,2791.0,2811.8
2015-06-05,2851.75,2905.5,2782.55,2804.45,2848.369338509553,13137,2214,37419028.0,4178.0,31.8,122.95,-47.3,1433442600.0,0.0,-0.12820284539094562,10604.43,-0.0808441714461816,0.551005308026761,0.03,-67.94202071707464,82.67129869309335,-113.50781495919409,259.85,3374.9,3115.05,60974.8,60382.1,-9375.6,5907.9,21.53,2015,115074.6,113681.5,-20202.6,9024.5,32.88,242436.5,239863.90000000002,-39587.2,23587.8,85.95,518311.8,518492.0,-70285.4,51022.0,185.89999999999998,130.2577798420808,2807.7,2833.0,2783.55,2808.05
2015-06-04,2830.6,2881.0,2825.8,2867.15,2854.403876639285,13878,2219,39613417.0,4251.0,30.63,55.2,36.55,1433356200.0,0.0,2.235732496567966,10613.01,0.0158321341434231,0.5510040306842653,0.02,-68.64307762063373,82.52361959519494,-114.12290456362749,259.85,3374.9,3115.05,60974.8,60382.1,-9375.6,5907.9,21.53,2015,115074.6,113681.5,-20202.6,9024.5,32.88,242436.5,239863.90000000002,-39587.2,23587.8,85.95,518311.8,518492.0,-70285.4,51022.0,185.89999999999998,133.16999535531815,2851.75,2905.5,2782.55,2804.45
2015-06-03,2901.0,2912.1,2820.1,2830.2,2862.713579646735,12342,2021,35331611.0,4017.0,32.55,92.0,-70.8,1433269800.0,0.0,-1.2887362014544101,10611.33,-1.4545015532204442,0.5513457865940958,0.02,-68.23369373189175,82.55251697949268,-113.75764922554072,259.85,3374.9,3115.05,60974.8,60382.1,-9375.6,5907.9,21.53,2015,115074.6,113681.5,-20202.6,9024.5,32.88,242436.5,239863.90000000002,-39587.2,23587.8,85.95,518311.8,518492.0,-70285.4,51022.0,185.89999999999998,131.453785415699,2830.6,2881.0,2825.8,2867.15
2015-06-02,2995.5,3013.6,2891.2,2902.4,2943.437197838657,10549,1897,31050319.0,2653.0,25.15,122.4,-93.1,1433183400.0,0.0,2.551056462440826,10767.95,-2.199699549687817,0.5511801237471621,0.01,-69.02391124586549,79.89728778458294,-113.06619641279707,259.85,3374.9,3115.05,60974.8,60382.1,-9375.6,5907.9,21.53,2015,115074.6,113681.5,-20202.6,9024.5,32.88,242436.5,239863.90000000002,-39587.2,23587.8,85.95,518311.8,518492.0,-70285.4,51022.0,185.89999999999998,134.8072457036693,2901.0,2912.1,2820.1,2830.2
2015-06-01,2951.0,3019.0,2951.0,2992.9,3002.1091435571893,8979,1505,26955938.0,2071.0,23.06,68.0,41.9,1433097000.0,0.0,3.118109151047399,11010.14,-0.1235513109864583,0.5510192862285093,0.02,-69.96057335694476,75.94008795528487,-111.81400603247148,259.85,3374.9,3115.05,60974.8,60382.1,-9375.6,5907.9,21.53,2015,115074.6,113681.5,-20202.6,9024.5,32.88,242436.5,239863.90000000002,-39587.2,23587.8,85.95,518311.8,518492.0,-70285.4,51022.0,185.89999999999998,139.01068276823037,2995.5,3013.6,2891.2,2902.4
2015-05-29,2917.0,2990.8,2917.0,2976.65,2966.517648042823,11956,1801,35467685.0,2723.0,22.78,73.8,59.65,1432837800.0,0.0,-0.5429516522436395,11023.76,1.3118255457668535,0.5516769276026305,0.01,-69.79658340752188,75.7227116700654,-111.57553956212737,259.85,3374.9,3115.05,60974.8,60382.1,-9375.6,5907.9,21.53,2015,115074.6,113681.5,-20202.6,9024.5,32.88,242436.5,239863.90000000002,-39587.2,23587.8,85.95,518311.8,518492.0,-70285.4,51022.0,185.89999999999998,138.2559219693451,2951.0,3019.0,2951.0,2992.9
2015-05-28,2898.0,2941.7,2857.8,2916.25,2897.7420395002014,9924,1550,28757192.0,3130.0,31.54,83.9,18.25,1432751400.0,0.0,-2.0291267028370807,10881.02,-0.2668162524186113,0.5515003912738952,0.01,-69.17102443206173,78.02788709146753,-112.20791968936865,259.85,3374.9,3115.05,60974.8,60382.1,-9375.6,5907.9,21.53,2015,115074.6,113681.5,-20202.6,9024.5,32.88,242436.5,239863.90000000002,-39587.2,23587.8,85.95,518311.8,518492.0,-70285.4,51022.0,185.89999999999998,135.4505341384115,2917.0,2990.8,2917.0,2976.65
2015-05-27,2892.3,2911.1,2864.95,2882.2,2884.796942967616,16552,1526,47749159.0,8899.0,53.76,46.15,-10.1,1432665000.0,0.0,-1.1675953707672604,10910.13,-0.0681470327188238,0.5517514702542071,0.01,-68.8068142391229,77.55287975487002,-111.60121215161763,259.85,3374.9,3115.05,60974.8,60382.1,-9375.6,5907.9,21.53,2015,115074.6,113681.5,-20202.6,9024.5,32.88,242436.5,239863.90000000002,-39587.2,23587.8,85.95,518311.8,518492.0,-70285.4,51022.0,185.89999999999998,133.8690199721319,2898.0,2941.7,2857.8,2916.25
2015-05-26,2937.0,2950.0,2880.0,2909.1,2913.4418705976323,13771,1813,40121008.0,4385.0,31.84,70.0,-27.9,1432578600.0,0.0,0.9333148289501159,10917.57,-0.3232000087647457,0.5518345618995681,0.02,-69.0952528273349,77.43188273581025,-111.8338052226715,259.85,3374.9,3115.05,60974.8,60382.1,-9375.6,5907.9,21.53,2015,115074.6,113681.5,-20202.6,9024.5,32.88,242436.5,239863.90000000002,-39587.2,23587.8,85.95,518311.8,518492.0,-70285.4,51022.0,185.89999999999998,135.118439386902,2892.3,2911.1,2864.95,2882.2
2015-05-25,2982.0,2996.95,2927.15,2937.8,2953.37875577812,10384,1345,30667885.0,2255.0,21.72,69.8,-44.2,1432492200.0,0.0,0.986559417001831,10952.97,-0.6992683656539933,0.5518811067747159,,-69.39716794880523,76.85842287525668,,259.85,3374.9,3115.05,60974.8,60382.1,-9375.6,5907.9,21.53,2015,115074.6,113681.5,-20202.6,9024.5,32.88,242436.5,239863.90000000002,-39587.2,23587.8,85.95,518311.8,518492.0,-70285.4,51022.0,185.89999999999998,136.45146307477938,2937.0,2950.0,2880.0,2909.1
2015-05-22,3060.2,3062.7,2975.0,2988.55,3003.056300930118,12149,1786,36484131.0,2527.0,20.8,87.7,-71.65,1432233000.0,0.0,1.727483150656961,11030.1,0.3506326672465087,0.5518844408424162,0.02,-69.91684930819294,75.62170787209543,-111.66025558391601,259.85,3374.9,3115.05,60974.8,60382.1,-9375.6,5907.9,21.53,2015,115074.6,113681.5,-20202.6,9024.5,32.88,242436.5,239863.90000000002,-39587.2,23587.8,85.95,518311.8,518492.0,-70285.4,51022.0,185.89999999999998,138.8086391082211,2982.0,2996.95,2927.15,2937.8
2015-05-21,3031.5,3109.0,3011.0,3065.35,3073.4258292658637,100390,5648,308541219.0,75652.0,75.36,98.0,33.85,1432146600.0,0.0,2.5698081009184914,10991.56,-0.088444173365132,0.5520808821983634,0.02,-70.67055964245519,76.23749495067125,-112.76878149377109,259.85,3374.9,3115.05,60974.8,60382.1,-9375.6,5907.9,21.53,2015,115074.6,113681.5,-20202.6,9024.5,32.88,242436.5,239863.90000000002,-39587.2,23587.8,85.95,518311.8,518492.0,-70285.4,51022.0,185.89999999999998,142.37575476079888,3060.2,3062.7,2975.0,2988.55
2015-05-20,2970.0,3051.0,2970.0,3033.6,3009.875670941861,35398,4470,106543579.0,14498.0,40.96,81.0,63.6,1432060200.0,0.0,-1.0357707928947746,11001.29,0.4984136815286533,0.5525325271448306,0.02,-70.3635944092827,76.08162315510269,-112.41011526990935,259.85,3374.9,3115.05,60974.8,60382.1,-9375.6,5907.9,21.53,2015,115074.6,113681.5,-20202.6,9024.5,32.88,242436.5,239863.90000000002,-39587.2,23587.8,85.95,518311.8,518492.0,-70285.4,51022.0,185.89999999999998,140.90106827682303,3031.5,3109.0,3011.0,3065.35
2015-05-19,2890.05,2986.1,2890.05,2969.55,2954.664755390822,48833,3204,144285144.0,30089.0,61.62,96.05,79.5,1431973800.0,0.0,-2.1113528481012556,10946.73,-0.0021010399234078,0.5525735188156362,0.02,-69.7243690121399,76.95923805556546,-112.25895451949762,259.85,3374.9,3115.05,60974.8,60382.1,-9375.6,5907.9,21.53,2015,115074.6,113681.5,-20202.6,9024.5,32.88,242436.5,239863.90000000002,-39587.2,23587.8,85.95,518311.8,518492.0,-70285.4,51022.0,185.89999999999998,137.9261495587552,2970.0,3051.0,2970.0,3033.6
2015-05-18,2860.0,2904.7,2786.0,2898.1,2876.234441011413,15859,2457,45614202.0,4812.0,30.34,118.7,38.1,1431887400.0,0.0,-2.40608846458219,10946.96,1.214635539993658,0.5528590056475066,0.02,-68.9779510713916,76.95552007132575,-111.53244619699854,259.85,3374.9,3115.05,60974.8,60382.1,-9375.6,5907.9,21.53,2015,115074.6,113681.5,-20202.6,9024.5,32.88,242436.5,239863.90000000002,-39587.2,23587.8,85.95,518311.8,518492.0,-70285.4,51022.0,185.89999999999998,134.60752438457965,2890.05,2986.1,2890.05,2969.55
2015-05-15,2800.0,2835.8,2791.25,2799.95,2807.2984344422703,5110,949,14345295.0,1069.0,20.92,44.55,-0.05,1431628200.0,0.0,-3.3867016321037946,10815.59,0.4228392625846844,0.5530673181541381,0.02,-67.89049804460794,79.10488470809267,-111.64976313664197,259.85,3374.9,3115.05,60974.8,60382.1,-9375.6,5907.9,21.53,2015,115074.6,113681.5,-20202.6,9024.5,32.88,242436.5,239863.90000000002,-39587.2,23587.8,85.95,518311.8,518492.0,-70285.4,51022.0,185.89999999999998,130.04876915931257,2860.0,2904.7,2786.0,2898.1
2015-05-14,2785.0,2807.0,2745.1,2791.5,2782.5918098102848,37899,1192,105457447.0,31308.0,82.61,61.9,6.5,1431541800.0,0.0,-0.301791103412552,10770.05,0.2488990823126258,0.5537995089107727,0.01,-67.79330109260255,79.8622104818455,-112.02541604288822,259.85,3374.9,3115.05,60974.8,60382.1,-9375.6,5907.9,21.53,2015,115074.6,113681.5,-20202.6,9024.5,32.88,242436.5,239863.90000000002,-39587.2,23587.8,85.95,518311.8,518492.0,-70285.4,51022.0,185.89999999999998,129.65629354389225,2800.0,2835.8,2791.25,2799.95
2015-05-13,2760.0,2823.6,2754.9,2792.9,2785.278557180122,91238,4020,254123245.0,72270.0,79.21,68.7,32.9,1431455400.0,0.0,0.05015224789539641,10743.31,1.3648908115656333,0.5537990944669257,0.02,-67.8094453793548,80.30988587316202,-112.29391147076473,259.85,3374.9,3115.05,60974.8,60382.1,-9375.6,5907.9,21.53,2015,115074.6,113681.5,-20202.6,9024.5,32.88,242436.5,239863.90000000002,-39587.2,23587.8,85.95,518311.8,518492.0,-70285.4,51022.0,185.89999999999998,129.72131908964235,2785.0,2807.0,2745.1,2791.5
2015-05-12,2827.0,2829.0,2730.0,2751.45,2768.3125342734043,25530,2221,70675019.0,15612.0,61.15,99.0,-75.55,1431369000.0,0.0,-1.48412044827958,10598.65,-2.1535424929283176,0.553588439555382,0.03,-67.32450162641517,82.77091893778925,-113.15891782856427,259.85,3374.9,3115.05,60974.8,60382.1,-9375.6,5907.9,21.53,2015,115074.6,113681.5,-20202.6,9024.5,32.88,242436.5,239863.90000000002,-39587.2,23587.8,85.95,518311.8,518492.0,-70285.4,51022.0,185.89999999999998,127.79609846725498,2760.0,2823.6,2754.9,2792.9
2015-05-11,2701.5,2860.0,2701.5,2823.5,2804.5226411987483,24292,3652,68127464.0,7631.0,31.41,158.5,122.0,1431282600.0,0.0,2.618619273473999,10831.92,1.58397902282843,0.5531450307661394,0.02,-68.15831414910572,78.8348695337484,-111.77436758218025,259.85,3374.9,3115.05,60974.8,60382.1,-9375.6,5907.9,21.53,2015,115074.6,113681.5,-20202.6,9024.5,32.88,242436.5,239863.90000000002,-39587.2,23587.8,85.95,518311.8,518492.0,-70285.4,51022.0,185.89999999999998,131.14259173246631,2827.0,2829.0,2730.0,2751.45
2015-05-08,2625.0,2710.1,2625.0,2701.85,2687.932224276032,16230,3931,43625140.0,7051.0,43.44,85.1,76.85,1431023400.0,0.0,-4.308482380024792,10663.02,1.7032860124145843,0.5533300507820773,0.01,-66.7246516275885,81.66757635266555,-111.91824249755028,259.85,3374.9,3115.05,60974.8,60382.1,-9375.6,5907.9,21.53,2015,115074.6,113681.5,-20202.6,9024.5,32.88,242436.5,239863.90000000002,-39587.2,23587.8,85.95,518311.8,518492.0,-70285.4,51022.0,185.89999999999998,125.49233627496515,2701.5,2860.0,2701.5,2823.5
2015-05-07,2616.5,2661.9,2530.8,2621.45,2596.7823765698886,19667,5155,51070919.0,6931.0,35.24,131.1,4.95,1430937000.0,0.0,-2.975738845605791,10484.44,-0.9504914950803188,0.5542201612461258,0.01,-65.70409506189323,84.7618947697731,-112.68530384711156,259.85,3374.9,3115.05,60974.8,60382.1,-9375.6,5907.9,21.53,2015,115074.6,113681.5,-20202.6,9024.5,32.88,242436.5,239863.90000000002,-39587.2,23587.8,85.95,518311.8,518492.0,-70285.4,51022.0,185.89999999999998,121.75801207617276,2625.0,2710.1,2625.0,2701.85
2015-05-06,2705.0,2706.0,2600.0,2602.65,2629.502832928629,21003,5454,55227448.0,10464.0,49.82,106.0,-102.35,1430850600.0,0.0,-0.7171603501878621,10585.05,-2.880628607552438,0.5546823408828454,0.02,-65.45636178510364,83.00574867383716,-111.50709111942312,259.85,3374.9,3115.05,60974.8,60382.1,-9375.6,5907.9,21.53,2015,115074.6,113681.5,-20202.6,9024.5,32.88,242436.5,239863.90000000002,-39587.2,23587.8,85.95,518311.8,518492.0,-70285.4,51022.0,185.89999999999998,120.8848118903855,2616.5,2661.9,2530.8,2621.45
2015-05-05,2714.0,2739.95,2691.05,2705.65,2709.3696463869974,9106,2861,24671520.0,1770.0,19.44,48.9,-8.35,1430764200.0,0.0,3.957504850825111,10899.01,0.0878833071305651,0.5536755277145614,0.01,-66.77138580378099,77.7340327240731,-109.815280638386,259.85,3374.9,3115.05,60974.8,60382.1,-9375.6,5907.9,21.53,2015,115074.6,113681.5,-20202.6,9024.5,32.88,242436.5,239863.90000000002,-39587.2,23587.8,85.95,518311.8,518492.0,-70285.4,51022.0,185.89999999999998,125.66883418485834,2705.0,2706.0,2600.0,2602.65
2015-05-04,2675.0,2745.95,2614.0,2713.3,2710.508394087352,14951,4003,40524811.0,5963.0,39.88,131.95,38.3,1430677800.0,0.0,0.2827416702086305,10889.44,1.8006269147027745,0.55474889107969,0.02,-66.86507205248222,77.89023126992755,-110.08349649759353,259.85,3374.9,3115.05,60974.8,60382.1,-9375.6,5907.9,21.53,2015,115074.6,113681.5,-20202.6,9024.5,32.88,242436.5,239863.90000000002,-39587.2,23587.8,85.95,518311.8,518492.0,-70285.4,51022.0,185.89999999999998,126.02415234556433,2714.0,2739.95,2691.05,2705.65
2015-04-30,2680.0,2688.65,2630.35,2666.1,2656.5007445554384,32234,8881,85629645.0,13198.0,40.94,58.3,-13.9,1430332200.0,0.0,-1.7395791103084868,10696.83,-0.4341241703099574,0.5543803056467828,0.01,-66.27845917257417,81.09337065280087,-111.2394829779453,259.85,3374.9,3115.05,60974.8,60382.1,-9375.6,5907.9,21.53,2015,115074.6,113681.5,-20202.6,9024.5,32.88,242436.5,239863.90000000002,-39587.2,23587.8,85.95,518311.8,518492.0,-70285.4,51022.0,185.89999999999998,123.83186251741755,2675.0,2745.95,2614.0,2713.3
2015-04-29,2692.0,2796.0,2668.0,2680.75,2704.033707011211,105260,5580,284626588.0,90979.0,86.43,128.0,-11.25,1430245800.0,0.0,0.5494917670004984,10743.47,-0.1783943946994659,0.5545484178425357,0.01,-66.46274363517672,80.30720055996807,-111.00142916289178,259.85,3374.9,3115.05,60974.8,60382.1,-9375.6,5907.9,21.53,2015,115074.6,113681.5,-20202.6,9024.5,32.88,242436.5,239863.90000000002,-39587.2,23587.8,85.95,518311.8,518492.0,-70285.4,51022.0,185.89999999999998,124.51230840687413,2680.0,2688.65,2630.35,2666.1
2015-04-28,2655.3,2710.0,2626.35,2691.5,2671.060664419836,10385,3266,27738965.0,3022.0,29.1,83.65,36.2,1430159400.0,0.0,0.40100718082625164,10762.67,1.0363039649727623,0.5545654979477452,0.02,-66.59669329370239,79.98554262092956,-110.96282425593984,259.85,3374.9,3115.05,60974.8,60382.1,-9375.6,5907.9,21.53,2015,115074.6,113681.5,-20202.6,9024.5,32.88,242436.5,239863.90000000002,-39587.2,23587.8,85.95,518311.8,518492.0,-70285.4,51022.0,185.89999999999998,125.01161170459822,2692.0,2796.0,2668.0,2680.75
2015-04-27,2692.0,2764.0,2643.9,2656.45,2695.6409600327515,19541,4965,52675520.0,4354.0,22.28,120.1,-35.55,1430073000.0,0.0,-1.3022478172023066,10652.28,-1.486267905546934,0.5544584125910532,0.02,-66.15596002183365,81.85073993548797,-111.54770218761561,259.85,3374.9,3115.05,60974.8,60382.1,-9375.6,5907.9,21.53,2015,115074.6,113681.5,-20202.6,9024.5,32.88,242436.5,239863.90000000002,-39587.2,23587.8,85.95,518311.8,518492.0,-70285.4,51022.0,185.89999999999998,123.38365071992567,2655.3,2710.0,2626.35,2691.5
2015-04-24,2735.0,2743.6,2691.0,2707.15,2711.7209099700312,208886,2341,566440534.0,202621.0,97.0,52.6,-27.85,1429813800.0,0.0,1.908562178847717,10812.99,-1.3963917958220495,0.5542818029538021,0.03,-66.78979738839739,79.14795075182721,-110.6734377771303,259.85,3374.9,3115.05,60974.8,60382.1,-9375.6,5907.9,21.53,2015,115074.6,113681.5,-20202.6,9024.5,32.88,242436.5,239863.90000000002,-39587.2,23587.8,85.95,518311.8,518492.0,-70285.4,51022.0,185.89999999999998,125.73850441244774,2692.0,2764.0,2643.9,2656.45
2015-04-23,2810.0,2848.65,2717.05,2735.05,2769.0737433574354,22958,5275,63572395.0,10640.0,46.35,131.6,-74.95,1429727400.0,0.0,1.0306041408861821,10966.12,-0.2681072428971531,0.5542841189953828,0.03,-67.12857168973146,76.64634346514536,-109.6257941279572,259.85,3374.9,3115.05,60974.8,60382.1,-9375.6,5907.9,21.53,2015,115074.6,113681.5,-20202.6,9024.5,32.88,242436.5,239863.90000000002,-39587.2,23587.8,85.95,518311.8,518492.0,-70285.4,51022.0,185.89999999999998,127.03437064561078,2735.0,2743.6,2691.0,2707.15
2015-04-22,2810.0,2812.0,2759.4,2797.3,2778.855184927805,25902,3223,71977907.0,18133.0,70.01,52.6,-12.7,1429641000.0,0.0,2.276009579349547,10995.6,0.4167134704478714,0.5543490440360496,0.03,-67.86007936224216,76.17274182400233,-110.09973550266159,259.85,3374.9,3115.05,60974.8,60382.1,-9375.6,5907.9,21.53,2015,115074.6,113681.5,-20202.6,9024.5,32.88,242436.5,239863.90000000002,-39587.2,23587.8,85.95,518311.8,518492.0,-70285.4,51022.0,185.89999999999998,129.9256850905713,2810.0,2848.65,2717.05,2735.05
2015-04-21,2780.15,2817.6,2733.0,2755.25,2787.4667817083696,5795,2132,16153370.0,1472.0,25.4,84.6,-24.9,1429554600.0,0.0,-1.5032352625746315,10949.97,-0.6922539745880307,0.5546937425091025,0.03,-67.36956718991017,76.90687737044028,-110.04269001093303,259.85,3374.9,3115.05,60974.8,60382.1,-9375.6,5907.9,21.53,2015,115074.6,113681.5,-20202.6,9024.5,32.88,242436.5,239863.90000000002,-39587.2,23587.8,85.95,518311.8,518492.0,-70285.4,51022.0,185.89999999999998,127.97259637714816,2810.0,2812.0,2759.4,2797.3
2015-04-20,2816.55,2826.85,2750.0,2779.0,2787.032198712052,9783,3029,27265536.0,2272.0,23.22,76.85,-37.55,1429468200.0,0.0,0.8619907449414654,11026.3,-1.8955722528438133,0.5547727678004168,0.03,-67.64843468873696,75.68223248052387,-109.64823309223777,259.85,3374.9,3115.05,60974.8,60382.1,-9375.6,5907.9,21.53,2015,115074.6,113681.5,-20202.6,9024.5,32.88,242436.5,239863.90000000002,-39587.2,23587.8,85.95,518311.8,518492.0,-70285.4,51022.0,185.89999999999998,129.0757083139805,2780.15,2817.6,2733.0,2755.25
2015-04-17,2894.0,2894.0,2789.1,2806.75,2846.130954307204,203949,5404,580465562.0,190903.0,93.6,104.9,-87.25,1429209000.0,0.0,0.9985606333213326,11239.35,-1.188705321348682,0.5543680055109611,0.01,-67.96829072770998,72.35204882844648,-108.08240805131243,259.85,3374.9,3115.05,60974.8,60382.1,-9375.6,5907.9,21.53,2015,115074.6,113681.5,-20202.6,9024.5,32.88,242436.5,239863.90000000002,-39587.2,23587.8,85.95,518311.8,518492.0,-70285.4,51022.0,185.89999999999998,130.36460752438458,2816.55,2826.85,2750.0,2779.0
2015-04-16,2986.0,2999.4,2860.25,2896.2,2901.3017937600957,23526,5350,68256026.0,11254.0,47.84,139.15,-89.8,1429122600.0,0.0,3.186960007125683,11374.56,-0.6526174571676258,0.554254562802776,0.02,-68.95759961328638,70.30329085256926,-107.9324342571175,259.85,3374.9,3115.05,60974.8,60382.1,-9375.6,5907.9,21.53,2015,115074.6,113681.5,-20202.6,9024.5,32.88,242436.5,239863.90000000002,-39587.2,23587.8,85.95,518311.8,518492.0,-70285.4,51022.0,185.89999999999998,134.51927542963304,2894.0,2894.0,2789.1,2806.75
2015-04-15,3020.0,3031.75,2968.7,2992.8,2999.877959610028,11488,2392,34462598.0,6153.0,53.56,63.05,-27.2,1429036200.0,0.0,3.335405013465942,11449.28,-0.76833539465051,0.5548990247831777,0.02,-69.95956963378775,69.19186184633443,-108.36296831475542,259.85,3374.9,3115.05,60974.8,60382.1,-9375.6,5907.9,21.53,2015,115074.6,113681.5,-20202.6,9024.5,32.88,242436.5,239863.90000000002,-39587.2,23587.8,85.95,518311.8,518492.0,-70285.4,51022.0,185.89999999999998,139.00603808639107,2986.0,2999.4,2860.25,2896.2
2015-04-13,2980.0,3031.2,2956.0,3001.9,2999.956604371238,12628,3013,37883452.0,4351.0,34.46,75.2,21.9,1428863400.0,0.0,0.3040630847366943,11537.93,0.5468323808428321,0.5555909565731828,0.03,-70.05063459808788,67.89190088690084,-107.78409302671565,259.85,3374.9,3115.05,60974.8,60382.1,-9375.6,5907.9,21.53,2015,115074.6,113681.5,-20202.6,9024.5,32.88,242436.5,239863.90000000002,-39587.2,23587.8,85.95,518311.8,518492.0,-70285.4,51022.0,185.89999999999998,139.42870413376684,3020.0,3031.75,2968.7,2992.8
2015-04-10,2956.0,3003.0,2945.15,2968.4,2967.148136298192,6251,1835,18547643.0,1177.0,18.83,57.85,12.4,1428604200.0,0.0,-1.1159598920683522,11475.18,0.150900383927599,0.555568591118073,0.02,-69.71263980595607,68.80998816576297,-107.95019661423792,259.85,3374.9,3115.05,60974.8,60382.1,-9375.6,5907.9,21.53,2015,115074.6,113681.5,-20202.6,9024.5,32.88,242436.5,239863.90000000002,-39587.2,23587.8,85.95,518311.8,518492.0,-70285.4,51022.0,185.89999999999998,137.87273571760335,2980.0,3031.2,2956.0,3001.9
2015-04-09,2953.0,2991.6,2948.6,2964.05,2981.9425213532627,119888,2043,357499125.0,115730.0,96.53,43.0,11.05,1428517800.0,0.0,-0.14654359250774185,11457.89,0.533822348765689,0.5556457155992547,0.03,-69.6681904826167,69.06472308601323,-108.0570385929409,259.85,3374.9,3115.05,60974.8,60382.1,-9375.6,5907.9,21.53,2015,115074.6,113681.5,-20202.6,9024.5,32.88,242436.5,239863.90000000002,-39587.2,23587.8,85.95,518311.8,518492.0,-70285.4,51022.0,185.89999999999998,137.67069205759407,2956.0,3003.0,2945.15,2968.4
2015-04-08,2936.0,3019.0,2936.0,2986.15,2995.465487735311,10518,2917,31506306.0,3139.0,29.84,83.0,50.15,1428431400.0,0.0,0.7456014574652947,11397.05,0.6583345918881767,0.5556175118876264,0.03,-69.89267116521273,69.9672283617252,-108.78101997587123,259.85,3374.9,3115.05,60974.8,60382.1,-9375.6,5907.9,21.53,2015,115074.6,113681.5,-20202.6,9024.5,32.88,242436.5,239863.90000000002,-39587.2,23587.8,85.95,518311.8,518492.0,-70285.4,51022.0,185.89999999999998,138.69716674407803,2953.0,2991.6,2948.6,2964.05
2015-04-07,2895.5,2949.0,2880.9,2935.05,2911.4031068570525,6373,1762,18554372.0,2066.0,32.42,68.1,39.55,1428345000.0,0.0,-1.7112335281214919,11322.51,0.3052785910764077,0.555613870985447,0.02,-69.36849457419805,71.08618142090401,-108.87385072962059,259.85,3374.9,3115.05,60974.8,60382.1,-9375.6,5907.9,21.53,2015,115074.6,113681.5,-20202.6,9024.5,32.88,242436.5,239863.90000000002,-39587.2,23587.8,85.95,518311.8,518492.0,-70285.4,51022.0,185.89999999999998,136.3237343241988,2936.0,3019.0,2936.0,2986.15
2015-04-06,2900.0,2908.0,2872.25,2894.7,2892.16330420969,6295,1797,18206168.0,1560.0,24.78,35.75,-5.3,1428258600.0,0.0,-1.3747636326468138,11288.05,0.9318811176493248,0.5557952837544406,0.03,-68.94151380108474,71.60847090507218,-108.7544903484783,259.85,3374.9,3115.05,60974.8,60382.1,-9375.6,5907.9,21.53,2015,115074.6,113681.5,-20202.6,9024.5,32.88,242436.5,239863.90000000002,-39587.2,23587.8,85.95,518311.8,518492.0,-70285.4,51022.0,185.89999999999998,134.44960520204364,2895.5,2949.0,2880.9,2935.05
2015-04-01,2870.0,2907.4,2860.0,2882.9,2879.4294461596837,231908,1975,667762724.0,228322.0,98.45,47.4,12.9,1427826600.0,0.0,-0.40764155180156303,11183.83,1.222581740015838,0.5558204421877639,0.03,-68.81438828956954,73.20765784172328,-109.51802642942106,259.85,3374.9,3115.05,60974.8,60382.1,-9375.6,5907.9,21.53,2015,115074.6,113681.5,-20202.6,9024.5,32.88,242436.5,239863.90000000002,-39587.2,23587.8,85.95,518311.8,518492.0,-70285.4,51022.0,185.89999999999998,133.90153274500696,2900.0,2908.0,2872.25,2894.7
2015-03-31,2953.7,2954.7,2858.0,2875.0,2887.7569138760423,53841,3109,155479720.0,46160.0,85.73,96.7,-78.7,1427740200.0,0.0,-0.2740296229491124,11048.75,0.0820675218235145,0.5556601978150384,0.03,-68.72869565217393,75.32526303880529,-110.59727640685182,259.85,3374.9,3115.05,62133.0,61354.5,-9643.7,6147.4,22.41,2015,117791.3,116590.9,-19790.300000000003,9846.8,35.88,241086.0,238422.69999999998,-39941.700000000004,21746.5,79.24000000000001,504083.8,502019.6,-70399.6,48023.7,174.99,128.29094154395358,2870.0,2907.4,2860.0,2882.9
2015-03-30,2806.0,2949.0,2806.0,2939.0,2894.4666109685504,16757,4061,48502577.0,8292.0,49.48,143.0,133.0,1427653800.0,0.0,2.2260869565217334,11039.69,1.8095683392862272,0.5556637675320835,0.04,-69.40966315073153,75.46914813731182,-111.36290778644585,259.85,3374.9,3115.05,62133.0,61354.5,-9643.7,6147.4,22.41,2015,117791.3,116590.9,-19790.300000000003,9846.8,35.88,241086.0,238422.69999999998,-39941.700000000004,21746.5,79.24000000000001,504083.8,502019.6,-70399.6,48023.7,174.99,131.14680946006249,2953.7,2954.7,2858.0,2875.0
2015-03-27,2795.8,2814.0,2765.0,2805.25,2791.378461538461,9425,2627,26308742.0,4522.0,47.98,49.0,9.45,1427394600.0,0.0,-4.550867642055123,10843.47,-0.0924125858018265,0.5556319877045889,0.04,-67.95116299795028,78.64438228721988,-111.66627217048963,259.85,3374.9,3115.05,62133.0,61354.5,-9643.7,6147.4,22.41,2015,117791.3,116590.9,-19790.300000000003,9846.8,35.88,241086.0,238422.69999999998,-39941.700000000004,21746.5,79.24000000000001,504083.8,502019.6,-70399.6,48023.7,174.99,125.1784917447568,2806.0,2949.0,2806.0,2939.0
2015-03-26,2765.0,2828.0,2737.35,2797.8,2791.0047145551166,11666,3503,32559861.0,5593.0,47.94,90.65,32.8,1427308200.0,0.0,-0.26557347829960776,10853.5,-1.7476044556897774,0.5570176789187921,0.03,-67.86582314675817,78.47929239415856,-111.59346590897403,259.85,3374.9,3115.05,62133.0,61354.5,-9643.7,6147.4,22.41,2015,117791.3,116590.9,-19790.300000000003,9846.8,35.88,241086.0,238422.69999999998,-39941.700000000004,21746.5,79.24000000000001,504083.8,502019.6,-70399.6,48023.7,174.99,124.84605087014727,2795.8,2814.0,2765.0,2805.25
2015-03-25,2810.0,2833.35,2744.9,2768.0,2785.50691199377,10272,2709,28612727.0,4094.0,39.86,88.45,-42.0,1427221800.0,0.0,-1.065122596325696,11046.55,-0.2304898722641835,0.5566267131934586,0.04,-67.51986994219654,75.36018032779465,-109.48509435519546,259.85,3374.9,3115.05,62133.0,61354.5,-9643.7,6147.4,22.41,2015,117791.3,116590.9,-19790.300000000003,9846.8,35.88,241086.0,238422.69999999998,-39941.700000000004,21746.5,79.24000000000001,504083.8,502019.6,-70399.6,48023.7,174.99,123.51628737170905,2765.0,2828.0,2737.35,2797.8
2015-03-24,2820.0,2840.0,2795.0,2805.4,2822.123116883117,5775,2111,16297761.0,2257.0,39.08,45.0,-14.6,1427135400.0,0.0,1.3511560693641567,11072.07,-0.1290773002548983,0.5566894322917884,0.02,-67.95287659513795,74.95599287215488,-109.68895192535936,259.85,3374.9,3115.05,62133.0,61354.5,-9643.7,6147.4,22.41,2015,117791.3,116590.9,-19790.300000000003,9846.8,35.88,241086.0,238422.69999999998,-39941.700000000004,21746.5,79.24000000000001,504083.8,502019.6,-70399.6,48023.7,174.99,125.18518518518519,2810.0,2833.35,2744.9,2768.0
2015-03-23,2855.0,2877.6,2819.0,2831.4,2846.99452176488,6754,2190,19228601.0,2480.0,36.72,58.6,-23.6,1427049000.0,0.0,0.9267840593141896,11086.38,-0.4840978392881334,0.5568176236485385,0.03,-68.24715688352052,74.73016439992135,-109.87152491083987,259.85,3374.9,3115.05,62133.0,61354.5,-9643.7,6147.4,22.41,2015,117791.3,116590.9,-19790.300000000003,9846.8,35.88,241086.0,238422.69999999998,-39941.700000000004,21746.5,79.24000000000001,504083.8,502019.6,-70399.6,48023.7,174.99,126.34538152610442,2820.0,2840.0,2795.0,2805.4
2015-03-20,2880.0,2882.1,2843.0,2855.4,2860.352691900221,10383,3274,29699042.0,5002.0,48.17,39.1,-24.6,1426789800.0,0.0,0.8476372112735664,11140.31,-0.9584712823120788,0.5568468729655751,0.01,-68.51404356657562,73.88429944947671,-109.66071620753922,259.85,3374.9,3115.05,62133.0,61354.5,-9643.7,6147.4,22.41,2015,117791.3,116590.9,-19790.300000000003,9846.8,35.88,241086.0,238422.69999999998,-39941.700000000004,21746.5,79.24000000000001,504083.8,502019.6,-70399.6,48023.7,174.99,127.41633199464525,2855.0,2877.6,2819.0,2831.4
2015-03-19,2950.0,2994.0,2875.0,2886.2,2935.365161608685,8106,2509,23794070.0,2473.0,30.51,119.0,-63.8,1426703400.0,0.0,1.0786579813686359,11248.12,-0.5836933541685685,0.5567766593053856,0.03,-68.85004504192364,72.21766837480395,-109.072453882692,259.85,3374.9,3115.05,62133.0,61354.5,-9643.7,6147.4,22.41,2015,117791.3,116590.9,-19790.300000000003,9846.8,35.88,241086.0,238422.69999999998,-39941.700000000004,21746.5,79.24000000000001,504083.8,502019.6,-70399.6,48023.7,174.99,128.79071842927263,2880.0,2882.1,2843.0,2855.4
2015-03-18,2940.0,2966.0,2916.0,2932.1,2941.2822794558056,23374,1918,68749532.0,19729.0,84.41,50.0,-7.9,1426617000.0,0.0,1.5903263807081958,11314.16,-0.170908798935554,0.5568133859375001,0.03,-69.33767606834692,71.21244528979615,-109.00301444946916,259.85,3374.9,3115.05,62133.0,61354.5,-9643.7,6147.4,22.41,2015,117791.3,116590.9,-19790.300000000003,9846.8,35.88,241086.0,238422.69999999998,-39941.700000000004,21746.5,79.24000000000001,504083.8,502019.6,-70399.6,48023.7,174.99,130.838911200357,2950.0,2994.0,2875.0,2886.2
2015-03-17,2960.0,2960.0,2892.35,2930.7,2916.532256182921,34288,2240,100002058.0,28159.0,82.12,67.65,-29.3,1426530600.0,0.0,-0.047747348316906635,11333.53,1.0192367000083855,0.5569895283229669,0.05,-69.32302862797283,70.91982815592317,-108.84678078487019,259.85,3374.9,3115.05,62133.0,61354.5,-9643.7,6147.4,22.41,2015,117791.3,116590.9,-19790.300000000003,9846.8,35.88,241086.0,238422.69999999998,-39941.700000000004,21746.5,79.24000000000001,504083.8,502019.6,-70399.6,48023.7,174.99,130.7764390896921,2940.0,2966.0,2916.0,2932.1
2015-03-16,2950.0,2950.0,2890.0,2912.25,2912.780757769263,11745,2822,34210610.0,5720.0,48.7,60.0,-37.75,1426444200.0,0.0,-0.629542430136143,11219.18,-0.2420330061175035,0.5568733403410856,0.05,-69.12868057343978,72.6619057720796,-109.6143150892699,259.85,3374.9,3115.05,62133.0,61354.5,-9643.7,6147.4,22.41,2015,117791.3,116590.9,-19790.300000000003,9846.8,35.88,241086.0,238422.69999999998,-39941.700000000004,21746.5,79.24000000000001,504083.8,502019.6,-70399.6,48023.7,174.99,129.95314591700134,2960.0,2960.0,2892.35,2930.7
2015-03-13,3048.0,3048.0,2932.6,2943.6,2974.644193494016,11866,3635,35297128.0,4592.0,38.7,115.4,-104.4,1426185000.0,0.0,1.076487252124636,11246.4,-1.4378899379254295,0.5568868182203538,0.03,-69.45746704715314,72.24400697111966,-109.70249562024242,259.85,3374.9,3115.05,62133.0,61354.5,-9643.7,6147.4,22.41,2015,117791.3,116590.9,-19790.300000000003,9846.8,35.88,241086.0,238422.69999999998,-39941.700000000004,21746.5,79.24000000000001,504083.8,502019.6,-70399.6,48023.7,174.99,131.3520749665328,2950.0,2950.0,2890.0,2912.25
2015-03-12,3010.0,3028.0,2994.7,3004.7,3009.673952826352,9836,3135,29603153.0,4393.0,44.66,33.3,-5.3,1426098600.0,0.0,2.0756896317434492,11410.47,1.0274985346746313,0.5567012495433458,0.03,-70.07854361500317,69.76732772620235,-108.93140109999383,259.85,3374.9,3115.05,62133.0,61354.5,-9643.7,6147.4,22.41,2015,117791.3,116590.9,-19790.300000000003,9846.8,35.88,241086.0,238422.69999999998,-39941.700000000004,21746.5,79.24000000000001,504083.8,502019.6,-70399.6,48023.7,174.99,134.07853636769298,3048.0,3048.0,2932.6,2943.6
2015-03-11,3021.0,3040.65,2974.45,2988.4,2995.0490566037734,12985,3614,38890712.0,4465.0,34.39,66.2,-32.6,1426012200.0,0.0,-0.5424834426065783,11294.42,-0.2251784687334113,0.5568900395076248,0.03,-69.91533931200642,71.51168453094536,-109.75277743451616,259.85,3374.9,3115.05,62133.0,61354.5,-9643.7,6147.4,22.41,2015,117791.3,116590.9,-19790.300000000003,9846.8,35.88,241086.0,238422.69999999998,-39941.700000000004,21746.5,79.24000000000001,504083.8,502019.6,-70399.6,48023.7,174.99,133.35118250780903,3010.0,3028.0,2994.7,3004.7
2015-03-10,3083.0,3110.0,3008.0,3018.95,3047.51413984971,17433,5374,53127314.0,6584.0,37.77,102.0,-64.05,1425925800.0,0.0,1.0222861732030353,11319.91,-0.3630791222023144,0.5568980629329816,0.02,-70.21977839977475,71.1254771460197,-109.83828088631853,259.85,3374.9,3115.05,62133.0,61354.5,-9643.7,6147.4,22.41,2015,117791.3,116590.9,-19790.300000000003,9846.8,35.88,241086.0,238422.69999999998,-39941.700000000004,21746.5,79.24000000000001,504083.8,502019.6,-70399.6,48023.7,174.99,134.7144132083891,3021.0,3040.65,2974.45,2988.4
2015-03-09,3182.3,3208.5,3054.0,3064.75,3092.365728395061,20250,5635,62620406.0,6306.0,31.14,154.5,-117.55,1425839400.0,0.0,1.517083754285431,11361.16,-1.7854040002800995,0.5569549946306046,0.02,-70.66481768496615,70.50415626573343,-109.9413205594904,259.85,3374.9,3115.05,62133.0,61354.5,-9643.7,6147.4,22.41,2015,117791.3,116590.9,-19790.300000000003,9846.8,35.88,241086.0,238422.69999999998,-39941.700000000004,21746.5,79.24000000000001,504083.8,502019.6,-70399.6,48023.7,174.99,136.75814368585452,3083.0,3110.0,3008.0,3018.95
2015-03-05,3311.55,3325.3,3155.65,3188.05,3201.016561247646,20711,6889,66296254.0,8719.0,42.1,169.65,-123.5,1425493800.0,0.0,4.0231666530712085,11567.69,0.3592659557116517,0.5567083116927849,0.02,-71.79937579398066,67.4599682391212,-109.36376665299686,259.85,3374.9,3115.05,62133.0,61354.5,-9643.7,6147.4,22.41,2015,117791.3,116590.9,-19790.300000000003,9846.8,35.88,241086.0,238422.69999999998,-39941.700000000004,21746.5,79.24000000000001,504083.8,502019.6,-70399.6,48023.7,174.99,142.26015171798306,3182.3,3208.5,3054.0,3064.75
2015-03-04,3381.0,3399.0,3286.3,3298.25,3335.14094941919,10933,4005,36463096.0,2146.0,19.63,112.7,-82.75,1425407400.0,0.0,3.456658458932571,11526.28,-0.8246344040502063,0.5578319838751965,0.01,-72.74160539680133,68.0615948944499,-110.71296158264352,259.85,3374.9,3115.05,62133.0,61354.5,-9643.7,6147.4,22.41,2015,117791.3,116590.9,-19790.300000000003,9846.8,35.88,241086.0,238422.69999999998,-39941.700000000004,21746.5,79.24000000000001,504083.8,502019.6,-70399.6,48023.7,174.99,147.17759928603303,3311.55,3325.3,3155.65,3188.05
2015-03-03,3380.0,3380.0,3309.1,3354.95,3334.589362827179,22694,5314,75675171.0,7007.0,30.88,70.9,-25.05,1425321000.0,0.0,1.71909345865231,11622.12,0.6421041966683472,0.558583144379894,0.02,-73.20228319349022,66.67570116295477,-110.45503433994006,259.85,3374.9,3115.05,62133.0,61354.5,-9643.7,6147.4,22.41,2015,117791.3,116590.9,-19790.300000000003,9846.8,35.88,241086.0,238422.69999999998,-39941.700000000004,21746.5,79.24000000000001,504083.8,502019.6,-70399.6,48023.7,174.99,149.70771976796073,3381.0,3399.0,3286.3,3298.25
2015-03-02,3152.0,3385.0,3152.0,3374.9,3325.2380457067043,66336,9717,220582991.0,41780.0,62.98,233.0,222.9,1425234600.0,0.0,0.5946437353760992,11547.97,0.817331406845434,0.5587550534321053,0.02,-73.36069216865685,67.74593283494849,-111.22289938858768,259.85,3374.9,3115.05,62133.0,61354.5,-9643.7,6147.4,22.41,2015,117791.3,116590.9,-19790.300000000003,9846.8,35.88,241086.0,238422.69999999998,-39941.700000000004,21746.5,79.24000000000001,504083.8,502019.6,-70399.6,48023.7,174.99,150.5979473449353,3380.0,3380.0,3309.1,3354.95
2015-02-28,3165.0,3176.15,3080.0,3137.4,3135.018769852729,17315,5323,54282850.0,2825.0,16.32,96.15,-27.6,1425061800.0,0.0,-7.0372455480162355,11454.35,0.4301512719097955,0.5587105256399935,,-71.34410658507045,69.11697302771435,,259.85,3154.6,2894.75,62133.0,61354.5,-9643.7,6147.4,22.41,2015,117791.3,116590.9,-19790.300000000003,9846.8,35.88,241086.0,238422.69999999998,-39941.700000000004,21746.5,79.24000000000001,504083.8,502019.6,-70399.6,48023.7,174.99,140.0,3152.0,3385.0,3152.0,3374.9
2015-02-27,3004.0,3131.0,2996.7,3121.2,3070.189083353313,12513,3382,38417276.0,3662.0,29.27,134.3,117.2,1424975400.0,0.0,-0.5163511187607606,11405.29,1.7763333431493056,0.5620850523319821,0.02,-71.19537357426631,69.8444318382084,-110.46264299809661,259.85,3154.6,2894.75,62133.0,61354.5,-9643.7,6147.4,22.41,2015,117791.3,116590.9,-19790.300000000003,9846.8,35.88,241086.0,238422.69999999998,-39941.700000000004,21746.5,79.24000000000001,504083.8,502019.6,-70399.6,48023.7,174.99,139.27710843373492,3165.0,3176.15,3080.0,3137.4
2015-02-26,3045.0,3045.0,2953.5,2973.65,2993.9482736156347,7675,2551,22978553.0,2004.0,26.11,91.5,-71.35,1424889000.0,0.0,-4.727348455722147,11206.23,-0.8509689526393083,0.5617290253792495,0.03,-69.76611235350497,72.86143511243299,-110.707643416184,259.85,3154.6,2894.75,62133.0,61354.5,-9643.7,6147.4,22.41,2015,117791.3,116590.9,-19790.300000000003,9846.8,35.88,241086.0,238422.69999999998,-39941.700000000004,21746.5,79.24000000000001,504083.8,502019.6,-70399.6,48023.7,174.99,132.6929941990183,3004.0,3131.0,2996.7,3121.2
2015-02-25,3010.0,3052.1,2992.3,3038.85,3026.279287722586,6402,2158,19374240.0,1815.0,28.35,59.8,28.85,1424802600.0,0.0,2.1925915961864995,11302.41,-0.0389146010236318,0.5631641504378603,0.02,-70.41479507050364,71.39043796853946,-110.62806713543418,259.85,3154.6,2894.75,62133.0,61354.5,-9643.7,6147.4,22.41,2015,117791.3,116590.9,-19790.300000000003,9846.8,35.88,241086.0,238422.69999999998,-39941.700000000004,21746.5,79.24000000000001,504083.8,502019.6,-70399.6,48023.7,174.99,135.6024096385542,3045.0,3045.0,2953.5,2973.65
2015-02-24,2999.7,3003.0,2967.8,2986.45,2988.079879220423,3643,1282,10885575.0,1034.0,28.38,35.2,-13.25,1424716200.0,0.0,-1.7243365088767115,11306.81,0.0241505721827905,0.5635141587532595,0.02,-69.89569555827153,71.32374206341134,-110.09636378309418,259.85,3154.6,2894.75,62133.0,61354.5,-9643.7,6147.4,22.41,2015,117791.3,116590.9,-19790.300000000003,9846.8,35.88,241086.0,238422.69999999998,-39941.700000000004,21746.5,79.24000000000001,504083.8,502019.6,-70399.6,48023.7,174.99,133.26416778224007,3010.0,3052.1,2992.3,3038.85
2015-02-23,3049.45,3049.45,2966.4,2971.0,2994.732676705633,230369,3174,689893572.0,224175.0,97.31,83.05,-78.45,1424629800.0,0.0,-0.5173366371444277,11304.08,-0.881659466374618,0.5637127753484729,0.02,-69.73914506900034,71.36511772740461,-109.97729939067914,259.85,3154.6,2894.75,62133.0,61354.5,-9643.7,6147.4,22.41,2015,117791.3,116590.9,-19790.300000000003,9846.8,35.88,241086.0,238422.69999999998,-39941.700000000004,21746.5,79.24000000000001,504083.8,502019.6,-70399.6,48023.7,174.99,132.57474341811692,2999.7,3003.0,2967.8,2986.45
2015-02-20,3101.0,3124.5,3011.75,3019.3,3047.0074409328017,13036,2935,39720789.0,3692.0,28.32,112.75,-81.7,1424370600.0,0.0,1.6257152473914571,11404.63,-0.4547545416536902,0.5636209241076897,0.02,-70.22323055012751,69.85426094489695,-109.60328123826788,259.85,3154.6,2894.75,62133.0,61354.5,-9643.7,6147.4,22.41,2015,117791.3,116590.9,-19790.300000000003,9846.8,35.88,241086.0,238422.69999999998,-39941.700000000004,21746.5,79.24000000000001,504083.8,502019.6,-70399.6,48023.7,174.99,134.73003123605534,3049.45,3049.45,2966.4,2971.0
2015-02-19,3120.0,3127.0,3008.0,3059.25,3051.177276932133,11891,3200,36281549.0,3120.0,26.24,119.0,-60.75,1424284200.0,0.0,1.3231543735302775,11456.73,0.2232484575123816,0.5637851889208091,0.02,-70.61207812372314,69.08184097905774,-109.56812118732009,259.85,3154.6,2894.75,62133.0,61354.5,-9643.7,6147.4,22.41,2015,117791.3,116590.9,-19790.300000000003,9846.8,35.88,241086.0,238422.69999999998,-39941.700000000004,21746.5,79.24000000000001,504083.8,502019.6,-70399.6,48023.7,174.99,136.5127175368139,3101.0,3124.5,3011.75,3019.3
2015-02-18,3080.0,3127.9,3080.0,3103.55,3104.724287503436,32737,3628,101639359.0,26704.0,81.57,47.9,23.55,1424197800.0,0.0,1.448067336765546,11431.21,0.6921744124489315,0.563912808684848,0.02,-71.03156063217928,69.45931358097701,-110.20927898677594,259.85,3154.6,2894.75,62133.0,61354.5,-9643.7,6147.4,22.41,2015,117791.3,116590.9,-19790.300000000003,9846.8,35.88,241086.0,238422.69999999998,-39941.700000000004,21746.5,79.24000000000001,504083.8,502019.6,-70399.6,48023.7,174.99,138.48951360999556,3120.0,3127.0,3008.0,3059.25
2015-02-16,3120.0,3150.0,3075.0,3082.3,3106.4655972984374,7107,1901,22077651.0,2150.0,30.25,75.0,-37.7,1424025000.0,0.0,-0.684699779285014,11352.63,-0.0146200246779137,0.5640177889539988,,-70.83184634850599,70.6322675890961,,259.85,3154.6,2894.75,62133.0,61354.5,-9643.7,6147.4,22.41,2015,117791.3,116590.9,-19790.300000000003,9846.8,35.88,241086.0,238422.69999999998,-39941.700000000004,21746.5,79.24000000000001,504083.8,502019.6,-70399.6,48023.7,174.99,137.54127621597502,3080.0,3127.9,3080.0,3103.55
2015-02-13,3070.0,3134.1,3070.0,3110.1,3115.040203422042,170483,3549,531061399.0,164086.0,96.25,64.1,40.1,1423765800.0,0.0,0.9019238880056957,11354.29,0.9229853028101198,0.5640461550574235,0.01,-71.09256937075979,70.6073211094661,-110.92271689990841,259.85,3154.6,2894.75,62133.0,61354.5,-9643.7,6147.4,22.41,2015,117791.3,116590.9,-19790.300000000003,9846.8,35.88,241086.0,238422.69999999998,-39941.700000000004,21746.5,79.24000000000001,504083.8,502019.6,-70399.6,48023.7,174.99,138.7817938420348,3120.0,3150.0,3075.0,3082.3
2015-02-12,3022.05,3095.1,3004.0,3038.7,3033.2545424783107,18327,2725,55590456.0,9137.0,49.86,91.1,16.65,1423679400.0,0.0,-2.2957461174881844,11250.45,1.0635048679220382,0.564013548218226,0.02,-70.41333464968572,72.18200160882454,-111.13368122360819,259.85,3154.6,2894.75,62133.0,61354.5,-9643.7,6147.4,22.41,2015,117791.3,116590.9,-19790.300000000003,9846.8,35.88,241086.0,238422.69999999998,-39941.700000000004,21746.5,79.24000000000001,504083.8,502019.6,-70399.6,48023.7,174.99,135.5957161981258,3070.0,3134.1,3070.0,3110.1
2015-02-11,2984.1,3019.65,2984.1,3007.55,2999.3544535387573,155775,1241,467224440.0,152591.0,97.96,35.55,23.45,1423593000.0,0.0,-1.025109421792203,11132.06,1.025220775944291,0.5642416257889271,0.01,-70.10689764093698,74.01316557761997,-111.87256409998044,259.85,3154.6,2894.75,62133.0,61354.5,-9643.7,6147.4,22.41,2015,117791.3,116590.9,-19790.300000000003,9846.8,35.88,241086.0,238422.69999999998,-39941.700000000004,21746.5,79.24000000000001,504083.8,502019.6,-70399.6,48023.7,174.99,134.20571173583224,3022.05,3095.1,3004.0,3038.7
2015-02-10,2963.7,3029.2,2948.15,2975.3,2991.2739946998504,8679,2454,25961267.0,2463.0,28.38,81.05,11.6,1423506600.0,0.0,-1.0723013748732302,11019.09,0.5178648315320222,0.5641898417786524,0.01,-69.782879037408,75.79718470400006,-112.55123878440729,259.85,3154.6,2894.75,62133.0,61354.5,-9643.7,6147.4,22.41,2015,117791.3,116590.9,-19790.300000000003,9846.8,35.88,241086.0,238422.69999999998,-39941.700000000004,21746.5,79.24000000000001,504083.8,502019.6,-70399.6,48023.7,174.99,132.76662204373048,2984.1,3019.65,2984.1,3007.55
2015-02-09,3013.35,3013.35,2943.0,2964.5,2958.8735217228923,8033,3254,23768631.0,3751.0,46.69,70.35,-48.85,1423420200.0,0.0,-0.3629886061909837,10962.32,-1.4896536602417854,0.5642367261230697,0.01,-69.6727947377298,76.70757649840544,-112.95838420276378,259.85,3154.6,2894.75,62133.0,61354.5,-9643.7,6147.4,22.41,2015,117791.3,116590.9,-19790.300000000003,9846.8,35.88,241086.0,238422.69999999998,-39941.700000000004,21746.5,79.24000000000001,504083.8,502019.6,-70399.6,48023.7,174.99,132.2846943328871,2963.7,3029.2,2948.15,2975.3
2015-02-06,3064.7,3064.7,2992.85,3008.1,3020.122881355932,6844,2572,20669721.0,1754.0,25.63,71.85,-56.6,1423161000.0,0.0,1.4707370551526378,11128.09,-0.6707880934443966,0.5639491254450303,0.02,-70.11236328579503,74.0752456171724,-111.89575428621632,259.85,3154.6,2894.75,62133.0,61354.5,-9643.7,6147.4,22.41,2015,117791.3,116590.9,-19790.300000000003,9846.8,35.88,241086.0,238422.69999999998,-39941.700000000004,21746.5,79.24000000000001,504083.8,502019.6,-70399.6,48023.7,174.99,134.23025435073626,3013.35,3013.35,2943.0,2964.5
2015-02-05,3100.55,3100.55,3042.3,3060.7,3073.634238310708,3978,1443,12226917.0,1865.0,46.88,58.25,-39.85,1423074600.0,0.0,1.7486120807153949,11203.24,-0.4353803646032772,0.5640462614789062,0.02,-70.62600058810075,72.90756959593831,-111.75796172697335,259.85,3154.6,2894.75,62133.0,61354.5,-9643.7,6147.4,22.41,2015,117791.3,116590.9,-19790.300000000003,9846.8,35.88,241086.0,238422.69999999998,-39941.700000000004,21746.5,79.24000000000001,504083.8,502019.6,-70399.6,48023.7,174.99,136.57742079428826,3064.7,3064.7,2992.85,3008.1
2015-02-04,3130.0,3130.0,3070.0,3094.15,3093.463770901402,5203,1515,16095292.0,1163.0,22.35,60.0,-35.85,1422988200.0,0.0,1.092887248015173,11252.23,-0.4162219472779727,0.5642437654204123,0.01,-70.94355477271625,72.15476398900485,-111.66078806123932,259.85,3154.6,2894.75,62133.0,61354.5,-9643.7,6147.4,22.41,2015,117791.3,116590.9,-19790.300000000003,9846.8,35.88,241086.0,238422.69999999998,-39941.700000000004,21746.5,79.24000000000001,504083.8,502019.6,-70399.6,48023.7,174.99,138.07005800981705,3100.55,3100.55,3042.3,3060.7
2015-02-03,3099.85,3186.1,3065.0,3105.0,3126.3039739573737,16281,6383,50899355.0,6942.0,42.64,121.1,5.15,1422901800.0,0.0,0.35066173262445766,11299.26,-0.480718417733561,0.564308187027401,0.02,-71.0450885668277,71.43821807799802,-111.36697373115032,259.85,3154.6,2894.75,62133.0,61354.5,-9643.7,6147.4,22.41,2015,117791.3,116590.9,-19790.300000000003,9846.8,35.88,241086.0,238422.69999999998,-39941.700000000004,21746.5,79.24000000000001,504083.8,502019.6,-70399.6,48023.7,174.99,138.55421686746988,3130.0,3130.0,3070.0,3094.15
2015-02-02,3140.0,3168.0,3040.0,3084.95,3089.7665208940725,8232,3242,25434958.0,2400.0,29.15,128.0,-55.05,1422815400.0,0.0,-0.6457326892109538,11353.84,0.0669825422342507,0.5642843040693777,0.02,-70.85690205675942,70.61408298866287,-110.71203504743295,259.85,3154.6,2894.75,62133.0,61354.5,-9643.7,6147.4,22.41,2015,117791.3,116590.9,-19790.300000000003,9846.8,35.88,241086.0,238422.69999999998,-39941.700000000004,21746.5,79.24000000000001,504083.8,502019.6,-70399.6,48023.7,174.99,137.6595269968764,3099.85,3186.1,3065.0,3105.0
2015-01-30,3170.9,3182.6,3098.05,3139.8,3138.2379429133853,8128,3414,25507598.0,1792.0,22.05,84.55,-31.1,1422556200.0,0.0,1.7779866772557273,11346.24,-1.1179552608736598,0.5643097370909701,0.02,-71.36601057392191,70.72836463885834,-111.28742923340852,259.85,3154.6,2894.75,62133.0,61354.5,-9643.7,6147.4,22.41,2015,117791.3,116590.9,-19790.300000000003,9846.8,35.88,241086.0,238422.69999999998,-39941.700000000004,21746.5,79.24000000000001,504083.8,502019.6,-70399.6,48023.7,174.99,140.10709504685408,3140.0,3168.0,3040.0,3084.95
2015-01-29,3150.0,3170.0,3113.95,3154.6,3153.913969063945,25084,3382,79112778.0,17999.0,71.75,56.05,4.6,1422469800.0,0.0,0.47136760303203573,11474.52,0.1673453888357823,0.5643743145075799,0.03,-71.50034869714068,68.81969790457465,-110.3534872972185,259.85,3154.6,2894.75,62133.0,61354.5,-9643.7,6147.4,22.41,2015,117791.3,116590.9,-19790.300000000003,9846.8,35.88,241086.0,238422.69999999998,-39941.700000000004,21746.5,79.24000000000001,504083.8,502019.6,-70399.6,48023.7,174.99,140.76751450245425,3170.9,3182.6,3098.05,3139.8
2015-01-28,3136.15,3187.95,3114.9,3133.8,3156.8922703358967,12355,3303,39003404.0,3404.0,27.55,73.05,-2.35,1422383400.0,0.0,-0.6593545932923273,11455.35,0.1416189139927359,0.5643914443328406,0.02,-71.31118769544962,69.10220988446444,-110.32059590984696,259.85,3143.15,2883.3,62133.0,61354.5,-9643.7,6147.4,22.41,2015,117791.3,116590.9,-19790.300000000003,9846.8,35.88,241086.0,238422.69999999998,-39941.700000000004,21746.5,79.24000000000001,504083.8,502019.6,-70399.6,48023.7,174.99,139.8393574297189,3150.0,3170.0,3113.95,3154.6
2015-01-27,3167.0,3196.4,3101.1,3120.3,3126.095443105047,30196,3299,94395578.0,21762.0,72.07,95.3,-46.7,1422297000.0,0.0,-0.4307869040781176,11439.15,0.8458812328090648,0.5644169415712091,0.02,-71.1870653462808,69.34169059764056,-110.33340193794675,259.85,3143.15,2883.3,62133.0,61354.5,-9643.7,6147.4,22.41,2015,117791.3,116590.9,-19790.300000000003,9846.8,35.88,241086.0,238422.69999999998,-39941.700000000004,21746.5,79.24000000000001,504083.8,502019.6,-70399.6,48023.7,174.99,139.23694779116465,3136.15,3187.95,3114.9,3133.8
2015-01-23,3160.0,3184.45,3129.8,3143.15,3156.130839399244,10853,2901,34253488.0,2313.0,21.31,54.65,-16.85,1421951400.0,0.0,0.7323013812774448,11343.2,0.6444217107032024,0.5643477801467532,0.02,-71.39652895980147,70.77412017772761,-111.34645961833866,259.85,3143.15,2883.3,62133.0,61354.5,-9643.7,6147.4,22.41,2015,117791.3,116590.9,-19790.300000000003,9846.8,35.88,241086.0,238422.69999999998,-39941.700000000004,21746.5,79.24000000000001,504083.8,502019.6,-70399.6,48023.7,174.99,140.2565818830879,3167.0,3196.4,3101.1,3120.3
2015-01-22,3085.0,3140.0,3058.0,3121.85,3114.282502981925,10899,2720,33942565.0,5038.0,46.22,82.0,36.85,1421865000.0,0.0,-0.6776641267518313,11270.57,0.3980979664846007,0.564345982772176,0.03,-71.20137098194981,71.87462568441525,-111.77659687072025,259.85,3121.85,2862.0,62133.0,61354.5,-9643.7,6147.4,22.41,2015,117791.3,116590.9,-19790.300000000003,9846.8,35.88,241086.0,238422.69999999998,-39941.700000000004,21746.5,79.24000000000001,504083.8,502019.6,-70399.6,48023.7,174.99,139.3061133422579,3160.0,3184.45,3129.8,3143.15
2015-01-21,3115.0,3115.0,3041.2,3054.8,3059.69865470852,15610,2034,47761896.0,10748.0,68.85,73.8,-60.2,1421778600.0,0.0,-2.1477649470666327,11225.88,0.2154127703260622,0.5643588081789815,0.03,-70.56926803718738,72.55885507416792,-111.53156624543087,259.85,3098.65,2838.8,62133.0,61354.5,-9643.7,6147.4,22.41,2015,117791.3,116590.9,-19790.300000000003,9846.8,35.88,241086.0,238422.69999999998,-39941.700000000004,21746.5,79.24000000000001,504083.8,502019.6,-70399.6,48023.7,174.99,136.314145470772,3085.0,3140.0,3058.0,3121.85
2015-01-20,3100.0,3124.95,3086.05,3098.65,3101.3516119388114,40138,3057,124482051.0,33025.0,82.28,38.9,-1.35,1421692200.0,0.0,1.4354458557024996,11201.75,1.2160290300049503,0.5646677952890239,0.03,-70.98575185968083,72.93056888432612,-112.18035536690888,259.85,3098.65,2838.8,62133.0,61354.5,-9643.7,6147.4,22.41,2015,117791.3,116590.9,-19790.300000000003,9846.8,35.88,241086.0,238422.69999999998,-39941.700000000004,21746.5,79.24000000000001,504083.8,502019.6,-70399.6,48023.7,174.99,138.27086122266846,3115.0,3115.0,3041.2,3054.8
2015-01-19,3080.0,3138.8,3066.2,3086.2,3098.761721258831,9342,2296,28948632.0,2365.0,25.32,72.6,6.2,1421605800.0,0.0,-0.4017878753650894,11067.17,0.4910520117423989,0.5646516091462964,,-70.86870585185665,75.03345480371225,,259.85,3086.2,2826.35,62133.0,61354.5,-9643.7,6147.4,22.41,2015,117791.3,116590.9,-19790.300000000003,9846.8,35.88,241086.0,238422.69999999998,-39941.700000000004,21746.5,79.24000000000001,504083.8,502019.6,-70399.6,48023.7,174.99,137.7153056671129,3100.0,3124.95,3086.05,3098.65
2015-01-16,3085.0,3140.0,3045.1,3071.0,3094.7244931474124,33491,6559,103645418.0,12717.0,37.97,94.9,-14.0,1421346600.0,0.0,-0.49251506707277404,11013.09,0.3436786185796014,0.5646358597790075,0.03,-70.72451970042331,75.89296010474807,-113.58946740454829,259.85,3077.05,2817.2000000000003,62133.0,61354.5,-9643.7,6147.4,22.41,2015,117791.3,116590.9,-19790.300000000003,9846.8,35.88,241086.0,238422.69999999998,-39941.700000000004,21746.5,79.24000000000001,504083.8,502019.6,-70399.6,48023.7,174.99,137.03703703703704,3080.0,3138.8,3066.2,3086.2
2015-01-15,2911.0,3097.9,2903.8,3077.05,3041.9150975729926,93366,10875,284011445.0,56529.0,60.55,194.1,166.05,1421260200.0,0.0,0.197004233148812,10975.37,2.1133731910958358,0.5646389594801222,0.03,-70.78208023919014,76.49746660021484,-113.98859101441644,259.85,3077.05,2817.2000000000003,62133.0,61354.5,-9643.7,6147.4,22.41,2015,117791.3,116590.9,-19790.300000000003,9846.8,35.88,241086.0,238422.69999999998,-39941.700000000004,21746.5,79.24000000000001,504083.8,502019.6,-70399.6,48023.7,174.99,137.3070058009817,3085.0,3140.0,3045.1,3071.0
2015-01-14,2830.0,2916.0,2813.0,2904.05,2894.937509893937,25268,5698,73149281.0,7808.0,30.9,103.0,74.05,1421173800.0,0.0,-5.622268081441639,10748.22,-0.1786865240270163,0.5641075147523802,0.04,-69.04151099326803,80.2275167423071,-114.31589177693576,259.85,2904.05,2644.2000000000003,62133.0,61354.5,-9643.7,6147.4,22.41,2015,117791.3,116590.9,-19790.300000000003,9846.8,35.88,241086.0,238422.69999999998,-39941.700000000004,21746.5,79.24000000000001,504083.8,502019.6,-70399.6,48023.7,174.99,129.58723784024988,2911.0,3097.9,2903.8,3077.05
2015-01-13,2720.0,2849.0,2720.0,2813.75,2821.8961257410724,36265,5242,102336063.0,22532.0,62.13,129.0,93.75,1421087400.0,0.0,-3.109450594858909,10767.46,-0.2063999747908496,0.5663093931784878,0.03,-68.04797867614394,79.90547445730007,-113.31221014590136,259.85,2813.75,2553.9,62133.0,61354.5,-9643.7,6147.4,22.41,2015,117791.3,116590.9,-19790.300000000003,9846.8,35.88,241086.0,238422.69999999998,-39941.700000000004,21746.5,79.24000000000001,504083.8,502019.6,-70399.6,48023.7,174.99,125.55778670236502,2830.0,2916.0,2813.0,2904.05
2015-01-12,2750.0,2750.0,2690.0,2701.25,2710.6555353167373,4941,1589,13393349.0,2101.0,42.52,60.0,-48.75,1421001000.0,0.0,-3.9982230119946727,10789.73,0.5453252708688128,0.5669727893996577,0.03,-66.71726052753355,79.53414960337284,-111.82394999700554,259.85,2803.85,2544.0,62133.0,61354.5,-9643.7,6147.4,22.41,2015,117791.3,116590.9,-19790.300000000003,9846.8,35.88,241086.0,238422.69999999998,-39941.700000000004,21746.5,79.24000000000001,504083.8,502019.6,-70399.6,48023.7,174.99,120.53770638107987,2720.0,2849.0,2720.0,2813.75
2015-01-09,2750.0,2756.0,2707.15,2726.95,2738.3503918119304,6253,2010,17122905.0,2883.0,46.11,48.85,-23.05,1420741800.0,0.0,0.9514113836186944,10731.21,0.3949858686367768,0.5680624924757077,0.02,-67.03093199361925,80.51319469099944,-112.7760967971208,259.85,2803.85,2544.0,62133.0,61354.5,-9643.7,6147.4,22.41,2015,117791.3,116590.9,-19790.300000000003,9846.8,35.88,241086.0,238422.69999999998,-39941.700000000004,21746.5,79.24000000000001,504083.8,502019.6,-70399.6,48023.7,174.99,121.68451584114234,2750.0,2750.0,2690.0,2701.25
2015-01-08,2686.65,2737.0,2665.7,2731.4,2713.3200823892894,4855,1354,13173169.0,1506.0,31.02,71.3,44.75,1420655400.0,0.0,0.1631859770072852,10688.99,1.5777879988140286,0.5681172695822829,0.03,-67.08464523687488,81.2261963010537,-113.24360657989658,259.85,2803.85,2544.0,62133.0,61354.5,-9643.7,6147.4,22.41,2015,117791.3,116590.9,-19790.300000000003,9846.8,35.88,241086.0,238422.69999999998,-39941.700000000004,21746.5,79.24000000000001,504083.8,502019.6,-70399.6,48023.7,174.99,121.88308790718429,2750.0,2756.0,2707.15,2726.95
2015-01-07,2670.0,2679.0,2612.0,2660.25,2654.1650919940325,12066,1881,32025156.0,3873.0,32.1,67.0,-9.75,1420569000.0,0.0,-2.6048912645529776,10522.96,-0.1490700439429337,0.5678235614444082,0.03,-66.20430410675688,84.08556147699888,-113.96303238383578,259.85,2803.85,2544.0,62133.0,61354.5,-9643.7,6147.4,22.41,2015,117791.3,116590.9,-19790.300000000003,9846.8,35.88,241086.0,238422.69999999998,-39941.700000000004,21746.5,79.24000000000001,504083.8,502019.6,-70399.6,48023.7,174.99,118.70816599732262,2686.65,2737.0,2665.7,2731.4
2015-01-06,2728.5,2728.5,2650.0,2662.15,2686.069085487077,8048,2912,21617484.0,3615.0,44.92,78.5,-66.35,1420482600.0,0.0,0.07142185884785324,10538.67,-2.9054646062338207,0.5682913240359482,0.03,-66.22842439381704,83.8111450496125,-113.87052224330915,259.85,2803.85,2544.0,62133.0,61354.5,-9643.7,6147.4,22.41,2015,117791.3,116590.9,-19790.300000000003,9846.8,35.88,241086.0,238422.69999999998,-39941.700000000004,21746.5,79.24000000000001,504083.8,502019.6,-70399.6,48023.7,174.99,118.79294957608211,2670.0,2679.0,2612.0,2660.25
2015-01-05,2751.0,2775.0,2735.0,2751.35,2764.5262342090978,12903,2285,35670682.0,2391.0,18.53,40.0,0.35,1420396200.0,0.0,3.3506752061303713,10854.03,-0.1139290713308205,0.5671927147813998,0.03,-67.32331400948625,78.47057728788292,-111.84423799042077,259.85,2803.85,2544.0,62133.0,61354.5,-9643.7,6147.4,22.41,2015,117791.3,116590.9,-19790.300000000003,9846.8,35.88,241086.0,238422.69999999998,-39941.700000000004,21746.5,79.24000000000001,504083.8,502019.6,-70399.6,48023.7,174.99,122.77331548415886,2728.5,2728.5,2650.0,2662.15
2015-01-02,2665.0,2750.0,2665.0,2743.65,2728.51100319646,16268,3089,44387417.0,9906.0,60.89,85.0,78.65,1420137000.0,0.0,-0.27986261289911774,10866.41,1.1334975085205423,0.5680134035165084,0.02,-67.23160753011499,78.26724741658009,-111.69709285100497,259.85,2803.85,2544.0,62133.0,61354.5,-9643.7,6147.4,22.41,2015,117791.3,116590.9,-19790.300000000003,9846.8,35.88,241086.0,238422.69999999998,-39941.700000000004,21746.5,79.24000000000001,504083.8,502019.6,-70399.6,48023.7,174.99,122.429718875502,2751.0,2775.0,2735.0,2751.35
2015-01-01,2670.5,2674.9,2652.4,2665.0,2665.463691108749,2823,889,7524604.0,873.0,30.92,22.5,-5.5,1420050600.0,0.0,-2.8666192845297367,10744.62,0.2145198206987331,0.5678678950972679,,-66.26454033771108,80.28790222455515,,259.85,2803.85,2544.0,62133.0,61354.5,-9643.7,6147.4,22.41,2015,117791.3,116590.9,-19790.300000000003,9846.8,35.88,241086.0,238422.69999999998,-39941.700000000004,21746.5,79.24000000000001,504083.8,502019.6,-70399.6,48023.7,174.99,118.92012494422133,2665.0,2750.0,2665.0,2743.65
2014-12-31,2638.5,2696.1,2631.0,2671.25,2659.744471229431,9541,1947,25376622.0,2983.0,31.27,65.1,32.75,1419964200.0,0.0,0.23452157598498058,10721.62,0.5544665885111488,0.5684393591354664,0.04,-66.34347215722975,80.67465550914878,-112.21938405895938,259.85,2803.85,2544.0,56014.4,54897.7,-9390.2,3643.7,13.28,2014,123107.8,121736.6,-19019.300000000003,12055.3,43.94,238182.4,235418.10000000003,-39221.9,21079.8,76.82,491222.80000000005,485979.1,-76686.5,47287.8,172.32,201.148343373494,2670.5,2674.9,2652.4,2665.0
2014-12-30,2650.0,2655.0,2610.25,2628.85,2635.345243742765,52699,1243,138880059.0,49856.0,94.61,44.75,-21.15,1419877800.0,0.0,-1.5872718764623373,10662.5,0.2461377619326965,0.5684118476872125,0.03,-65.80063525876334,81.67643610785463,-112.23943686390493,259.85,2803.85,2544.0,56014.4,54897.7,-9390.2,3643.7,13.28,2014,123107.8,121736.6,-19019.300000000003,12055.3,43.94,238182.4,235418.10000000003,-39221.9,21079.8,76.82,491222.80000000005,485979.1,-76686.5,47287.8,172.32,197.95557228915663,2638.5,2696.1,2631.0,2671.25
2014-12-29,2605.0,2655.0,2600.0,2643.15,2639.0820372398684,9130,2299,24094819.0,3622.0,39.67,55.0,38.15,1419791400.0,0.0,0.5439640907621168,10636.32,0.696885553044635,0.5685796575240617,0.03,-65.98566104837032,82.1236104216496,-112.6924179468256,259.85,2803.85,2544.0,56014.4,54897.7,-9390.2,3643.7,13.28,2014,123107.8,121736.6,-19019.300000000003,12055.3,43.94,238182.4,235418.10000000003,-39221.9,21079.8,76.82,491222.80000000005,485979.1,-76686.5,47287.8,172.32,199.0323795180723,2650.0,2655.0,2610.25,2628.85
2014-12-26,2660.0,2660.0,2588.1,2594.85,2609.9726524347707,7167,2274,18705674.0,1687.0,23.54,71.9,-65.15,1419532200.0,0.0,-1.8273650757618776,10562.71,0.232106848860103,0.5685500993415147,0.01,-65.35252519413454,83.39280355136137,-112.76982643663504,259.85,2803.85,2544.0,56014.4,54897.7,-9390.2,3643.7,13.28,2014,123107.8,121736.6,-19019.300000000003,12055.3,43.94,238182.4,235418.10000000003,-39221.9,21079.8,76.82,491222.80000000005,485979.1,-76686.5,47287.8,172.32,195.3953313253012,2605.0,2655.0,2600.0,2643.15
2014-12-24,2619.7,2660.0,2576.5,2625.7,2631.7513691740246,35788,7645,94185118.0,9221.0,25.77,83.5,6.0,1419359400.0,0.0,1.1888933849740768,10538.25,-0.6852348892088855,0.5687766146929443,0.01,-65.759606961953,83.8184708087206,-113.43790527112954,259.85,2803.85,2544.0,56014.4,54897.7,-9390.2,3643.7,13.28,2014,123107.8,121736.6,-19019.300000000003,12055.3,43.94,238182.4,235418.10000000003,-39221.9,21079.8,76.82,491222.80000000005,485979.1,-76686.5,47287.8,172.32,197.7183734939759,2660.0,2660.0,2588.1,2594.85
2014-12-23,2506.3,2545.1,2506.3,2539.6,2531.678903013855,7001,1465,17724284.0,2236.0,31.94,38.8,33.3,1419273000.0,0.0,-3.279125566515595,10610.96,-0.5946916184830453,0.5688173521085487,0.03,-64.59875570956056,82.558882513929,-111.57261613361116,259.85,2803.85,2544.0,56014.4,54897.7,-9390.2,3643.7,13.28,2014,123107.8,121736.6,-19019.300000000003,12055.3,43.94,238182.4,235418.10000000003,-39221.9,21079.8,76.82,491222.80000000005,485979.1,-76686.5,47287.8,172.32,191.23493975903614,2619.7,2660.0,2576.5,2625.7
2014-12-22,2500.0,2532.3,2497.1,2517.85,2509.886914378029,3714,1002,9321720.0,1468.0,39.53,35.2,17.85,1419186600.0,0.0,-0.8564340841077378,10674.44,1.0792133304673213,0.5695245926500249,0.05,-64.29294834878965,81.47322014082236,-110.7154746317448,259.85,2803.85,2544.0,56014.4,54897.7,-9390.2,3643.7,13.28,2014,123107.8,121736.6,-19019.300000000003,12055.3,43.94,238182.4,235418.10000000003,-39221.9,21079.8,76.82,491222.80000000005,485979.1,-76686.5,47287.8,172.32,189.59713855421688,2506.3,2545.1,2506.3,2539.6
2014-12-19,2455.0,2510.0,2452.65,2493.05,2488.044675848169,5954,1739,14813818.0,1855.0,31.16,57.35,38.05,1418927400.0,0.0,-0.9849673332406494,10560.47,0.6304368748397904,0.5694376072983185,0.04,-63.93774693648343,83.4317033238104,-111.46411894572525,259.85,2803.85,2544.0,56014.4,54897.7,-9390.2,3643.7,13.28,2014,123107.8,121736.6,-19019.300000000003,12055.3,43.94,238182.4,235418.10000000003,-39221.9,21079.8,76.82,491222.80000000005,485979.1,-76686.5,47287.8,172.32,187.72966867469881,2500.0,2532.3,2497.1,2517.85
2014-12-18,2452.25,2463.0,2418.3,2446.55,2438.7350722414017,7821,2240,19073347.0,3041.0,38.88,44.7,-5.7,1418841000.0,0.0,-1.8651852148974135,10494.31,2.0143694669726653,0.5694593269076873,0.04,-63.25233492060249,84.58812442171045,-111.43905294509712,259.85,2803.85,2544.0,56014.4,54897.7,-9390.2,3643.7,13.28,2014,123107.8,121736.6,-19019.300000000003,12055.3,43.94,238182.4,235418.10000000003,-39221.9,21079.8,76.82,491222.80000000005,485979.1,-76686.5,47287.8,172.32,184.22816265060243,2455.0,2510.0,2452.65,2493.05
2014-12-17,2501.2,2514.65,2431.8,2439.8,2457.9746230231704,8157,1961,20049699.0,3355.0,41.13,82.85,-61.4,1418754600.0,0.0,-0.27589871451636494,10287.09,-0.4985186625307114,0.5692087962342105,0.03,-63.15066808754817,88.3064112397189,-113.4283778651847,259.85,2803.85,2544.0,56014.4,54897.7,-9390.2,3643.7,13.28,2014,123107.8,121736.6,-19019.300000000003,12055.3,43.94,238182.4,235418.10000000003,-39221.9,21079.8,76.82,491222.80000000005,485979.1,-76686.5,47287.8,172.32,183.7198795180723,2452.25,2463.0,2418.3,2446.55
2014-12-16,2535.0,2539.25,2482.15,2489.85,2494.6401740391584,6895,1678,17200544.0,2251.0,32.65,57.1,-45.15,1418668200.0,0.0,2.051397655545517,10338.63,-2.142826042922785,0.5691757722838912,0.03,-63.891399080265884,87.36766863694707,-113.63188407617481,259.85,2803.85,2544.0,56014.4,54897.7,-9390.2,3643.7,13.28,2014,123107.8,121736.6,-19019.300000000003,12055.3,43.94,238182.4,235418.10000000003,-39221.9,21079.8,76.82,491222.80000000005,485979.1,-76686.5,47287.8,172.32,187.4887048192771,2501.2,2514.65,2431.8,2439.8
2014-12-15,2517.0,2571.95,2490.8,2540.05,2538.1955281977007,11047,2874,28039446.0,4969.0,44.98,81.15,23.05,1418581800.0,0.0,2.0161857139988415,10565.02,-0.2423826965004205,0.5688825060574436,0.04,-64.60502746008937,83.3527054373773,-112.04016811573018,259.85,2803.85,2544.0,56014.4,54897.7,-9390.2,3643.7,13.28,2014,123107.8,121736.6,-19019.300000000003,12055.3,43.94,238182.4,235418.10000000003,-39221.9,21079.8,76.82,491222.80000000005,485979.1,-76686.5,47287.8,172.32,191.26882530120486,2535.0,2539.25,2482.15,2489.85
2014-12-12,2497.3,2538.0,2487.75,2515.65,2509.8360038396218,13543,2407,33990709.0,7754.0,57.25,50.25,18.35,1418322600.0,0.0,-0.960611011594259,10590.69,-0.9429912145244136,0.5691761891453113,0.02,-64.26172162264227,82.90829020583172,-111.45976276676821,259.85,2803.85,2544.0,56014.4,54897.7,-9390.2,3643.7,13.28,2014,123107.8,121736.6,-19019.300000000003,12055.3,43.94,238182.4,235418.10000000003,-39221.9,21079.8,76.82,491222.80000000005,485979.1,-76686.5,47287.8,172.32,189.43147590361448,2517.0,2571.95,2490.8,2540.05
2014-12-11,2495.0,2541.3,2434.9,2483.45,2511.4642087821044,12070,2507,30313373.0,4249.0,35.2,106.4,-11.55,1418236200.0,0.0,-1.2799872796295353,10691.51,-0.7583626421465706,0.5691140489708415,0.03,-63.79834504419255,81.18348109855388,-110.0139312602692,259.85,2803.85,2544.0,56014.4,54897.7,-9390.2,3643.7,13.28,2014,123107.8,121736.6,-19019.300000000003,12055.3,43.94,238182.4,235418.10000000003,-39221.9,21079.8,76.82,491222.80000000005,485979.1,-76686.5,47287.8,172.32,187.00677710843374,2497.3,2538.0,2487.75,2515.65
2014-12-10,2481.75,2527.8,2463.0,2511.5,2507.5280797101445,6624,1591,16609866.0,3273.0,49.41,64.8,29.75,1418149800.0,0.0,1.1294771386579194,10773.21,0.4320928957775027,0.5691441201146029,0.03,-64.20266772844914,79.80945326416176,-109.63867445970457,259.85,2803.85,2544.0,56014.4,54897.7,-9390.2,3643.7,13.28,2014,123107.8,121736.6,-19019.300000000003,12055.3,43.94,238182.4,235418.10000000003,-39221.9,21079.8,76.82,491222.80000000005,485979.1,-76686.5,47287.8,172.32,189.11897590361446,2495.0,2541.3,2434.9,2483.45
2014-12-09,2510.0,2510.0,2467.15,2480.7,2478.9886011821,7106,1555,17615693.0,3975.0,55.94,42.85,-29.3,1418063400.0,0.0,-1.2263587497511552,10726.86,-1.3013086695331078,0.5692231890863783,0.04,-63.758213407505934,80.58639713765257,-109.64709045561845,259.85,2803.85,2544.0,56014.4,54897.7,-9390.2,3643.7,13.28,2014,123107.8,121736.6,-19019.300000000003,12055.3,43.94,238182.4,235418.10000000003,-39221.9,21079.8,76.82,491222.80000000005,485979.1,-76686.5,47287.8,172.32,186.79969879518072,2481.75,2527.8,2463.0,2511.5
2014-12-08,2495.0,2525.0,2480.0,2504.95,2507.554636617389,9673,2722,24255576.0,2939.0,30.38,45.0,9.95,1417977000.0,0.0,0.977546660216877,10868.29,-1.103861833005748,0.5690951578583501,0.03,-64.10906405317472,78.2364106957028,-108.64595369358067,259.85,2803.85,2544.0,56014.4,54897.7,-9390.2,3643.7,13.28,2014,123107.8,121736.6,-19019.300000000003,12055.3,43.94,238182.4,235418.10000000003,-39221.9,21079.8,76.82,491222.80000000005,485979.1,-76686.5,47287.8,172.32,188.6257530120482,2510.0,2510.0,2467.15,2480.7
2014-12-05,2450.0,2512.25,2450.0,2487.55,2494.657294044408,9638,1911,24043507.0,4637.0,48.11,62.25,37.55,1417717800.0,0.0,-0.6946246432064318,10989.6,-0.3162059638295078,0.5690008869761569,0.02,-63.85801290426323,76.26892698551357,-107.26371999000068,259.85,2803.85,2544.0,56014.4,54897.7,-9390.2,3643.7,13.28,2014,123107.8,121736.6,-19019.300000000003,12055.3,43.94,238182.4,235418.10000000003,-39221.9,21079.8,76.82,491222.80000000005,485979.1,-76686.5,47287.8,172.32,187.3155120481928,2495.0,2525.0,2480.0,2504.95
2014-12-04,2473.0,2482.65,2457.0,2466.5,2464.2306184668987,4592,938,11315747.0,1695.0,36.91,25.65,-6.5,1417631400.0,0.0,-0.84621414644932,11024.46,0.3528223053606005,0.5690156414777503,0.02,-63.54956415974053,75.7115541260071,-106.63924238519832,259.85,2803.85,2544.0,56014.4,54897.7,-9390.2,3643.7,13.28,2014,123107.8,121736.6,-19019.300000000003,12055.3,43.94,238182.4,235418.10000000003,-39221.9,21079.8,76.82,491222.80000000005,485979.1,-76686.5,47287.8,172.32,185.730421686747,2450.0,2512.25,2450.0,2487.55
2014-12-03,2465.0,2487.0,2465.0,2469.6,2471.085386432669,8889,1960,21965478.0,5334.0,60.01,22.0,4.6,1417545000.0,0.0,0.12568416784917158,10985.7,0.5327852350221818,0.5690515040556446,0.01,-63.595319080012956,76.33150368205939,-107.03618554207728,259.85,2803.85,2544.0,56014.4,54897.7,-9390.2,3643.7,13.28,2014,123107.8,121736.6,-19019.300000000003,12055.3,43.94,238182.4,235418.10000000003,-39221.9,21079.8,76.82,491222.80000000005,485979.1,-76686.5,47287.8,172.32,185.96385542168676,2473.0,2482.65,2457.0,2466.5
2014-12-02,2478.0,2484.8,2452.35,2470.6,2467.546960320349,5494,1617,13556703.0,1530.0,27.85,32.45,-7.4,1417458600.0,0.0,0.040492387431156907,10927.48,-0.0031113250401282,0.5690233113817471,0.03,-63.61005423783696,77.27097189836998,-107.59196784179193,259.85,2803.85,2544.0,56014.4,54897.7,-9390.2,3643.7,13.28,2014,123107.8,121736.6,-19019.300000000003,12055.3,43.94,238182.4,235418.10000000003,-39221.9,21079.8,76.82,491222.80000000005,485979.1,-76686.5,47287.8,172.32,186.039156626506,2465.0,2487.0,2465.0,2469.6
2014-12-01,2490.0,2500.0,2472.0,2478.35,2480.2317297098784,2723,551,6753671.0,1442.0,52.96,28.0,-11.65,1417372200.0,0.0,0.31368898243342436,10927.82,-0.258667270284485,0.5690233957143108,0.03,-63.72384852825468,77.26545642223243,-107.70263021117805,259.85,2803.85,2544.0,56014.4,54897.7,-9390.2,3643.7,13.28,2014,123107.8,121736.6,-19019.300000000003,12055.3,43.94,238182.4,235418.10000000003,-39221.9,21079.8,76.82,491222.80000000005,485979.1,-76686.5,47287.8,172.32,186.62274096385542,2478.0,2484.8,2452.35,2470.6
2014-11-28,2465.0,2510.0,2465.0,2490.05,2494.6795915110893,6267,1333,15634157.0,3285.0,52.42,45.0,25.05,1417113000.0,0.0,0.47208828454416984,10956.16,1.050425787219833,0.569020271920558,0.02,-63.894299311258806,76.80692870494772,-107.60761836289267,259.85,2803.85,2544.0,56014.4,54897.7,-9390.2,3643.7,13.28,2014,123107.8,121736.6,-19019.300000000003,12055.3,43.94,238182.4,235418.10000000003,-39221.9,21079.8,76.82,491222.80000000005,485979.1,-76686.5,47287.8,172.32,187.503765060241,2490.0,2500.0,2472.0,2478.35
2014-11-27,2451.8,2502.7,2451.8,2477.0,2477.8166319378674,5279,1127,13080394.0,2880.0,54.56,50.9,25.2,1417026600.0,0.0,-0.5240858617296951,10842.27,0.2666126598011464,0.5689106487549428,,-63.70407751312071,78.66415427765587,,259.85,2803.85,2544.0,56014.4,54897.7,-9390.2,3643.7,13.28,2014,123107.8,121736.6,-19019.300000000003,12055.3,43.94,238182.4,235418.10000000003,-39221.9,21079.8,76.82,491222.80000000005,485979.1,-76686.5,47287.8,172.32,186.5210843373494,2465.0,2510.0,2465.0,2490.05
2014-11-26,2450.0,2516.9,2450.0,2476.6,2488.2781581650115,5842,1511,14536521.0,2076.0,35.54,66.9,26.6,1416940200.0,0.0,-0.016148566814699894,10813.44,0.2399988876065517,0.568921841292815,0.02,-63.69821529516273,79.14049553148675,-108.73159329693613,259.85,2803.85,2544.0,56014.4,54897.7,-9390.2,3643.7,13.28,2014,123107.8,121736.6,-19019.300000000003,12055.3,43.94,238182.4,235418.10000000003,-39221.9,21079.8,76.82,491222.80000000005,485979.1,-76686.5,47287.8,172.32,186.49096385542168,2451.8,2502.7,2451.8,2477.0
2014-11-25,2494.1,2522.9,2460.0,2471.0,2483.3668715163644,6997,1879,17376118.0,4432.0,63.34,62.9,-23.1,1416853800.0,0.0,-0.22611644997173608,10787.55,-0.9844145831038652,0.5689170880382058,0.02,-63.61594496155403,79.57043072801517,-108.89354436352144,259.85,2803.85,2544.0,56014.4,54897.7,-9390.2,3643.7,13.28,2014,123107.8,121736.6,-19019.300000000003,12055.3,43.94,238182.4,235418.10000000003,-39221.9,21079.8,76.82,491222.80000000005,485979.1,-76686.5,47287.8,172.32,186.06927710843374,2450.0,2516.9,2450.0,2476.6
2014-11-24,2465.0,2543.0,2465.0,2519.3,2512.7504014012547,6851,1879,17214853.0,2183.0,31.86,78.0,54.3,1416767400.0,0.0,1.9546742209631818,10894.8,0.4185488769414602,0.5687845318544867,0.02,-64.3134997816854,77.80271322098618,-108.57510390745583,259.85,2803.85,2544.0,56014.4,54897.7,-9390.2,3643.7,13.28,2014,123107.8,121736.6,-19019.300000000003,12055.3,43.94,238182.4,235418.10000000003,-39221.9,21079.8,76.82,491222.80000000005,485979.1,-76686.5,47287.8,172.32,189.70632530120486,2494.1,2522.9,2460.0,2471.0
2014-11-21,2471.0,2513.0,2470.0,2489.1,2494.4533726905,9147,1660,22816765.0,3189.0,34.86,43.0,18.1,1416508200.0,0.0,-1.1987456833247423,10849.39,0.6167177815965763,0.5690534719428654,0.01,-63.88051906311518,78.54690448034407,-108.58221723330016,259.85,2803.85,2544.0,56014.4,54897.7,-9390.2,3643.7,13.28,2014,123107.8,121736.6,-19019.300000000003,12055.3,43.94,238182.4,235418.10000000003,-39221.9,21079.8,76.82,491222.80000000005,485979.1,-76686.5,47287.8,172.32,187.43222891566265,2465.0,2543.0,2465.0,2519.3
2014-11-20,2508.0,2510.1,2460.0,2466.45,2472.355962887531,8838,1512,21850682.0,5915.0,66.93,50.1,-41.55,1416421800.0,0.0,-0.9099674581174,10782.89,0.1074148757998161,0.5691102102202371,0.02,-63.54882523464899,79.64803498876462,-108.88595296652923,259.85,2803.85,2544.0,56014.4,54897.7,-9390.2,3643.7,13.28,2014,123107.8,121736.6,-19019.300000000003,12055.3,43.94,238182.4,235418.10000000003,-39221.9,21079.8,76.82,491222.80000000005,485979.1,-76686.5,47287.8,172.32,185.726656626506,2471.0,2513.0,2470.0,2489.1
2014-11-19,2533.5,2545.9,2482.5,2499.0,2503.654351795496,16430,2504,41135041.0,7167.0,43.62,63.4,-34.5,1416335400.0,0.0,1.3197105151128152,10771.32,-0.5516537147299383,0.5691653055553286,0.01,-64.02360944377752,79.8410037024246,-109.47064705885657,259.85,2803.85,2544.0,56014.4,54897.7,-9390.2,3643.7,13.28,2014,123107.8,121736.6,-19019.300000000003,12055.3,43.94,238182.4,235418.10000000003,-39221.9,21079.8,76.82,491222.80000000005,485979.1,-76686.5,47287.8,172.32,188.1777108433735,2508.0,2510.1,2460.0,2466.45
2014-11-18,2575.0,2575.4,2525.0,2535.25,2541.9507030029504,11522,2685,29288356.0,3921.0,34.03,50.4,-39.75,1416249000.0,0.0,1.4505802320928352,10831.07,0.1689664101805377,0.5692526846084022,0.02,-64.53801400256384,78.84890412489256,-109.43157930039729,259.85,2803.85,2544.0,56014.4,54897.7,-9390.2,3643.7,13.28,2014,123107.8,121736.6,-19019.300000000003,12055.3,43.94,238182.4,235418.10000000003,-39221.9,21079.8,76.82,491222.80000000005,485979.1,-76686.5,47287.8,172.32,190.9073795180723,2533.5,2545.9,2482.5,2499.0
2014-11-17,2615.0,2630.0,2545.0,2558.7,2564.3297567061763,8015,1873,20553103.0,3286.0,41.0,85.0,-56.3,1416162600.0,0.0,0.9249580909180377,10812.8,0.5658503193836317,0.5694108794555592,0.03,-64.86301637550318,79.1510986978396,-109.94543076853013,259.85,2803.85,2544.0,56014.4,54897.7,-9390.2,3643.7,13.28,2014,123107.8,121736.6,-19019.300000000003,12055.3,43.94,238182.4,235418.10000000003,-39221.9,21079.8,76.82,491222.80000000005,485979.1,-76686.5,47287.8,172.32,192.67319277108433,2575.0,2575.4,2525.0,2535.25
2014-11-14,2580.0,2630.0,2572.45,2614.55,2600.818430034129,4395,1827,11430597.0,2049.0,46.62,57.55,34.55,1415903400.0,0.0,2.182749052253108,10751.96,0.4617595449304401,0.5694434710924089,0.02,-65.61358551184718,80.16482576200062,-111.27153328385714,259.85,2803.85,2544.0,56014.4,54897.7,-9390.2,3643.7,13.28,2014,123107.8,121736.6,-19019.300000000003,12055.3,43.94,238182.4,235418.10000000003,-39221.9,21079.8,76.82,491222.80000000005,485979.1,-76686.5,47287.8,172.32,196.878765060241,2615.0,2630.0,2545.0,2558.7
2014-11-13,2625.0,2642.0,2575.0,2583.95,2590.78607075524,9017,1613,23361118.0,4494.0,49.84,67.0,-41.05,1415817000.0,0.0,-1.1703734868333093,10702.54,-0.320853423538614,0.5697791060896017,0.02,-65.20637009230055,80.99675404156395,-111.36523262414039,259.85,2803.85,2544.0,56014.4,54897.7,-9390.2,3643.7,13.28,2014,123107.8,121736.6,-19019.300000000003,12055.3,43.94,238182.4,235418.10000000003,-39221.9,21079.8,76.82,491222.80000000005,485979.1,-76686.5,47287.8,172.32,194.5745481927711,2580.0,2630.0,2572.45,2614.55
2014-11-12,2644.0,2665.0,2619.0,2623.0,2630.739117754284,54860,1174,144322348.0,51657.0,94.16,46.0,-21.0,1415730600.0,0.0,1.5112521527119505,10736.99,0.3675566735560132,0.5698552625695337,0.02,-65.72436141822341,80.41601975972783,-111.55845636794854,259.85,2803.85,2544.0,56014.4,54897.7,-9390.2,3643.7,13.28,2014,123107.8,121736.6,-19019.300000000003,12055.3,43.94,238182.4,235418.10000000003,-39221.9,21079.8,76.82,491222.80000000005,485979.1,-76686.5,47287.8,172.32,197.51506024096386,2625.0,2642.0,2575.0,2583.95
2014-11-11,2582.9,2655.0,2582.9,2647.95,2641.2115338108074,53755,2617,141978326.0,47987.0,89.27,72.1,65.05,1415644200.0,0.0,0.9512009149828415,10697.67,0.3859601709372828,0.5700163655238828,,-66.04731962461527,81.07915088051885,,259.85,2803.85,2544.0,56014.4,54897.7,-9390.2,3643.7,13.28,2014,123107.8,121736.6,-19019.300000000003,12055.3,43.94,238182.4,235418.10000000003,-39221.9,21079.8,76.82,491222.80000000005,485979.1,-76686.5,47287.8,172.32,199.39382530120483,2644.0,2665.0,2619.0,2623.0
2014-11-10,2570.0,2585.0,2553.25,2576.2,2575.577100461199,4987,1279,12844403.0,2354.0,47.2,31.75,6.2,1415557800.0,0.0,-2.709643308974863,10656.54,0.0552078462743299,0.5700727525014572,0.02,-65.10170017855756,81.77804428078905,-111.729733520843,259.85,2803.85,2544.0,56014.4,54897.7,-9390.2,3643.7,13.28,2014,123107.8,121736.6,-19019.300000000003,12055.3,43.94,238182.4,235418.10000000003,-39221.9,21079.8,76.82,491222.80000000005,485979.1,-76686.5,47287.8,172.32,193.99096385542168,2582.9,2655.0,2582.9,2647.95
2014-11-07,2555.0,2574.1,2540.0,2567.7,2563.7181577787564,4538,1027,11634153.0,1147.0,25.28,34.1,12.7,1415298600.0,0.0,-0.3299433273814101,10650.66,0.1362332493745288,0.5705925530912295,0.03,-64.98617439732055,81.87840002403608,-111.71826193346755,259.85,2803.85,2544.0,56014.4,54897.7,-9390.2,3643.7,13.28,2014,123107.8,121736.6,-19019.300000000003,12055.3,43.94,238182.4,235418.10000000003,-39221.9,21079.8,76.82,491222.80000000005,485979.1,-76686.5,47287.8,172.32,193.35090361445782,2570.0,2585.0,2553.25,2576.2
2014-11-05,2560.0,2594.8,2521.45,2532.95,2551.039130942647,8561,1665,21839446.0,3237.0,37.81,73.35,-27.05,1415125800.0,0.0,-1.3533512481987753,10636.17,0.1294431965597198,0.5705977779521861,0.03,-64.50581337965613,82.12617887829923,-111.37971062597887,259.85,2803.85,2544.0,56014.4,54897.7,-9390.2,3643.7,13.28,2014,123107.8,121736.6,-19019.300000000003,12055.3,43.94,238182.4,235418.10000000003,-39221.9,21079.8,76.82,491222.80000000005,485979.1,-76686.5,47287.8,172.32,190.73418674698794,2555.0,2574.1,2540.0,2567.7
2014-11-03,2551.15,2584.35,2545.0,2560.05,2566.4020709020715,5698,1352,14623359.0,2915.0,51.16,39.35,8.9,1414953000.0,0.0,1.0698987346769773,10622.42,0.2598422447047666,0.5707233294609789,0.02,-64.88154528231871,82.3619288260114,-111.8960050561389,259.85,2803.85,2544.0,56014.4,54897.7,-9390.2,3643.7,13.28,2014,123107.8,121736.6,-19019.300000000003,12055.3,43.94,238182.4,235418.10000000003,-39221.9,21079.8,76.82,491222.80000000005,485979.1,-76686.5,47287.8,172.32,192.77484939759037,2560.0,2594.8,2521.45,2532.95
2014-10-31,2525.0,2559.0,2522.0,2551.35,2548.17201320132,7575,1416,19302403.0,2956.0,39.02,37.0,26.35,1414693800.0,0.0,-0.33983711255640703,10594.89,1.707689353940678,0.5708066458037088,0.01,-64.7617927763733,82.83578215535981,-112.04929967454291,259.85,2803.85,2544.0,56014.4,54897.7,-9390.2,3643.7,13.28,2014,123107.8,121736.6,-19019.300000000003,12055.3,43.94,238182.4,235418.10000000003,-39221.9,21079.8,76.82,491222.80000000005,485979.1,-76686.5,47287.8,172.32,192.11972891566265,2551.15,2584.35,2545.0,2560.05
2014-10-30,2483.5,2524.55,2482.7,2508.0,2513.2060479214783,27712,1610,69645966.0,23003.0,83.01,41.85,24.5,1414607400.0,0.0,-1.6991004762184736,10417.0,0.8967089676708229,0.570460252575019,0.01,-64.15271132376395,85.95804934242103,-113.19265725997164,259.85,2803.85,2544.0,56014.4,54897.7,-9390.2,3643.7,13.28,2014,123107.8,121736.6,-19019.300000000003,12055.3,43.94,238182.4,235418.10000000003,-39221.9,21079.8,76.82,491222.80000000005,485979.1,-76686.5,47287.8,172.32,188.855421686747,2525.0,2559.0,2522.0,2551.35
2014-10-29,2462.0,2484.8,2455.0,2473.85,2474.66174050314,29773,983,73678104.0,26475.0,88.92,29.8,11.85,1414521000.0,0.0,-1.3616427432216915,10324.42,0.7122929551085733,0.5705691123172192,0.03,-63.65786122844958,87.62555184698027,-113.66717748871807,259.85,2803.85,2544.0,56014.4,54897.7,-9390.2,3643.7,13.28,2014,123107.8,121736.6,-19019.300000000003,12055.3,43.94,238182.4,235418.10000000003,-39221.9,21079.8,76.82,491222.80000000005,485979.1,-76686.5,47287.8,172.32,186.2838855421687,2483.5,2524.55,2482.7,2508.0
2014-10-28,2443.2,2483.6,2436.0,2460.7,2468.4338892595065,7495,1810,18500912.0,3177.0,42.39,47.6,17.5,1414434600.0,0.0,-0.5315601188430996,10251.4,0.3646901602189167,0.5706403911269244,0.02,-63.46364855528914,88.9619954347699,-114.23754361779538,259.85,2803.85,2544.0,56014.4,54897.7,-9390.2,3643.7,13.28,2014,123107.8,121736.6,-19019.300000000003,12055.3,43.94,238182.4,235418.10000000003,-39221.9,21079.8,76.82,491222.80000000005,485979.1,-76686.5,47287.8,172.32,185.29367469879517,2462.0,2484.8,2455.0,2473.85
2014-10-27,2445.5,2460.0,2410.0,2429.9,2440.8494439952083,164477,1525,401463594.0,159350.0,96.88,50.0,-15.6,1414348200.0,0.0,-1.2516763522574803,10214.15,-0.3954284376919914,0.5706452484087065,0.02,-63.0005350014404,89.65112123867381,-114.1681084458343,259.85,2803.85,2544.0,56014.4,54897.7,-9390.2,3643.7,13.28,2014,123107.8,121736.6,-19019.300000000003,12055.3,43.94,238182.4,235418.10000000003,-39221.9,21079.8,76.82,491222.80000000005,485979.1,-76686.5,47287.8,172.32,182.97439759036146,2443.2,2483.6,2436.0,2460.7
2014-10-23,2430.0,2458.0,2425.05,2437.05,2436.250955414013,3140,755,7649828.0,1989.0,63.34,32.95,7.05,1414002600.0,0.0,0.29425079221367945,10254.7,0.4678184962207066,0.5707287751731971,0.01,-63.10908680576928,88.90118677289436,-113.85184495635517,259.85,2803.85,2544.0,56014.4,54897.7,-9390.2,3643.7,13.28,2014,123107.8,121736.6,-19019.300000000003,12055.3,43.94,238182.4,235418.10000000003,-39221.9,21079.8,76.82,491222.80000000005,485979.1,-76686.5,47287.8,172.32,183.5128012048193,2445.5,2460.0,2410.0,2429.9
2014-10-22,2428.0,2430.0,2401.1,2406.3,2417.4790828508817,152865,1656,369547940.0,146701.0,95.97,28.9,-21.7,1413916200.0,0.0,-1.261771403951495,10206.95,0.9214179494075436,0.5707136297719538,0.02,-62.63765947720567,89.7849014641984,-113.88771221796011,259.85,2803.85,2544.0,56014.4,54897.7,-9390.2,3643.7,13.28,2014,123107.8,121736.6,-19019.300000000003,12055.3,43.94,238182.4,235418.10000000003,-39221.9,21079.8,76.82,491222.80000000005,485979.1,-76686.5,47287.8,172.32,181.19728915662654,2430.0,2458.0,2425.05,2437.05
2014-10-21,2457.0,2471.2,2386.05,2398.9,2426.923440056088,21395,3039,51924027.0,7523.0,35.16,85.15,-58.1,1413829800.0,0.0,-0.30752607738021576,10113.76,0.6835173368109793,0.570725155226921,0.02,-62.52240610279711,91.53361361155494,-114.77152743662828,259.85,2803.85,2544.0,56014.4,54897.7,-9390.2,3643.7,13.28,2014,123107.8,121736.6,-19019.300000000003,12055.3,43.94,238182.4,235418.10000000003,-39221.9,21079.8,76.82,491222.80000000005,485979.1,-76686.5,47287.8,172.32,180.64006024096386,2428.0,2430.0,2401.1,2406.3
2014-10-20,2390.0,2456.1,2390.0,2450.55,2421.525896697593,28131,5242,68119945.0,12175.0,43.28,66.1,60.55,1413743400.0,0.0,2.1530701571553568,10045.1,1.2701744410536842,0.5706781844571082,0.02,-63.31231764297811,92.84277906641049,-116.30425267686051,259.85,2803.85,2544.0,56014.4,54897.7,-9390.2,3643.7,13.28,2014,123107.8,121736.6,-19019.300000000003,12055.3,43.94,238182.4,235418.10000000003,-39221.9,21079.8,76.82,491222.80000000005,485979.1,-76686.5,47287.8,172.32,184.52936746987953,2457.0,2471.2,2386.05,2398.9
2014-10-17,2360.0,2360.0,2301.0,2322.75,2323.6915723761217,15378,2757,35733729.0,4848.0,31.53,59.0,-37.25,1413484200.0,0.0,-5.215155781355218,9919.11,0.4247172264092214,0.5708344453937588,0.02,-61.293725110321816,95.29221875752964,-115.69838926620912,259.85,2803.85,2544.0,56014.4,54897.7,-9390.2,3643.7,13.28,2014,123107.8,121736.6,-19019.300000000003,12055.3,43.94,238182.4,235418.10000000003,-39221.9,21079.8,76.82,491222.80000000005,485979.1,-76686.5,47287.8,172.32,174.90587349397592,2390.0,2456.1,2390.0,2450.55
2014-10-16,2502.0,2502.0,2299.55,2309.75,2365.2586459702693,39556,6270,93560171.0,21875.0,55.3,202.45,-192.25,1413397800.0,0.0,-0.5596814121192506,9877.16,-1.7928944427431093,0.5727840798100018,0.03,-61.07587401233901,96.12165845242966,-116.14564617643092,259.85,2803.85,2544.0,56014.4,54897.7,-9390.2,3643.7,13.28,2014,123107.8,121736.6,-19019.300000000003,12055.3,43.94,238182.4,235418.10000000003,-39221.9,21079.8,76.82,491222.80000000005,485979.1,-76686.5,47287.8,172.32,173.9269578313253,2360.0,2360.0,2301.0,2322.75
2014-10-14,2485.0,2495.9,2457.15,2466.75,2474.997950399672,4879,1198,12075515.0,1532.0,31.4,38.75,-18.25,1413225000.0,0.0,6.7972724320813915,10057.48,-0.1881616920261564,0.5723721485499543,0.02,-63.553258335867035,92.6054041370204,-116.56656502613924,259.85,2803.85,2544.0,56014.4,54897.7,-9390.2,3643.7,13.28,2014,123107.8,121736.6,-19019.300000000003,12055.3,43.94,238182.4,235418.10000000003,-39221.9,21079.8,76.82,491222.80000000005,485979.1,-76686.5,47287.8,172.32,185.7492469879518,2502.0,2502.0,2299.55,2309.75
2014-10-13,2500.0,2500.0,2441.05,2481.05,2471.5297336738413,8223,1535,20323389.0,2642.0,32.13,58.95,-18.95,1413138600.0,0.0,0.5797101449275477,10076.44,0.3636479537207915,0.5758143727055056,,-63.76332601116464,92.24299454966236,,259.85,2803.85,2544.0,56014.4,54897.7,-9390.2,3643.7,13.28,2014,123107.8,121736.6,-19019.300000000003,12055.3,43.94,238182.4,235418.10000000003,-39221.9,21079.8,76.82,491222.80000000005,485979.1,-76686.5,47287.8,172.32,186.8260542168675,2485.0,2495.9,2457.15,2466.75
2014-10-10,2599.45,2599.45,2476.5,2482.35,2496.6260222500555,13573,2259,33886705.0,5481.0,40.38,122.95,-117.1,1412879400.0,0.0,0.05239717055278703,10039.93,-1.3079733686949369,0.5758291901771694,0.01,-63.78230305960078,92.9420822655138,-117.30530873202967,259.85,2803.85,2544.0,56014.4,54897.7,-9390.2,3643.7,13.28,2014,123107.8,121736.6,-19019.300000000003,12055.3,43.94,238182.4,235418.10000000003,-39221.9,21079.8,76.82,491222.80000000005,485979.1,-76686.5,47287.8,172.32,186.92394578313252,2500.0,2500.0,2441.05,2481.05
2014-10-09,2562.0,2594.95,2553.5,2571.95,2572.85416138036,15764,1194,40558473.0,12224.0,77.54,41.45,9.95,1412793000.0,0.0,3.609482949624354,10172.99,1.5150940609669927,0.5755939135374223,0.01,-65.04403273780595,90.41845121247538,-117.09258698805175,259.85,2803.85,2544.0,56014.4,54897.7,-9390.2,3643.7,13.28,2014,123107.8,121736.6,-19019.300000000003,12055.3,43.94,238182.4,235418.10000000003,-39221.9,21079.8,76.82,491222.80000000005,485979.1,-76686.5,47287.8,172.32,193.67093373493975,2599.45,2599.45,2476.5,2482.35
2014-10-08,2564.7,2596.0,2526.0,2550.55,2558.690085357847,4569,1201,11690655.0,1094.0,23.94,70.0,-14.15,1412706600.0,0.0,-0.8320535002624307,10021.16,-0.1220920903262201,0.5763035194688396,0.01,-64.75074003646273,93.30346985778093,-118.52609505896197,259.85,2803.85,2544.0,56014.4,54897.7,-9390.2,3643.7,13.28,2014,123107.8,121736.6,-19019.300000000003,12055.3,43.94,238182.4,235418.10000000003,-39221.9,21079.8,76.82,491222.80000000005,485979.1,-76686.5,47287.8,172.32,192.05948795180726,2562.0,2594.95,2553.5,2571.95
2014-10-07,2648.5,2648.5,2549.0,2558.9,2575.083797558374,8437,2604,21725982.0,2964.0,35.13,99.5,-89.6,1412620200.0,0.0,0.3273803689400223,10033.41,-1.1113553192978245,0.5763471411659026,0.02,-64.8657626323811,93.06746161075846,-118.51340112448582,259.85,2803.85,2544.0,56014.4,54897.7,-9390.2,3643.7,13.28,2014,123107.8,121736.6,-19019.300000000003,12055.3,43.94,238182.4,235418.10000000003,-39221.9,21079.8,76.82,491222.80000000005,485979.1,-76686.5,47287.8,172.32,192.68825301204822,2564.7,2596.0,2526.0,2550.55
2014-10-01,2640.0,2665.0,2631.0,2650.05,2648.949906828894,9123,1730,24166370.0,3616.0,39.64,34.0,10.05,1412101800.0,0.0,3.5620774551565093,10146.17,-0.2662863231648438,0.5761845312557766,0.02,-66.07422501462237,90.92179610631402,-118.4704337944471,259.85,2803.85,2544.0,56014.4,54897.7,-9390.2,3643.7,13.28,2014,123107.8,121736.6,-19019.300000000003,12055.3,43.94,238182.4,235418.10000000003,-39221.9,21079.8,76.82,491222.80000000005,485979.1,-76686.5,47287.8,172.32,199.55195783132532,2648.5,2648.5,2549.0,2558.9
2014-09-30,2630.0,2651.3,2603.0,2625.2,2626.541075203866,6622,1187,17392955.0,1112.0,16.79,48.3,-4.8,1412015400.0,9.0,-0.9377181562612136,10173.26,0.1061749751782858,0.5771401272703824,0.02,-65.75308547920157,90.41339747534222,-117.94274240252285,259.85,2803.85,2544.0,54293.4,53818.0,-9697.2,4100.5,14.95,2014,118147.4,116252.2,-19033.9,9791.099999999999,35.69,235938.7,232843.09999999998,-38824.2,19637.899999999998,71.57,483515.2,477844.5,-77297.80000000002,45297.3,165.07,175.59866220735785,2640.0,2665.0,2631.0,2650.05
2014-09-29,2668.0,2668.0,2617.2,2646.85,2638.9873665480427,5620,882,14831109.0,2006.0,35.69,50.8,-21.15,1411929000.0,9.0,0.8246990705470081,10162.47,0.1760540819213174,0.5772000868016086,0.02,-66.03320928651037,90.6155688528478,-118.34497949221523,259.85,2803.85,2544.0,54293.4,53818.0,-9697.2,4100.5,14.95,2014,118147.4,116252.2,-19033.9,9791.099999999999,35.69,235938.7,232843.09999999998,-38824.2,19637.899999999998,71.57,483515.2,477844.5,-77297.80000000002,45297.3,165.07,177.04682274247492,2630.0,2651.3,2603.0,2625.2
2014-09-26,2598.6,2660.0,2565.0,2646.05,2601.0427956092813,7197,1436,18719705.0,2092.0,29.07,95.0,47.45,1411669800.0,9.0,-0.030224606607842652,10144.61,0.8120927487034191,0.5772536085908058,0.01,-66.02293985374426,90.95115534259077,-118.52904994467181,259.85,2803.85,2544.0,54293.4,53818.0,-9697.2,4100.5,14.95,2014,118147.4,116252.2,-19033.9,9791.099999999999,35.69,235938.7,232843.09999999998,-38824.2,19637.899999999998,71.57,483515.2,477844.5,-77297.80000000002,45297.3,165.07,176.99331103678932,2668.0,2668.0,2617.2,2646.85
2014-09-25,2635.0,2635.0,2561.0,2580.25,2592.6889293139297,7696,1507,19953334.0,2058.0,26.74,74.0,-54.75,1411583400.0,9.0,-2.4867254964947794,10062.89,-1.4442208151532632,0.5771769953459492,0.01,-65.15647708555372,92.50185582869337,-118.55064852672967,259.85,2803.85,2544.0,54293.4,53818.0,-9697.2,4100.5,14.95,2014,118147.4,116252.2,-19033.9,9791.099999999999,35.69,235938.7,232843.09999999998,-38824.2,19637.899999999998,71.57,483515.2,477844.5,-77297.80000000002,45297.3,165.07,172.59197324414717,2598.6,2660.0,2565.0,2646.05
2014-09-24,2610.0,2654.0,2595.0,2624.7,2635.396575788592,10747,1994,28322607.0,3200.0,29.78,59.0,14.7,1411497000.0,9.0,1.7227012886348092,10210.35,-0.4071364960705592,0.577338737295192,0.02,-65.74656151179182,89.72170395725905,-117.5548300077029,259.85,2803.85,2544.0,54293.4,53818.0,-9697.2,4100.5,14.95,2014,118147.4,116252.2,-19033.9,9791.099999999999,35.69,235938.7,232843.09999999998,-38824.2,19637.899999999998,71.57,483515.2,477844.5,-77297.80000000002,45297.3,165.07,175.56521739130434,2635.0,2635.0,2561.0,2580.25
2014-09-23,2614.2,2668.0,2592.6,2600.9,2629.4715666441894,8898,1848,23397038.0,2497.0,28.06,75.4,-13.3,1411410600.0,9.0,-0.9067702975578018,10252.09,-1.663514146056988,0.5775446684427377,0.01,-65.433119304856,88.9492776594821,-116.80952493223819,259.85,2803.85,2544.0,54293.4,53818.0,-9697.2,4100.5,14.95,2014,118147.4,116252.2,-19033.9,9791.099999999999,35.69,235938.7,232843.09999999998,-38824.2,19637.899999999998,71.57,483515.2,477844.5,-77297.80000000002,45297.3,165.07,173.9732441471572,2610.0,2654.0,2595.0,2624.7
2014-09-22,2647.0,2647.0,2596.0,2614.45,2615.466829342687,6557,1159,17149616.0,2310.0,35.23,51.0,-32.55,1411324200.0,9.0,0.5209735091698864,10425.52,0.2181137248229658,0.5772223760341898,0.01,-65.61227026716901,85.80607969674415,-115.14568724414238,259.85,2803.85,2544.0,54293.4,53818.0,-9697.2,4100.5,14.95,2014,118147.4,116252.2,-19033.9,9791.099999999999,35.69,235938.7,232843.09999999998,-38824.2,19637.899999999998,71.57,483515.2,477844.5,-77297.80000000002,45297.3,165.07,174.87959866220734,2614.2,2668.0,2592.6,2600.9
2014-09-19,2640.0,2664.0,2630.0,2646.95,2651.294683776352,4364,1037,11570250.0,1452.0,33.27,34.0,6.95,1411065000.0,9.0,1.2430912811489891,10402.83,-0.0623479727782427,0.577241931320103,0.02,-66.03449252913731,86.21134825811822,-115.80775286073708,259.85,2803.85,2544.0,54293.4,53818.0,-9697.2,4100.5,14.95,2014,118147.4,116252.2,-19033.9,9791.099999999999,35.69,235938.7,232843.09999999998,-38824.2,19637.899999999998,71.57,483515.2,477844.5,-77297.80000000002,45297.3,165.07,177.05351170568562,2647.0,2647.0,2596.0,2614.45
2014-09-18,2601.0,2659.7,2575.0,2638.15,2632.1792942862257,5583,1382,14695457.0,1659.0,29.72,84.7,37.15,1410978600.0,9.0,-0.3324581121668224,10409.32,1.8323188567425983,0.5773636064020901,0.02,-65.92119477664274,86.09524925739626,-115.63791110985187,259.85,2803.85,2544.0,54293.4,53818.0,-9697.2,4100.5,14.95,2014,118147.4,116252.2,-19033.9,9791.099999999999,35.69,235938.7,232843.09999999998,-38824.2,19637.899999999998,71.57,483515.2,477844.5,-77297.80000000002,45297.3,165.07,176.46488294314383,2640.0,2664.0,2630.0,2646.95
2014-09-17,2551.2,2604.1,2535.05,2597.6,2583.978368749205,7859,1491,20307486.0,3151.0,40.09,69.05,46.4,1410892200.0,9.0,-1.5370619562951382,10222.02,0.43437635404866,0.5769550746428579,0.02,-65.38920542038805,89.50510760104167,-117.03809235577123,259.85,2803.85,2544.0,54293.4,53818.0,-9697.2,4100.5,14.95,2014,118147.4,116252.2,-19033.9,9791.099999999999,35.69,235938.7,232843.09999999998,-38824.2,19637.899999999998,71.57,483515.2,477844.5,-77297.80000000002,45297.3,165.07,173.752508361204,2601.0,2659.7,2575.0,2638.15
2014-09-16,2595.0,2619.9,2522.5,2549.2,2570.486438458661,10692,1899,27483641.0,3242.0,30.32,97.4,-45.8,1410805800.0,9.0,-1.8632583923621882,10177.81,-1.931630289412134,0.5771035678573909,0.02,-64.73207280715518,90.32827297817508,-116.86929934989922,259.85,2803.85,2544.0,54293.4,53818.0,-9697.2,4100.5,14.95,2014,118147.4,116252.2,-19033.9,9791.099999999999,35.69,235938.7,232843.09999999998,-38824.2,19637.899999999998,71.57,483515.2,477844.5,-77297.80000000002,45297.3,165.07,170.51505016722408,2551.2,2604.1,2535.05,2597.6
2014-09-15,2640.25,2642.0,2575.05,2585.2,2601.045055285729,9677,2911,25170313.0,4352.0,44.97,66.95,-55.05,1410719400.0,9.0,1.412207751451433,10378.28,-0.5070380407950381,0.5768460471497976,0.02,-65.22319356336067,86.65183440801366,-115.21642479895917,259.85,2803.85,2544.0,54293.4,53818.0,-9697.2,4100.5,14.95,2014,118147.4,116252.2,-19033.9,9791.099999999999,35.69,235938.7,232843.09999999998,-38824.2,19637.899999999998,71.57,483515.2,477844.5,-77297.80000000002,45297.3,165.07,172.9230769230769,2595.0,2619.9,2522.5,2549.2
2014-09-12,2706.0,2706.0,2609.0,2640.25,2644.8528948749345,11434,3229,30241248.0,5094.0,44.55,97.0,-65.75,1410460200.0,9.0,2.129429057713139,10431.17,0.2385082185396347,0.5769639968461073,0.02,-65.94830035034562,85.70543860372327,-115.40571347866154,259.85,2803.85,2544.0,54293.4,53818.0,-9697.2,4100.5,14.95,2014,118147.4,116252.2,-19033.9,9791.099999999999,35.69,235938.7,232843.09999999998,-38824.2,19637.899999999998,71.57,483515.2,477844.5,-77297.80000000002,45297.3,165.07,176.60535117056858,2640.25,2642.0,2575.05,2585.2
2014-09-11,2700.0,2710.65,2654.4,2686.65,2682.744539158231,3754,974,10071023.0,785.0,20.91,56.25,-13.35,1410373800.0,9.0,1.7574093362370924,10406.35,0.1857118376133559,0.5773118589952496,0.02,-66.53639290566319,86.14836133706822,-116.27931730138064,259.85,2803.85,2544.0,54293.4,53818.0,-9697.2,4100.5,14.95,2014,118147.4,116252.2,-19033.9,9791.099999999999,35.69,235938.7,232843.09999999998,-38824.2,19637.899999999998,71.57,483515.2,477844.5,-77297.80000000002,45297.3,165.07,179.70903010033447,2706.0,2706.0,2609.0,2640.25
2014-09-10,2697.5,2714.5,2671.6,2680.4,2688.33050586058,6484,1402,17431135.0,2398.0,36.98,42.9,-17.1,1410287400.0,9.0,-0.232631716077647,10387.06,-0.5661388830388248,0.5775518936967674,0.02,-66.45836442322042,86.49406087959444,-116.42162203987974,259.85,2803.85,2544.0,54293.4,53818.0,-9697.2,4100.5,14.95,2014,118147.4,116252.2,-19033.9,9791.099999999999,35.69,235938.7,232843.09999999998,-38824.2,19637.899999999998,71.57,483515.2,477844.5,-77297.80000000002,45297.3,165.07,179.29096989966555,2700.0,2710.65,2654.4,2686.65
2014-09-09,2725.0,2765.0,2688.65,2697.15,2726.117953919721,13802,2298,37625880.0,2983.0,21.61,76.35,-27.85,1410201000.0,9.0,0.6249067303387479,10446.2,0.0412760525154043,0.577506022548684,0.02,-66.66666666666667,85.43824548639695,-116.01621787060286,259.85,2803.85,2544.0,54293.4,53818.0,-9697.2,4100.5,14.95,2014,118147.4,116252.2,-19033.9,9791.099999999999,35.69,235938.7,232843.09999999998,-38824.2,19637.899999999998,71.57,483515.2,477844.5,-77297.80000000002,45297.3,165.07,180.4113712374582,2697.5,2714.5,2671.6,2680.4
2014-09-08,2675.0,2724.0,2675.0,2714.35,2712.321209201493,8303,1440,22520403.0,3124.0,37.62,49.0,39.35,1410114600.0,9.0,0.6377101755556724,10441.89,1.1674784113380188,0.5775392707645305,0.02,-66.8778897341905,85.51478707398756,-116.2744867150701,259.85,2803.85,2544.0,54293.4,53818.0,-9697.2,4100.5,14.95,2014,118147.4,116252.2,-19033.9,9791.099999999999,35.69,235938.7,232843.09999999998,-38824.2,19637.899999999998,71.57,483515.2,477844.5,-77297.80000000002,45297.3,165.07,181.561872909699,2725.0,2765.0,2688.65,2697.15
2014-09-05,2715.0,2722.8,2670.0,2673.2,2687.5894546186355,4969,1267,13354632.0,1274.0,25.64,52.8,-41.8,1409855400.0,9.0,-1.5160167259196555,10321.39,0.008817419344842,0.5774099519218593,0.03,-66.36802334281012,87.68063216291605,-117.00837064592005,259.85,2803.85,2544.0,54293.4,53818.0,-9697.2,4100.5,14.95,2014,118147.4,116252.2,-19033.9,9791.099999999999,35.69,235938.7,232843.09999999998,-38824.2,19637.899999999998,71.57,483515.2,477844.5,-77297.80000000002,45297.3,165.07,178.80936454849498,2675.0,2724.0,2675.0,2714.35
2014-09-04,2710.25,2729.85,2650.0,2715.55,2699.2404923076933,8125,1999,21931329.0,2595.0,31.94,79.85,5.3,1409769000.0,9.0,1.5842436031722418,10320.48,-0.2263171785469531,0.5775734428554703,0.03,-66.8925263758723,87.6971807512829,-117.55676178782358,259.85,2803.85,2544.0,54293.4,53818.0,-9697.2,4100.5,14.95,2014,118147.4,116252.2,-19033.9,9791.099999999999,35.69,235938.7,232843.09999999998,-38824.2,19637.899999999998,71.57,483515.2,477844.5,-77297.80000000002,45297.3,165.07,181.64214046822744,2715.0,2722.8,2670.0,2673.2
2014-09-03,2730.0,2742.1,2700.75,2710.25,2726.2802832076345,6497,1328,17712643.0,1234.0,18.99,41.35,-19.75,1409682600.0,9.0,-0.1951722487157359,10343.89,0.5104281649849884,0.5777623893211505,0.03,-66.82778341481414,87.27238978759442,-117.26315498858183,259.85,2803.85,2544.0,54293.4,53818.0,-9697.2,4100.5,14.95,2014,118147.4,116252.2,-19033.9,9791.099999999999,35.69,235938.7,232843.09999999998,-38824.2,19637.899999999998,71.57,483515.2,477844.5,-77297.80000000002,45297.3,165.07,181.2876254180602,2710.25,2729.85,2650.0,2715.55
2014-09-02,2637.05,2739.0,2633.6,2719.5,2710.0999882366777,17002,2613,46077120.0,5321.0,31.3,105.4,82.45,1409596200.0,9.0,0.34129692832765013,10291.36,0.6960711217566917,0.5777359643500347,0.03,-66.94061408347123,88.22828081031078,-117.92593290143128,259.85,2803.85,2544.0,54293.4,53818.0,-9697.2,4100.5,14.95,2014,118147.4,116252.2,-19033.9,9791.099999999999,35.69,235938.7,232843.09999999998,-38824.2,19637.899999999998,71.57,483515.2,477844.5,-77297.80000000002,45297.3,165.07,181.90635451505017,2730.0,2742.1,2700.75,2710.25
2014-09-01,2563.05,2655.0,2560.0,2646.3,2615.220640968176,8924,1974,23338229.0,3501.0,39.23,95.0,83.25,1409509800.0,9.0,-2.6916712630998263,10220.22,1.2295861364014504,0.5776916921172858,,-66.02614971847485,89.53848351601043,,259.85,2803.85,2544.0,54293.4,53818.0,-9697.2,4100.5,14.95,2014,118147.4,116252.2,-19033.9,9791.099999999999,35.69,235938.7,232843.09999999998,-38824.2,19637.899999999998,71.57,483515.2,477844.5,-77297.80000000002,45297.3,165.07,177.0100334448161,2637.05,2739.0,2633.6,2719.5
2014-08-28,2594.3,2600.0,2540.0,2546.9,2569.8055077452677,8134,1458,20902798.0,3442.0,42.32,60.0,-47.4,1409164200.0,9.0,-3.7561878849714736,10096.08,0.0955738595579847,0.5780378329264697,0.03,-64.70022380148416,91.86902243246884,-117.81665330643389,259.85,2803.85,2544.0,54293.4,53818.0,-9697.2,4100.5,14.95,2014,118147.4,116252.2,-19033.9,9791.099999999999,35.69,235938.7,232843.09999999998,-38824.2,19637.899999999998,71.57,483515.2,477844.5,-77297.80000000002,45297.3,165.07,170.36120401337794,2563.05,2655.0,2560.0,2646.3
2014-08-27,2600.0,2620.0,2580.0,2591.95,2597.008036823263,13687,3723,35545249.0,6021.0,43.99,40.0,-8.05,1409077800.0,9.0,1.7688169932074116,10086.44,0.419441454913283,0.5790806854540851,0.04,-65.3137599104921,92.05239906250372,-118.63636302988157,259.85,2803.85,2544.0,54293.4,53818.0,-9697.2,4100.5,14.95,2014,118147.4,116252.2,-19033.9,9791.099999999999,35.69,235938.7,232843.09999999998,-38824.2,19637.899999999998,71.57,483515.2,477844.5,-77297.80000000002,45297.3,165.07,173.37458193979933,2594.3,2600.0,2540.0,2546.9
2014-08-26,2625.0,2627.1,2579.0,2606.85,2608.186102428468,8318,1291,21694892.0,2429.0,29.2,48.1,-18.15,1408991400.0,9.0,0.5748567680703642,10044.31,-0.0742157848816815,0.579309173599133,0.03,-65.5120164182826,92.85794643932736,-119.31809735695393,259.85,2803.85,2544.0,54293.4,53818.0,-9697.2,4100.5,14.95,2014,118147.4,116252.2,-19033.9,9791.099999999999,35.69,235938.7,232843.09999999998,-38824.2,19637.899999999998,71.57,483515.2,477844.5,-77297.80000000002,45297.3,165.07,174.37123745819397,2600.0,2620.0,2580.0,2591.95
2014-08-25,2645.0,2665.0,2606.35,2628.8,2632.0988743182083,8617,1731,22680796.0,1793.0,20.81,58.65,-16.2,1408905000.0,9.0,0.8420123904329113,10051.77,-0.2957866765063821,0.5793358453776443,0.04,-65.79998478393183,92.71481540067072,-119.52982730929652,259.85,2803.85,2544.0,54293.4,53818.0,-9697.2,4100.5,14.95,2014,118147.4,116252.2,-19033.9,9791.099999999999,35.69,235938.7,232843.09999999998,-38824.2,19637.899999999998,71.57,483515.2,477844.5,-77297.80000000002,45297.3,165.07,175.83946488294316,2625.0,2627.1,2579.0,2606.85
2014-08-22,2657.9,2671.8,2643.4,2651.2,2657.470869819031,8565,1381,22761238.0,2589.0,30.23,28.4,-6.7,1408645800.0,9.0,0.8520998174071703,10081.59,0.2167043248417544,0.5793795473010763,0.03,-66.08894085697044,92.14479065306168,-119.48836656527473,259.85,2803.85,2544.0,54293.4,53818.0,-9697.2,4100.5,14.95,2014,118147.4,116252.2,-19033.9,9791.099999999999,35.69,235938.7,232843.09999999998,-38824.2,19637.899999999998,71.57,483515.2,477844.5,-77297.80000000002,45297.3,165.07,177.33779264214047,2645.0,2665.0,2606.35,2628.8
2014-08-21,2691.0,2693.1,2628.45,2643.3,2658.458065607034,11828,2235,31444242.0,3442.0,29.1,64.65,-47.7,1408559400.0,9.0,-0.297978273989119,10059.79,0.2579253750532029,0.579435827743529,0.02,-65.98759126849015,92.561176724365,-119.62926460413279,259.85,2803.85,2544.0,54293.4,53818.0,-9697.2,4100.5,14.95,2014,118147.4,116252.2,-19033.9,9791.099999999999,35.69,235938.7,232843.09999999998,-38824.2,19637.899999999998,71.57,483515.2,477844.5,-77297.80000000002,45297.3,165.07,176.809364548495,2657.9,2671.8,2643.4,2651.2
2014-08-20,2717.0,2748.0,2675.0,2696.25,2692.133677074381,10473,1960,28194716.0,3852.0,36.78,73.0,-20.75,1408473000.0,9.0,2.003177845874471,10033.91,-0.0836460933789084,0.5794348753633097,0.04,-66.65554010199351,93.0578408616382,-120.59332112822102,259.85,2803.85,2544.0,54293.4,53818.0,-9697.2,4100.5,14.95,2014,118147.4,116252.2,-19033.9,9791.099999999999,35.69,235938.7,232843.09999999998,-38824.2,19637.899999999998,71.57,483515.2,477844.5,-77297.80000000002,45297.3,165.07,180.35117056856188,2691.0,2693.1,2628.45,2643.3
2014-08-19,2650.0,2730.0,2650.0,2716.55,2696.4437789580743,8849,1598,23860831.0,3489.0,39.43,80.0,66.55,1408386600.0,9.0,0.7528975428836349,10042.31,0.5615732864153955,0.5797490778545994,0.03,-66.90471369936132,92.89635551979576,-120.7738976756803,259.85,2803.85,2544.0,54293.4,53818.0,-9697.2,4100.5,14.95,2014,118147.4,116252.2,-19033.9,9791.099999999999,35.69,235938.7,232843.09999999998,-38824.2,19637.899999999998,71.57,483515.2,477844.5,-77297.80000000002,45297.3,165.07,181.70903010033447,2717.0,2748.0,2675.0,2696.25
2014-08-18,2632.0,2674.0,2632.0,2662.25,2662.4781749441486,11638,2872,30985921.0,5252.0,45.13,42.0,30.25,1408300200.0,9.0,-1.9988588466989476,9986.23,1.3076563329015078,0.5797617656810273,0.03,-66.22969292891352,93.9796099228638,-120.7280846628368,259.85,2803.85,2544.0,54293.4,53818.0,-9697.2,4100.5,14.95,2014,118147.4,116252.2,-19033.9,9791.099999999999,35.69,235938.7,232843.09999999998,-38824.2,19637.899999999998,71.57,483515.2,477844.5,-77297.80000000002,45297.3,165.07,178.0769230769231,2650.0,2730.0,2650.0,2716.55
2014-08-14,2595.55,2640.0,2591.25,2635.3,2620.330342384888,8470,1694,22194198.0,2788.0,32.92,48.75,39.75,1407954600.0,9.0,-1.0123016245656813,9857.33,0.8410126934502937,0.5798433316046727,0.04,-65.88433954388495,96.51619657655776,-121.86541878738352,259.85,2803.85,2544.0,54293.4,53818.0,-9697.2,4100.5,14.95,2014,118147.4,116252.2,-19033.9,9791.099999999999,35.69,235938.7,232843.09999999998,-38824.2,19637.899999999998,71.57,483515.2,477844.5,-77297.80000000002,45297.3,165.07,176.27424749163882,2632.0,2674.0,2632.0,2662.25
2014-08-13,2590.0,2639.6,2576.5,2595.6,2609.199124222172,13017,1872,33963945.0,1690.0,12.98,63.1,5.6,1407868200.0,9.0,-1.5064698516298103,9775.12,-0.3975896003113766,0.5798316186292721,0.04,-65.36253660040067,98.16892273445237,-122.30078870386497,259.85,2803.85,2544.0,54293.4,53818.0,-9697.2,4100.5,14.95,2014,118147.4,116252.2,-19033.9,9791.099999999999,35.69,235938.7,232843.09999999998,-38824.2,19637.899999999998,71.57,483515.2,477844.5,-77297.80000000002,45297.3,165.07,173.61872909698997,2595.55,2640.0,2591.25,2635.3
2014-08-12,2550.0,2620.0,2540.0,2612.15,2588.313097467232,10147,2979,26263613.0,3024.0,29.8,80.0,62.15,1407781800.0,9.0,0.6376175065495593,9814.14,1.1182192566979277,0.5799696613273588,0.03,-65.58199184579753,97.38102370661107,-122.07263209479244,259.85,2803.85,2544.0,54293.4,53818.0,-9697.2,4100.5,14.95,2014,118147.4,116252.2,-19033.9,9791.099999999999,35.69,235938.7,232843.09999999998,-38824.2,19637.899999999998,71.57,483515.2,477844.5,-77297.80000000002,45297.3,165.07,174.7257525083612,2590.0,2639.6,2576.5,2595.6
2014-08-11,2485.0,2548.1,2485.0,2532.75,2529.796422764228,6150,1173,15558248.0,1818.0,29.56,63.1,47.75,1407695400.0,9.0,-3.039641674482707,9705.61,0.7025389348302102,0.5798528489196124,0.04,-64.5030105616425,99.58817632276588,-122.2663042071502,259.85,2803.85,2544.0,54293.4,53818.0,-9697.2,4100.5,14.95,2014,118147.4,116252.2,-19033.9,9791.099999999999,35.69,235938.7,232843.09999999998,-38824.2,19637.899999999998,71.57,483515.2,477844.5,-77297.80000000002,45297.3,165.07,169.41471571906357,2550.0,2620.0,2540.0,2612.15
2014-08-08,2545.0,2545.0,2438.6,2472.65,2471.7012895426155,9926,2065,24534107.0,2776.0,27.97,106.4,-72.35,1407436200.0,9.0,-2.372914815911553,9637.9,-1.346544585416798,0.5804800188324781,0.03,-63.64022405111924,100.99036097075088,-122.2756962887545,259.85,2803.85,2544.0,54293.4,53818.0,-9697.2,4100.5,14.95,2014,118147.4,116252.2,-19033.9,9791.099999999999,35.69,235938.7,232843.09999999998,-38824.2,19637.899999999998,71.57,483515.2,477844.5,-77297.80000000002,45297.3,165.07,165.39464882943145,2485.0,2548.1,2485.0,2532.75
2014-08-07,2543.85,2587.35,2532.0,2545.75,2562.0545731980965,11141,2197,28543850.0,2788.0,25.02,55.35,1.9,1407349800.0,9.0,2.9563423856995508,9769.45,-0.2950493756097905,0.5806426752791055,0.03,-64.6842777177649,98.28393614788958,-121.76470605937791,259.85,2803.85,2544.0,54293.4,53818.0,-9697.2,4100.5,14.95,2014,118147.4,116252.2,-19033.9,9791.099999999999,35.69,235938.7,232843.09999999998,-38824.2,19637.899999999998,71.57,483515.2,477844.5,-77297.80000000002,45297.3,165.07,170.28428093645485,2545.0,2545.0,2438.6,2472.65
2014-08-06,2595.0,2598.45,2533.0,2543.85,2565.348384304674,6932,1721,17782995.0,1734.0,25.01,65.45,-51.15,1407263400.0,9.0,-0.07463419424531548,9798.36,-0.8079431716603303,0.5813107026711218,0.03,-64.65790042651886,97.69890063235071,-121.46387768222664,259.85,2803.85,2544.0,54293.4,53818.0,-9697.2,4100.5,14.95,2014,118147.4,116252.2,-19033.9,9791.099999999999,35.69,235938.7,232843.09999999998,-38824.2,19637.899999999998,71.57,483515.2,477844.5,-77297.80000000002,45297.3,165.07,170.1571906354515,2543.85,2587.35,2532.0,2545.75
2014-08-05,2472.0,2611.4,2470.05,2596.0,2548.828811082164,15737,3403,40110919.0,3896.0,24.76,141.35,124.0,1407177000.0,9.0,2.050042258780982,9878.17,0.7742076333261183,0.5812158277025894,0.03,-65.36787365177196,96.10160586424408,-121.23621157287552,259.85,2803.85,2544.0,54293.4,53818.0,-9697.2,4100.5,14.95,2014,118147.4,116252.2,-19033.9,9791.099999999999,35.69,235938.7,232843.09999999998,-38824.2,19637.899999999998,71.57,483515.2,477844.5,-77297.80000000002,45297.3,165.07,173.6454849498328,2595.0,2598.45,2533.0,2543.85
2014-08-04,2500.0,2510.0,2460.85,2468.1,2478.8312133072404,8176,1389,20266924.0,2900.0,35.47,49.15,-31.9,1407090600.0,9.0,-4.92681047765794,9802.28,1.0198571210678464,0.5814785176468291,0.04,-63.573193954864074,97.61983946592017,-120.35377435972288,259.85,2803.85,2544.0,54293.4,53818.0,-9697.2,4100.5,14.95,2014,118147.4,116252.2,-19033.9,9791.099999999999,35.69,235938.7,232843.09999999998,-38824.2,19637.899999999998,71.57,483515.2,477844.5,-77297.80000000002,45297.3,165.07,165.09030100334448,2472.0,2611.4,2470.05,2596.0
2014-08-01,2421.0,2509.35,2375.55,2471.0,2506.499021342525,436312,4652,1093615601.0,419232.0,96.09,133.8,50.0,1406831400.0,9.0,0.11749929095254963,9703.32,-1.3038688868749593,0.5831841085582828,0.03,-63.61594496155403,99.6352794713562,-121.73416107775552,259.85,2803.85,2544.0,54293.4,53818.0,-9697.2,4100.5,14.95,2014,118147.4,116252.2,-19033.9,9791.099999999999,35.69,235938.7,232843.09999999998,-38824.2,19637.899999999998,71.57,483515.2,477844.5,-77297.80000000002,45297.3,165.07,165.28428093645485,2500.0,2510.0,2460.85,2468.1
2014-07-31,2469.0,2493.0,2413.25,2421.85,2452.216599190283,12844,2136,31496270.0,4083.0,31.79,79.75,-47.15,1406745000.0,9.0,-1.9890732496964825,9831.51,-0.5394124127577227,0.5829471443623083,0.03,-62.877552284410676,97.03229717510332,-119.45476441922116,259.85,2803.85,2544.0,54293.4,53818.0,-9697.2,4100.5,14.95,2014,118147.4,116252.2,-19033.9,9791.099999999999,35.69,235938.7,232843.09999999998,-38824.2,19637.899999999998,71.57,483515.2,477844.5,-77297.80000000002,45297.3,165.07,161.99665551839465,2421.0,2509.35,2375.55,2471.0
2014-07-30,2418.0,2475.8,2375.05,2463.9,2423.831724535369,6941,1776,16823816.0,1170.0,16.86,100.75,45.9,1406658600.0,9.0,1.7362759873650324,9884.83,0.5028788952525343,0.5831956853037651,0.04,-63.511100288161046,95.96948050699912,-119.49675941327456,259.85,2803.85,2544.0,54293.4,53818.0,-9697.2,4100.5,14.95,2014,118147.4,116252.2,-19033.9,9791.099999999999,35.69,235938.7,232843.09999999998,-38824.2,19637.899999999998,71.57,483515.2,477844.5,-77297.80000000002,45297.3,165.07,164.80936454849498,2469.0,2493.0,2413.25,2421.85
2014-07-28,2475.0,2485.0,2394.7,2406.45,2419.8439287641663,9265,1730,22419854.0,4244.0,45.81,90.3,-68.55,1406485800.0,9.0,-2.331669304760753,9835.37,-0.4644144572655606,0.583409277220972,0.04,-62.63998836460346,96.95496966560484,-119.22108076910641,259.85,2803.85,2544.0,54293.4,53818.0,-9697.2,4100.5,14.95,2014,118147.4,116252.2,-19033.9,9791.099999999999,35.69,235938.7,232843.09999999998,-38824.2,19637.899999999998,71.57,483515.2,477844.5,-77297.80000000002,45297.3,165.07,160.9665551839465,2418.0,2475.8,2375.05,2463.9
2014-07-25,2484.0,2493.95,2452.85,2476.05,2475.0946589106293,7564,1488,18721616.0,3096.0,40.93,41.1,-7.95,1406226600.0,9.0,2.892227139562431,9881.26,-0.7905622489959852,0.5837812697532858,0.03,-63.69015165283416,96.04028231217475,-119.76915617040697,259.85,2803.85,2544.0,54293.4,53818.0,-9697.2,4100.5,14.95,2014,118147.4,116252.2,-19033.9,9791.099999999999,35.69,235938.7,232843.09999999998,-38824.2,19637.899999999998,71.57,483515.2,477844.5,-77297.80000000002,45297.3,165.07,165.62207357859535,2475.0,2485.0,2394.7,2406.45
2014-07-24,2460.0,2497.0,2423.3,2484.65,2460.9381838851787,7037,1772,17317622.0,1701.0,24.17,73.7,24.65,1406140200.0,9.0,0.34732739645806365,9960.0,0.2850471571303581,0.5843506521104697,0.03,-63.81582919123419,94.49046184738955,-119.04386167041241,259.85,2803.85,2544.0,54293.4,53818.0,-9697.2,4100.5,14.95,2014,118147.4,116252.2,-19033.9,9791.099999999999,35.69,235938.7,232843.09999999998,-38824.2,19637.899999999998,71.57,483515.2,477844.5,-77297.80000000002,45297.3,165.07,166.19732441471572,2484.0,2493.95,2452.85,2476.05
2014-07-23,2530.0,2530.0,2446.25,2452.65,2463.856680851064,17625,2749,43425474.0,5727.0,32.49,83.75,-77.35,1406053800.0,9.0,-1.2879077536071426,9931.69,0.1494423139559053,0.584354323696723,0.03,-63.34373025095306,95.04485137977522,-118.89606947012626,259.85,2803.85,2544.0,54293.4,53818.0,-9697.2,4100.5,14.95,2014,118147.4,116252.2,-19033.9,9791.099999999999,35.69,235938.7,232843.09999999998,-38824.2,19637.899999999998,71.57,483515.2,477844.5,-77297.80000000002,45297.3,165.07,164.05685618729098,2460.0,2497.0,2423.3,2484.65
2014-07-22,2521.0,2534.0,2504.65,2523.0,2521.974580712788,7632,1633,19247710.0,2545.0,33.35,29.35,2.0,1405967400.0,9.0,2.8683260962632184,9916.87,0.8186988249694549,0.5844737956841217,0.03,-64.3658343242172,95.33633091892904,-120.09988730913062,259.85,2803.85,2544.0,54293.4,53818.0,-9697.2,4100.5,14.95,2014,118147.4,116252.2,-19033.9,9791.099999999999,35.69,235938.7,232843.09999999998,-38824.2,19637.899999999998,71.57,483515.2,477844.5,-77297.80000000002,45297.3,165.07,168.76254180602007,2530.0,2530.0,2446.25,2452.65
2014-07-21,2540.0,2540.0,2462.9,2524.0,2515.6600914120763,12471,2315,31372797.0,4099.0,32.87,77.1,-16.0,1405881000.0,9.0,0.03963535473643365,9836.34,0.2737145356180637,0.5850468826046046,0.03,-64.3799524564184,96.93554716490075,-121.10424073233706,259.85,2803.85,2544.0,54293.4,53818.0,-9697.2,4100.5,14.95,2014,118147.4,116252.2,-19033.9,9791.099999999999,35.69,235938.7,232843.09999999998,-38824.2,19637.899999999998,71.57,483515.2,477844.5,-77297.80000000002,45297.3,165.07,168.8294314381271,2521.0,2534.0,2504.65,2523.0
2014-07-18,2601.0,2601.0,2533.55,2548.1,2559.30560322636,23308,3492,59652295.0,2563.0,11.0,67.45,-52.9,1405621800.0,9.0,0.9548335974643329,9809.49,0.0399772782204488,0.5850402916127982,0.02,-64.71684784741572,97.47458838329008,-121.75170865418099,259.85,2803.85,2544.0,54293.4,53818.0,-9697.2,4100.5,14.95,2014,118147.4,116252.2,-19033.9,9791.099999999999,35.69,235938.7,232843.09999999998,-38824.2,19637.899999999998,71.57,483515.2,477844.5,-77297.80000000002,45297.3,165.07,170.44147157190636,2540.0,2540.0,2462.9,2524.0
2014-07-17,2520.0,2606.75,2502.3,2592.55,2565.5989782886336,17226,2964,44195008.0,4830.0,28.04,104.45,72.55,1405535400.0,9.0,1.7444370315136792,9805.57,0.5245837775772921,0.585116606885893,0.02,-65.32178742936492,97.55353334890272,-122.41027752006696,259.85,2803.85,2544.0,54293.4,53818.0,-9697.2,4100.5,14.95,2014,118147.4,116252.2,-19033.9,9791.099999999999,35.69,235938.7,232843.09999999998,-38824.2,19637.899999999998,71.57,483515.2,477844.5,-77297.80000000002,45297.3,165.07,173.41471571906357,2601.0,2601.0,2533.55,2548.1
2014-07-16,2530.0,2533.95,2509.0,2516.6,2517.581320103537,4636,711,11671507.0,1822.0,39.3,24.95,-13.4,1405449000.0,9.0,-2.929548128290693,9754.4,1.2765471450300714,0.5853321773054068,0.02,-64.27521258841293,98.58986713688182,-121.99132753634862,259.85,2803.85,2544.0,54293.4,53818.0,-9697.2,4100.5,14.95,2014,118147.4,116252.2,-19033.9,9791.099999999999,35.69,235938.7,232843.09999999998,-38824.2,19637.899999999998,71.57,483515.2,477844.5,-77297.80000000002,45297.3,165.07,168.33444816053512,2520.0,2606.75,2502.3,2592.55
2014-07-15,2509.0,2533.6,2501.0,2520.55,2513.7846102708995,6017,904,15125442.0,1459.0,24.25,32.6,11.55,1405362600.0,9.0,0.1569578002066363,9631.45,1.2647248074893147,0.5857785713862284,0.02,-64.33119755608897,101.1249604161367,-123.5763168287147,259.85,2803.85,2544.0,54293.4,53818.0,-9697.2,4100.5,14.95,2014,118147.4,116252.2,-19033.9,9791.099999999999,35.69,235938.7,232843.09999999998,-38824.2,19637.899999999998,71.57,483515.2,477844.5,-77297.80000000002,45297.3,165.07,168.59866220735788,2530.0,2533.95,2509.0,2516.6
2014-07-14,2492.3,2535.4,2480.0,2509.8,2511.5993684814853,10451,1720,26248725.0,4059.0,38.84,55.4,17.5,1405276200.0,9.0,-0.426494217531892,9511.16,0.0146165469827375,0.5855831829039368,0.03,-64.17842059128218,103.66863768457266,-124.89746391844213,259.85,2803.85,2544.0,54293.4,53818.0,-9697.2,4100.5,14.95,2014,118147.4,116252.2,-19033.9,9791.099999999999,35.69,235938.7,232843.09999999998,-38824.2,19637.899999999998,71.57,483515.2,477844.5,-77297.80000000002,45297.3,165.07,167.87959866220737,2509.0,2533.6,2501.0,2520.55
2014-07-11,2515.0,2515.0,2460.95,2492.3,2496.9424850786763,12901,2452,32213055.0,4680.0,36.28,54.05,-22.7,1405017000.0,9.0,-0.6972667144792388,9509.77,-1.8662376607482376,0.5855948219180092,0.02,-63.92689483609517,103.69840700668892,-124.66043312392006,259.85,2803.85,2544.0,54293.4,53818.0,-9697.2,4100.5,14.95,2014,118147.4,116252.2,-19033.9,9791.099999999999,35.69,235938.7,232843.09999999998,-38824.2,19637.899999999998,71.57,483515.2,477844.5,-77297.80000000002,45297.3,165.07,166.70903010033447,2492.3,2535.4,2480.0,2509.8
2014-07-10,2505.0,2543.05,2470.0,2511.5,2520.941810065985,30916,3230,77937437.0,17782.0,57.52,73.05,6.5,1404930600.0,9.0,0.7703727480640188,9690.62,0.0957511090911911,0.5851462003892279,0.02,-64.20266772844914,99.89691062078585,-122.66526248481651,259.85,2803.85,2544.0,54293.4,53818.0,-9697.2,4100.5,14.95,2014,118147.4,116252.2,-19033.9,9791.099999999999,35.69,235938.7,232843.09999999998,-38824.2,19637.899999999998,71.57,483515.2,477844.5,-77297.80000000002,45297.3,165.07,167.9933110367893,2515.0,2515.0,2460.95,2492.3
2014-07-09,2490.0,2519.9,2480.0,2494.9,2506.197064836448,13696,1831,34324875.0,5447.0,39.77,39.9,4.9,1404844200.0,9.0,-0.6609595859048301,9681.35,-0.7935410025218359,0.5851964312040306,0.03,-63.964487554611416,100.0883141297443,-122.54825589562961,259.85,2803.85,2544.0,54293.4,53818.0,-9697.2,4100.5,14.95,2014,118147.4,116252.2,-19033.9,9791.099999999999,35.69,235938.7,232843.09999999998,-38824.2,19637.899999999998,71.57,483515.2,477844.5,-77297.80000000002,45297.3,165.07,166.88294314381272,2505.0,2543.05,2470.0,2511.5
2014-07-08,2559.0,2565.0,2498.95,2505.45,2513.924038315341,32885,3093,82670392.0,20594.0,62.62,66.05,-53.55,1404757800.0,9.0,0.4228626397851487,9758.79,-2.641476680939692,0.5851339615424712,0.03,-64.11622662595542,98.50053131587008,-121.76467871000244,259.85,2803.85,2544.0,54293.4,53818.0,-9697.2,4100.5,14.95,2014,118147.4,116252.2,-19033.9,9791.099999999999,35.69,235938.7,232843.09999999998,-38824.2,19637.899999999998,71.57,483515.2,477844.5,-77297.80000000002,45297.3,165.07,167.5886287625418,2490.0,2519.9,2480.0,2494.9
2014-07-07,2603.0,2617.0,2551.1,2559.3,2563.1670556852287,62979,2318,161425698.0,56517.0,89.74,65.9,-43.7,1404671400.0,9.0,2.1493144944022102,10023.56,0.3561277093789616,0.5841948398429667,0.04,-64.87125385847693,93.25718606962,-119.36825294503062,259.85,2803.85,2544.0,54293.4,53818.0,-9697.2,4100.5,14.95,2014,118147.4,116252.2,-19033.9,9791.099999999999,35.69,235938.7,232843.09999999998,-38824.2,19637.899999999998,71.57,483515.2,477844.5,-77297.80000000002,45297.3,165.07,171.19063545150505,2559.0,2565.0,2498.95,2505.45
2014-07-04,2631.0,2667.0,2570.1,2604.3,2603.369846211907,10599,2217,27593117.0,4333.0,40.88,96.9,-26.7,1404412200.0,9.0,1.7582932833196674,9987.99,0.456015247444097,0.5845527303795711,,-65.47824751372731,93.94542845957996,,259.85,2803.85,2544.0,54293.4,53818.0,-9697.2,4100.5,14.95,2014,118147.4,116252.2,-19033.9,9791.099999999999,35.69,235938.7,232843.09999999998,-38824.2,19637.899999999998,71.57,483515.2,477844.5,-77297.80000000002,45297.3,165.07,174.2006688963211,2603.0,2617.0,2551.1,2559.3
2014-07-03,2640.1,2670.0,2613.05,2632.45,2631.8767688679245,1696,472,4463663.0,541.0,31.9,56.95,-7.65,1404325800.0,9.0,1.080904657681514,9942.65,-0.1340899959823227,0.5847808636892817,0.01,-65.84740450910749,94.82984918507644,-121.30623781044392,259.85,2803.85,2544.0,54293.4,53818.0,-9697.2,4100.5,14.95,2014,118147.4,116252.2,-19033.9,9791.099999999999,35.69,235938.7,232843.09999999998,-38824.2,19637.899999999998,71.57,483515.2,477844.5,-77297.80000000002,45297.3,165.07,176.08361204013377,2631.0,2667.0,2570.1,2604.3
2014-07-02,2652.35,2673.8,2625.1,2645.8,2655.4716337959585,8214,1741,21812044.0,3065.0,37.31,48.7,-6.55,1404239400.0,9.0,0.5071321392619232,9956.0,1.218258732819777,0.5848742162350264,0.02,-66.01972938241742,94.56860184813178,-121.33876878446108,259.85,2803.85,2544.0,54293.4,53818.0,-9697.2,4100.5,14.95,2014,118147.4,116252.2,-19033.9,9791.099999999999,35.69,235938.7,232843.09999999998,-38824.2,19637.899999999998,71.57,483515.2,477844.5,-77297.80000000002,45297.3,165.07,176.97658862876256,2640.1,2670.0,2613.05,2632.45
2014-07-01,2599.0,2638.9,2595.65,2629.85,2613.694459809601,34349,1694,89777791.0,29191.0,84.98,43.25,30.85,1404153000.0,9.0,-0.6028422405321754,9836.17,0.4578535726468491,0.5847143475962211,0.02,-65.8136395611917,96.938950831472,-122.50354066632609,259.85,2803.85,2544.0,54293.4,53818.0,-9697.2,4100.5,14.95,2014,118147.4,116252.2,-19033.9,9791.099999999999,35.69,235938.7,232843.09999999998,-38824.2,19637.899999999998,71.57,483515.2,477844.5,-77297.80000000002,45297.3,165.07,175.90969899665552,2652.35,2673.8,2625.1,2645.8
2014-06-30,2600.0,2626.0,2582.25,2599.45,2606.7664529193376,5926,1400,15447698.0,1462.0,24.67,43.75,-0.55,1404066600.0,0.0,-1.15595946536875,9791.34,1.444689646598074,0.5847160352746045,0.04,-65.41383754255708,97.84064285378712,-122.63944167933104,259.85,2803.85,2544.0,56920.9,56494.6,-9463.9,6255.7,22.81,2014,110307.8,108715.7,-19087.4,7744.2,28.229999999999997,233415.59999999998,230452.30000000002,-38106.700000000004,19799.5,72.17,475852.1,470316.19999999995,-77693.9,43387.3,158.11999999999998,113.96098202542744,2599.0,2638.9,2595.65,2629.85
2014-06-27,2690.0,2692.2,2551.5,2597.4,2606.088120519103,22038,4283,57432970.0,10787.0,48.95,140.7,-92.6,1403807400.0,0.0,-0.07886283636922009,9651.9,0.2530241370069408,0.5845516639256584,0.03,-65.38654038654039,100.69882613785887,-124.2626702108686,259.85,2803.85,2544.0,56920.9,56494.6,-9463.9,6255.7,22.81,2014,110307.8,108715.7,-19087.4,7744.2,28.229999999999997,233415.59999999998,230452.30000000002,-38106.700000000004,19799.5,72.17,475852.1,470316.19999999995,-77693.9,43387.3,158.11999999999998,113.87110916264797,2600.0,2626.0,2582.25,2599.45
2014-06-26,2730.0,2733.6,2655.0,2683.55,2690.876844547564,10775,1991,28994198.0,4976.0,46.18,78.6,-46.45,1403721000.0,0.0,3.316778316778324,9627.54,-0.7771863196244455,0.58454587310473,0.04,-66.49773620763541,101.20664261067728,-125.67427964156795,259.85,2803.85,2544.0,56920.9,56494.6,-9463.9,6255.7,22.81,2014,110307.8,108715.7,-19087.4,7744.2,28.229999999999997,233415.59999999998,230452.30000000002,-38106.700000000004,19799.5,72.17,475852.1,470316.19999999995,-77693.9,43387.3,158.11999999999998,117.64796142042965,2690.0,2692.2,2551.5,2597.4
2014-06-25,2686.7,2730.0,2684.8,2718.55,2706.5153727901616,5204,1230,14084706.0,1102.0,21.18,45.2,31.85,1403634600.0,0.0,1.3042425145795677,9702.95,0.0076271282522411,0.5853327590446031,0.03,-66.9290614481985,99.64289211013144,-125.26575042343411,259.85,2803.85,2544.0,56920.9,56494.6,-9463.9,6255.7,22.81,2014,110307.8,108715.7,-19087.4,7744.2,28.229999999999997,233415.59999999998,230452.30000000002,-38106.700000000004,19799.5,72.17,475852.1,470316.19999999995,-77693.9,43387.3,158.11999999999998,119.18237615081107,2730.0,2733.6,2655.0,2683.55
2014-06-24,2713.4,2740.0,2686.5,2704.7,2704.1718775443733,36846,1278,99637917.0,32565.0,88.38,53.5,-8.7,1403548200.0,0.0,-0.5094627650769845,9702.21,1.2764185124525929,0.5854737184825726,0.03,-66.75971457093209,99.65811912955915,-125.11935994313981,259.85,2803.85,2544.0,56920.9,56494.6,-9463.9,6255.7,22.81,2014,110307.8,108715.7,-19087.4,7744.2,28.229999999999997,233415.59999999998,230452.30000000002,-38106.700000000004,19799.5,72.17,475852.1,470316.19999999995,-77693.9,43387.3,158.11999999999998,118.57518632178869,2686.7,2730.0,2684.8,2718.55
2014-06-23,2725.0,2741.9,2669.5,2707.85,2705.6838619284167,7851,1684,21242324.0,2979.0,37.94,72.4,-17.15,1403461800.0,0.0,0.11646393315341008,9579.93,-0.0284889581807057,0.58528809281522,0.03,-66.79838248056576,102.2065923237435,-126.63112533208783,259.85,2803.85,2544.0,56920.9,56494.6,-9463.9,6255.7,22.81,2014,110307.8,108715.7,-19087.4,7744.2,28.229999999999997,233415.59999999998,230452.30000000002,-38106.700000000004,19799.5,72.17,475852.1,470316.19999999995,-77693.9,43387.3,158.11999999999998,118.71328364752301,2713.4,2740.0,2686.5,2704.7
2014-06-20,2775.0,2775.0,2712.05,2721.75,2735.3218960729864,5042,1035,13791493.0,1843.0,36.55,62.95,-53.25,1403202600.0,0.0,0.5133223775319884,9582.66,-0.4128911839989757,0.5852893998951754,0.02,-66.96794341875632,102.14898577221776,-126.76295621328056,259.85,2803.85,2544.0,56920.9,56494.6,-9463.9,6255.7,22.81,2014,110307.8,108715.7,-19087.4,7744.2,28.229999999999997,233415.59999999998,230452.30000000002,-38106.700000000004,19799.5,72.17,475852.1,470316.19999999995,-77693.9,43387.3,158.11999999999998,119.32266549758879,2725.0,2741.9,2669.5,2707.85
2014-06-19,2818.35,2820.5,2750.1,2757.0,2760.32927495565,148253,1988,409227096.0,142567.0,96.16,70.4,-61.35,1403116200.0,0.0,1.295122623312217,9622.39,-0.3508601147233947,0.585285942258163,0.02,-67.39027928908234,101.31433043142088,-126.69642692104624,259.85,2803.85,2544.0,56920.9,56494.6,-9463.9,6255.7,22.81,2014,110307.8,108715.7,-19087.4,7744.2,28.229999999999997,233415.59999999998,230452.30000000002,-38106.700000000004,19799.5,72.17,475852.1,470316.19999999995,-77693.9,43387.3,158.11999999999998,120.86804033318721,2775.0,2775.0,2712.05,2721.75
2014-06-18,2815.0,2868.0,2785.0,2803.85,2821.6598456893653,17886,3469,50468208.0,5085.0,28.43,83.0,-11.15,1403029800.0,0.0,1.6993108451215155,9656.27,-0.9035016332608392,0.5854048327762903,0.03,-67.93516058277011,100.60799874071456,-126.84400711655206,259.85,2803.85,2544.0,56920.9,56494.6,-9463.9,6255.7,22.81,2014,110307.8,108715.7,-19087.4,7744.2,28.229999999999997,233415.59999999998,230452.30000000002,-38106.700000000004,19799.5,72.17,475852.1,470316.19999999995,-77693.9,43387.3,158.11999999999998,122.9219640508549,2818.35,2820.5,2750.1,2757.0
2014-06-17,2738.0,2811.0,2715.1,2798.55,2781.7223075848583,7159,1533,19914350.0,1618.0,22.6,95.9,60.55,1402943400.0,0.0,-0.18902580380547596,9744.31,1.392225802792968,0.585522494726912,0.04,-67.87443497525504,98.79550219564032,-125.73800298885538,259.85,2798.55,2538.7000000000003,56920.9,56494.6,-9463.9,6255.7,22.81,2014,110307.8,108715.7,-19087.4,7744.2,28.229999999999997,233415.59999999998,230452.30000000002,-38106.700000000004,19799.5,72.17,475852.1,470316.19999999995,-77693.9,43387.3,158.11999999999998,122.68960982025429,2815.0,2868.0,2785.0,2803.85
2014-06-16,2742.0,2777.0,2688.3,2739.4,2729.8379398266197,9805,1782,26766061.0,3532.0,36.02,88.7,-2.6,1402857000.0,0.0,-2.113594540029662,9610.51,0.0426798356514046,0.5852816665666482,0.04,-67.18076951157188,101.56318447199992,-126.64042811449724,259.85,2797.9,2538.05,56920.9,56494.6,-9463.9,6255.7,22.81,2014,110307.8,108715.7,-19087.4,7744.2,28.229999999999997,233415.59999999998,230452.30000000002,-38106.700000000004,19799.5,72.17,475852.1,470316.19999999995,-77693.9,43387.3,158.11999999999998,120.0964489259097,2738.0,2811.0,2715.1,2798.55
2014-06-13,2777.0,2825.0,2753.65,2765.4,2791.80805777271,13155,1551,36726235.0,6653.0,50.57,71.35,-11.6,1402597800.0,0.0,0.9491129444403779,9606.41,-1.8087836808788893,0.5856155220738729,0.04,-67.4893324654661,101.64921130786632,-127.03326379303671,259.85,2797.9,2538.05,56920.9,56494.6,-9463.9,6255.7,22.81,2014,110307.8,108715.7,-19087.4,7744.2,28.229999999999997,233415.59999999998,230452.30000000002,-38106.700000000004,19799.5,72.17,475852.1,470316.19999999995,-77693.9,43387.3,158.11999999999998,121.23629986847875,2742.0,2777.0,2688.3,2739.4
2014-06-12,2776.5,2802.3,2714.05,2759.25,2764.2757410296413,10256,2005,28350412.0,4170.0,40.66,88.25,-17.25,1402511400.0,0.0,-0.22239097418095266,9783.37,0.3304225655435644,0.5852358917819577,0.04,-67.41687052641116,98.00181328110864,-124.78763968255839,259.85,2797.9,2538.05,56920.9,56494.6,-9463.9,6255.7,22.81,2014,110307.8,108715.7,-19087.4,7744.2,28.229999999999997,233415.59999999998,230452.30000000002,-38106.700000000004,19799.5,72.17,475852.1,470316.19999999995,-77693.9,43387.3,158.11999999999998,120.96668128014029,2777.0,2825.0,2753.65,2765.4
2014-06-11,2785.0,2802.9,2762.0,2767.9,2798.839292466268,193065,1937,540357908.0,186301.0,96.5,40.9,-17.1,1402425000.0,0.0,0.31349098486908034,9751.15,-0.7079957803329373,0.5852273815569082,0.04,-67.51869648469959,98.65605595237486,-125.27151268917748,259.85,2797.9,2538.05,56920.9,56494.6,-9463.9,6255.7,22.81,2014,110307.8,108715.7,-19087.4,7744.2,28.229999999999997,233415.59999999998,230452.30000000002,-38106.700000000004,19799.5,72.17,475852.1,470316.19999999995,-77693.9,43387.3,158.11999999999998,121.34590092064884,2776.5,2802.3,2714.05,2759.25
2014-06-10,2831.0,2831.0,2762.5,2791.45,2787.6693292424884,113424,2194,316188606.0,106602.0,93.99,68.5,-39.55,1402338600.0,0.0,0.8508255356046046,9820.68,-0.0847491252933929,0.5851621802508803,0.04,-67.79272421143133,97.2495794588562,-124.71609366884681,259.85,2797.9,2538.05,56920.9,56494.6,-9463.9,6255.7,22.81,2014,110307.8,108715.7,-19087.4,7744.2,28.229999999999997,233415.59999999998,230452.30000000002,-38106.700000000004,19799.5,72.17,475852.1,470316.19999999995,-77693.9,43387.3,158.11999999999998,122.37834283209119,2785.0,2802.9,2762.0,2767.9
2014-06-09,2701.0,2846.0,2697.25,2797.9,2798.769076396807,21925,3352,61363012.0,5821.0,26.55,148.75,96.9,1402252200.0,0.0,0.23106270934460937,9829.01,1.165007173866961,0.5852224261750435,0.04,-67.86697165731441,97.08241216561991,-124.69836754675705,259.85,2797.9,2538.05,56920.9,56494.6,-9463.9,6255.7,22.81,2014,110307.8,108715.7,-19087.4,7744.2,28.229999999999997,233415.59999999998,230452.30000000002,-38106.700000000004,19799.5,72.17,475852.1,470316.19999999995,-77693.9,43387.3,158.11999999999998,122.66111354669006,2831.0,2831.0,2762.5,2791.45
2014-06-06,2665.0,2707.0,2598.95,2661.55,2636.317693677137,17413,2909,45906200.0,6097.0,35.01,108.05,-3.45,1401993000.0,0.0,-4.873297830515744,9715.82,1.4956151118028949,0.5850607218701477,0.04,-66.22081118145442,99.37843640577944,-124.3798284944715,259.85,2661.55,2401.7000000000003,56920.9,56494.6,-9463.9,6255.7,22.81,2014,110307.8,108715.7,-19087.4,7744.2,28.229999999999997,233415.59999999998,230452.30000000002,-38106.700000000004,19799.5,72.17,475852.1,470316.19999999995,-77693.9,43387.3,158.11999999999998,116.68347216133276,2701.0,2846.0,2697.25,2797.9
2014-06-05,2579.6,2656.0,2561.95,2627.8,2602.37435191186,12344,2348,32123709.0,4111.0,33.3,94.05,48.2,1401906600.0,0.0,-1.268058086453383,9572.65,1.0117371214031667,0.586602233498249,0.04,-65.78697008904788,102.36037043034062,-125.84832791585389,259.85,2627.8,2367.9500000000003,56920.9,56494.6,-9463.9,6255.7,22.81,2014,110307.8,108715.7,-19087.4,7744.2,28.229999999999997,233415.59999999998,230452.30000000002,-38106.700000000004,19799.5,72.17,475852.1,470316.19999999995,-77693.9,43387.3,158.11999999999998,115.2038579570364,2665.0,2707.0,2598.95,2661.55
2014-06-04,2569.0,2582.05,2537.05,2573.05,2564.117008196721,19520,2302,50051564.0,11109.0,56.91,45.0,4.05,1401820200.0,0.0,-2.083491894360301,9476.77,0.2971840540858084,0.5865944351934841,0.04,-65.05897670080255,104.40772541699332,-126.32050364421237,259.85,2573.05,2313.2000000000003,56920.9,56494.6,-9463.9,6255.7,22.81,2014,110307.8,108715.7,-19087.4,7744.2,28.229999999999997,233415.59999999998,230452.30000000002,-38106.700000000004,19799.5,72.17,475852.1,470316.19999999995,-77693.9,43387.3,158.11999999999998,112.8035949145112,2579.6,2656.0,2561.95,2627.8
2014-06-03,2450.7,2571.0,2446.8,2545.8,2506.4733169903825,15909,3406,39875484.0,7037.0,44.23,124.2,95.1,1401733800.0,0.0,-1.0590544295680182,9448.69,0.7382095965115187,0.5869130611967801,0.04,-64.68497132532013,105.01519258225214,-126.33628295349126,259.85,2545.8,2285.9500000000003,56920.9,56494.6,-9463.9,6255.7,22.81,2014,110307.8,108715.7,-19087.4,7744.2,28.229999999999997,233415.59999999998,230452.30000000002,-38106.700000000004,19799.5,72.17,475852.1,470316.19999999995,-77693.9,43387.3,158.11999999999998,111.6089434458571,2569.0,2582.05,2537.05,2573.05
2014-06-02,2386.0,2462.0,2350.0,2450.65,2426.088774659628,7198,1773,17462987.0,3584.0,49.79,112.0,64.65,1401647400.0,0.0,-3.7375284782779516,9379.45,1.8839866565428576,0.5869296431433596,0.04,-63.31381470222186,106.5286344082009,-125.8551508942509,259.85,2450.65,2190.8,56920.9,56494.6,-9463.9,6255.7,22.81,2014,110307.8,108715.7,-19087.4,7744.2,28.229999999999997,233415.59999999998,230452.30000000002,-38106.700000000004,19799.5,72.17,475852.1,470316.19999999995,-77693.9,43387.3,158.11999999999998,107.43752740026305,2450.7,2571.0,2446.8,2545.8
2014-05-30,2398.8,2432.35,2315.45,2384.75,2389.676816463671,9524,1871,22759282.0,2457.0,25.8,116.9,-14.05,1401388200.0,0.0,-2.6890824883194275,9206.01,0.0750072561367387,0.5875503606361095,0.04,-62.30003144983751,110.4196063223916,-127.19360895143049,259.85,2391.15,2131.3,56920.9,56494.6,-9463.9,6255.7,22.81,2014,110307.8,108715.7,-19087.4,7744.2,28.229999999999997,233415.59999999998,230452.30000000002,-38106.700000000004,19799.5,72.17,475852.1,470316.19999999995,-77693.9,43387.3,158.11999999999998,104.5484436650592,2386.0,2462.0,2350.0,2450.65
2014-05-29,2385.0,2471.3,2376.5,2391.15,2430.3414796443044,16531,3604,40175975.0,6184.0,37.41,94.8,6.15,1401301800.0,0.0,0.2683719467449386,9199.11,-1.08281782100923,0.5881046642643947,0.04,-62.400936787738125,110.57743629546768,-127.44851864893107,259.85,2391.15,2131.3,56920.9,56494.6,-9463.9,6255.7,22.81,2014,110307.8,108715.7,-19087.4,7744.2,28.229999999999997,233415.59999999998,230452.30000000002,-38106.700000000004,19799.5,72.17,475852.1,470316.19999999995,-77693.9,43387.3,158.11999999999998,104.82902235861465,2398.8,2432.35,2315.45,2384.75
2014-05-28,2274.0,2399.0,2271.0,2375.25,2365.8561999057056,19089,3048,45161829.0,8665.0,45.39,128.0,101.25,1401215400.0,0.0,-0.6649520105388662,9299.81,0.2771155399278191,0.587942863715677,0.04,-62.14924744763709,108.297266288236,-125.83833460717318,259.85,2375.25,2115.4,56920.9,56494.6,-9463.9,6255.7,22.81,2014,110307.8,108715.7,-19087.4,7744.2,28.229999999999997,233415.59999999998,230452.30000000002,-38106.700000000004,19799.5,72.17,475852.1,470316.19999999995,-77693.9,43387.3,158.11999999999998,104.1319596668128,2385.0,2471.3,2376.5,2391.15
2014-05-27,2239.9,2275.0,2226.0,2264.3,2263.094806078476,4409,782,9977985.0,1738.0,39.42,49.0,24.4,1401129000.0,0.0,-4.67108725397326,9274.11,-0.6705781045163506,0.5879665847464408,0.04,-60.294572273991974,108.87449038236552,-124.32561588673079,259.85,2339.9,2080.05,56920.9,56494.6,-9463.9,6255.7,22.81,2014,110307.8,108715.7,-19087.4,7744.2,28.229999999999997,233415.59999999998,230452.30000000002,-38106.700000000004,19799.5,72.17,475852.1,470316.19999999995,-77693.9,43387.3,158.11999999999998,99.26786497150374,2274.0,2399.0,2271.0,2375.25
2014-05-26,2271.0,2355.0,2195.0,2237.3,2283.4857662904988,13735,2612,31363677.0,3904.0,28.42,160.0,-33.7,1401042600.0,0.0,-1.1924214989179838,9336.72,-0.655859107333634,0.5895990336298097,,-59.81540249407769,107.47382378394126,,259.85,2339.9,2080.05,56920.9,56494.6,-9463.9,6255.7,22.81,2014,110307.8,108715.7,-19087.4,7744.2,28.229999999999997,233415.59999999998,230452.30000000002,-38106.700000000004,19799.5,72.17,475852.1,470316.19999999995,-77693.9,43387.3,158.11999999999998,98.08417360806665,2239.9,2275.0,2226.0,2264.3
2014-05-23,2280.0,2280.0,2238.0,2269.25,2264.5137461352047,11967,1635,27099436.0,7246.0,60.55,42.0,-10.75,1400783400.0,0.0,1.4280606087694991,9398.36,1.4261494181547985,0.5896404861030078,0.04,-60.38118321031178,106.11308781532097,-122.96617027218466,259.85,2339.9,2080.05,56920.9,56494.6,-9463.9,6255.7,22.81,2014,110307.8,108715.7,-19087.4,7744.2,28.229999999999997,233415.59999999998,230452.30000000002,-38106.700000000004,19799.5,72.17,475852.1,470316.19999999995,-77693.9,43387.3,158.11999999999998,99.48487505480053,2271.0,2355.0,2195.0,2237.3
2014-05-22,2270.7,2280.9,2226.0,2270.9,2262.555199844781,10308,1653,23322419.0,3834.0,37.19,54.9,0.2,1400697000.0,0.0,0.07271124820975583,9266.21,0.8082098190584697,0.5895514144554441,0.03,-60.40996961557092,109.05256841794002,-124.71437903393289,259.85,2339.9,2080.05,56920.9,56494.6,-9463.9,6255.7,22.81,2014,110307.8,108715.7,-19087.4,7744.2,28.229999999999997,233415.59999999998,230452.30000000002,-38106.700000000004,19799.5,72.17,475852.1,470316.19999999995,-77693.9,43387.3,158.11999999999998,99.5572117492328,2280.0,2280.0,2238.0,2269.25
2014-05-21,2350.0,2350.0,2251.0,2267.15,2279.242557479161,10917,1910,24882491.0,5111.0,46.82,99.0,-82.85,1400610600.0,0.0,-0.16513276674445798,9191.92,0.0601977490613858,0.5894728984268538,0.04,-60.34448536709085,110.74215180288776,-125.64040365242866,259.85,2339.9,2080.05,56920.9,56494.6,-9463.9,6255.7,22.81,2014,110307.8,108715.7,-19087.4,7744.2,28.229999999999997,233415.59999999998,230452.30000000002,-38106.700000000004,19799.5,72.17,475852.1,470316.19999999995,-77693.9,43387.3,158.11999999999998,99.39281017097765,2270.7,2280.9,2226.0,2270.9
2014-05-20,2345.0,2355.05,2300.0,2339.9,2339.7887911421208,13186,1875,30852455.0,3409.0,25.85,55.05,-5.1,1400524200.0,0.0,3.2088745782149486,9186.39,0.4467756379345822,0.5894742319521772,0.03,-61.577417838369165,110.86901383459664,-126.94416038885475,259.85,2339.9,2080.05,56920.9,56494.6,-9463.9,6255.7,22.81,2014,110307.8,108715.7,-19087.4,7744.2,28.229999999999997,233415.59999999998,230452.30000000002,-38106.700000000004,19799.5,72.17,475852.1,470316.19999999995,-77693.9,43387.3,158.11999999999998,102.58220078912758,2350.0,2350.0,2251.0,2267.15
2014-05-19,2344.0,2362.45,2293.0,2334.0,2336.437452705096,144043,2461,336547460.0,132244.0,91.81,69.45,-10.0,1400437800.0,0.0,-0.2521475276721308,9145.53,1.9549239312075528,0.5902870771181585,0.03,-61.48029134532991,111.8111252163625,-127.49324502627542,259.85,2334.0,2074.15,56920.9,56494.6,-9463.9,6255.7,22.81,2014,110307.8,108715.7,-19087.4,7744.2,28.229999999999997,233415.59999999998,230452.30000000002,-38106.700000000004,19799.5,72.17,475852.1,470316.19999999995,-77693.9,43387.3,158.11999999999998,102.32354230600615,2345.0,2355.05,2300.0,2339.9
2014-05-16,2250.0,2465.0,2250.0,2332.6,2371.676170824736,47979,6659,113790651.0,19958.0,41.6,215.0,82.6,1400178600.0,0.0,-0.05998286203942049,8970.17,1.3541883231340757,0.5897962013282728,0.03,-61.457172254137014,115.95187159217718,-129.85745177006694,259.85,2332.6,2072.75,56920.9,56494.6,-9463.9,6255.7,22.81,2014,110307.8,108715.7,-19087.4,7744.2,28.229999999999997,233415.59999999998,230452.30000000002,-38106.700000000004,19799.5,72.17,475852.1,470316.19999999995,-77693.9,43387.3,158.11999999999998,102.26216571679089,2344.0,2362.45,2293.0,2334.0
2014-05-15,2240.0,2257.0,2201.7,2230.15,2232.159994644531,7469,1779,16672003.0,2844.0,38.08,55.3,-9.85,1400092200.0,0.0,-4.392094658321177,8850.32,-0.0925662526020221,0.5895628309072086,0.03,-59.68656816806045,118.87626662086794,-129.78390955981223,259.85,2252.15,1992.3000000000002,56920.9,56494.6,-9463.9,6255.7,22.81,2014,110307.8,108715.7,-19087.4,7744.2,28.229999999999997,233415.59999999998,230452.30000000002,-38106.700000000004,19799.5,72.17,475852.1,470316.19999999995,-77693.9,43387.3,158.11999999999998,97.77071459886015,2250.0,2465.0,2250.0,2332.6
2014-05-14,2220.0,2250.6,2220.0,2240.2,2239.181577320498,11323,1858,25354253.0,6170.0,54.49,30.6,20.2,1400005800.0,0.0,0.4506423334753151,8858.52,0.3615204478276457,0.591073839285282,0.03,-59.8674225515579,118.67366106302184,-130.02458680293995,259.85,2252.15,1992.3000000000002,56920.9,56494.6,-9463.9,6255.7,22.81,2014,110307.8,108715.7,-19087.4,7744.2,28.229999999999997,233415.59999999998,230452.30000000002,-38106.700000000004,19799.5,72.17,475852.1,470316.19999999995,-77693.9,43387.3,158.11999999999998,98.21131082858395,2240.0,2257.0,2201.7,2230.15
2014-05-13,2174.0,2233.0,2169.0,2215.4,2192.134426336234,184324,4673,404062986.0,169247.0,91.82,64.0,41.4,1399919400.0,0.0,-1.1070440139273163,8826.61,1.5305600128831198,0.5910782744219727,0.03,-59.418163762751654,119.46421106177792,-130.04313114409703,259.85,2252.15,1992.3000000000002,56920.9,56494.6,-9463.9,6255.7,22.81,2014,110307.8,108715.7,-19087.4,7744.2,28.229999999999997,233415.59999999998,230452.30000000002,-38106.700000000004,19799.5,72.17,475852.1,470316.19999999995,-77693.9,43387.3,158.11999999999998,97.12406839105657,2220.0,2250.6,2220.0,2240.2
2014-05-12,2090.0,2181.0,2082.7,2158.35,2113.6736732410045,337778,4093,713952466.0,328044.0,97.12,98.3,68.35,1399833000.0,0.0,-2.575155728085232,8693.55,1.9077929385286296,0.5908692128035697,0.03,-58.34549540157992,122.82324251887896,-130.93024194630775,259.85,2252.15,1992.3000000000002,56920.9,56494.6,-9463.9,6255.7,22.81,2014,110307.8,108715.7,-19087.4,7744.2,28.229999999999997,233415.59999999998,230452.30000000002,-38106.700000000004,19799.5,72.17,475852.1,470316.19999999995,-77693.9,43387.3,158.11999999999998,94.62297238053486,2174.0,2233.0,2169.0,2215.4
2014-05-09,1965.0,2084.0,1965.0,2078.05,2041.84026297086,11256,2289,22982954.0,4640.0,41.22,119.0,113.05,1399573800.0,0.0,-3.720434591238664,8530.8,2.5601567712810303,0.5909127337284508,0.03,-56.73588219725223,127.07424860505463,-131.837946444942,259.85,2252.15,1992.3000000000002,56920.9,56494.6,-9463.9,6255.7,22.81,2014,110307.8,108715.7,-19087.4,7744.2,28.229999999999997,233415.59999999998,230452.30000000002,-38106.700000000004,19799.5,72.17,475852.1,470316.19999999995,-77693.9,43387.3,158.11999999999998,91.10258658483123,2090.0,2181.0,2082.7,2158.35
2014-05-08,1969.85,1983.1,1953.0,1979.85,1968.7174834661687,5897,872,11609527.0,2991.0,50.72,30.1,10.0,1399487400.0,0.0,-4.725584081230016,8317.85,0.0460667643330081,0.5911396555245783,0.03,-54.58999419147915,132.8877053565525,-133.15745236973748,259.85,2252.15,1992.3000000000002,56920.9,56494.6,-9463.9,6255.7,22.81,2014,110307.8,108715.7,-19087.4,7744.2,28.229999999999997,233415.59999999998,230452.30000000002,-38106.700000000004,19799.5,72.17,475852.1,470316.19999999995,-77693.9,43387.3,158.11999999999998,86.79745725558965,1965.0,2084.0,1965.0,2078.05
2014-05-07,2023.9,2029.3,1964.0,1970.3,1979.509635274905,9185,1703,18181796.0,2951.0,32.13,65.3,-53.6,1399401000.0,0.0,-0.482359774730412,8314.02,-0.7010863853084692,0.5929135562461738,0.03,-54.369892909709186,132.99498918693965,-133.2366375047716,259.85,2252.15,1992.3000000000002,56920.9,56494.6,-9463.9,6255.7,22.81,2014,110307.8,108715.7,-19087.4,7744.2,28.229999999999997,233415.59999999998,230452.30000000002,-38106.700000000004,19799.5,72.17,475852.1,470316.19999999995,-77693.9,43387.3,158.11999999999998,86.37878123629987,1969.85,1983.1,1953.0,1979.85
2014-05-06,2030.0,2039.7,2018.8,2025.65,2027.4611640640844,4931,880,9997411.0,2358.0,47.82,20.9,-4.35,1399314600.0,0.0,2.8092168705273313,8372.72,0.2207251851745306,0.5928569332917468,0.03,-55.61671562214598,131.3614930392991,-133.50750183005124,259.85,2252.15,1992.3000000000002,56920.9,56494.6,-9463.9,6255.7,22.81,2014,110307.8,108715.7,-19087.4,7744.2,28.229999999999997,233415.59999999998,230452.30000000002,-38106.700000000004,19799.5,72.17,475852.1,470316.19999999995,-77693.9,43387.3,158.11999999999998,88.80534853134591,2023.9,2029.3,1964.0,1970.3
2014-05-05,2041.0,2041.0,2005.0,2026.7,2024.973914902716,4677,927,9470803.0,1184.0,25.32,36.0,-14.3,1399228200.0,0.0,0.051835213388296,8354.28,0.0329280982047652,0.5935004138882074,0.03,-55.63970987319288,131.87216612323263,-133.91809003524924,259.85,2252.15,1992.3000000000002,56920.9,56494.6,-9463.9,6255.7,22.81,2014,110307.8,108715.7,-19087.4,7744.2,28.229999999999997,233415.59999999998,230452.30000000002,-38106.700000000004,19799.5,72.17,475852.1,470316.19999999995,-77693.9,43387.3,158.11999999999998,88.85138097325735,2030.0,2039.7,2018.8,2025.65
2014-05-02,2034.75,2050.0,2012.15,2041.45,2037.7209797657083,3756,916,7653680.0,2029.0,54.02,37.85,6.7,1398969000.0,0.0,0.7277840824986503,8351.53,0.1124410373824602,0.593500909234459,0.02,-55.960224350339224,131.9485172178032,-134.2799192730594,259.85,2252.15,1992.3000000000002,56920.9,56494.6,-9463.9,6255.7,22.81,2014,110307.8,108715.7,-19087.4,7744.2,28.229999999999997,233415.59999999998,230452.30000000002,-38106.700000000004,19799.5,72.17,475852.1,470316.19999999995,-77693.9,43387.3,158.11999999999998,89.49802718106095,2041.0,2041.0,2005.0,2026.7
2014-04-30,2079.3,2108.05,2015.0,2027.9,2062.4522403111946,6941,1456,14315481.0,2858.0,41.18,93.05,-51.4,1398796200.0,0.0,-0.6637439075167118,8342.15,-0.5962686736120215,0.5935460541053726,0.03,-55.66595985995365,132.20932253675613,-134.1504751859666,259.85,2252.15,1992.3000000000002,56920.9,56494.6,-9463.9,6255.7,22.81,2014,110307.8,108715.7,-19087.4,7744.2,28.229999999999997,233415.59999999998,230452.30000000002,-38106.700000000004,19799.5,72.17,475852.1,470316.19999999995,-77693.9,43387.3,158.11999999999998,88.903989478299,2034.75,2050.0,2012.15,2041.45
2014-04-29,2064.2,2109.9,2023.0,2067.75,2073.937962202136,12170,2192,25239825.0,2985.0,24.53,86.9,3.55,1398709800.0,0.0,1.9650870358498995,8392.19,-0.6595714206235503,0.5935246838039959,0.02,-56.52037238544312,130.82473108926274,-134.1762090452645,259.85,2252.15,1992.3000000000002,56920.9,56494.6,-9463.9,6255.7,22.81,2014,110307.8,108715.7,-19087.4,7744.2,28.229999999999997,233415.59999999998,230452.30000000002,-38106.700000000004,19799.5,72.17,475852.1,470316.19999999995,-77693.9,43387.3,158.11999999999998,90.65103024989041,2079.3,2108.05,2015.0,2027.9
2014-04-28,2100.0,2100.0,2045.0,2050.8,2055.744053437601,6138,1360,12618157.0,2891.0,47.1,55.0,-49.2,1398623400.0,0.0,-0.8197315923104687,8447.91,-0.096262439318584,0.5937797515824523,0.03,-56.1610103374293,129.3022771312668,-132.95027093893083,259.85,2252.15,1992.3000000000002,56920.9,56494.6,-9463.9,6255.7,22.81,2014,110307.8,108715.7,-19087.4,7744.2,28.229999999999997,233415.59999999998,230452.30000000002,-38106.700000000004,19799.5,72.17,475852.1,470316.19999999995,-77693.9,43387.3,158.11999999999998,89.90793511617713,2064.2,2109.9,2023.0,2067.75
2014-04-25,2190.0,2196.75,2066.3,2083.3,2122.2691742220045,16324,3872,34643922.0,7206.0,44.14,130.45,-106.7,1398364200.0,0.0,1.5847474156426733,8456.05,-0.6583577006352259,0.5938281342600911,0.03,-56.8449095185523,129.08154516588715,-133.50934780779295,259.85,2252.15,1992.3000000000002,56920.9,56494.6,-9463.9,6255.7,22.81,2014,110307.8,108715.7,-19087.4,7744.2,28.229999999999997,233415.59999999998,230452.30000000002,-38106.700000000004,19799.5,72.17,475852.1,470316.19999999995,-77693.9,43387.3,158.11999999999998,91.33274879438844,2100.0,2100.0,2045.0,2050.8
2014-04-23,2217.0,2217.0,2158.25,2170.5,2181.6698002350176,7659,1632,16709409.0,2095.0,27.35,58.75,-46.5,1398191400.0,0.0,4.185666970671531,8512.09,0.3156042619538945,0.5939728984587611,0.02,-58.57866850956002,127.5733691725534,-134.36191290516194,259.85,2252.15,1992.3000000000002,56920.9,56494.6,-9463.9,6255.7,22.81,2014,110307.8,108715.7,-19087.4,7744.2,28.229999999999997,233415.59999999998,230452.30000000002,-38106.700000000004,19799.5,72.17,475852.1,470316.19999999995,-77693.9,43387.3,158.11999999999998,95.15563349408154,2190.0,2196.75,2066.3,2083.3
2014-04-22,2211.0,2213.0,2195.0,2201.0,2205.596851654216,7496,666,16533154.0,3602.0,48.05,18.0,-10.0,1398105000.0,0.0,1.405206173692708,8485.31,-0.0336939528779556,0.5954031099144071,0.03,-59.15265788278056,128.29160042473404,-135.55001365826627,259.85,2252.15,1992.3000000000002,56920.9,56494.6,-9463.9,6255.7,22.81,2014,110307.8,108715.7,-19087.4,7744.2,28.229999999999997,233415.59999999998,230452.30000000002,-38106.700000000004,19799.5,72.17,475852.1,470316.19999999995,-77693.9,43387.3,158.11999999999998,96.49276633055678,2217.0,2217.0,2158.25,2170.5
2014-04-21,2225.0,2237.95,2215.35,2224.75,2228.0641095890405,3650,844,8132434.0,1326.0,36.33,22.6,-0.25,1398018600.0,0.0,1.079054975011351,8488.17,0.6696150602902629,0.5955702400087179,0.04,-59.58871783346444,128.2146799604626,-135.96574274055777,259.85,2252.15,1992.3000000000002,56920.9,56494.6,-9463.9,6255.7,22.81,2014,110307.8,108715.7,-19087.4,7744.2,28.229999999999997,233415.59999999998,230452.30000000002,-38106.700000000004,19799.5,72.17,475852.1,470316.19999999995,-77693.9,43387.3,158.11999999999998,97.53397632617273,2211.0,2213.0,2195.0,2201.0
2014-04-17,2190.0,2224.0,2185.0,2218.0,2212.953869499241,3295,611,7291683.0,1530.0,46.43,39.0,28.0,1397673000.0,0.0,-0.3034048769524622,8431.71,1.471825316117492,0.5956157006302925,0.03,-59.465734896302976,129.74283982727113,-136.75473887076797,259.85,2252.15,1992.3000000000002,56920.9,56494.6,-9463.9,6255.7,22.81,2014,110307.8,108715.7,-19087.4,7744.2,28.229999999999997,233415.59999999998,230452.30000000002,-38106.700000000004,19799.5,72.17,475852.1,470316.19999999995,-77693.9,43387.3,158.11999999999998,97.23805348531346,2225.0,2237.95,2215.35,2224.75
2014-04-16,2220.0,2233.5,2187.75,2196.95,2214.543504350436,6666,804,14762147.0,4317.0,64.76,45.75,-23.05,1397586600.0,0.0,-0.9490532010820618,8309.41,-0.9084632089095712,0.5953395502198674,0.04,-59.077357245271855,133.1242531058162,-138.34767663063548,259.85,2252.15,1992.3000000000002,56920.9,56494.6,-9463.9,6255.7,22.81,2014,110307.8,108715.7,-19087.4,7744.2,28.229999999999997,233415.59999999998,230452.30000000002,-38106.700000000004,19799.5,72.17,475852.1,470316.19999999995,-77693.9,43387.3,158.11999999999998,96.3152126260412,2190.0,2224.0,2185.0,2218.0
2014-04-15,2274.0,2274.0,2205.25,2214.15,2221.674098360656,3050,751,6776106.0,1138.0,37.31,68.75,-59.85,1397500200.0,0.0,0.7829035708596166,8385.59,-0.6558503485982081,0.5952864897079084,0.04,-59.39525325745771,131.00640503530462,-137.39778478058835,259.85,2252.15,1992.3000000000002,56920.9,56494.6,-9463.9,6255.7,22.81,2014,110307.8,108715.7,-19087.4,7744.2,28.229999999999997,233415.59999999998,230452.30000000002,-38106.700000000004,19799.5,72.17,475852.1,470316.19999999995,-77693.9,43387.3,158.11999999999998,97.06926786497151,2220.0,2233.5,2187.75,2196.95
2014-04-11,2243.0,2274.95,2226.0,2252.15,2252.5501623125674,6469,1360,14571747.0,2475.0,38.26,48.95,9.15,1397154600.0,0.0,1.716234220807089,8440.95,-0.2296587150931617,0.5952752751949104,0.04,-60.080367648691244,129.49134872259637,-137.17955488388714,259.85,2252.15,1992.3000000000002,56920.9,56494.6,-9463.9,6255.7,22.81,2014,110307.8,108715.7,-19087.4,7744.2,28.229999999999997,233415.59999999998,230452.30000000002,-38106.700000000004,19799.5,72.17,475852.1,470316.19999999995,-77693.9,43387.3,158.11999999999998,98.73520385795705,2274.0,2274.0,2205.25,2214.15
2014-04-10,2213.0,2253.8,2205.0,2242.0,2238.205314916297,13321,1900,29815133.0,6806.0,51.09,48.8,29.0,1397068200.0,0.0,-0.4506804608929271,8460.38,0.2924472273228895,0.5955145326440434,0.04,-59.89964317573595,128.9643018398701,-136.71593853236578,259.85,2242.0,1982.15,56920.9,56494.6,-9463.9,6255.7,22.81,2014,110307.8,108715.7,-19087.4,7744.2,28.229999999999997,233415.59999999998,230452.30000000002,-38106.700000000004,19799.5,72.17,475852.1,470316.19999999995,-77693.9,43387.3,158.11999999999998,98.29022358614644,2243.0,2274.95,2226.0,2252.15
2014-04-09,2231.6,2231.6,2201.0,2220.45,2219.603940017641,3401,710,7548873.0,1266.0,18.61,30.6,-11.15,1396981800.0,0.0,-0.9611953612845725,8435.71,1.4904058432378742,0.5955196909724787,0.04,-59.51045959152423,129.63390159216002,-136.7261798196052,259.85,2220.45,1960.6,56920.9,56494.6,-9463.9,6255.7,22.81,2014,110307.8,108715.7,-19087.4,7744.2,28.229999999999997,233415.59999999998,230452.30000000002,-38106.700000000004,19799.5,72.17,475852.1,470316.19999999995,-77693.9,43387.3,158.11999999999998,97.34546251644015,2213.0,2253.8,2205.0,2242.0
2014-04-07,2159.8,2230.0,2159.8,2220.15,2213.475941112538,10121,1835,22402590.0,3697.0,18.26,70.2,60.35,1396809000.0,0.0,-0.013510774842928619,8311.83,-0.0592778918713565,0.5953002328249813,0.03,-59.504988401684564,133.0563786795447,-138.72562260148166,259.85,2220.15,1960.3000000000002,56920.9,56494.6,-9463.9,6255.7,22.81,2014,110307.8,108715.7,-19087.4,7744.2,28.229999999999997,233415.59999999998,230452.30000000002,-38106.700000000004,19799.5,72.17,475852.1,470316.19999999995,-77693.9,43387.3,158.11999999999998,97.33231039017976,2231.6,2231.6,2201.0,2220.45
2014-04-04,2142.7,2172.6,2117.0,2150.5,2141.9028708956503,5817,875,12459449.0,2568.0,44.15,55.6,7.8,1396549800.0,0.0,-3.1371754160754994,8316.76,-0.3745793917846574,0.5952990631710202,0.03,-58.19344338525924,132.91822777139174,-137.3316808840259,259.85,2188.9,1929.0500000000002,56920.9,56494.6,-9463.9,6255.7,22.81,2014,110307.8,108715.7,-19087.4,7744.2,28.229999999999997,233415.59999999998,230452.30000000002,-38106.700000000004,19799.5,72.17,475852.1,470316.19999999995,-77693.9,43387.3,158.11999999999998,94.27882507672074,2159.8,2230.0,2159.8,2220.15
2014-04-03,2128.0,2173.4,2115.05,2146.15,2149.904057730983,8453,1006,18173139.0,4107.0,48.59,58.35,18.15,1396463400.0,0.0,-0.20227853987444533,8348.03,-0.2939335741175886,0.5960621263185375,0.02,-58.10870628800411,132.0457640904501,-136.8242639605874,259.85,2188.9,1929.0500000000002,56920.9,56494.6,-9463.9,6255.7,22.81,2014,110307.8,108715.7,-19087.4,7744.2,28.229999999999997,233415.59999999998,230452.30000000002,-38106.700000000004,19799.5,72.17,475852.1,470316.19999999995,-77693.9,43387.3,158.11999999999998,94.08811924594477,2142.7,2172.6,2117.0,2150.5
2014-04-02,2160.0,2175.9,2108.0,2128.55,2144.6838729860783,6393,925,13710964.0,1627.0,25.45,67.9,-31.45,1396377000.0,0.0,-0.8200731542529649,8372.64,0.7637336054821198,0.5960497493176754,0.02,-57.76232646637383,131.36370368247054,-136.06970812076543,259.85,2188.9,1929.0500000000002,56920.9,56494.6,-9463.9,6255.7,22.81,2014,110307.8,108715.7,-19087.4,7744.2,28.229999999999997,233415.59999999998,230452.30000000002,-38106.700000000004,19799.5,72.17,475852.1,470316.19999999995,-77693.9,43387.3,158.11999999999998,93.31652783866727,2128.0,2173.4,2115.05,2146.15
2014-04-01,2180.0,2180.0,2130.0,2147.55,2133.6119395336923,39030,597,83274874.0,866.0,2.22,50.0,-32.45,1396290600.0,0.0,0.8926264358366076,8309.18,0.1678066751373608,0.596027887769619,0.04,-58.136015459477086,133.13070603838165,-137.50178786130098,259.85,2188.9,1929.0500000000002,56920.9,56494.6,-9463.9,6255.7,22.81,2014,110307.8,108715.7,-19087.4,7744.2,28.229999999999997,233415.59999999998,230452.30000000002,-38106.700000000004,19799.5,72.17,475852.1,470316.19999999995,-77693.9,43387.3,158.11999999999998,94.14949583516002,2160.0,2175.9,2108.0,2128.55
2014-03-31,2145.0,2194.0,2145.0,2188.9,2183.765893442075,59836,5403,130667816.0,44423.0,74.24,49.0,43.9,1396204200.0,0.0,1.9254499313170692,8295.26,0.4810097449594597,0.5960949407072598,0.05,-58.926858239298284,133.5219149249089,-138.53879145254626,259.85,2188.9,1929.0500000000002,59598.8,58318.7,-9279.4,8380.0,30.56,2014,111214.3,110312.6,-19161.1,10356.2,37.76,229361.7,226564.8,-38195.0,20147.300000000003,73.45,470447.7,464987.5,-78136.70000000001,41893.8,152.69,71.62630890052357,2180.0,2180.0,2130.0,2147.55
2014-03-28,2042.0,2154.0,2042.0,2136.95,2127.730431196313,70316,4355,149613493.0,41191.0,58.58,112.0,94.95,1395945000.0,0.0,-2.373338206405051,8255.55,1.0380957393035797,0.5963801547097751,0.04,-57.92835583424974,134.6451780923137,-138.24421276968064,259.85,2136.95,1877.1,59598.8,58318.7,-9279.4,8380.0,30.56,2014,111214.3,110312.6,-19161.1,10356.2,37.76,229361.7,226564.8,-38195.0,20147.300000000003,73.45,470447.7,464987.5,-78136.70000000001,41893.8,152.69,69.92637434554973,2145.0,2194.0,2145.0,2188.9
2014-03-27,1990.0,2072.0,1970.0,2055.85,2036.947156503763,74011,3195,150756496.0,58137.0,78.55,102.0,65.85,1395858600.0,0.0,-3.7951285710943083,8170.73,0.6388827988165868,0.5966904397255889,0.04,-56.268696646156094,137.08101968857127,-138.0797629445728,259.85,2055.85,1796.0,59598.8,58318.7,-9279.4,8380.0,30.56,2014,111214.3,110312.6,-19161.1,10356.2,37.76,229361.7,226564.8,-38195.0,20147.300000000003,73.45,470447.7,464987.5,-78136.70000000001,41893.8,152.69,67.27257853403141,2042.0,2154.0,2042.0,2136.95
2014-03-26,1988.95,1992.5,1981.0,1986.6,1989.9613387290065,57577,669,114576004.0,54810.0,95.19,11.5,-2.35,1395772200.0,0.0,-3.3684364131624345,8118.86,0.2166316311806193,0.5978024328759877,0.05,-54.74428672103091,138.59568954262053,-137.61723699409075,259.85,2052.1,1792.25,59598.8,58318.7,-9279.4,8380.0,30.56,2014,111214.3,110312.6,-19161.1,10356.2,37.76,229361.7,226564.8,-38195.0,20147.300000000003,73.45,470447.7,464987.5,-78136.70000000001,41893.8,152.69,65.0065445026178,1990.0,2072.0,1970.0,2055.85
2014-03-25,1967.0,1995.0,1967.0,1981.35,1980.4327655449376,14442,610,28601410.0,12249.0,84.82,28.0,14.35,1395685800.0,0.0,-0.26427061310781985,8101.31,0.2003683314141691,0.5987159843594678,0.05,-54.624372271431085,139.11256327680337,-137.9333517312532,259.85,2052.1,1792.25,59598.8,58318.7,-9279.4,8380.0,30.56,2014,111214.3,110312.6,-19161.1,10356.2,37.76,229361.7,226564.8,-38195.0,20147.300000000003,73.45,470447.7,464987.5,-78136.70000000001,41893.8,152.69,64.83475130890052,1988.95,1992.5,1981.0,1986.6
2014-03-24,1965.0,1980.0,1962.0,1970.0,1974.87509766715,8959,603,17692906.0,7765.0,86.67,18.0,5.0,1395599400.0,0.0,-0.5728417493123361,8085.11,1.0219508903804853,0.5987168076902949,0.06,-54.36294416243654,139.59166913004276,-137.9628996756742,259.85,2052.1,1792.25,59598.8,58318.7,-9279.4,8380.0,30.56,2014,111214.3,110312.6,-19161.1,10356.2,37.76,229361.7,226564.8,-38195.0,20147.300000000003,73.45,470447.7,464987.5,-78136.70000000001,41893.8,152.69,64.46335078534031,1967.0,1995.0,1967.0,1981.35
2014-03-22,1946.4,1953.55,1944.35,1950.35,1950.355555555556,630,40,1228724.0,259.0,41.11,9.2,3.95,1395426600.0,0.0,-0.9974619289340181,8003.32,0.1494109903420915,0.5986068053907149,,-53.90314558925321,142.0401783259947,,259.85,2052.1,1792.25,59598.8,58318.7,-9279.4,8380.0,30.56,2014,111214.3,110312.6,-19161.1,10356.2,37.76,229361.7,226564.8,-38195.0,20147.300000000003,73.45,470447.7,464987.5,-78136.70000000001,41893.8,152.69,63.82035340314136,1965.0,1980.0,1962.0,1970.0
2014-03-21,1950.0,1964.6,1942.0,1952.3,1951.557710960233,4124,501,8048224.0,1665.0,40.37,22.6,2.3,1395340200.0,0.0,0.09998205450303388,7991.38,0.272030314817373,0.5986827749402839,0.06,-53.9491881370691,142.40181295345735,-139.22677970607577,259.85,2052.1,1792.25,59598.8,58318.7,-9279.4,8380.0,30.56,2014,111214.3,110312.6,-19161.1,10356.2,37.76,229361.7,226564.8,-38195.0,20147.300000000003,73.45,470447.7,464987.5,-78136.70000000001,41893.8,152.69,63.88416230366492,1946.4,1953.55,1944.35,1950.35
2014-03-20,1970.0,1970.0,1935.25,1942.55,1950.470466321244,1930,461,3764408.0,798.0,41.35,34.75,-27.45,1395253800.0,0.0,-0.4994109511857858,7969.7,-0.534289504786889,0.5986761401908223,0.06,-53.71805101541788,143.06121936835768,-139.3894690694473,259.85,2052.1,1792.25,59598.8,58318.7,-9279.4,8380.0,30.56,2014,111214.3,110312.6,-19161.1,10356.2,37.76,229361.7,226564.8,-38195.0,20147.300000000003,73.45,470447.7,464987.5,-78136.70000000001,41893.8,152.69,63.56511780104712,1950.0,1964.6,1942.0,1952.3
2014-03-19,1970.0,1983.0,1970.0,1975.65,1978.542662116041,4102,511,8115982.0,2706.0,65.97,13.0,5.65,1395167400.0,0.0,1.7039458443798061,8012.51,0.1868067425480513,0.5986505387464477,0.06,-54.49345784931542,141.7625687830655,-139.38377699305312,259.85,2052.1,1792.25,59598.8,58318.7,-9279.4,8380.0,30.56,2014,111214.3,110312.6,-19161.1,10356.2,37.76,229361.7,226564.8,-38195.0,20147.300000000003,73.45,470447.7,464987.5,-78136.70000000001,41893.8,152.69,64.6482329842932,1970.0,1970.0,1935.25,1942.55
2014-03-18,1970.0,1983.65,1956.0,1964.3,1975.765089722676,5517,496,10900296.0,4295.0,77.85,27.65,-5.7,1395081000.0,0.0,-0.5744944701743804,7997.57,0.4647908378420107,0.5988936289053771,0.05,-54.23051468716591,142.2141975625096,-139.42174686579824,259.85,2052.1,1792.25,59598.8,58318.7,-9279.4,8380.0,30.56,2014,111214.3,110312.6,-19161.1,10356.2,37.76,229361.7,226564.8,-38195.0,20147.300000000003,73.45,470447.7,464987.5,-78136.70000000001,41893.8,152.69,64.27683246073299,1970.0,1983.0,1970.0,1975.65
2014-03-14,1969.95,1977.5,1935.2,1968.4,1960.203209520375,5546,628,10871287.0,814.0,14.68,42.3,-1.55,1394735400.0,0.0,0.20872575472179467,7960.57,0.0453690856809574,0.5988927069450131,0.05,-54.32584840479577,143.33998696073272,-140.1911765738246,259.85,2052.1,1792.25,59598.8,58318.7,-9279.4,8380.0,30.56,2014,111214.3,110312.6,-19161.1,10356.2,37.76,229361.7,226564.8,-38195.0,20147.300000000003,73.45,470447.7,464987.5,-78136.70000000001,41893.8,152.69,64.41099476439791,1970.0,1983.65,1956.0,1964.3
2014-03-13,1951.45,2010.0,1951.45,1958.1,1983.6713166911409,4086,711,8105281.0,1301.0,31.84,58.55,6.65,1394649000.0,0.0,-0.5232676285307991,7956.96,-0.3926978479857457,0.5988972032387063,0.05,-54.08559317705939,143.45038808791296,-140.01768454625554,259.85,2052.1,1792.25,59598.8,58318.7,-9279.4,8380.0,30.56,2014,111214.3,110312.6,-19161.1,10356.2,37.76,229361.7,226564.8,-38195.0,20147.300000000003,73.45,470447.7,464987.5,-78136.70000000001,41893.8,152.69,64.07395287958116,1969.95,1977.5,1935.2,1968.4
2014-03-12,2006.9,2006.9,1953.0,1963.0,1968.704298291041,3862,594,7603136.0,971.0,25.14,53.9,-43.9,1394562600.0,0.0,0.250242582094895,7988.33,0.0498475141996523,0.5988927948007778,0.05,-54.2002037697402,142.4943636529788,-139.559106821491,259.85,2052.1,1792.25,59598.8,58318.7,-9279.4,8380.0,30.56,2014,111214.3,110312.6,-19161.1,10356.2,37.76,229361.7,226564.8,-38195.0,20147.300000000003,73.45,470447.7,464987.5,-78136.70000000001,41893.8,152.69,64.23429319371728,1951.45,2010.0,1951.45,1958.1
2014-03-11,1987.0,2016.5,1972.3,2001.0,2003.474432935624,15254,1664,30560999.0,8227.0,53.93,44.2,14.0,1394476200.0,0.0,1.9358125318390318,7984.35,-0.4076322528417608,0.5988990117369052,0.05,-55.06996501749126,142.61524106533403,-140.50214699955345,259.85,2052.1,1792.25,59598.8,58318.7,-9279.4,8380.0,30.56,2014,111214.3,110312.6,-19161.1,10356.2,37.76,229361.7,226564.8,-38195.0,20147.300000000003,73.45,470447.7,464987.5,-78136.70000000001,41893.8,152.69,65.47774869109948,2006.9,2006.9,1953.0,1963.0
2014-03-10,1973.0,2007.1,1961.3,1989.75,1993.1674042603408,16947,2744,33778208.0,9789.0,57.76,45.8,16.75,1394389800.0,0.0,-0.5622188905547221,8017.03,0.2765506096371162,0.5991898092898381,0.05,-54.815931649704744,141.62626309244197,-139.696985732033,259.85,2052.1,1792.25,59598.8,58318.7,-9279.4,8380.0,30.56,2014,111214.3,110312.6,-19161.1,10356.2,37.76,229361.7,226564.8,-38195.0,20147.300000000003,73.45,470447.7,464987.5,-78136.70000000001,41893.8,152.69,65.10962041884817,1987.0,2016.5,1972.3,2001.0
2014-03-07,1958.0,1995.0,1941.9,1973.6,1977.5599545836008,20257,1797,40059432.0,11106.0,54.83,53.1,15.6,1394130600.0,0.0,-0.8116597562507932,7994.92,1.3809247250197163,0.599205296160449,0.06,-54.44618970409404,142.2944819960675,-139.73384461277573,259.85,2052.1,1792.25,59598.8,58318.7,-9279.4,8380.0,30.56,2014,111214.3,110312.6,-19161.1,10356.2,37.76,229361.7,226564.8,-38195.0,20147.300000000003,73.45,470447.7,464987.5,-78136.70000000001,41893.8,152.69,64.58115183246073,1973.0,2007.1,1961.3,1989.75
2014-03-06,1885.0,1963.7,1885.0,1958.8,1942.2212162960047,10162,1773,19736852.0,4749.0,46.73,78.7,73.8,1394044200.0,0.0,-0.7498986623429293,7886.02,1.2365046150686343,0.5990055841215199,0.05,-54.10200122523994,145.64038640530964,-141.36145567643024,259.85,2052.1,1792.25,59598.8,58318.7,-9279.4,8380.0,30.56,2014,111214.3,110312.6,-19161.1,10356.2,37.76,229361.7,226564.8,-38195.0,20147.300000000003,73.45,470447.7,464987.5,-78136.70000000001,41893.8,152.69,64.09685863874346,1958.0,1995.0,1941.9,1973.6
2014-03-05,1890.0,1906.0,1855.0,1894.25,1896.3863764611044,12405,1451,23524673.0,6596.0,53.17,51.0,4.25,1393957800.0,0.0,-3.295384929548706,7789.7,0.4954007714834896,0.5988487458832609,0.06,-52.53794377722054,148.6777411196837,-141.59749166274625,259.85,2052.1,1792.25,59598.8,58318.7,-9279.4,8380.0,30.56,2014,111214.3,110312.6,-19161.1,10356.2,37.76,229361.7,226564.8,-38195.0,20147.300000000003,73.45,470447.7,464987.5,-78136.70000000001,41893.8,152.69,61.98462041884817,1885.0,1963.7,1885.0,1958.8
2014-03-04,1842.0,1887.0,1830.1,1876.4,1861.306542810985,4952,828,9217190.0,3300.0,66.64,56.9,34.4,1393871400.0,0.0,-0.942325458624782,7751.3,1.2160868719289342,0.5997029564317936,0.05,-52.086442123214674,149.90969256769833,-142.00774280602303,259.85,2052.1,1792.25,59598.8,58318.7,-9279.4,8380.0,30.56,2014,111214.3,110312.6,-19161.1,10356.2,37.76,229361.7,226564.8,-38195.0,20147.300000000003,73.45,470447.7,464987.5,-78136.70000000001,41893.8,152.69,61.40052356020943,1890.0,1906.0,1855.0,1894.25
2014-03-03,1840.0,1842.5,1820.1,1826.65,1830.8720979316167,2369,469,4337336.0,836.0,35.29,22.4,-13.35,1393785000.0,0.0,-2.6513536559369055,7658.17,-0.669022990369339,0.5995788313814449,0.05,-50.7814852325295,152.94881153069207,-142.50637596971362,259.85,2052.1,1792.25,59598.8,58318.7,-9279.4,8380.0,30.56,2014,111214.3,110312.6,-19161.1,10356.2,37.76,229361.7,226564.8,-38195.0,20147.300000000003,73.45,470447.7,464987.5,-78136.70000000001,41893.8,152.69,59.77257853403142,1842.0,1887.0,1830.1,1876.4
2014-02-28,1844.1,1863.0,1825.05,1839.85,1840.5793548387096,3875,628,7132245.0,1765.0,45.55,37.95,-4.25,1393525800.0,0.0,0.7226343306051985,7709.75,0.6314797484000989,0.6000838493490234,0.05,-51.134603364404704,151.25652582768572,-141.92119742977485,259.85,2052.1,1792.25,59598.8,58318.7,-9279.4,8380.0,30.56,2014,111214.3,110312.6,-19161.1,10356.2,37.76,229361.7,226564.8,-38195.0,20147.300000000003,73.45,470447.7,464987.5,-78136.70000000001,41893.8,152.69,60.20451570680628,1840.0,1842.5,1820.1,1826.65
2014-02-26,1851.35,1859.9,1819.1,1842.35,1842.125201793721,5575,1007,10269848.0,1431.0,25.67,40.8,-9.0,1393353000.0,0.0,0.13588064244367537,7661.37,0.4235122020274984,0.6000797729253943,0.05,-51.200911878850384,152.84315990482122,-142.93899657908895,259.85,2052.1,1792.25,59598.8,58318.7,-9279.4,8380.0,30.56,2014,111214.3,110312.6,-19161.1,10356.2,37.76,229361.7,226564.8,-38195.0,20147.300000000003,73.45,470447.7,464987.5,-78136.70000000001,41893.8,152.69,60.286321989528794,1844.1,1863.0,1825.05,1839.85
2014-02-25,1832.0,1875.0,1832.0,1859.95,1852.5551577955723,10615,1773,19664873.0,3850.0,36.27,43.0,27.95,1393266600.0,0.0,0.9553016527804159,7629.06,0.2358394504875294,0.6000604152115537,0.05,-51.662679104277,153.91398153901002,-144.0403637526782,259.85,2052.1,1792.25,59598.8,58318.7,-9279.4,8380.0,30.56,2014,111214.3,110312.6,-19161.1,10356.2,37.76,229361.7,226564.8,-38195.0,20147.300000000003,73.45,470447.7,464987.5,-78136.70000000001,41893.8,152.69,60.86223821989529,1851.35,1859.9,1819.1,1842.35
2014-02-24,1820.0,1840.0,1776.0,1832.6,1821.2350589510768,14758,2045,26877787.0,4223.0,28.61,64.0,12.6,1393180200.0,0.0,-1.470469636280547,7611.11,0.4284409867733485,0.6001337126190811,0.05,-50.941285605151144,154.51281087778264,-143.6896257588138,259.85,2052.1,1792.25,59598.8,58318.7,-9279.4,8380.0,30.56,2014,111214.3,110312.6,-19161.1,10356.2,37.76,229361.7,226564.8,-38195.0,20147.300000000003,73.45,470447.7,464987.5,-78136.70000000001,41893.8,152.69,59.967277486910994,1832.0,1875.0,1832.0,1859.95
2014-02-21,1700.0,1809.0,1694.75,1795.45,1767.583036728512,13205,2035,23340934.0,4930.0,37.33,114.25,95.45,1392921000.0,0.0,-2.027174506166096,7578.64,0.866435794578857,0.6002857243584404,0.05,-49.92620234481606,155.60324807617198,-143.3525965425291,259.85,2052.1,1792.25,59598.8,58318.7,-9279.4,8380.0,30.56,2014,111214.3,110312.6,-19161.1,10356.2,37.76,229361.7,226564.8,-38195.0,20147.300000000003,73.45,470447.7,464987.5,-78136.70000000001,41893.8,152.69,58.75163612565446,1820.0,1840.0,1776.0,1832.6
2014-02-20,1700.55,1708.45,1683.0,1700.2,1697.304430681277,2099,382,3562642.0,1046.0,49.83,25.45,-0.35,1392834600.0,0.0,-5.30507672171322,7513.54,-0.7004522542668146,0.6005228569413315,0.05,-47.12092694977061,157.81788610961013,-141.91414864990827,259.85,2052.1,1792.25,59598.8,58318.7,-9279.4,8380.0,30.56,2014,111214.3,110312.6,-19161.1,10356.2,37.76,229361.7,226564.8,-38195.0,20147.300000000003,73.45,470447.7,464987.5,-78136.70000000001,41893.8,152.69,55.63481675392671,1700.0,1809.0,1694.75,1795.45
2014-02-19,1691.0,1714.8,1691.0,1706.1,1710.567813765182,3952,500,6760164.0,2994.0,75.76,23.8,15.1,1392748200.0,0.0,0.3470179978825927,7566.54,0.440307591423239,0.6027783630844967,0.06,-47.303792274778736,156.01199491445232,-141.36828048907407,259.85,2052.1,1792.25,59598.8,58318.7,-9279.4,8380.0,30.56,2014,111214.3,110312.6,-19161.1,10356.2,37.76,229361.7,226564.8,-38195.0,20147.300000000003,73.45,470447.7,464987.5,-78136.70000000001,41893.8,152.69,55.827879581151834,1700.55,1708.45,1683.0,1700.2
2014-02-18,1675.0,1702.9,1675.0,1691.7,1693.2483527622912,1973,425,3340779.0,1113.0,56.41,27.9,16.7,1392661800.0,0.0,-0.8440302444170822,7533.37,0.8371225151689865,0.602765980634162,0.05,-46.85523437961814,157.13923516301472,-141.59328125972317,259.85,2052.1,1792.25,59598.8,58318.7,-9279.4,8380.0,30.56,2014,111214.3,110312.6,-19161.1,10356.2,37.76,229361.7,226564.8,-38195.0,20147.300000000003,73.45,470447.7,464987.5,-78136.70000000001,41893.8,152.69,55.35667539267016,1691.0,1714.8,1691.0,1706.1
2014-02-17,1675.0,1677.95,1657.0,1665.0,1665.422839506173,1620,306,2697985.0,526.0,32.47,20.95,-10.0,1392575400.0,0.0,-1.5782940237630827,7470.83,0.2742134650488559,0.6027325003802053,,-46.00300300300301,159.29180559589767,,259.85,2052.1,1792.25,59598.8,58318.7,-9279.4,8380.0,30.56,2014,111214.3,110312.6,-19161.1,10356.2,37.76,229361.7,226564.8,-38195.0,20147.300000000003,73.45,470447.7,464987.5,-78136.70000000001,41893.8,152.69,54.48298429319372,1675.0,1702.9,1675.0,1691.7
2014-02-14,1686.1,1686.1,1652.0,1665.2,1665.1167168674697,3984,752,6633825.0,1203.0,30.2,34.1,-20.9,1392316200.0,0.0,0.01201201201201929,7450.4,0.5722184500290828,0.6029283341415901,0.02,-46.009488349747784,160.0028186406099,-142.4876626840068,259.85,2052.1,1792.25,59598.8,58318.7,-9279.4,8380.0,30.56,2014,111214.3,110312.6,-19161.1,10356.2,37.76,229361.7,226564.8,-38195.0,20147.300000000003,73.45,470447.7,464987.5,-78136.70000000001,41893.8,152.69,54.48952879581152,1675.0,1677.95,1657.0,1665.0
2014-02-13,1707.0,1712.95,1677.0,1686.85,1696.803962460897,1918,385,3254470.0,693.0,36.13,35.95,-20.15,1392229800.0,0.0,1.3001441268315928,7408.01,-1.2589204074396898,0.602887292458195,0.03,-46.70243352995228,161.49060273946714,-144.07497915421783,259.85,2052.1,1792.25,59598.8,58318.7,-9279.4,8380.0,30.56,2014,111214.3,110312.6,-19161.1,10356.2,37.76,229361.7,226564.8,-38195.0,20147.300000000003,73.45,470447.7,464987.5,-78136.70000000001,41893.8,152.69,55.197971204188484,1686.1,1686.1,1652.0,1665.2
2014-02-12,1705.0,1712.05,1695.9,1708.0,1705.8339331997183,95299,899,162564268.0,91434.0,95.94,16.15,3.0,1392143400.0,0.0,1.253816284791176,7502.46,0.2193416011669668,0.6028022174267302,0.05,-47.362412177985945,158.1986441780429,-142.74476557154117,259.85,2052.1,1792.25,59598.8,58318.7,-9279.4,8380.0,30.56,2014,111214.3,110312.6,-19161.1,10356.2,37.76,229361.7,226564.8,-38195.0,20147.300000000003,73.45,470447.7,464987.5,-78136.70000000001,41893.8,152.69,55.890052356020945,1707.0,1712.95,1677.0,1686.85
2014-02-11,1723.0,1724.0,1691.6,1699.3,1701.0451559934318,2436,421,4143746.0,810.0,33.25,32.4,-23.7,1392057000.0,0.0,-0.509367681498829,7486.04,0.1718139485093361,0.6029323934117381,0.05,-47.09292061437063,158.76498121837446,-142.83732411066418,259.85,2052.1,1792.25,59598.8,58318.7,-9279.4,8380.0,30.56,2014,111214.3,110312.6,-19161.1,10356.2,37.76,229361.7,226564.8,-38195.0,20147.300000000003,73.45,470447.7,464987.5,-78136.70000000001,41893.8,152.69,55.6053664921466,1705.0,1712.05,1695.9,1708.0
2014-02-10,1740.0,1748.0,1720.25,1723.9,1727.6154175588863,2335,402,4033982.0,985.0,42.18,27.75,-16.1,1391970600.0,0.0,1.4476549167304231,7473.2,-0.1884521944463424,0.6029498362661728,0.07,-47.84790301061547,159.20957554996522,-143.87108403193525,259.85,2052.1,1792.25,59598.8,58318.7,-9279.4,8380.0,30.56,2014,111214.3,110312.6,-19161.1,10356.2,37.76,229361.7,226564.8,-38195.0,20147.300000000003,73.45,470447.7,464987.5,-78136.70000000001,41893.8,152.69,56.41034031413613,1723.0,1724.0,1691.6,1699.3
2014-02-07,1710.0,1735.0,1695.0,1728.4,1720.9406909202075,3271,594,5629197.0,1730.0,52.89,40.0,18.4,1391711400.0,0.0,0.2610360229711617,7487.31,0.4293589795179242,0.6031231505228781,0.08,-47.98368433233049,158.72108941662626,-143.74379798366772,259.85,2052.1,1792.25,59598.8,58318.7,-9279.4,8380.0,30.56,2014,111214.3,110312.6,-19161.1,10356.2,37.76,229361.7,226564.8,-38195.0,20147.300000000003,73.45,470447.7,464987.5,-78136.70000000001,41893.8,152.69,56.55759162303666,1740.0,1748.0,1720.25,1723.9
2014-02-06,1687.05,1702.95,1652.0,1699.05,1682.6328492534262,4889,815,8226392.0,2041.0,41.75,50.95,12.0,1391625000.0,0.0,-1.6981022911363164,7455.3,0.1986420303957237,0.6031073526782696,0.07,-47.08513581118861,159.83193164594317,-143.50873146494007,259.85,2052.1,1792.25,59598.8,58318.7,-9279.4,8380.0,30.56,2014,111214.3,110312.6,-19161.1,10356.2,37.76,229361.7,226564.8,-38195.0,20147.300000000003,73.45,470447.7,464987.5,-78136.70000000001,41893.8,152.69,55.597185863874344,1710.0,1735.0,1695.0,1728.4
2014-02-05,1677.95,1684.8,1661.0,1676.75,1670.30197545071,10428,1483,17417909.0,5643.0,54.11,23.8,-1.2,1391538600.0,0.0,-1.3124981607368746,7440.52,0.3696149529482939,0.6033401185564485,0.07,-46.38139257492173,160.34806707058107,-143.15358056328452,259.85,2052.1,1792.25,59598.8,58318.7,-9279.4,8380.0,30.56,2014,111214.3,110312.6,-19161.1,10356.2,37.76,229361.7,226564.8,-38195.0,20147.300000000003,73.45,470447.7,464987.5,-78136.70000000001,41893.8,152.69,54.867473821989535,1687.05,1702.95,1652.0,1699.05
2014-02-04,1661.0,1716.75,1661.0,1675.7,1680.2400272758268,2933,642,4928144.0,893.0,30.45,55.75,14.7,1391452200.0,0.0,-0.06262114209034664,7413.12,0.10127443752177,0.6034647944491746,0.06,-46.34779495136362,161.31035245618585,-143.71670575119276,259.85,2052.1,1792.25,59598.8,58318.7,-9279.4,8380.0,30.56,2014,111214.3,110312.6,-19161.1,10356.2,37.76,229361.7,226564.8,-38195.0,20147.300000000003,73.45,470447.7,464987.5,-78136.70000000001,41893.8,152.69,54.83311518324608,1677.95,1684.8,1661.0,1676.75
2014-02-03,1715.0,1735.7,1680.05,1692.8,1716.5432473444612,3954,749,6787212.0,1178.0,29.79,55.65,-22.2,1391365800.0,0.0,1.0204690577072295,7405.62,-1.245496078154218,0.6034642303390877,0.05,-46.88976843100189,161.57499304582194,-144.4143240399253,259.85,2052.1,1792.25,59598.8,58318.7,-9279.4,8380.0,30.56,2014,111214.3,110312.6,-19161.1,10356.2,37.76,229361.7,226564.8,-38195.0,20147.300000000003,73.45,470447.7,464987.5,-78136.70000000001,41893.8,152.69,55.39267015706806,1661.0,1716.75,1661.0,1675.7
2014-01-31,1692.0,1716.0,1680.05,1707.2,1700.755183413078,2508,566,4265494.0,1077.0,42.94,35.95,15.2,1391106600.0,0.0,0.8506616257088817,7499.02,0.7124659379503351,0.6033287670700627,0.02,-47.33774601686973,158.31708676600408,-142.8629322061857,259.85,2052.1,1792.25,59598.8,58318.7,-9279.4,8380.0,30.56,2014,111214.3,110312.6,-19161.1,10356.2,37.76,229361.7,226564.8,-38195.0,20147.300000000003,73.45,470447.7,464987.5,-78136.70000000001,41893.8,152.69,55.86387434554974,1715.0,1735.7,1680.05,1692.8
2014-01-30,1700.0,1700.0,1666.2,1686.25,1684.6713893967092,2188,552,3686061.0,520.0,23.77,33.8,-13.75,1391020200.0,0.0,-1.2271555763823883,7445.97,-0.9762772994581947,0.603326923317436,0.02,-46.68346923647147,160.15750802111745,-143.3187392585735,259.85,2052.1,1792.25,59598.8,58318.7,-9279.4,8380.0,30.56,2014,111214.3,110312.6,-19161.1,10356.2,37.76,229361.7,226564.8,-38195.0,20147.300000000003,73.45,470447.7,464987.5,-78136.70000000001,41893.8,152.69,55.17833769633508,1692.0,1716.0,1680.05,1707.2
2014-01-29,1705.0,1725.0,1672.55,1701.4,1704.0543478260863,2484,584,4232871.0,670.0,26.97,52.45,-3.6,1390933800.0,0.0,0.8984432913269114,7519.38,-0.0216726210974349,0.603309316115351,0.04,-47.15822264017868,157.61764932747116,-142.2662864909999,259.85,2052.1,1792.25,59598.8,58318.7,-9279.4,8380.0,30.56,2014,111214.3,110312.6,-19161.1,10356.2,37.76,229361.7,226564.8,-38195.0,20147.300000000003,73.45,470447.7,464987.5,-78136.70000000001,41893.8,152.69,55.67408376963351,1700.0,1700.0,1666.2,1686.25
2014-01-28,1691.45,1707.3,1670.0,1695.95,1686.0195068089804,2717,540,4580915.0,953.0,35.08,37.3,4.5,1390847400.0,0.0,-0.3203244386975501,7521.01,-0.0937823373055701,0.6033792941542341,0.05,-46.98841357351338,157.56181683045227,-142.07778243362267,259.85,2052.1,1792.25,59598.8,58318.7,-9279.4,8380.0,30.56,2014,111214.3,110312.6,-19161.1,10356.2,37.76,229361.7,226564.8,-38195.0,20147.300000000003,73.45,470447.7,464987.5,-78136.70000000001,41893.8,152.69,55.495746073298434,1705.0,1725.0,1672.55,1701.4
2014-01-27,1699.0,1706.95,1662.0,1700.85,1698.583124058262,11946,817,20291274.0,8580.0,71.82,44.95,1.85,1390761000.0,0.0,0.2889236121347727,7528.07,-2.257229366184021,0.6033849098079012,0.05,-47.14113531469559,157.32026933862198,-142.08564259504433,259.85,2052.1,1792.25,59598.8,58318.7,-9279.4,8380.0,30.56,2014,111214.3,110312.6,-19161.1,10356.2,37.76,229361.7,226564.8,-38195.0,20147.300000000003,73.45,470447.7,464987.5,-78136.70000000001,41893.8,152.69,55.656086387434556,1691.45,1707.3,1670.0,1695.95
2014-01-24,1710.0,1726.0,1691.9,1699.9,1700.170787545787,26208,1508,44558076.0,24595.0,93.85,34.1,-10.1,1390501800.0,0.0,-0.055854425728296686,7701.92,-1.3488778990755956,0.6026649559090348,0.04,-47.1115947996941,151.5119606539668,-138.43843728867208,259.85,2052.1,1792.25,59598.8,58318.7,-9279.4,8380.0,30.56,2014,111214.3,110312.6,-19161.1,10356.2,37.76,229361.7,226564.8,-38195.0,20147.300000000003,73.45,470447.7,464987.5,-78136.70000000001,41893.8,152.69,55.62500000000001,1699.0,1706.95,1662.0,1700.85
2014-01-23,1699.0,1719.5,1677.55,1709.7,1702.6433348194382,4486,783,7638058.0,1168.0,26.04,41.95,10.7,1390415400.0,0.0,0.5765045002647184,7807.23,-0.0323953617012651,0.6024001446513618,0.04,-47.41475112592853,148.11937140317374,-136.65778587908312,259.85,2052.1,1792.25,59598.8,58318.7,-9279.4,8380.0,30.56,2014,111214.3,110312.6,-19161.1,10356.2,37.76,229361.7,226564.8,-38195.0,20147.300000000003,73.45,470447.7,464987.5,-78136.70000000001,41893.8,152.69,55.94568062827226,1710.0,1726.0,1691.9,1699.9
2014-01-22,1699.0,1713.7,1670.0,1700.15,1695.9479392624733,19823,1198,33618776.0,16810.0,84.8,43.7,1.15,1390329000.0,0.0,-0.5585775282213268,7809.76,0.3273263551670791,0.6024291411260467,0.04,-47.11937182013352,148.0389922353568,-136.3182776,259.85,2052.1,1792.25,59598.8,58318.7,-9279.4,8380.0,30.56,2014,111214.3,110312.6,-19161.1,10356.2,37.76,229361.7,226564.8,-38195.0,20147.300000000003,73.45,470447.7,464987.5,-78136.70000000001,41893.8,152.69,55.63318062827226,1699.0,1719.5,1677.55,1709.7
2014-01-21,1720.0,1720.0,1696.6,1700.2,1705.9749193837335,8373,673,14284128.0,5900.0,70.46,23.4,-19.8,1390242600.0,0.0,0.002940916977900443,7784.28,0.1837837837837863,0.6024415062182691,0.04,-47.12092694977061,148.85088922803394,-136.81078319798738,259.85,2052.1,1792.25,59598.8,58318.7,-9279.4,8380.0,30.56,2014,111214.3,110312.6,-19161.1,10356.2,37.76,229361.7,226564.8,-38195.0,20147.300000000003,73.45,470447.7,464987.5,-78136.70000000001,41893.8,152.69,55.63481675392671,1699.0,1713.7,1670.0,1700.15
2014-01-20,1715.0,1724.8,1688.0,1719.95,1691.769255909884,315150,2022,533161081.0,301447.0,95.65,36.8,4.95,1390156200.0,0.0,1.161628043759566,7770.0,0.753381138240905,0.6024383029824714,,-47.72813163173348,149.3082368082368,,259.85,2052.1,1792.25,59598.8,58318.7,-9279.4,8380.0,30.56,2014,111214.3,110312.6,-19161.1,10356.2,37.76,229361.7,226564.8,-38195.0,20147.300000000003,73.45,470447.7,464987.5,-78136.70000000001,41893.8,152.69,56.281086387434556,1720.0,1720.0,1696.6,1700.2
2014-01-17,1754.0,1756.0,1705.65,1716.15,1738.5218884120168,3495,783,6076134.0,1019.0,29.16,50.35,-37.85,1389897000.0,0.0,-0.22093665513531757,7711.9,-1.0150199333074927,0.6024822683744325,0.05,-47.61238819450515,151.186478040431,-138.71943631842663,259.85,2052.1,1792.25,59598.8,58318.7,-9279.4,8380.0,30.56,2014,111214.3,110312.6,-19161.1,10356.2,37.76,229361.7,226564.8,-38195.0,20147.300000000003,73.45,470447.7,464987.5,-78136.70000000001,41893.8,152.69,56.15674083769634,1715.0,1724.8,1688.0,1719.95
2014-01-16,1705.0,1754.95,1700.2,1745.85,1736.523873211181,7477,1149,12983989.0,3029.0,40.51,54.75,40.85,1389810600.0,0.0,1.7306179529761323,7790.98,-0.1509722200862318,0.6023334162485707,0.04,-48.503594237763835,148.6368852185476,-138.04846375534837,259.85,2052.1,1792.25,59598.8,58318.7,-9279.4,8380.0,30.56,2014,111214.3,110312.6,-19161.1,10356.2,37.76,229361.7,226564.8,-38195.0,20147.300000000003,73.45,470447.7,464987.5,-78136.70000000001,41893.8,152.69,57.12859947643979,1754.0,1756.0,1705.65,1716.15
2014-01-15,1652.0,1716.0,1642.5,1705.65,1676.319031066696,9206,1049,15432193.0,2669.0,28.99,73.5,53.65,1389724200.0,0.0,-2.3026033164361137,7802.76,0.8931053610889528,0.602585338198503,0.04,-47.28988948494709,148.2615125929799,-136.64599977908156,259.85,2052.1,1792.25,59598.8,58318.7,-9279.4,8380.0,30.56,2014,111214.3,110312.6,-19161.1,10356.2,37.76,229361.7,226564.8,-38195.0,20147.300000000003,73.45,470447.7,464987.5,-78136.70000000001,41893.8,152.69,55.813154450261784,1705.0,1754.95,1700.2,1745.85
2014-01-14,1674.0,1674.0,1635.0,1651.4,1650.084610605975,88535,577,146090241.0,86451.0,97.65,39.0,-22.6,1389637800.0,0.0,-3.180605634215694,7733.69,-0.3933422889327076,0.6029199942454727,0.04,-45.5583141576844,150.47874947146838,-136.30084412331823,259.85,2052.1,1792.25,59598.8,58318.7,-9279.4,8380.0,30.56,2014,111214.3,110312.6,-19161.1,10356.2,37.76,229361.7,226564.8,-38195.0,20147.300000000003,73.45,470447.7,464987.5,-78136.70000000001,41893.8,152.69,54.03795811518325,1652.0,1716.0,1642.5,1705.65
2014-01-13,1672.0,1690.0,1660.0,1675.3,1675.5060029677595,7413,652,12420526.0,5245.0,70.75,30.0,3.3,1389551400.0,0.0,1.4472568729562818,7764.23,1.1726242598615544,0.6037370935899622,0.03,-46.33498477884558,149.49351062500727,-136.60165028133991,259.85,2052.1,1792.25,59598.8,58318.7,-9279.4,8380.0,30.56,2014,111214.3,110312.6,-19161.1,10356.2,37.76,229361.7,226564.8,-38195.0,20147.300000000003,73.45,470447.7,464987.5,-78136.70000000001,41893.8,152.69,54.82002617801047,1674.0,1674.0,1635.0,1651.4
2014-01-10,1685.0,1693.95,1645.0,1672.95,1672.3517924803264,3431,693,5737839.0,1278.0,37.25,48.95,-12.05,1389292200.0,0.0,-0.14027338387153643,7674.24,-0.1250675117291488,0.6037355753563989,0.05,-46.25960130308736,152.41913205737637,-138.3002669123026,259.85,2052.1,1792.25,59598.8,58318.7,-9279.4,8380.0,30.56,2014,111214.3,110312.6,-19161.1,10356.2,37.76,229361.7,226564.8,-38195.0,20147.300000000003,73.45,470447.7,464987.5,-78136.70000000001,41893.8,152.69,54.74312827225131,1672.0,1690.0,1660.0,1675.3
2014-01-09,1700.0,1700.0,1680.0,1684.35,1688.360993657505,1892,416,3194379.0,1015.0,53.65,20.0,-15.65,1389205800.0,0.0,0.6814310051107331,7683.85,-0.2724261632947589,0.6037334864099606,0.04,-46.62332650577375,152.1034377297839,-138.46911592186012,259.85,2052.1,1792.25,59598.8,58318.7,-9279.4,8380.0,30.56,2014,111214.3,110312.6,-19161.1,10356.2,37.76,229361.7,226564.8,-38195.0,20147.300000000003,73.45,470447.7,464987.5,-78136.70000000001,41893.8,152.69,55.116164921465966,1685.0,1693.95,1645.0,1672.95
2014-01-08,1705.0,1725.0,1685.0,1697.1,1696.527314994188,2581,527,4378737.0,866.0,33.55,40.0,-7.9,1389119400.0,0.0,0.7569685635408385,7704.84,0.2665153636737472,0.6037617191742691,0.05,-47.02433563137116,151.41664200684244,-138.46371963505848,259.85,2052.1,1792.25,59598.8,58318.7,-9279.4,8380.0,30.56,2014,111214.3,110312.6,-19161.1,10356.2,37.76,229361.7,226564.8,-38195.0,20147.300000000003,73.45,470447.7,464987.5,-78136.70000000001,41893.8,152.69,55.53337696335078,1700.0,1700.0,1680.0,1684.35
2014-01-07,1731.0,1731.0,1683.0,1691.25,1705.134282416314,5198,743,8863288.0,2519.0,48.46,48.0,-39.75,1389033000.0,0.0,-0.34470567438571464,7684.36,-0.5090837528224923,0.6038044551935,0.04,-46.841093865484105,152.08670598462334,-138.6875723364959,259.85,2052.1,1792.25,59598.8,58318.7,-9279.4,8380.0,30.56,2014,111214.3,110312.6,-19161.1,10356.2,37.76,229361.7,226564.8,-38195.0,20147.300000000003,73.45,470447.7,464987.5,-78136.70000000001,41893.8,152.69,55.341950261780106,1705.0,1725.0,1685.0,1697.1
2014-01-06,1737.8,1737.8,1708.2,1720.95,1719.2713754646836,1883,373,3237388.0,726.0,38.56,29.6,-16.85,1388946600.0,0.0,1.7560975609756113,7723.68,-0.1149682447103561,0.6037727998337675,0.05,-47.75850547662629,150.80337352143022,-138.82929189204594,259.85,2052.1,1792.25,59598.8,58318.7,-9279.4,8380.0,30.56,2014,111214.3,110312.6,-19161.1,10356.2,37.76,229361.7,226564.8,-38195.0,20147.300000000003,73.45,470447.7,464987.5,-78136.70000000001,41893.8,152.69,56.31380890052356,1731.0,1731.0,1683.0,1691.25
2014-01-03,1730.0,1754.0,1707.0,1729.25,1728.2604406445246,3041,511,5255640.0,791.0,26.01,47.0,-0.75,1388687400.0,0.0,0.4822917574595298,7732.57,0.0859443458586683,0.604035118371255,0.07,-48.00925256614139,150.51502928521825,-138.9533336388051,259.85,2052.1,1792.25,59598.8,58318.7,-9279.4,8380.0,30.56,2014,111214.3,110312.6,-19161.1,10356.2,37.76,229361.7,226564.8,-38195.0,20147.300000000003,73.45,470447.7,464987.5,-78136.70000000001,41893.8,152.69,56.585405759162306,1737.8,1737.8,1708.2,1720.95
2014-01-02,1770.0,1779.7,1726.6,1731.6,1746.0443873807774,5452,756,9519434.0,2884.0,52.9,53.1,-38.4,1388601000.0,0.0,0.13589706520167333,7725.93,-1.4427805481035172,0.604055844008327,0.07,-48.07981057981058,150.73033278841513,-139.1570650608921,259.85,2052.1,1792.25,59598.8,58318.7,-9279.4,8380.0,30.56,2014,111214.3,110312.6,-19161.1,10356.2,37.76,229361.7,226564.8,-38195.0,20147.300000000003,73.45,470447.7,464987.5,-78136.70000000001,41893.8,152.69,56.66230366492147,1730.0,1754.0,1707.0,1729.25
2014-01-01,1765.0,1770.05,1746.1,1765.95,1762.595864661654,2660,491,4688505.0,599.0,22.52,23.95,0.95,1388514600.0,0.0,1.9837144837144827,7839.03,0.136555131739291,0.6037542773351621,,-49.08972507715394,147.11284431874864,,259.85,2052.1,1792.25,59598.8,58318.7,-9279.4,8380.0,30.56,2014,111214.3,110312.6,-19161.1,10356.2,37.76,229361.7,226564.8,-38195.0,20147.300000000003,73.45,470447.7,464987.5,-78136.70000000001,41893.8,152.69,57.7863219895288,1770.0,1779.7,1726.6,1731.6
2013-12-31,1750.0,1770.95,1740.0,1763.35,1754.827772160431,2967,513,5206574.0,1265.0,42.64,30.95,13.35,1388428200.0,0.0,-0.14722953651009618,7828.34,0.2845199862159697,0.6040912334940919,0.07,-49.0146595967902,147.4502895888528,-138.11580052723676,259.85,2052.1,1792.25,48178.5,47863.7,-8394.4,3697.6,13.49,2013,116519.70000000001,114813.29999999999,-18743.3,14635.7,53.37,226827.5,223529.0,-37830.7,22379.9,81.6,465009.9,458947.1,-77052.6,43459.7,158.42,130.7153446997776,1765.0,1770.05,1746.1,1765.95
2013-12-30,1780.0,1780.0,1732.5,1740.55,1750.2187499999998,5504,729,9633204.0,2913.0,52.93,47.5,-39.45,1388341800.0,0.0,-1.2929934499673945,7806.13,-0.2558090504270915,0.6040836821467996,0.07,-48.346786935164175,148.15433511868235,-137.87211736191844,259.85,2052.1,1792.25,48178.5,47863.7,-8394.4,3697.6,13.49,2013,116519.70000000001,114813.29999999999,-18743.3,14635.7,53.37,226827.5,223529.0,-37830.7,22379.9,81.6,465009.9,458947.1,-77052.6,43459.7,158.42,129.02520385470717,1750.0,1770.95,1740.0,1763.35
2013-12-27,1790.0,1815.0,1762.0,1770.6,1785.317506384955,8614,1111,15378725.0,2657.0,30.85,53.0,-19.4,1388082600.0,0.0,1.7264657723133459,7826.15,0.5003088405445277,0.6042090765875502,0.07,-49.22342708686321,147.5195338704216,-138.38377378997535,259.85,2052.1,1792.25,48178.5,47863.7,-8394.4,3697.6,13.49,2013,116519.70000000001,114813.29999999999,-18743.3,14635.7,53.37,226827.5,223529.0,-37830.7,22379.9,81.6,465009.9,458947.1,-77052.6,43459.7,158.42,131.25277983691623,1780.0,1780.0,1732.5,1740.55
2013-12-26,1798.75,1814.0,1769.5,1779.85,1792.054110446515,7189,1017,12883077.0,2544.0,35.39,44.5,-18.9,1387996200.0,0.0,0.5224217779283835,7787.19,0.2392966557680731,0.6044359553318882,0.07,-49.48731634688316,148.75789598044994,-139.42962680011485,259.85,2052.1,1792.25,48178.5,47863.7,-8394.4,3697.6,13.49,2013,116519.70000000001,114813.29999999999,-18743.3,14635.7,53.37,226827.5,223529.0,-37830.7,22379.9,81.6,465009.9,458947.1,-77052.6,43459.7,158.42,131.93847294292067,1790.0,1815.0,1762.0,1770.6
2013-12-24,1779.0,1801.1,1779.0,1795.15,1794.3987795171136,7538,945,13526178.0,2735.0,36.28,22.1,16.15,1387823400.0,0.0,0.859623001938381,7768.6,-0.0852707894171467,0.6044548155461964,0.07,-49.91783416427597,149.3531653064902,-140.22276231376287,259.85,2052.1,1792.25,48178.5,47863.7,-8394.4,3697.6,13.49,2013,116519.70000000001,114813.29999999999,-18743.3,14635.7,53.37,226827.5,223529.0,-37830.7,22379.9,81.6,465009.9,458947.1,-77052.6,43459.7,158.42,133.07264640474426,1798.75,1814.0,1769.5,1779.85
2013-12-23,1750.0,1784.0,1750.0,1766.65,1771.941342889476,5302,1047,9394833.0,2622.0,49.45,34.0,16.65,1387737000.0,0.0,-1.587611063142358,7775.23,0.3978348281730604,0.6045184214056486,0.07,-49.109897263181736,149.1405398939967,-139.2957847179884,259.85,2052.1,1792.25,48178.5,47863.7,-8394.4,3697.6,13.49,2013,116519.70000000001,114813.29999999999,-18743.3,14635.7,53.37,226827.5,223529.0,-37830.7,22379.9,81.6,465009.9,458947.1,-77052.6,43459.7,158.42,130.95997034840624,1779.0,1801.1,1779.0,1795.15
2013-12-20,1729.0,1765.0,1710.0,1744.45,1740.5053455517373,5238,1158,9116767.0,1641.0,31.33,55.0,15.45,1387477800.0,0.0,-1.2566156284493313,7744.42,1.6513510994787817,0.6047073499686643,0.07,-48.46226604373872,150.13170773279342,-139.27568365860844,259.85,2052.1,1792.25,48178.5,47863.7,-8394.4,3697.6,13.49,2013,116519.70000000001,114813.29999999999,-18743.3,14635.7,53.37,226827.5,223529.0,-37830.7,22379.9,81.6,465009.9,458947.1,-77052.6,43459.7,158.42,129.31430689399556,1750.0,1784.0,1750.0,1766.65
2013-12-19,1768.0,1769.65,1725.0,1730.1,1734.8380334791132,6631,668,11503711.0,4672.0,70.46,44.65,-37.9,1387391400.0,0.0,-0.8226088451947722,7618.61,-0.5651332370127049,0.6044693653924728,0.06,-48.03479567655049,154.26226043858392,-141.30533818594614,259.85,2052.1,1792.25,48178.5,47863.7,-8394.4,3697.6,13.49,2013,116519.70000000001,114813.29999999999,-18743.3,14635.7,53.37,226827.5,223529.0,-37830.7,22379.9,81.6,465009.9,458947.1,-77052.6,43459.7,158.42,128.25055596738324,1729.0,1765.0,1710.0,1744.45
2013-12-18,1755.8,1771.3,1751.0,1757.1,1760.739393939394,2970,549,5229396.0,1081.0,36.4,20.3,1.3,1387305000.0,0.0,1.5606034333275565,7661.91,1.2818343569149349,0.6044743433747708,0.07,-48.833304877354735,152.82533989566568,-141.2399886577772,259.85,2052.1,1792.25,48178.5,47863.7,-8394.4,3697.6,13.49,2013,116519.70000000001,114813.29999999999,-18743.3,14635.7,53.37,226827.5,223529.0,-37830.7,22379.9,81.6,465009.9,458947.1,-77052.6,43459.7,158.42,130.2520385470719,1768.0,1769.65,1725.0,1730.1
2013-12-17,1775.0,1780.0,1750.0,1753.65,1759.2948299319728,7350,1086,12930817.0,3455.0,47.01,30.0,-21.35,1387218600.0,0.0,-0.19634625234761227,7564.94,-0.093370188364783,0.6044662779389225,0.07,-48.73264334388276,156.06614196543532,-143.0970506505612,259.85,2052.1,1792.25,48178.5,47863.7,-8394.4,3697.6,13.49,2013,116519.70000000001,114813.29999999999,-18743.3,14635.7,53.37,226827.5,223529.0,-37830.7,22379.9,81.6,465009.9,458947.1,-77052.6,43459.7,158.42,129.99629355077835,1755.8,1771.3,1751.0,1757.1
2013-12-16,1810.0,1810.0,1760.0,1770.6,1771.4462156917104,7214,1259,12779213.0,4502.0,62.41,50.0,-39.4,1387132200.0,0.0,0.9665554700196699,7572.01,-0.0128086961803552,0.6044667900837409,0.07,-49.22342708686321,155.82705252634375,-143.44339266036684,259.85,2052.1,1792.25,48178.5,47863.7,-8394.4,3697.6,13.49,2013,116519.70000000001,114813.29999999999,-18743.3,14635.7,53.37,226827.5,223529.0,-37830.7,22379.9,81.6,465009.9,458947.1,-77052.6,43459.7,158.42,131.25277983691623,1775.0,1780.0,1750.0,1753.65
2013-12-13,1870.0,1870.0,1801.05,1806.65,1821.4869852369848,5148,1017,9377015.0,2022.0,39.28,68.95,-63.35,1386873000.0,0.0,2.0360329831695667,7572.98,-1.145323155003719,0.6045488927292706,0.07,-50.236625799131,155.79428441643847,-144.44956951414687,259.85,2052.1,1792.25,48178.5,47863.7,-8394.4,3697.6,13.49,2013,116519.70000000001,114813.29999999999,-18743.3,14635.7,53.37,226827.5,223529.0,-37830.7,22379.9,81.6,465009.9,458947.1,-77052.6,43459.7,158.42,133.92512972572277,1810.0,1810.0,1760.0,1770.6
2013-12-12,1901.0,1905.0,1861.0,1870.0,1879.781678773204,2478,488,4658099.0,1313.0,52.99,44.0,-31.0,1386786600.0,0.0,3.506489912268562,7660.72,-0.9123997899436852,0.6047135663845373,0.07,-51.922459893048135,152.86461324784094,-144.3894353944961,259.85,2052.1,1792.25,48178.5,47863.7,-8394.4,3697.6,13.49,2013,116519.70000000001,114813.29999999999,-18743.3,14635.7,53.37,226827.5,223529.0,-37830.7,22379.9,81.6,465009.9,458947.1,-77052.6,43459.7,158.42,138.62120088954782,1870.0,1870.0,1801.05,1806.65
2013-12-11,1928.0,1928.0,1895.3,1902.35,1906.788209606987,3206,555,6113163.0,921.0,28.73,32.7,-25.65,1386700200.0,0.0,1.7299465240641743,7731.26,-0.3738271993113717,0.6056456480751975,0.07,-52.740032065603074,150.55747704772574,-143.95211762937436,259.85,2052.1,1792.25,48178.5,47863.7,-8394.4,3697.6,13.49,2013,116519.70000000001,114813.29999999999,-18743.3,14635.7,53.37,226827.5,223529.0,-37830.7,22379.9,81.6,465009.9,458947.1,-77052.6,43459.7,158.42,141.01927353595255,1901.0,1905.0,1861.0,1870.0
2013-12-10,1930.0,1959.0,1911.05,1928.6,1940.0850219344056,14361,1787,27861561.0,4427.0,30.83,47.95,-1.4,1386613800.0,0.0,1.3798722632533345,7760.27,-0.4339185203147466,0.6058842697131768,0.07,-53.383283210619105,149.62082504861297,-144.06377563020104,259.85,2052.1,1792.25,48178.5,47863.7,-8394.4,3697.6,13.49,2013,116519.70000000001,114813.29999999999,-18743.3,14635.7,53.37,226827.5,223529.0,-37830.7,22379.9,81.6,465009.9,458947.1,-77052.6,43459.7,158.42,142.96515937731652,1928.0,1928.0,1895.3,1902.35
2013-12-09,1924.0,1942.0,1890.0,1930.05,1926.7244489830648,11751,1741,22640939.0,6815.0,58.0,52.0,6.05,1386527400.0,0.0,0.07518407134710081,7794.09,1.2915366531032424,0.6060218289574653,0.07,-53.418305225253235,148.53767405816458,-143.46295659904297,259.85,2052.1,1792.25,48178.5,47863.7,-8394.4,3697.6,13.49,2013,116519.70000000001,114813.29999999999,-18743.3,14635.7,53.37,226827.5,223529.0,-37830.7,22379.9,81.6,465009.9,458947.1,-77052.6,43459.7,158.42,143.07264640474426,1930.0,1959.0,1911.05,1928.6
2013-12-06,1880.05,1890.0,1862.0,1883.55,1879.3704873646209,2216,473,4164685.0,866.0,39.08,28.0,3.5,1386268200.0,0.0,-2.409264008704437,7694.71,0.345320888914391,0.6057997262630843,0.06,-52.26832311327016,151.74762921539605,-144.22064736945333,259.85,2052.1,1792.25,48178.5,47863.7,-8394.4,3697.6,13.49,2013,116519.70000000001,114813.29999999999,-18743.3,14635.7,53.37,226827.5,223529.0,-37830.7,22379.9,81.6,465009.9,458947.1,-77052.6,43459.7,158.42,139.6256486286138,1924.0,1942.0,1890.0,1930.05
2013-12-05,1878.0,1911.05,1865.5,1873.25,1885.3403519798867,3182,606,5999153.0,1198.0,37.65,45.55,-4.75,1386181800.0,0.0,-0.546839744100236,7668.23,0.9905149729620089,0.6062698649691586,0.06,-52.00587214733752,152.61696636642355,-144.5565635464136,259.85,2052.1,1792.25,48178.5,47863.7,-8394.4,3697.6,13.49,2013,116519.70000000001,114813.29999999999,-18743.3,14635.7,53.37,226827.5,223529.0,-37830.7,22379.9,81.6,465009.9,458947.1,-77052.6,43459.7,158.42,138.86212008895478,1880.05,1890.0,1862.0,1883.55
2013-12-04,1896.0,1896.0,1869.0,1874.85,1878.429262394196,1654,275,3106922.0,535.0,32.35,27.0,-21.15,1386095400.0,0.0,0.08541305218203732,7593.02,-0.6246768969014771,0.6061636369413926,0.06,-52.04683041309972,155.11917524252533,-146.09806401924163,259.85,2052.1,1792.25,48178.5,47863.7,-8394.4,3697.6,13.49,2013,116519.70000000001,114813.29999999999,-18743.3,14635.7,53.37,226827.5,223529.0,-37830.7,22379.9,81.6,465009.9,458947.1,-77052.6,43459.7,158.42,138.98072646404742,1878.0,1911.05,1865.5,1873.25
2013-12-03,1909.0,1914.9,1887.45,1894.65,1896.5576923076928,2444,426,4635187.0,1056.0,43.21,27.45,-14.35,1386009000.0,0.0,1.056084486758957,7640.75,-0.1369714411931122,0.6061043139801293,0.06,-52.54796400390573,153.5255046952197,-145.62406844681618,259.85,2052.1,1792.25,48178.5,47863.7,-8394.4,3697.6,13.49,2013,116519.70000000001,114813.29999999999,-18743.3,14635.7,53.37,226827.5,223529.0,-37830.7,22379.9,81.6,465009.9,458947.1,-77052.6,43459.7,158.42,140.44848035581913,1896.0,1896.0,1869.0,1874.85
2013-12-02,1915.0,1931.0,1893.1,1896.3,1913.843834790473,3317,568,6348220.0,999.0,30.12,37.9,-18.7,1385922600.0,0.0,0.08708732483571069,7651.23,0.6977959282515211,0.6061998320288493,0.05,-52.58925275536571,153.17824715764655,-145.46557046120316,259.85,2052.1,1792.25,48178.5,47863.7,-8394.4,3697.6,13.49,2013,116519.70000000001,114813.29999999999,-18743.3,14635.7,53.37,226827.5,223529.0,-37830.7,22379.9,81.6,465009.9,458947.1,-77052.6,43459.7,158.42,140.57079318013342,1909.0,1914.9,1887.45,1894.65
2013-11-29,1903.0,1928.6,1894.95,1905.3,1912.813997358989,5301,793,10139827.0,2079.0,39.22,33.65,2.3,1385663400.0,0.0,0.47460844803037805,7598.21,1.2404881474089136,0.6061383232262892,0.06,-52.813205269511364,154.9449146575312,-146.75488773307424,259.85,2052.1,1792.25,48178.5,47863.7,-8394.4,3697.6,13.49,2013,116519.70000000001,114813.29999999999,-18743.3,14635.7,53.37,226827.5,223529.0,-37830.7,22379.9,81.6,465009.9,458947.1,-77052.6,43459.7,158.42,141.23795404002965,1915.0,1931.0,1893.1,1896.3
2013-11-28,1876.0,1919.0,1876.0,1904.4,1895.0064987814785,4924,770,9331012.0,2294.0,46.59,43.0,28.4,1385577000.0,0.0,-0.04723665564477786,7505.11,0.6005112388091094,0.6059535992504187,,-52.79090527200169,158.1074761062796,,259.85,2052.1,1792.25,48178.5,47863.7,-8394.4,3697.6,13.49,2013,116519.70000000001,114813.29999999999,-18743.3,14635.7,53.37,226827.5,223529.0,-37830.7,22379.9,81.6,465009.9,458947.1,-77052.6,43459.7,158.42,141.17123795404004,1903.0,1928.6,1894.95,1905.3
2013-11-27,1859.3,1877.0,1839.1,1869.6,1851.4568500539367,1854,499,3432601.0,572.0,30.85,37.9,10.3,1385490600.0,0.0,-1.8273471959672438,7460.31,0.0339243045517578,0.6059077961519119,0.07,-51.912173727000436,159.65744050850432,-148.67744809903263,259.85,2052.1,1792.25,48178.5,47863.7,-8394.4,3697.6,13.49,2013,116519.70000000001,114813.29999999999,-18743.3,14635.7,53.37,226827.5,223529.0,-37830.7,22379.9,81.6,465009.9,458947.1,-77052.6,43459.7,158.42,138.59154929577463,1876.0,1919.0,1876.0,1904.4
2013-11-26,1873.85,1893.95,1845.0,1856.7,1868.0763064133016,3368,666,6291681.0,520.0,15.44,48.95,-17.15,1385404200.0,0.0,-0.6899871630295151,7457.78,-0.7801586393522464,0.6061847824014942,0.07,-51.57806861636236,159.74552748941372,-148.4409435023764,259.85,2052.1,1792.25,48178.5,47863.7,-8394.4,3697.6,13.49,2013,116519.70000000001,114813.29999999999,-18743.3,14635.7,53.37,226827.5,223529.0,-37830.7,22379.9,81.6,465009.9,458947.1,-77052.6,43459.7,158.42,137.63528539659006,1859.3,1877.0,1839.1,1869.6
2013-11-25,1820.0,1898.0,1819.7,1887.45,1863.7167104111984,5715,991,10651141.0,2194.0,38.39,78.3,67.45,1385317800.0,0.0,1.6561641622232948,7516.42,1.7361585782638578,0.6061304097893799,0.08,-52.366950117883924,157.71910031637398,-147.99680259147684,259.85,2052.1,1792.25,48178.5,47863.7,-8394.4,3697.6,13.49,2013,116519.70000000001,114813.29999999999,-18743.3,14635.7,53.37,226827.5,223529.0,-37830.7,22379.9,81.6,465009.9,458947.1,-77052.6,43459.7,158.42,139.91475166790215,1873.85,1893.95,1845.0,1856.7
2013-11-22,1851.0,1857.0,1804.95,1818.4,1829.6043390329105,5439,1053,9951218.0,1647.0,30.28,52.05,-32.6,1385058600.0,0.0,-3.658375056292884,7388.15,0.0031131901807146,0.6059612234247698,0.07,-50.55818301803784,162.19351258434114,-148.86874504956626,259.85,2052.1,1792.25,48178.5,47863.7,-8394.4,3697.6,13.49,2013,116519.70000000001,114813.29999999999,-18743.3,14635.7,53.37,226827.5,223529.0,-37830.7,22379.9,81.6,465009.9,458947.1,-77052.6,43459.7,158.42,134.79614529280948,1820.0,1898.0,1819.7,1887.45
2013-11-21,1893.0,1893.0,1841.5,1851.5,1863.777472527472,3640,699,6784150.0,1560.0,42.86,51.5,-41.5,1384972200.0,0.0,1.8202815662120564,7387.92,-1.8761671257693455,0.6070898833576468,0.07,-51.442073994058866,162.20167516702944,-149.94057375979065,259.85,2052.1,1792.25,48178.5,47863.7,-8394.4,3697.6,13.49,2013,116519.70000000001,114813.29999999999,-18743.3,14635.7,53.37,226827.5,223529.0,-37830.7,22379.9,81.6,465009.9,458947.1,-77052.6,43459.7,158.42,137.24981467753892,1851.0,1857.0,1804.95,1818.4
2013-11-20,1929.9,1929.9,1883.0,1894.0,1919.768501448512,3797,512,7289361.0,2027.0,53.38,46.9,-35.9,1384885800.0,0.0,2.2954361328652473,7529.18,-0.9947625390705594,0.6068686437591804,0.08,-52.531678986272446,157.2823335343291,-148.01284593402906,259.85,2052.1,1792.25,48178.5,47863.7,-8394.4,3697.6,13.49,2013,116519.70000000001,114813.29999999999,-18743.3,14635.7,53.37,226827.5,223529.0,-37830.7,22379.9,81.6,465009.9,458947.1,-77052.6,43459.7,158.42,140.40029651593773,1893.0,1893.0,1841.5,1851.5
2013-11-19,1932.0,1938.0,1905.0,1920.4,1919.109633718013,3986,576,7649571.0,2343.0,58.78,33.0,-11.6,1384799400.0,0.0,1.393875395987343,7604.83,0.2240429740782312,0.6071812606547611,0.08,-53.1842324515726,154.72298526068303,-147.16055519356973,259.85,2052.1,1792.25,48178.5,47863.7,-8394.4,3697.6,13.49,2013,116519.70000000001,114813.29999999999,-18743.3,14635.7,53.37,226827.5,223529.0,-37830.7,22379.9,81.6,465009.9,458947.1,-77052.6,43459.7,158.42,142.35730170496666,1929.9,1929.9,1883.0,1894.0
2013-11-18,1895.0,1949.95,1885.0,1932.1,1910.2213023047664,4469,848,8536779.0,1646.0,36.83,64.95,37.1,1384713000.0,0.0,0.6092480733180583,7587.83,1.884666873448304,0.6073486660644336,0.09,-53.467729413591435,155.2936742125219,-147.82047391486554,259.85,2052.1,1792.25,48178.5,47863.7,-8394.4,3697.6,13.49,2013,116519.70000000001,114813.29999999999,-18743.3,14635.7,53.37,226827.5,223529.0,-37830.7,22379.9,81.6,465009.9,458947.1,-77052.6,43459.7,158.42,143.22461082283172,1932.0,1938.0,1905.0,1920.4
2013-11-14,1873.0,1923.55,1870.15,1883.35,1892.8758865248224,3384,755,6405492.0,1423.0,42.05,53.4,10.35,1384367400.0,0.0,-2.523161327053469,7447.47,1.169206944331247,0.6068975065116635,0.08,-52.263254307484,160.10510952041432,-149.4620942546793,259.85,2052.1,1792.25,48178.5,47863.7,-8394.4,3697.6,13.49,2013,116519.70000000001,114813.29999999999,-18743.3,14635.7,53.37,226827.5,223529.0,-37830.7,22379.9,81.6,465009.9,458947.1,-77052.6,43459.7,158.42,139.6108228317272,1895.0,1949.95,1885.0,1932.1
2013-11-13,1892.0,1893.0,1851.0,1862.55,1867.738296239448,2606,534,4867326.0,751.0,28.82,42.0,-29.45,1384281000.0,0.0,-1.1044150051769397,7361.4,-0.4896169308507336,0.6072488353796974,0.08,-51.7301548951706,163.14627652348742,-150.83196140376202,259.85,2052.1,1792.25,48178.5,47863.7,-8394.4,3697.6,13.49,2013,116519.70000000001,114813.29999999999,-18743.3,14635.7,53.37,226827.5,223529.0,-37830.7,22379.9,81.6,465009.9,458947.1,-77052.6,43459.7,158.42,138.0689399555226,1873.0,1923.55,1870.15,1883.35
2013-11-12,1907.0,1909.0,1876.55,1882.85,1893.263079960513,2026,433,3835751.0,1060.0,52.32,32.45,-24.15,1384194600.0,0.0,1.0899036267482787,7397.62,-0.9379109386340568,0.6073109949809954,0.08,-52.25057758185729,161.8578678007251,-150.58005544181958,259.85,2052.1,1792.25,48178.5,47863.7,-8394.4,3697.6,13.49,2013,116519.70000000001,114813.29999999999,-18743.3,14635.7,53.37,226827.5,223529.0,-37830.7,22379.9,81.6,465009.9,458947.1,-77052.6,43459.7,158.42,139.57375833951073,1892.0,1893.0,1851.0,1862.55
2013-11-11,1921.0,1921.0,1895.0,1901.55,1903.4204322200392,2036,422,3875364.0,808.0,39.69,26.0,-19.45,1384108200.0,0.0,0.9931752396632687,7467.66,-0.9525855894570888,0.6072853591260563,,-52.72014935184455,159.4018742149482,,259.85,2052.1,1792.25,48178.5,47863.7,-8394.4,3697.6,13.49,2013,116519.70000000001,114813.29999999999,-18743.3,14635.7,53.37,226827.5,223529.0,-37830.7,22379.9,81.6,465009.9,458947.1,-77052.6,43459.7,158.42,140.95997034840622,1907.0,1909.0,1876.55,1882.85
2013-11-08,1933.0,1944.9,1913.25,1921.95,1922.9883561643835,1460,255,2807563.0,648.0,44.38,31.65,-11.05,1383849000.0,0.0,1.0728090242170918,7539.48,-0.5190781678414358,0.6072379109310532,0.06,-53.22198808501783,156.93084934239496,-148.5399149256737,259.85,2052.1,1792.25,48178.5,47863.7,-8394.4,3697.6,13.49,2013,116519.70000000001,114813.29999999999,-18743.3,14635.7,53.37,226827.5,223529.0,-37830.7,22379.9,81.6,465009.9,458947.1,-77052.6,43459.7,158.42,142.47220163083765,1921.0,1921.0,1895.0,1901.55
2013-11-07,1943.0,1955.5,1921.0,1934.25,1941.7627684964195,4190,602,8135986.0,1740.0,41.53,34.5,-8.75,1383762600.0,0.0,0.6399750253648584,7578.82,-0.7531104601294136,0.6072988511412913,0.05,-53.51945198397312,155.59717739700903,-148.03307411544733,259.85,2052.1,1792.25,48178.5,47863.7,-8394.4,3697.6,13.49,2013,116519.70000000001,114813.29999999999,-18743.3,14635.7,53.37,226827.5,223529.0,-37830.7,22379.9,81.6,465009.9,458947.1,-77052.6,43459.7,158.42,143.3839881393625,1933.0,1944.9,1913.25,1921.95
2013-11-06,1952.5,1963.0,1935.0,1944.3,1946.3029859484773,3416,467,6648571.0,1078.0,31.56,28.0,-8.2,1383676200.0,0.0,0.5195812330360594,7636.33,-0.4309344432014139,0.6072500747899641,0.05,-53.75970786401276,153.67224831823663,-147.09682964466438,259.85,2052.1,1792.25,48178.5,47863.7,-8394.4,3697.6,13.49,2013,116519.70000000001,114813.29999999999,-18743.3,14635.7,53.37,226827.5,223529.0,-37830.7,22379.9,81.6,465009.9,458947.1,-77052.6,43459.7,158.42,144.12898443291326,1943.0,1955.5,1921.0,1934.25
2013-11-05,1957.0,1965.5,1938.0,1942.75,1950.089333333333,2250,439,4387701.0,880.0,39.11,27.5,-14.25,1383589800.0,0.0,-0.07972020778685973,7669.38,-0.6969899821447245,0.6072455005545235,0.05,-53.722815596448335,152.57908722738995,-146.3954175189693,259.85,2052.1,1792.25,48178.5,47863.7,-8394.4,3697.6,13.49,2013,116519.70000000001,114813.29999999999,-18743.3,14635.7,53.37,226827.5,223529.0,-37830.7,22379.9,81.6,465009.9,458947.1,-77052.6,43459.7,158.42,144.01408450704224,1952.5,1963.0,1935.0,1944.3
2013-11-03,1950.0,1966.45,1948.0,1957.85,1957.5126390293217,989,150,1935980.0,468.0,47.32,18.45,7.85,1383417000.0,0.0,0.7772487453352239,7723.21,0.402613542999175,0.6071706744649552,,-54.07973031641853,150.81863629242247,,259.85,2052.1,1792.25,48178.5,47863.7,-8394.4,3697.6,13.49,2013,116519.70000000001,114813.29999999999,-18743.3,14635.7,53.37,226827.5,223529.0,-37830.7,22379.9,81.6,465009.9,458947.1,-77052.6,43459.7,158.42,145.13343217197922,1957.0,1965.5,1938.0,1942.75
2013-11-01,1965.0,1968.0,1954.3,1961.0,1960.5120124804996,3205,525,6283441.0,1330.0,41.5,13.7,-4.0,1383244200.0,0.0,0.16089077304186628,7692.24,0.4652183339384663,0.6072067658367358,0.04,-54.153493115757264,151.8284660905016,-146.36047670188978,259.85,2052.1,1792.25,48178.5,47863.7,-8394.4,3697.6,13.49,2013,116519.70000000001,114813.29999999999,-18743.3,14635.7,53.37,226827.5,223529.0,-37830.7,22379.9,81.6,465009.9,458947.1,-77052.6,43459.7,158.42,145.3669384729429,1950.0,1966.45,1948.0,1957.85
2013-10-31,1969.0,1975.0,1951.1,1966.05,1963.36966176973,2927,666,5746783.0,955.0,32.63,23.9,-2.95,1383157800.0,0.0,0.25752167261601233,7656.62,0.8125178573544556,0.6071831875034166,0.04,-54.271254545916946,153.00001828483065,-147.18600600868132,259.85,2052.1,1792.25,48178.5,47863.7,-8394.4,3697.6,13.49,2013,116519.70000000001,114813.29999999999,-18743.3,14635.7,53.37,226827.5,223529.0,-37830.7,22379.9,81.6,465009.9,458947.1,-77052.6,43459.7,158.42,145.74128984432912,1965.0,1968.0,1954.3,1961.0
2013-10-30,1985.0,2010.0,1959.0,1969.95,1977.41539848946,8871,1170,17541652.0,3032.0,34.18,51.0,-15.05,1383071400.0,0.0,0.19836728465705278,7594.91,0.432280467904933,0.6071037700302971,0.04,-54.361785832127715,155.05568861250495,-148.51239480262208,259.85,2052.1,1792.25,48178.5,47863.7,-8394.4,3697.6,13.49,2013,116519.70000000001,114813.29999999999,-18743.3,14635.7,53.37,226827.5,223529.0,-37830.7,22379.9,81.6,465009.9,458947.1,-77052.6,43459.7,158.42,146.0303928836175,1969.0,1975.0,1951.1,1966.05
2013-10-29,1942.0,1993.9,1930.65,1986.25,1979.7511047569533,7694,1083,15232205.0,3231.0,41.99,63.25,44.25,1382985000.0,0.0,0.8274321683291452,7562.22,1.7857070751256865,0.60708533669159,0.04,-54.73631214600378,156.1582445366572,-149.55340919424032,259.85,2052.1,1792.25,48178.5,47863.7,-8394.4,3697.6,13.49,2013,116519.70000000001,114813.29999999999,-18743.3,14635.7,53.37,226827.5,223529.0,-37830.7,22379.9,81.6,465009.9,458947.1,-77052.6,43459.7,158.42,147.238695329874,1985.0,2010.0,1959.0,1969.95
2013-10-28,1949.95,1960.0,1930.5,1937.6,1943.9199475065611,3048,506,5925068.0,1247.0,40.91,29.5,-12.35,1382898600.0,0.0,-2.449339207048462,7429.55,-0.7568582767515153,0.6067120715036158,0.04,-53.59981420313791,160.73248043286603,-151.13388188161633,259.85,2052.1,1792.25,48178.5,47863.7,-8394.4,3697.6,13.49,2013,116519.70000000001,114813.29999999999,-18743.3,14635.7,53.37,226827.5,223529.0,-37830.7,22379.9,81.6,465009.9,458947.1,-77052.6,43459.7,158.42,143.63232023721275,1942.0,1993.9,1930.65,1986.25
2013-10-25,1943.0,1958.1,1925.0,1944.05,1939.9557798606104,4161,804,8072156.0,1025.0,24.63,33.1,1.05,1382639400.0,0.0,0.3328860445912518,7486.21,-0.4130494355656156,0.6071283254995098,0.04,-53.75376147732827,158.75910507453037,-150.15662596600865,259.85,2052.1,1792.25,48178.5,47863.7,-8394.4,3697.6,13.49,2013,116519.70000000001,114813.29999999999,-18743.3,14635.7,53.37,226827.5,223529.0,-37830.7,22379.9,81.6,465009.9,458947.1,-77052.6,43459.7,158.42,144.11045218680505,1949.95,1960.0,1930.5,1937.6
2013-10-24,1934.0,1972.0,1925.0,1943.55,1950.0410346479323,6263,1073,12213107.0,2088.0,33.34,47.0,9.55,1382553000.0,0.0,-0.02571950309919746,7517.26,-0.212788834626032,0.6071116573883033,0.03,-53.7418641146356,157.69030205154536,-149.48927139748983,259.85,2052.1,1792.25,48178.5,47863.7,-8394.4,3697.6,13.49,2013,116519.70000000001,114813.29999999999,-18743.3,14635.7,53.37,226827.5,223529.0,-37830.7,22379.9,81.6,465009.9,458947.1,-77052.6,43459.7,158.42,144.07338769458858,1943.0,1958.1,1925.0,1944.05
2013-10-23,1959.0,1960.0,1910.2,1934.75,1935.2519414575863,6696,1032,12958447.0,1237.0,18.47,49.8,-24.25,1382466600.0,0.0,-0.4527797072367501,7533.29,-0.3213991780437686,0.6071032960376569,0.04,-53.53146401343842,157.14196586086558,-148.94858530156537,259.85,2052.1,1792.25,48178.5,47863.7,-8394.4,3697.6,13.49,2013,116519.70000000001,114813.29999999999,-18743.3,14635.7,53.37,226827.5,223529.0,-37830.7,22379.9,81.6,465009.9,458947.1,-77052.6,43459.7,158.42,143.42105263157893,1934.0,1972.0,1925.0,1943.55
2013-10-22,1959.0,1980.0,1930.0,1959.9,1948.461096312912,7133,910,13898373.0,1471.0,20.62,50.0,0.9,1382380200.0,0.0,1.2999095490373591,7557.58,0.1671312145707704,0.6071013662897464,0.04,-54.127761620490844,156.31551369618316,-149.04283950307564,259.85,2052.1,1792.25,48178.5,47863.7,-8394.4,3697.6,13.49,2013,116519.70000000001,114813.29999999999,-18743.3,14635.7,53.37,226827.5,223529.0,-37830.7,22379.9,81.6,465009.9,458947.1,-77052.6,43459.7,158.42,145.2853965900667,1959.0,1960.0,1910.2,1934.75
2013-10-21,1872.0,1983.0,1872.0,1955.4,1939.654775349321,45159,5068,87592870.0,3802.0,8.42,111.0,83.4,1382293800.0,0.0,-0.22960355120159592,7544.97,0.5270864616323534,0.6072501380645577,0.04,-54.02219494732536,156.7438969273569,-149.22065799171708,259.85,2052.1,1792.25,48178.5,47863.7,-8394.4,3697.6,13.49,2013,116519.70000000001,114813.29999999999,-18743.3,14635.7,53.37,226827.5,223529.0,-37830.7,22379.9,81.6,465009.9,458947.1,-77052.6,43459.7,158.42,144.95181616011863,1959.0,1980.0,1930.0,1959.9
2013-10-18,1972.05,1984.3,1950.0,1963.5,1967.1170624894728,5937,893,11678774.0,2866.0,48.27,34.3,-8.55,1382034600.0,0.0,0.41423749616447125,7505.41,1.9691677297781096,0.6072186953378322,0.04,-54.21186656480774,158.0971592491283,-150.22712859286742,259.85,2052.1,1792.25,48178.5,47863.7,-8394.4,3697.6,13.49,2013,116519.70000000001,114813.29999999999,-18743.3,14635.7,53.37,226827.5,223529.0,-37830.7,22379.9,81.6,465009.9,458947.1,-77052.6,43459.7,158.42,145.5522609340252,1872.0,1983.0,1872.0,1955.4
2013-10-17,1972.0,1997.9,1945.0,1960.85,1963.793238270469,4348,732,8538573.0,1108.0,25.48,52.9,-11.15,1381948200.0,0.0,-0.13496307613954928,7360.47,-0.5290812230898334,0.606702616411785,0.05,-54.149985975469825,163.1795252205362,-153.1710957407814,259.85,2052.1,1792.25,48178.5,47863.7,-8394.4,3697.6,13.49,2013,116519.70000000001,114813.29999999999,-18743.3,14635.7,53.37,226827.5,223529.0,-37830.7,22379.9,81.6,465009.9,458947.1,-77052.6,43459.7,158.42,145.35581912527797,1972.05,1984.3,1950.0,1963.5
2013-10-15,1976.0,1990.95,1925.65,1969.25,1965.2502640885505,21773,1258,42789394.0,16889.0,77.57,65.3,-6.75,1381775400.0,0.0,0.4283856490807647,7399.62,-0.5784214535912491,0.6066594869233193,0.14,-54.34556303161102,161.78709176957736,-152.55030478718953,259.85,2052.1,1792.25,48178.5,47863.7,-8394.4,3697.6,13.49,2013,116519.70000000001,114813.29999999999,-18743.3,14635.7,53.37,226827.5,223529.0,-37830.7,22379.9,81.6,465009.9,458947.1,-77052.6,43459.7,158.42,145.97850259451445,1972.0,1997.9,1945.0,1960.85
2013-10-14,1941.0,1984.6,1941.0,1976.0,1965.580420499343,7610,1008,14958067.0,2829.0,37.17,43.6,35.0,1381689000.0,0.0,0.3427700901358355,7442.67,0.3540796692739434,0.6066250371582441,,-54.50151821862348,160.2728590680495,,259.85,2052.1,1792.25,48178.5,47863.7,-8394.4,3697.6,13.49,2013,116519.70000000001,114813.29999999999,-18743.3,14635.7,53.37,226827.5,223529.0,-37830.7,22379.9,81.6,465009.9,458947.1,-77052.6,43459.7,158.42,146.4788732394366,1976.0,1990.95,1925.65,1969.25
2013-10-11,1981.0,1998.0,1950.0,1965.05,1965.232054293918,7662,1144,15057608.0,3179.0,41.49,48.0,-15.95,1381429800.0,0.0,-0.5541497975708576,7416.41,0.884321353755757,0.606621931987589,0.08,-54.247983511869926,161.19443234664752,-152.06353173307693,259.85,2052.1,1792.25,48178.5,47863.7,-8394.4,3697.6,13.49,2013,116519.70000000001,114813.29999999999,-18743.3,14635.7,53.37,226827.5,223529.0,-37830.7,22379.9,81.6,465009.9,458947.1,-77052.6,43459.7,158.42,145.6671608598962,1941.0,1984.6,1941.0,1976.0
2013-10-10,1968.0,1990.0,1950.0,1971.1,1972.048224695283,11322,1317,22327530.0,5246.0,46.33,40.0,3.1,1381343400.0,0.0,0.3078802066105224,7351.4,0.3052245658702324,0.6065421261124541,0.05,-54.388412561513874,163.50423048671004,-153.58028904299806,259.85,2052.1,1792.25,48178.5,47863.7,-8394.4,3697.6,13.49,2013,116519.70000000001,114813.29999999999,-18743.3,14635.7,53.37,226827.5,223529.0,-37830.7,22379.9,81.6,465009.9,458947.1,-77052.6,43459.7,158.42,146.11564121571533,1981.0,1998.0,1950.0,1965.05
2013-10-09,1945.0,1990.0,1921.3,1970.4,1952.8856981981976,8880,1345,17341625.0,3198.0,36.01,68.7,25.4,1381257000.0,0.0,-0.035513165237677224,7329.03,1.252771695206767,0.6065409893122066,0.05,-54.37220868859116,164.30851013026282,-154.05172792594988,259.85,2052.1,1792.25,48178.5,47863.7,-8394.4,3697.6,13.49,2013,116519.70000000001,114813.29999999999,-18743.3,14635.7,53.37,226827.5,223529.0,-37830.7,22379.9,81.6,465009.9,458947.1,-77052.6,43459.7,158.42,146.0637509266123,1968.0,1990.0,1950.0,1971.1
2013-10-08,1904.0,1951.0,1893.0,1946.0,1934.7904321433728,6919,1249,13386815.0,2987.0,43.17,58.0,42.0,1381170600.0,0.0,-1.2383272431993553,7238.35,0.2972190275603248,0.6063286101124505,0.05,-53.80010277492292,167.6196923331975,-155.4524014242815,259.85,2052.1,1792.25,48178.5,47863.7,-8394.4,3697.6,13.49,2013,116519.70000000001,114813.29999999999,-18743.3,14635.7,53.37,226827.5,223529.0,-37830.7,22379.9,81.6,465009.9,458947.1,-77052.6,43459.7,158.42,144.25500370644923,1945.0,1990.0,1921.3,1970.4
2013-10-07,1906.0,1914.0,1866.0,1904.85,1885.3087531663384,3553,709,6698502.0,455.0,12.81,48.0,-1.15,1381084200.0,0.0,-2.1145940390544737,7216.9,0.0929239133449888,0.6064442335196916,0.03,-52.80205790482191,168.41510898031012,-154.94823625651583,259.85,2052.1,1792.25,48178.5,47863.7,-8394.4,3697.6,13.49,2013,116519.70000000001,114813.29999999999,-18743.3,14635.7,53.37,226827.5,223529.0,-37830.7,22379.9,81.6,465009.9,458947.1,-77052.6,43459.7,158.42,141.20459599703483,1904.0,1951.0,1893.0,1946.0
2013-10-04,1889.0,1938.65,1878.0,1907.45,1913.6163708086783,11154,1637,21344477.0,2677.0,24.0,60.65,18.45,1380825000.0,0.0,0.13649368716697197,7210.2,0.099402474510768,0.6068184473295302,0.03,-52.86639230386119,168.6645308035838,-155.22693645223575,259.85,2052.1,1792.25,48178.5,47863.7,-8394.4,3697.6,13.49,2013,116519.70000000001,114813.29999999999,-18743.3,14635.7,53.37,226827.5,223529.0,-37830.7,22379.9,81.6,465009.9,458947.1,-77052.6,43459.7,158.42,141.39733135656041,1906.0,1914.0,1866.0,1904.85
2013-10-03,1820.0,1908.9,1819.9,1889.05,1887.8309344673428,18342,2818,34626595.0,6196.0,33.78,89.0,69.05,1380738600.0,0.0,-0.9646386536999674,7203.04,1.966846448946069,0.6068199873084508,0.03,-52.407294671925044,168.9315899953353,-154.93015536927157,259.85,2052.1,1792.25,48178.5,47863.7,-8394.4,3697.6,13.49,2013,116519.70000000001,114813.29999999999,-18743.3,14635.7,53.37,226827.5,223529.0,-37830.7,22379.9,81.6,465009.9,458947.1,-77052.6,43459.7,158.42,140.0333580429948,1889.0,1938.65,1878.0,1907.45
2013-10-01,1812.0,1827.0,1794.25,1813.0,1806.0836145959368,15703,954,28360931.0,12785.0,81.42,32.75,1.0,1380565800.0,0.0,-4.025833090706965,7064.1,0.6287785115584699,0.6063622990469907,0.02,-50.41092112520684,174.22106142325276,-156.0598772262364,259.85,2052.1,1792.25,48178.5,47863.7,-8394.4,3697.6,13.49,2013,116519.70000000001,114813.29999999999,-18743.3,14635.7,53.37,226827.5,223529.0,-37830.7,22379.9,81.6,465009.9,458947.1,-77052.6,43459.7,158.42,134.39584877687176,1820.0,1908.9,1819.9,1889.05
2013-09-30,1849.0,1849.0,1791.2,1809.55,1813.66229985444,4122,801,7475916.0,1061.0,25.74,57.8,-39.45,1380479400.0,9.0,-0.1902923331494777,7019.96,-1.3754133967231683,0.6076905582901969,0.02,-50.31637699980658,175.94530453164973,-157.24452352801768,259.85,2052.1,1792.25,45218.7,45021.0,-8503.6,2641.1,9.63,2013,107777.3,106182.4,-17673.8,12077.6,44.05,218991.6,216495.0,-36834.899999999994,22433.8,81.81,454930.30000000005,449338.1,-75659.1,42071.7,153.38,187.90758047767392,1812.0,1827.0,1794.25,1813.0
2013-09-27,1806.0,1838.0,1790.0,1826.05,1813.175772503359,4466,779,8097643.0,1487.0,33.3,48.0,20.05,1380220200.0,9.0,0.911828907739487,7117.86,-0.5228314235521614,0.6074137330648277,0.02,-50.76531310752718,172.1499158454929,-155.33938786337265,259.85,2052.1,1792.25,45218.7,45021.0,-8503.6,2641.1,9.63,2013,107777.3,106182.4,-17673.8,12077.6,44.05,218991.6,216495.0,-36834.899999999994,22433.8,81.81,454930.30000000005,449338.1,-75659.1,42071.7,153.38,189.6209761163032,1849.0,1849.0,1791.2,1809.55
2013-09-26,1804.0,1832.0,1770.0,1805.65,1811.85379484406,5547,1047,10050353.0,1284.0,23.15,62.0,1.65,1380133800.0,9.0,-1.117165466443959,7155.27,0.1070286333073156,0.607446198727579,0.0,-50.209065987317594,170.72703056628188,-153.91655172485272,259.85,2052.1,1792.25,45218.7,45021.0,-8503.6,2641.1,9.63,2013,107777.3,106182.4,-17673.8,12077.6,44.05,218991.6,216495.0,-36834.899999999994,22433.8,81.81,454930.30000000005,449338.1,-75659.1,42071.7,153.38,187.5025960539979,1806.0,1838.0,1790.0,1826.05
2013-09-25,1818.0,1819.0,1774.0,1793.85,1787.6994067989958,8766,1122,15670973.0,4838.0,55.19,45.0,-24.15,1380047400.0,9.0,-0.6535042782377598,7147.62,-0.195486496072117,0.6075486802609742,0.02,-49.88153970510355,171.0167860070905,-153.7904113725796,259.85,2052.1,1792.25,45218.7,45021.0,-8503.6,2641.1,9.63,2013,107777.3,106182.4,-17673.8,12077.6,44.05,218991.6,216495.0,-36834.899999999994,22433.8,81.81,454930.30000000005,449338.1,-75659.1,42071.7,153.38,186.27725856697816,1804.0,1832.0,1770.0,1805.65
2013-09-24,1790.0,1828.0,1790.0,1816.05,1813.8783082183104,7897,1027,14324197.0,3562.0,45.11,38.0,26.05,1379961000.0,9.0,1.2375616690358804,7161.62,0.0248608907461589,0.607576030945376,0.02,-50.49420445472317,170.48698478835794,-154.08585847965946,259.85,2052.1,1792.25,45218.7,45021.0,-8503.6,2641.1,9.63,2013,107777.3,106182.4,-17673.8,12077.6,44.05,218991.6,216495.0,-36834.899999999994,22433.8,81.81,454930.30000000005,449338.1,-75659.1,42071.7,153.38,188.58255451713393,1818.0,1819.0,1774.0,1793.85
2013-09-23,1844.0,1890.0,1781.05,1790.5,1826.3752668279487,7027,1155,12833939.0,2397.0,34.11,108.95,-53.5,1379874600.0,9.0,-1.4068995897690062,7159.84,-1.6627065335329316,0.6077132099958599,0.02,-49.787768779670486,170.55423026212875,-153.44367326644186,259.85,2052.1,1792.25,45218.7,45021.0,-8503.6,2641.1,9.63,2013,107777.3,106182.4,-17673.8,12077.6,44.05,218991.6,216495.0,-36834.899999999994,22433.8,81.81,454930.30000000005,449338.1,-75659.1,42071.7,153.38,185.92938733125646,1790.0,1828.0,1790.0,1816.05
2013-09-20,1780.0,1880.0,1748.0,1850.4,1812.1275167785236,18625,2731,33750875.0,7182.0,38.56,132.0,70.4,1379615400.0,9.0,3.345434236246869,7280.9,-1.428567560469085,0.6074723667047887,0.01,-51.413207955036754,166.05570739881065,-152.2913868097631,259.85,2052.1,1792.25,45218.7,45021.0,-8503.6,2641.1,9.63,2013,107777.3,106182.4,-17673.8,12077.6,44.05,218991.6,216495.0,-36834.899999999994,22433.8,81.81,454930.30000000005,449338.1,-75659.1,42071.7,153.38,192.14953271028037,1844.0,1890.0,1781.05,1790.5
2013-09-19,1740.2,1788.0,1730.25,1770.65,1767.6177878683186,60783,1623,107441112.0,55128.0,90.7,57.75,30.45,1379529000.0,9.0,-4.309878945092949,7386.42,3.308740742812777,0.6081517492189283,0.01,-49.224860926778305,162.25492187013467,-147.9043939639891,259.85,2052.1,1792.25,45218.7,45021.0,-8503.6,2641.1,9.63,2013,107777.3,106182.4,-17673.8,12077.6,44.05,218991.6,216495.0,-36834.899999999994,22433.8,81.81,454930.30000000005,449338.1,-75659.1,42071.7,153.38,183.8681204569055,1780.0,1880.0,1748.0,1850.4
2013-09-18,1700.0,1730.0,1689.0,1719.5,1709.019922449525,7479,967,12781760.0,1740.0,23.27,41.0,19.5,1379442600.0,9.0,-2.888769660859014,7149.85,0.71473748117723,0.6082111107997458,0.01,-47.714451875545215,170.93225732008364,-151.68126786059327,259.85,2052.1,1792.25,45218.7,45021.0,-8503.6,2641.1,9.63,2013,107777.3,106182.4,-17673.8,12077.6,44.05,218991.6,216495.0,-36834.899999999994,22433.8,81.81,454930.30000000005,449338.1,-75659.1,42071.7,153.38,178.5565939771547,1740.2,1788.0,1730.25,1770.65
2013-09-17,1655.0,1708.85,1635.0,1697.65,1685.8024333072894,8959,1302,15103104.0,2508.0,27.99,73.85,42.65,1379356200.0,9.0,-1.270718232044199,7099.11,0.1119702390437682,0.6088589830104502,0.01,-47.041498542102325,172.86871171174977,-152.29807795941488,259.85,2052.1,1792.25,45218.7,45021.0,-8503.6,2641.1,9.63,2013,107777.3,106182.4,-17673.8,12077.6,44.05,218991.6,216495.0,-36834.899999999994,22433.8,81.81,454930.30000000005,449338.1,-75659.1,42071.7,153.38,176.28764278296987,1700.0,1730.0,1689.0,1719.5
2013-09-16,1730.0,1765.0,1645.05,1655.2,1698.668167530371,11771,1592,19995023.0,4315.0,36.66,119.95,-74.8,1379269800.0,9.0,-2.500515418372462,7091.17,-0.2230189305785002,0.6089943503301797,0.02,-45.68330111164814,173.1742434605291,-151.15325711480682,259.85,2052.1,1792.25,45218.7,45021.0,-8503.6,2641.1,9.63,2013,107777.3,106182.4,-17673.8,12077.6,44.05,218991.6,216495.0,-36834.899999999994,22433.8,81.81,454930.30000000005,449338.1,-75659.1,42071.7,153.38,171.87954309449637,1655.0,1708.85,1635.0,1697.65
2013-09-13,1760.9,1760.9,1711.25,1721.6,1732.726550270921,8305,1118,14390294.0,2368.0,28.51,49.65,-39.3,1379010600.0,9.0,4.011599806669874,7107.02,0.0978863588668943,0.6095227241559764,0.01,-47.77822955390335,172.5650131841475,-152.96443125667537,259.85,2052.1,1792.25,45218.7,45021.0,-8503.6,2641.1,9.63,2013,107777.3,106182.4,-17673.8,12077.6,44.05,218991.6,216495.0,-36834.899999999994,22433.8,81.81,454930.30000000005,449338.1,-75659.1,42071.7,153.38,178.77466251298026,1730.0,1765.0,1645.05,1655.2
2013-09-12,1772.0,1828.0,1730.0,1751.4,1759.0265824707587,46083,5148,81061222.0,7649.0,16.6,98.0,-20.6,1378924200.0,9.0,1.7309479553903495,7100.07,-0.9702034833038886,0.6109424673508939,0.01,-48.66678086102547,172.83181715109853,-154.26096824338265,259.85,2052.1,1792.25,45218.7,45021.0,-8503.6,2641.1,9.63,2013,107777.3,106182.4,-17673.8,12077.6,44.05,218991.6,216495.0,-36834.899999999994,22433.8,81.81,454930.30000000005,449338.1,-75659.1,42071.7,153.38,181.86915887850466,1760.9,1760.9,1711.25,1721.6
2013-09-11,1715.0,1738.9,1690.0,1732.3,1724.5753278979084,8463,1276,14595081.0,2391.0,28.25,48.9,17.3,1378837800.0,9.0,-1.0905561265273533,7169.63,0.588268305343953,0.6110686578009394,0.02,-48.100790856087286,170.1847933575373,-152.10316273805182,259.85,2052.1,1792.25,45218.7,45021.0,-8503.6,2641.1,9.63,2013,107777.3,106182.4,-17673.8,12077.6,44.05,218991.6,216495.0,-36834.899999999994,22433.8,81.81,454930.30000000005,449338.1,-75659.1,42071.7,153.38,179.88577362409137,1772.0,1828.0,1730.0,1751.4
2013-09-10,1612.0,1745.0,1611.05,1705.0,1692.8283826453048,17102,2496,28950751.0,7783.0,45.51,133.95,93.0,1378751400.0,9.0,-1.5759395023956513,7127.7,3.1784288946502093,0.6111239209655416,0.02,-47.269794721407635,171.7742048627187,-152.25289783943117,259.85,2052.1,1792.25,45218.7,45021.0,-8503.6,2641.1,9.63,2013,107777.3,106182.4,-17673.8,12077.6,44.05,218991.6,216495.0,-36834.899999999994,22433.8,81.81,454930.30000000005,449338.1,-75659.1,42071.7,153.38,177.05088265835928,1715.0,1738.9,1690.0,1732.3
2013-09-06,1543.0,1620.5,1476.4,1601.55,1550.9133120765243,10036,1987,15564966.0,2138.0,21.3,144.1,58.55,1378405800.0,9.0,-6.067448680351905,6908.13,1.301289411516282,0.609909246185814,0.02,-43.86375698542038,180.4123547182812,-153.90672206933124,259.85,2052.1,1792.25,45218.7,45021.0,-8503.6,2641.1,9.63,2013,107777.3,106182.4,-17673.8,12077.6,44.05,218991.6,216495.0,-36834.899999999994,22433.8,81.81,454930.30000000005,449338.1,-75659.1,42071.7,153.38,166.30841121495325,1612.0,1745.0,1611.05,1705.0
2013-09-05,1495.0,1578.0,1495.0,1533.25,1539.9923203510696,7292,1367,11229624.0,2284.0,31.32,83.0,38.25,1378319400.0,9.0,-4.26461865068215,6819.39,2.28604255599989,0.6128974516803236,0.02,-41.363117560736995,184.06133099881367,-154.18158033376483,259.85,2052.1,1792.25,45218.7,45021.0,-8503.6,2641.1,9.63,2013,107777.3,106182.4,-17673.8,12077.6,44.05,218991.6,216495.0,-36834.899999999994,22433.8,81.81,454930.30000000005,449338.1,-75659.1,42071.7,153.38,159.2159916926272,1543.0,1620.5,1476.4,1601.55
2013-09-04,1442.0,1504.5,1407.85,1484.8,1467.722622645896,4301,884,6312675.0,1500.0,34.88,96.65,42.8,1378233000.0,9.0,-3.159954345344862,6666.98,1.6841148407091389,0.6137595688436407,0.02,-39.449757543103445,190.55509391058624,-156.41249463124743,259.85,2052.1,1792.25,45218.7,45021.0,-8503.6,2641.1,9.63,2013,107777.3,106182.4,-17673.8,12077.6,44.05,218991.6,216495.0,-36834.899999999994,22433.8,81.81,454930.30000000005,449338.1,-75659.1,42071.7,153.38,154.1848390446521,1495.0,1578.0,1495.0,1533.25
2013-09-03,1508.0,1513.35,1430.0,1441.5,1456.1673314339982,5265,876,7666721.0,2001.0,38.01,83.35,-66.5,1378146600.0,9.0,-2.91621767241379,6556.56,-3.1531618028280417,0.6142412311196367,0.02,-37.63093999306278,195.4483753675708,-157.69110587454995,259.85,2052.1,1792.25,45218.7,45021.0,-8503.6,2641.1,9.63,2013,107777.3,106182.4,-17673.8,12077.6,44.05,218991.6,216495.0,-36834.899999999994,22433.8,81.81,454930.30000000005,449338.1,-75659.1,42071.7,153.38,149.6884735202492,1442.0,1504.5,1407.85,1484.8
2013-09-02,1482.0,1527.0,1471.0,1497.5,1503.766496424923,4895,704,7360937.0,1965.0,40.14,56.0,15.5,1378060200.0,9.0,3.8848421782865072,6770.03,1.4394752141157596,0.6135306359170982,,-39.96327212020033,186.13241004840447,,259.85,2052.1,1792.25,45218.7,45021.0,-8503.6,2641.1,9.63,2013,107777.3,106182.4,-17673.8,12077.6,44.05,218991.6,216495.0,-36834.899999999994,22433.8,81.81,454930.30000000005,449338.1,-75659.1,42071.7,153.38,155.50363447559707,1508.0,1513.35,1430.0,1441.5
2013-08-30,1447.95,1489.85,1429.0,1471.65,1454.6904713736596,4943,825,7190535.0,1254.0,25.37,60.85,23.7,1377801000.0,9.0,-1.7262103505843007,6673.96,0.9891671294481874,0.6145925503468604,0.03,-38.9087079128869,190.25121517060336,-155.8472496746669,259.85,2052.1,1792.25,45218.7,45021.0,-8503.6,2641.1,9.63,2013,107777.3,106182.4,-17673.8,12077.6,44.05,218991.6,216495.0,-36834.899999999994,22433.8,81.81,454930.30000000005,449338.1,-75659.1,42071.7,153.38,152.81931464174454,1482.0,1527.0,1471.0,1497.5
2013-08-29,1460.0,1481.15,1404.95,1446.55,1450.5825420432443,8741,1279,12679542.0,2882.0,32.97,76.2,-13.45,1377714600.0,9.0,-1.7055685794856168,6608.59,2.038739761138264,0.6147198615310716,0.02,-37.84867443226988,193.12228478389488,-156.57248419595928,259.85,2052.1,1792.25,45218.7,45021.0,-8503.6,2641.1,9.63,2013,107777.3,106182.4,-17673.8,12077.6,44.05,218991.6,216495.0,-36834.899999999994,22433.8,81.81,454930.30000000005,449338.1,-75659.1,42071.7,153.38,150.21287642782968,1447.95,1489.85,1429.0,1471.65
2013-08-28,1545.0,1545.0,1454.25,1477.35,1480.3569686127826,6149,1109,9102715.0,1632.0,26.54,90.75,-67.65,1377628200.0,9.0,2.1292039680619324,6476.55,-0.2941964326950597,0.6143849114455813,0.03,-39.14441398449927,199.09828535254107,-161.4789648524439,259.85,2052.1,1792.25,45218.7,45021.0,-8503.6,2641.1,9.63,2013,107777.3,106182.4,-17673.8,12077.6,44.05,218991.6,216495.0,-36834.899999999994,22433.8,81.81,454930.30000000005,449338.1,-75659.1,42071.7,153.38,153.411214953271,1460.0,1481.15,1404.95,1446.55
2013-08-27,1592.0,1600.0,1548.9,1557.7,1567.2807017543862,3933,687,6164115.0,2201.0,55.96,51.1,-34.3,1377541800.0,9.0,5.438792432395845,6495.66,-3.116512369847013,0.614779839148622,0.05,-42.28349489632151,198.2183488667818,-164.16340053698963,259.85,2052.1,1792.25,45218.7,45021.0,-8503.6,2641.1,9.63,2013,107777.3,106182.4,-17673.8,12077.6,44.05,218991.6,216495.0,-36834.899999999994,22433.8,81.81,454930.30000000005,449338.1,-75659.1,42071.7,153.38,161.75493250259603,1545.0,1545.0,1454.25,1477.35
2013-08-26,1587.0,1613.0,1566.0,1592.5,1591.0127141617868,110664,805,176067831.0,106522.0,96.26,47.0,5.5,1377455400.0,9.0,2.2340630416639806,6704.61,0.2877925978666873,0.6160111255887093,0.04,-43.5447409733124,188.92433713519503,-159.93959409804114,259.85,2052.1,1792.25,45218.7,45021.0,-8503.6,2641.1,9.63,2013,107777.3,106182.4,-17673.8,12077.6,44.05,218991.6,216495.0,-36834.899999999994,22433.8,81.81,454930.30000000005,449338.1,-75659.1,42071.7,153.38,165.36863966770508,1592.0,1600.0,1548.9,1557.7
2013-08-23,1619.0,1638.0,1565.0,1581.3,1611.61602943738,91856,1467,148036602.0,5274.0,5.74,73.0,-37.7,1377196200.0,9.0,-0.7032967032967075,6685.37,1.0320262109571043,0.616456928196204,0.03,-43.14488079428319,189.75583999090557,-160.13268931452134,259.85,2052.1,1792.25,45218.7,45021.0,-8503.6,2641.1,9.63,2013,107777.3,106182.4,-17673.8,12077.6,44.05,218991.6,216495.0,-36834.899999999994,22433.8,81.81,454930.30000000005,449338.1,-75659.1,42071.7,153.38,164.2056074766355,1587.0,1613.0,1566.0,1592.5
2013-08-22,1630.0,1640.0,1605.55,1635.9,1629.9923038575932,1249717,1026,2037029092.0,1245725.0,99.68,34.45,5.9,1377109800.0,9.0,3.45285524568395,6617.08,1.8400866792253057,0.6163504725983092,0.03,-45.04248425942906,192.7461962073905,-163.85320286920268,259.85,2052.1,1792.25,45218.7,45021.0,-8503.6,2641.1,9.63,2013,107777.3,106182.4,-17673.8,12077.6,44.05,218991.6,216495.0,-36834.899999999994,22433.8,81.81,454930.30000000005,449338.1,-75659.1,42071.7,153.38,169.8753894080997,1619.0,1638.0,1565.0,1581.3
2013-08-21,1657.0,1660.0,1605.5,1622.95,1630.7525479005296,4906,694,8000472.0,2285.0,46.58,54.5,-34.05,1377023400.0,9.0,-0.7916131792896852,6497.52,-1.7117754905698002,0.6169533360137031,0.04,-44.60396192119289,198.1329799677415,-166.85808675318668,259.85,2052.1,1792.25,45218.7,45021.0,-8503.6,2641.1,9.63,2013,107777.3,106182.4,-17673.8,12077.6,44.05,218991.6,216495.0,-36834.899999999994,22433.8,81.81,454930.30000000005,449338.1,-75659.1,42071.7,153.38,168.53063343717548,1630.0,1640.0,1605.55,1635.9
2013-08-20,1670.0,1670.0,1617.1,1646.75,1639.1575301204816,3320,548,5442003.0,1337.0,40.27,52.9,-23.25,1376937000.0,9.0,1.4664653871037325,6610.68,-0.3089952451829747,0.616566854461816,0.04,-45.404584788219225,193.0296126873484,-164.43558322666183,259.85,2052.1,1792.25,45218.7,45021.0,-8503.6,2641.1,9.63,2013,107777.3,106182.4,-17673.8,12077.6,44.05,218991.6,216495.0,-36834.899999999994,22433.8,81.81,454930.30000000005,449338.1,-75659.1,42071.7,153.38,171.00207684319832,1657.0,1660.0,1605.5,1622.95
2013-08-19,1690.0,1690.0,1641.1,1651.1,1655.88485332269,5011,654,8297639.0,2078.0,41.47,48.9,-38.9,1376850600.0,9.0,0.2641566722331845,6631.17,-1.650730370324227,0.6167498989553696,0.06,-45.54842226394524,192.12416511716637,-164.06397669290502,259.85,2052.1,1792.25,45218.7,45021.0,-8503.6,2641.1,9.63,2013,107777.3,106182.4,-17673.8,12077.6,44.05,218991.6,216495.0,-36834.899999999994,22433.8,81.81,454930.30000000005,449338.1,-75659.1,42071.7,153.38,171.45379023883694,1670.0,1670.0,1617.1,1646.75
2013-08-16,1726.0,1726.0,1640.0,1682.55,1675.0119791666666,5760,873,9648069.0,2643.0,45.89,86.0,-43.45,1376591400.0,9.0,1.904790745563556,6742.47,-3.799937221778338,0.616345971463643,0.05,-46.56622388636297,187.3019828045212,-162.02822913650897,259.85,2052.1,1792.25,45218.7,45021.0,-8503.6,2641.1,9.63,2013,107777.3,106182.4,-17673.8,12077.6,44.05,218991.6,216495.0,-36834.899999999994,22433.8,81.81,454930.30000000005,449338.1,-75659.1,42071.7,153.38,174.71962616822427,1690.0,1690.0,1641.1,1651.1
2013-08-14,1698.0,1737.0,1678.0,1727.25,1711.475672072873,4501,732,7703352.0,2261.0,50.23,59.0,29.25,1376418600.0,9.0,2.656681822234108,7008.8,0.7151858807908695,0.6145326374975345,0.05,-47.94905196121002,176.38468782102498,-156.36247275016888,259.85,2052.1,1792.25,45218.7,45021.0,-8503.6,2641.1,9.63,2013,107777.3,106182.4,-17673.8,12077.6,44.05,218991.6,216495.0,-36834.899999999994,22433.8,81.81,454930.30000000005,449338.1,-75659.1,42071.7,153.38,179.3613707165109,1726.0,1726.0,1640.0,1682.55
2013-08-13,1687.0,1706.0,1648.0,1698.65,1691.2255427841635,3915,724,6621148.0,1841.0,47.02,58.0,11.65,1376332200.0,9.0,-1.655811260674478,6959.03,1.5432049226135724,0.6151099588411835,0.06,-47.07267535984458,178.36135208498885,-156.80761270216942,259.85,2052.1,1792.25,45218.7,45021.0,-8503.6,2641.1,9.63,2013,107777.3,106182.4,-17673.8,12077.6,44.05,218991.6,216495.0,-36834.899999999994,22433.8,81.81,454930.30000000005,449338.1,-75659.1,42071.7,153.38,176.39148494288682,1698.0,1737.0,1678.0,1727.25
2013-08-12,1671.5,1712.0,1632.1,1689.1,1670.708409228901,6588,1279,11006627.0,2858.0,43.38,79.9,17.6,1376245800.0,9.0,-0.5622111676920061,6853.27,1.0076788161947905,0.6150130185171635,0.06,-46.77342963708484,182.6570381730181,-159.13298525616642,259.85,2052.1,1792.25,45218.7,45021.0,-8503.6,2641.1,9.63,2013,107777.3,106182.4,-17673.8,12077.6,44.05,218991.6,216495.0,-36834.899999999994,22433.8,81.81,454930.30000000005,449338.1,-75659.1,42071.7,153.38,175.39979231568014,1687.0,1706.0,1648.0,1698.65
2013-08-08,1645.0,1685.0,1638.0,1671.9,1665.208787010506,5235,785,8717368.0,1962.0,37.48,47.0,26.9,1375900200.0,9.0,-1.018293765910827,6784.9,0.8565125875539481,0.6148974323729827,0.05,-46.225850828398826,185.50531326917127,-160.31184677753936,259.85,2052.1,1792.25,45218.7,45021.0,-8503.6,2641.1,9.63,2013,107777.3,106182.4,-17673.8,12077.6,44.05,218991.6,216495.0,-36834.899999999994,22433.8,81.81,454930.30000000005,449338.1,-75659.1,42071.7,153.38,173.61370716510902,1671.5,1712.0,1632.1,1689.1
2013-08-07,1671.0,1677.15,1622.4,1642.95,1645.0677746999072,5415,915,8908042.0,2067.0,38.17,54.75,-28.05,1375813800.0,9.0,-1.731562892517502,6727.28,0.0258715285315291,0.614885717496665,0.05,-45.278310356371165,187.95070221545708,-160.86576845624967,259.85,2052.1,1792.25,45218.7,45021.0,-8503.6,2641.1,9.63,2013,107777.3,106182.4,-17673.8,12077.6,44.05,218991.6,216495.0,-36834.899999999994,22433.8,81.81,454930.30000000005,449338.1,-75659.1,42071.7,153.38,170.60747663551402,1645.0,1685.0,1638.0,1671.9
2013-08-06,1773.0,1773.0,1660.0,1670.15,1683.962248777838,11046,1262,18601047.0,6218.0,56.29,113.0,-102.85,1375727400.0,9.0,1.655558598861817,6725.54,-2.503961138082456,0.6151513456760175,0.04,-46.169505733018,188.0251994635375,-161.84885415018766,259.85,2052.1,1792.25,45218.7,45021.0,-8503.6,2641.1,9.63,2013,107777.3,106182.4,-17673.8,12077.6,44.05,218991.6,216495.0,-36834.899999999994,22433.8,81.81,454930.30000000005,449338.1,-75659.1,42071.7,153.38,173.4319833852544,1671.0,1677.15,1622.4,1642.95
2013-08-05,1785.0,1795.0,1759.6,1774.05,1776.9266227657572,2126,469,3777746.0,834.0,39.23,35.4,-10.95,1375641000.0,9.0,6.220998113941856,6898.27,0.2584118282273673,0.6144641006284205,0.05,-49.322172430314815,180.81316040108604,-160.44464521291906,259.85,2052.1,1792.25,45218.7,45021.0,-8503.6,2641.1,9.63,2013,107777.3,106182.4,-17673.8,12077.6,44.05,218991.6,216495.0,-36834.899999999994,22433.8,81.81,454930.30000000005,449338.1,-75659.1,42071.7,153.38,184.22118380062304,1773.0,1773.0,1660.0,1670.15
2013-08-02,1828.0,1828.0,1758.0,1777.4,1783.5679342974463,5601,1044,9989764.0,3312.0,59.13,70.0,-50.6,1375381800.0,9.0,0.18883346016178582,6880.49,-0.8707766826635654,0.6180003590038711,0.04,-49.41768875886127,181.53881482278155,-161.62402147811738,259.85,2052.1,1792.25,45218.7,45021.0,-8503.6,2641.1,9.63,2013,107777.3,106182.4,-17673.8,12077.6,44.05,218991.6,216495.0,-36834.899999999994,22433.8,81.81,454930.30000000005,449338.1,-75659.1,42071.7,153.38,184.56905503634476,1785.0,1795.0,1759.6,1774.05
2013-08-01,1832.1,1834.0,1807.05,1818.45,1818.863733447245,2341,402,4257960.0,761.0,32.51,26.95,-13.65,1375295400.0,9.0,2.3095532800720076,6940.93,-0.6388893660637107,0.6178856009925653,0.04,-50.559542467486054,179.08724047065738,-161.23025425175854,259.85,2052.1,1792.25,45218.7,45021.0,-8503.6,2641.1,9.63,2013,107777.3,106182.4,-17673.8,12077.6,44.05,218991.6,216495.0,-36834.899999999994,22433.8,81.81,454930.30000000005,449338.1,-75659.1,42071.7,153.38,188.83177570093457,1828.0,1828.0,1758.0,1777.4
2013-07-31,1865.0,1882.0,1826.0,1832.7,1853.7726404279715,2617,527,4851323.0,884.0,33.78,56.0,-32.3,1375209000.0,9.0,0.7836344139239504,6985.56,-0.198729332363734,0.6183186133858894,0.04,-50.94396245975883,177.30418176924968,-160.58970553430558,259.85,2052.1,1792.25,45218.7,45021.0,-8503.6,2641.1,9.63,2013,107777.3,106182.4,-17673.8,12077.6,44.05,218991.6,216495.0,-36834.899999999994,22433.8,81.81,454930.30000000005,449338.1,-75659.1,42071.7,153.38,190.31152647975077,1832.1,1834.0,1807.05,1818.45
2013-07-30,1878.0,1893.9,1856.15,1866.4,1873.540615141956,2536,555,4751299.0,837.0,33.0,37.75,-11.6,1375122600.0,9.0,1.8388170458885744,6999.47,-1.5529094724524128,0.618371016306207,0.04,-51.82972567509645,176.75309702020297,-161.14398307409675,259.85,2052.1,1792.25,45218.7,45021.0,-8503.6,2641.1,9.63,2013,107777.3,106182.4,-17673.8,12077.6,44.05,218991.6,216495.0,-36834.899999999994,22433.8,81.81,454930.30000000005,449338.1,-75659.1,42071.7,153.38,193.8110072689512,1865.0,1882.0,1826.0,1832.7
2013-07-29,1864.0,1892.5,1835.35,1880.0,1861.628968086007,11813,2002,21991423.0,1079.0,9.13,57.15,16.0,1375036200.0,9.0,0.7286755250750065,7109.88,-0.9946653187231868,0.6183198320238642,0.03,-52.1781914893617,172.4553719612708,-158.82221851710696,259.85,2052.1,1792.25,45218.7,45021.0,-8503.6,2641.1,9.63,2013,107777.3,106182.4,-17673.8,12077.6,44.05,218991.6,216495.0,-36834.899999999994,22433.8,81.81,454930.30000000005,449338.1,-75659.1,42071.7,153.38,195.22326064382136,1878.0,1893.9,1856.15,1866.4
2013-07-26,1860.0,1876.0,1850.0,1865.0,1858.0342558983664,4408,467,8190215.0,2425.0,55.01,26.0,5.0,1374777000.0,9.0,-0.7978723404255317,7181.31,-0.5760828030768717,0.6182172015768089,0.03,-51.793565683646115,169.74535286737375,-156.74451619793456,259.85,2052.1,1792.25,45218.7,45021.0,-8503.6,2641.1,9.63,2013,107777.3,106182.4,-17673.8,12077.6,44.05,218991.6,216495.0,-36834.899999999994,22433.8,81.81,454930.30000000005,449338.1,-75659.1,42071.7,153.38,193.6656282450675,1864.0,1892.5,1835.35,1880.0
2013-07-25,1917.0,1917.0,1841.0,1853.55,1863.1294321130008,3469,845,6463196.0,1398.0,40.3,76.0,-63.45,1374690600.0,9.0,-0.6139410187667615,7222.92,-1.2247554865107202,0.6182176095199874,0.02,-51.495778371233584,168.1913962774058,-155.4822969674899,259.85,2052.1,1792.25,45218.7,45021.0,-8503.6,2641.1,9.63,2013,107777.3,106182.4,-17673.8,12077.6,44.05,218991.6,216495.0,-36834.899999999994,22433.8,81.81,454930.30000000005,449338.1,-75659.1,42071.7,153.38,192.47663551401868,1860.0,1876.0,1850.0,1865.0
2013-07-24,1909.9,1921.95,1884.0,1917.7,1903.3298192771083,2656,666,5055244.0,1397.0,52.6,37.95,7.8,1374604200.0,9.0,3.460926330554881,7312.48,-1.4837099079703764,0.6180162872616045,0.03,-53.118318819419095,164.90670743714855,-155.04480940564343,259.85,2052.1,1792.25,45218.7,45021.0,-8503.6,2641.1,9.63,2013,107777.3,106182.4,-17673.8,12077.6,44.05,218991.6,216495.0,-36834.899999999994,22433.8,81.81,454930.30000000005,449338.1,-75659.1,42071.7,153.38,199.1381100726895,1917.0,1917.0,1841.0,1853.55
2013-07-23,1930.0,1940.0,1893.6,1905.2,1920.169187145557,2116,469,4063078.0,931.0,44.0,46.4,-24.8,1374517800.0,9.0,-0.6518224956979735,7422.61,0.594954944699011,0.6187931298691798,0.02,-52.810728532437544,160.9762603720255,-152.42935666008182,259.85,2052.1,1792.25,45218.7,45021.0,-8503.6,2641.1,9.63,2013,107777.3,106182.4,-17673.8,12077.6,44.05,218991.6,216495.0,-36834.899999999994,22433.8,81.81,454930.30000000005,449338.1,-75659.1,42071.7,153.38,197.84008307372793,1909.9,1921.95,1884.0,1917.7
2013-07-22,1933.0,1933.0,1883.0,1920.55,1905.648253823328,4381,768,8348645.0,1145.0,26.14,50.0,-12.45,1374431400.0,9.0,0.805689691370981,7378.71,-0.0556697847164056,0.6187814673532079,0.04,-53.187888885996195,162.5289515375994,-153.77304074711626,259.85,2052.1,1792.25,45218.7,45021.0,-8503.6,2641.1,9.63,2013,107777.3,106182.4,-17673.8,12077.6,44.05,218991.6,216495.0,-36834.899999999994,22433.8,81.81,454930.30000000005,449338.1,-75659.1,42071.7,153.38,199.43406022845272,1930.0,1940.0,1893.6,1905.2
2013-07-19,1924.0,1934.95,1913.75,1933.5,1926.1329599056603,3392,383,6533443.0,1706.0,50.29,21.2,9.5,1374172200.0,9.0,0.674286011819536,7382.82,-0.2449685513346233,0.6188443119304302,0.03,-53.5014222911818,162.3828022354602,-154.00253048056237,259.85,2052.1,1792.25,45218.7,45021.0,-8503.6,2641.1,9.63,2013,107777.3,106182.4,-17673.8,12077.6,44.05,218991.6,216495.0,-36834.899999999994,22433.8,81.81,454930.30000000005,449338.1,-75659.1,42071.7,153.38,200.77881619937693,1933.0,1933.0,1883.0,1920.55
2013-07-18,1940.0,1941.75,1913.25,1925.3,1923.8411955347487,2777,737,5342507.0,1144.0,41.2,28.5,-14.7,1374085800.0,9.0,-0.42410137057150576,7400.95,1.0142439098959288,0.6188785273208899,0.03,-53.30338129122734,161.74004688587277,-153.41225696094835,259.85,2052.1,1792.25,45218.7,45021.0,-8503.6,2641.1,9.63,2013,107777.3,106182.4,-17673.8,12077.6,44.05,218991.6,216495.0,-36834.899999999994,22433.8,81.81,454930.30000000005,449338.1,-75659.1,42071.7,153.38,199.92731048805814,1924.0,1934.95,1913.75,1933.5
2013-07-17,1935.0,1971.9,1922.0,1943.9,1956.3166518254675,5615,813,10984718.0,2976.0,53.0,49.9,8.9,1373999400.0,9.0,0.9660832078117743,7326.64,0.0736213078367908,0.6187488429206591,0.03,-53.75019291115799,164.39472937117148,-155.48067902653762,259.85,2052.1,1792.25,45218.7,45021.0,-8503.6,2641.1,9.63,2013,107777.3,106182.4,-17673.8,12077.6,44.05,218991.6,216495.0,-36834.899999999994,22433.8,81.81,454930.30000000005,449338.1,-75659.1,42071.7,153.38,201.85877466251299,1940.0,1941.75,1913.25,1925.3
2013-07-16,1943.0,1943.0,1917.15,1936.35,1930.672647914646,2062,196,3981047.0,1459.0,70.76,25.85,-6.65,1373913000.0,9.0,-0.3883944647358528,7321.25,-1.2063719106960913,0.6188396086605844,0.03,-53.5698608206161,164.58938022878607,-155.4357232828264,259.85,2052.1,1792.25,45218.7,45021.0,-8503.6,2641.1,9.63,2013,107777.3,106182.4,-17673.8,12077.6,44.05,218991.6,216495.0,-36834.899999999994,22433.8,81.81,454930.30000000005,449338.1,-75659.1,42071.7,153.38,201.07476635514016,1935.0,1971.9,1922.0,1943.9
2013-07-15,1935.0,1947.0,1929.0,1944.1,1938.618399044205,4185,482,8113118.0,2093.0,50.01,18.0,9.1,1373826600.0,9.0,0.4002375603584074,7410.65,0.6643809751498919,0.6186243798531998,0.04,-53.7549508770125,161.3974482670211,-153.61460224589322,259.85,2052.1,1792.25,45218.7,45021.0,-8503.6,2641.1,9.63,2013,107777.3,106182.4,-17673.8,12077.6,44.05,218991.6,216495.0,-36834.899999999994,22433.8,81.81,454930.30000000005,449338.1,-75659.1,42071.7,153.38,201.87954309449634,1943.0,1943.0,1917.15,1936.35
2013-07-12,1985.0,1985.0,1920.0,1941.0,1932.9651193989807,3727,663,7204161.0,971.0,26.05,65.0,-44.0,1373567400.0,9.0,-0.15945681806490697,7361.74,0.9435165290219372,0.6185815078044834,0.04,-53.6810922205049,163.1341231828345,-154.6081008529928,259.85,2052.1,1792.25,45218.7,45021.0,-8503.6,2641.1,9.63,2013,107777.3,106182.4,-17673.8,12077.6,44.05,218991.6,216495.0,-36834.899999999994,22433.8,81.81,454930.30000000005,449338.1,-75659.1,42071.7,153.38,201.55763239875387,1935.0,1947.0,1929.0,1944.1
2013-07-11,1962.0,1990.0,1962.0,1979.55,1977.189341085272,5160,853,10202297.0,2552.0,49.46,28.0,17.55,1373481000.0,9.0,1.9860896445131448,7292.93,1.5906691146357232,0.6184588645167182,0.04,-54.583112323507876,165.61683712856149,-157.0255750043076,259.85,2052.1,1792.25,45218.7,45021.0,-8503.6,2641.1,9.63,2013,107777.3,106182.4,-17673.8,12077.6,44.05,218991.6,216495.0,-36834.899999999994,22433.8,81.81,454930.30000000005,449338.1,-75659.1,42071.7,153.38,205.56074766355138,1985.0,1985.0,1920.0,1941.0
2013-07-10,1927.0,1975.95,1927.0,1952.05,1959.6035493944703,13129,1541,25727635.0,7516.0,57.25,48.95,25.05,1373394600.0,9.0,-1.3892046172109818,7178.74,-0.5705041461620874,0.6184697983650451,0.04,-53.94329038702903,169.8419221200378,-159.0006509226059,259.85,2052.1,1792.25,45218.7,45021.0,-8503.6,2641.1,9.63,2013,107777.3,106182.4,-17673.8,12077.6,44.05,218991.6,216495.0,-36834.899999999994,22433.8,81.81,454930.30000000005,449338.1,-75659.1,42071.7,153.38,202.7050882658359,1962.0,1990.0,1962.0,1979.55
2013-07-09,1903.0,1934.7,1903.0,1927.85,1920.4119055764625,2923,450,5613364.0,1180.0,40.37,31.7,24.85,1373308200.0,9.0,-1.239722343177685,7219.93,0.7676278763365518,0.6185863992386514,0.04,-53.36514770340016,168.30246276625948,-157.49001867300828,259.85,2052.1,1792.25,45218.7,45021.0,-8503.6,2641.1,9.63,2013,107777.3,106182.4,-17673.8,12077.6,44.05,218991.6,216495.0,-36834.899999999994,22433.8,81.81,454930.30000000005,449338.1,-75659.1,42071.7,153.38,200.1921079958463,1927.0,1975.95,1927.0,1952.05
2013-07-08,1911.0,1943.0,1855.0,1896.4,1899.418023475956,5282,1308,10032726.0,1300.0,24.61,88.0,-14.6,1373221800.0,9.0,-1.6313509868506326,7164.93,-0.6126978402297145,0.618639894571967,0.05,-52.59175279476904,170.36202726335077,-158.00356738530633,259.85,2052.1,1792.25,45218.7,45021.0,-8503.6,2641.1,9.63,2013,107777.3,106182.4,-17673.8,12077.6,44.05,218991.6,216495.0,-36834.899999999994,22433.8,81.81,454930.30000000005,449338.1,-75659.1,42071.7,153.38,196.92627206645898,1903.0,1934.7,1903.0,1927.85
2013-07-05,1901.0,1926.0,1900.05,1918.3,1917.279187817259,1576,297,3021632.0,829.0,52.6,25.95,17.3,1372962600.0,9.0,1.1548196582999326,7209.1,0.3731395235509582,0.6188153885922987,0.04,-53.132982328103004,168.705524961507,-157.54580469928203,259.85,2052.1,1792.25,45218.7,45021.0,-8503.6,2641.1,9.63,2013,107777.3,106182.4,-17673.8,12077.6,44.05,218991.6,216495.0,-36834.899999999994,22433.8,81.81,454930.30000000005,449338.1,-75659.1,42071.7,153.38,199.20041536863965,1911.0,1943.0,1855.0,1896.4
2013-07-04,1915.0,1920.15,1895.0,1901.35,1907.4429657794683,1052,173,2006630.0,511.0,48.57,25.15,-13.65,1372876200.0,9.0,-0.8835948496064283,7182.3,0.9545442406165616,0.6189266254643899,,-52.71517605911589,169.7081714771034,,259.85,2052.1,1792.25,45218.7,45021.0,-8503.6,2641.1,9.63,2013,107777.3,106182.4,-17673.8,12077.6,44.05,218991.6,216495.0,-36834.899999999994,22433.8,81.81,454930.30000000005,449338.1,-75659.1,42071.7,153.38,197.44029075804775,1901.0,1926.0,1900.05,1918.3
2013-07-03,1915.0,1918.0,1892.0,1905.0,1901.4172564880355,2967,513,5641505.0,745.0,25.11,26.0,-10.0,1372789800.0,9.0,0.1919688642280537,7114.39,-1.6154972680920587,0.6188661597566538,0.05,-52.805774278215225,172.28265529441035,-159.44473624495845,259.85,2052.1,1792.25,45218.7,45021.0,-8503.6,2641.1,9.63,2013,107777.3,106182.4,-17673.8,12077.6,44.05,218991.6,216495.0,-36834.899999999994,22433.8,81.81,454930.30000000005,449338.1,-75659.1,42071.7,153.38,197.81931464174454,1915.0,1920.15,1895.0,1901.35
2013-07-02,1925.0,1933.4,1908.0,1923.85,1922.949687406966,3359,617,6459188.0,1636.0,48.7,25.4,-1.15,1372703400.0,9.0,0.9895013123359497,7231.21,-0.494006558315474,0.618468390889695,0.03,-53.26818618915197,167.88393643664062,-157.11054016162223,259.85,2052.1,1792.25,45218.7,45021.0,-8503.6,2641.1,9.63,2013,107777.3,106182.4,-17673.8,12077.6,44.05,218991.6,216495.0,-36834.899999999994,22433.8,81.81,454930.30000000005,449338.1,-75659.1,42071.7,153.38,199.77673935617858,1915.0,1918.0,1892.0,1905.0
2013-07-01,1870.0,1944.0,1870.0,1925.8,1913.408029388612,3811,772,7291998.0,1769.0,46.42,74.0,55.8,1372617000.0,9.0,0.10135925358005782,7267.11,1.4384301639014607,0.6185231425387561,0.04,-53.31550524457369,166.56057222196995,-156.35233287265845,259.85,2052.1,1792.25,45218.7,45021.0,-8503.6,2641.1,9.63,2013,107777.3,106182.4,-17673.8,12077.6,44.05,218991.6,216495.0,-36834.899999999994,22433.8,81.81,454930.30000000005,449338.1,-75659.1,42071.7,153.38,199.9792315680166,1925.0,1933.4,1908.0,1923.85
2013-06-28,1876.0,1897.0,1864.0,1875.95,1876.8815440289504,4145,627,7779674.0,942.0,22.73,33.0,-0.05,1372357800.0,0.0,-2.588534634956896,7164.06,2.4455744568885773,0.6182286551593481,0.04,-52.07494869266238,170.39485989787912,-157.43320462718737,259.85,2052.1,1792.25,49802.0,49575.4,-7860.1,6726.0,24.53,2013,93397.2,92884.7,-16898.0,6338.7,23.12,209916.9,207698.0,-35641.3,20974.4,76.49,443332.5,438150.3,-73748.0,40773.9,148.65999999999997,76.47574398695475,1870.0,1944.0,1870.0,1925.8
2013-06-27,1785.0,1895.0,1785.0,1876.5,1853.8102280424475,8858,1399,16421051.0,4411.0,49.8,110.0,91.5,1372271400.0,0.0,0.029318478637496703,6993.04,1.3910194139565846,0.617960991617674,0.06,-52.08899547029044,177.0075675242813,-161.49568976193066,259.85,2052.1,1792.25,49802.0,49575.4,-7860.1,6726.0,24.53,2013,93397.2,92884.7,-16898.0,6338.7,23.12,209916.9,207698.0,-35641.3,20974.4,76.49,443332.5,438150.3,-73748.0,40773.9,148.65999999999997,76.49816551161842,1876.0,1897.0,1864.0,1875.95
2013-06-26,1786.0,1789.9,1760.0,1776.15,1774.8027777777777,2880,480,5111432.0,1217.0,42.26,29.9,-9.85,1372185000.0,0.0,-5.347721822541962,6897.1,-0.3932510437832937,0.6176834853406831,0.06,-49.38209047659263,180.86079656667292,-161.11975665226697,259.85,2052.1,1792.25,49802.0,49575.4,-7860.1,6726.0,24.53,2013,93397.2,92884.7,-16898.0,6338.7,23.12,209916.9,207698.0,-35641.3,20974.4,76.49,443332.5,438150.3,-73748.0,40773.9,148.65999999999997,72.40725642070933,1785.0,1895.0,1785.0,1876.5
2013-06-25,1790.0,1809.8,1772.35,1785.9,1787.8510395898604,3511,487,6277145.0,1716.0,48.87,37.45,-4.1,1372098600.0,0.0,0.548940123300401,6924.33,0.1425995050958306,0.6202765840932547,0.06,-49.658435522705645,179.75630855259644,-161.17984796587768,259.85,2052.1,1792.25,49802.0,49575.4,-7860.1,6726.0,24.53,2013,93397.2,92884.7,-16898.0,6338.7,23.12,209916.9,207698.0,-35641.3,20974.4,76.49,443332.5,438150.3,-73748.0,40773.9,148.65999999999997,72.8047289033836,1786.0,1789.9,1760.0,1776.15
2013-06-24,1813.9,1815.0,1761.0,1783.35,1781.0701793225594,4517,939,8045094.0,2328.0,51.54,54.0,-30.55,1372012200.0,0.0,-0.14278515034437111,6914.47,-1.7339635726954294,0.6203050020260501,0.06,-49.58645246306109,180.1552396640668,-161.36043046776203,259.85,2052.1,1792.25,49802.0,49575.4,-7860.1,6726.0,24.53,2013,93397.2,92884.7,-16898.0,6338.7,23.12,209916.9,207698.0,-35641.3,20974.4,76.49,443332.5,438150.3,-73748.0,40773.9,148.65999999999997,72.70077456176111,1790.0,1809.8,1772.35,1785.9
2013-06-21,1816.0,1826.0,1783.0,1813.9,1809.765796919208,3181,586,5756865.0,1491.0,46.87,43.0,-2.1,1371753000.0,0.0,1.71306810216727,7036.48,-0.1498501498501503,0.6198424537007591,0.05,-50.43552566293622,175.2974498612943,-159.11133498976162,259.85,2052.1,1792.25,49802.0,49575.4,-7860.1,6726.0,24.53,2013,93397.2,92884.7,-16898.0,6338.7,23.12,209916.9,207698.0,-35641.3,20974.4,76.49,443332.5,438150.3,-73748.0,40773.9,148.65999999999997,73.94618834080717,1813.9,1815.0,1761.0,1783.35
2013-06-20,1830.0,1830.0,1779.1,1817.2,1812.633143385184,6493,785,11769427.0,4239.0,65.29,50.9,-12.8,1371666600.0,0.0,0.181928441479684,7047.04,-2.65094060732648,0.6201180806197698,0.05,-50.52553378824566,174.88491622014348,-158.9938264599993,259.85,2052.1,1792.25,49802.0,49575.4,-7860.1,6726.0,24.53,2013,93397.2,92884.7,-16898.0,6338.7,23.12,209916.9,207698.0,-35641.3,20974.4,76.49,443332.5,438150.3,-73748.0,40773.9,148.65999999999997,74.08071748878923,1816.0,1826.0,1783.0,1813.9
2013-06-19,1869.0,1869.0,1825.0,1841.65,1837.8826082239343,9217,1311,16939764.0,2824.0,30.64,44.0,-27.35,1371580200.0,0.0,1.3454765573409633,7238.94,0.2732986019245764,0.6190472216406144,0.05,-51.18236364129993,167.59788035264833,-154.95241346538097,259.85,2052.1,1792.25,49802.0,49575.4,-7860.1,6726.0,24.53,2013,93397.2,92884.7,-16898.0,6338.7,23.12,209916.9,207698.0,-35641.3,20974.4,76.49,443332.5,438150.3,-73748.0,40773.9,148.65999999999997,75.07745617611089,1830.0,1830.0,1779.1,1817.2
2013-06-18,1896.0,1896.0,1859.2,1870.15,1868.424657534247,2993,489,5592195.0,1512.0,50.52,36.8,-25.85,1371493800.0,0.0,1.5475253169711989,7219.21,-0.3261156205516369,0.6192126455351701,0.05,-51.92631607090341,168.32922161843192,-156.17693807785182,259.85,2052.1,1792.25,49802.0,49575.4,-7860.1,6726.0,24.53,2013,93397.2,92884.7,-16898.0,6338.7,23.12,209916.9,207698.0,-35641.3,20974.4,76.49,443332.5,438150.3,-73748.0,40773.9,148.65999999999997,76.23929881777416,1869.0,1869.0,1825.0,1841.65
2013-06-17,1862.0,1913.0,1836.85,1907.4,1885.1563321071992,3806,728,7174905.0,1479.0,38.86,76.15,45.4,1371407400.0,0.0,1.9918188380611213,7242.83,0.6910770291612023,0.6194237757081759,0.05,-52.86515675789032,167.4541581122296,-156.60927244501602,259.85,2052.1,1792.25,49802.0,49575.4,-7860.1,6726.0,24.53,2013,93397.2,92884.7,-16898.0,6338.7,23.12,209916.9,207698.0,-35641.3,20974.4,76.49,443332.5,438150.3,-73748.0,40773.9,148.65999999999997,77.75784753363229,1896.0,1896.0,1859.2,1870.15
2013-06-14,1829.95,1880.2,1829.95,1872.95,1869.801418439716,2538,348,4745556.0,1242.0,48.94,50.25,43.0,1371148200.0,0.0,-1.8061235189262947,7193.12,1.6961325576299036,0.6197369405415292,0.05,-51.9981846819189,169.30247236247973,-156.94019408293178,259.85,2052.1,1792.25,49802.0,49575.4,-7860.1,6726.0,24.53,2013,93397.2,92884.7,-16898.0,6338.7,23.12,209916.9,207698.0,-35641.3,20974.4,76.49,443332.5,438150.3,-73748.0,40773.9,148.65999999999997,76.35344476151651,1862.0,1913.0,1836.85,1907.4
2013-06-13,1840.0,1840.0,1805.75,1822.3,1821.3820468343447,2306,295,4200107.0,702.0,30.44,34.25,-17.7,1371061800.0,0.0,-2.704290023759315,7073.15,-1.2806860100126882,0.6196133291224291,0.05,-50.66399604894913,173.87019927472204,-158.41530839028366,259.85,2052.1,1792.25,49802.0,49575.4,-7860.1,6726.0,24.53,2013,93397.2,92884.7,-16898.0,6338.7,23.12,209916.9,207698.0,-35641.3,20974.4,76.49,443332.5,438150.3,-73748.0,40773.9,148.65999999999997,74.28862617203424,1829.95,1880.2,1829.95,1872.95
2013-06-12,1855.0,1860.0,1832.75,1840.15,1842.615636960088,1829,226,3370144.0,567.0,31.0,27.25,-14.85,1370975400.0,0.0,0.9795313614662904,7164.91,-0.5852570177422578,0.6200235209828153,0.05,-51.14256989919301,170.36278194701677,-156.7905006303608,259.85,2052.1,1792.25,49802.0,49575.4,-7860.1,6726.0,24.53,2013,93397.2,92884.7,-16898.0,6338.7,23.12,209916.9,207698.0,-35641.3,20974.4,76.49,443332.5,438150.3,-73748.0,40773.9,148.65999999999997,75.01630656339177,1840.0,1840.0,1805.75,1822.3
2013-06-11,1878.0,1878.0,1833.5,1860.15,1852.788288288288,1554,281,2879233.0,558.0,35.91,44.5,-17.85,1370889000.0,0.0,1.086867918376222,7207.09,-1.5857778408951306,0.620061120057464,0.05,-51.66787624653926,168.78046479230866,-156.34107723347466,259.85,2052.1,1792.25,49802.0,49575.4,-7860.1,6726.0,24.53,2013,93397.2,92884.7,-16898.0,6338.7,23.12,209916.9,207698.0,-35641.3,20974.4,76.49,443332.5,438150.3,-73748.0,40773.9,148.65999999999997,75.83163473298002,1855.0,1860.0,1832.75,1840.15
2013-06-10,1879.55,1899.9,1874.0,1890.1,1890.4665903016416,2619,385,4951132.0,1022.0,39.02,25.9,10.55,1370802600.0,0.0,1.6100852081821326,7323.22,-0.3791274491265928,0.6197847826106871,0.05,-52.433733664885466,164.51820374097733,-154.4186235668573,259.85,2052.1,1792.25,49802.0,49575.4,-7860.1,6726.0,24.53,2013,93397.2,92884.7,-16898.0,6338.7,23.12,209916.9,207698.0,-35641.3,20974.4,76.49,443332.5,438150.3,-73748.0,40773.9,148.65999999999997,77.05258866693843,1878.0,1878.0,1833.5,1860.15
2013-06-07,1898.0,1898.0,1853.7,1856.55,1869.665112665113,2574,409,4812518.0,787.0,30.57,44.3,-41.45,1370543400.0,0.0,-1.7750383577588513,7351.09,-0.6322098552824618,0.6200095126317445,0.04,-51.57415636530123,163.51534262265866,-152.9704238720833,259.85,2052.1,1792.25,49802.0,49575.4,-7860.1,6726.0,24.53,2013,93397.2,92884.7,-16898.0,6338.7,23.12,209916.9,207698.0,-35641.3,20974.4,76.49,443332.5,438150.3,-73748.0,40773.9,148.65999999999997,75.68487566245413,1879.55,1899.9,1874.0,1890.1
2013-06-06,1849.1,1958.7,1828.1,1898.8,1866.189988805373,6253,814,11669286.0,1139.0,18.22,130.6,49.7,1370457000.0,0.0,2.2757264819153855,7397.86,-0.0724009282447424,0.6202282334832224,0.05,-52.65167474194228,161.84937265641688,-153.0542138233253,259.85,2052.1,1792.25,49802.0,49575.4,-7860.1,6726.0,24.53,2013,93397.2,92884.7,-16898.0,6338.7,23.12,209916.9,207698.0,-35641.3,20974.4,76.49,443332.5,438150.3,-73748.0,40773.9,148.65999999999997,77.40725642070933,1898.0,1898.0,1853.7,1856.55
2013-06-05,1853.0,1859.0,1833.0,1850.7,1844.196394384173,6268,514,11559423.0,2340.0,37.33,26.0,-2.3,1370370600.0,0.0,-2.5331788497998664,7403.22,0.0674485654001078,0.6207219517484782,0.05,-51.42108391419463,161.65979128001058,-151.785828979187,259.85,2052.1,1792.25,49802.0,49575.4,-7860.1,6726.0,24.53,2013,93397.2,92884.7,-16898.0,6338.7,23.12,209916.9,207698.0,-35641.3,20974.4,76.49,443332.5,438150.3,-73748.0,40773.9,148.65999999999997,75.44639217284957,1849.1,1958.7,1828.1,1898.8
2013-06-04,1850.0,1879.95,1834.0,1860.9,1852.3875362966276,4477,568,8293139.0,1426.0,31.85,45.95,10.9,1370284200.0,0.0,0.5511428108283312,7398.23,-0.1337717699719576,0.6213087354064917,0.04,-51.68735558063303,161.83627705545786,-152.25279587143794,259.85,2052.1,1792.25,49802.0,49575.4,-7860.1,6726.0,24.53,2013,93397.2,92884.7,-16898.0,6338.7,23.12,209916.9,207698.0,-35641.3,20974.4,76.49,443332.5,438150.3,-73748.0,40773.9,148.65999999999997,75.86220953933959,1853.0,1859.0,1833.0,1850.7
2013-06-03,1893.0,1895.0,1841.0,1858.5,1855.3958817668547,3011,400,5586597.0,1032.0,34.27,54.0,-34.5,1370197800.0,0.0,-0.12896985329680088,7408.14,-0.4535138251170023,0.6213359592855455,0.05,-51.624966370729084,161.48601403321211,-151.98096701328973,259.85,2052.1,1792.25,49802.0,49575.4,-7860.1,6726.0,24.53,2013,93397.2,92884.7,-16898.0,6338.7,23.12,209916.9,207698.0,-35641.3,20974.4,76.49,443332.5,438150.3,-73748.0,40773.9,148.65999999999997,75.764370158989,1850.0,1879.95,1834.0,1860.9
2013-05-31,1976.0,1980.0,1858.0,1889.15,1915.946971126628,5299,719,10152603.0,2429.0,45.84,122.0,-86.85,1369938600.0,0.0,1.649179445789617,7441.89,-1.8784709586570192,0.6213015945958852,0.04,-52.40981393748512,160.3001388088241,-152.01969372956546,259.85,2052.1,1792.25,49802.0,49575.4,-7860.1,6726.0,24.53,2013,93397.2,92884.7,-16898.0,6338.7,23.12,209916.9,207698.0,-35641.3,20974.4,76.49,443332.5,438150.3,-73748.0,40773.9,148.65999999999997,77.013860578883,1893.0,1895.0,1841.0,1858.5
2013-05-30,1980.0,2000.0,1960.0,1990.7,1980.584855233853,2245,337,4446413.0,983.0,43.79,40.0,10.7,1369852200.0,0.0,5.375433395971729,7584.36,0.1739488772570796,0.621015048978689,0.04,-54.83749434872156,155.4104762959564,-151.3648982954972,259.85,2052.1,1792.25,49802.0,49575.4,-7860.1,6726.0,24.53,2013,93397.2,92884.7,-16898.0,6338.7,23.12,209916.9,207698.0,-35641.3,20974.4,76.49,443332.5,438150.3,-73748.0,40773.9,148.65999999999997,81.15368935996739,1976.0,1980.0,1858.0,1889.15
2013-05-29,1975.0,1982.0,1948.0,1972.15,1961.52901234568,1620,286,3177677.0,606.0,37.41,34.0,-2.85,1369765800.0,0.0,-0.9318330235595473,7571.19,-0.2643829878044013,0.6237591207558604,0.05,-54.41269680298152,155.85475995187022,-151.64733688013797,259.85,2052.1,1792.25,49802.0,49575.4,-7860.1,6726.0,24.53,2013,93397.2,92884.7,-16898.0,6338.7,23.12,209916.9,207698.0,-35641.3,20974.4,76.49,443332.5,438150.3,-73748.0,40773.9,148.65999999999997,80.39747248267427,1980.0,2000.0,1960.0,1990.7
2013-05-28,2017.0,2017.0,1964.0,1978.25,1979.853488893875,4457,545,8824207.0,2016.0,45.23,53.0,-38.75,1369679400.0,0.0,0.30930710138681317,7591.26,0.4625273446960287,0.6238223040795289,0.05,-54.55326677619108,155.17832349306966,-151.37577496563227,259.85,2052.1,1792.25,49802.0,49575.4,-7860.1,6726.0,24.53,2013,93397.2,92884.7,-16898.0,6338.7,23.12,209916.9,207698.0,-35641.3,20974.4,76.49,443332.5,438150.3,-73748.0,40773.9,148.65999999999997,80.6461475743987,1975.0,1982.0,1948.0,1972.15
2013-05-27,1958.0,2019.0,1947.05,2007.4,1984.8901862663329,3597,510,7139650.0,1784.0,49.6,71.95,49.4,1369593000.0,0.0,1.4735245798053853,7556.31,1.4435921050158562,0.6238052444580582,,-55.213211118860215,156.35859301696198,,259.85,2052.1,1792.25,49802.0,49575.4,-7860.1,6726.0,24.53,2013,93397.2,92884.7,-16898.0,6338.7,23.12,209916.9,207698.0,-35641.3,20974.4,76.49,443332.5,438150.3,-73748.0,40773.9,148.65999999999997,81.83448838157358,2017.0,2017.0,1964.0,1978.25
2013-05-24,1950.0,1967.85,1929.0,1947.55,1948.634668129457,1823,262,3552361.0,381.0,20.9,38.85,-2.45,1369333800.0,0.0,-2.981468566304679,7448.78,0.3536529997184345,0.623717482362371,0.04,-53.83687196734359,160.05936542628456,-153.68374770025005,259.85,2052.1,1792.25,49802.0,49575.4,-7860.1,6726.0,24.53,2013,93397.2,92884.7,-16898.0,6338.7,23.12,209916.9,207698.0,-35641.3,20974.4,76.49,443332.5,438150.3,-73748.0,40773.9,148.65999999999997,79.39461883408072,1958.0,2019.0,1947.05,2007.4
2013-05-23,1939.0,1968.0,1930.0,1948.55,1952.1288272674756,3462,555,6758270.0,1276.0,36.86,38.0,9.55,1369247400.0,0.0,0.05134656363123824,7422.53,-2.020954032865918,0.6245247381062022,0.05,-53.86056298273074,160.97907317316333,-154.4147502598744,259.85,2052.1,1792.25,49802.0,49575.4,-7860.1,6726.0,24.53,2013,93397.2,92884.7,-16898.0,6338.7,23.12,209916.9,207698.0,-35641.3,20974.4,76.49,443332.5,438150.3,-73748.0,40773.9,148.65999999999997,79.43538524256013,1950.0,1967.85,1929.0,1947.55
2013-05-22,1945.0,1967.0,1929.0,1953.45,1948.1989077321068,3479,509,6777784.0,1002.0,28.8,38.0,8.45,1369161000.0,0.0,0.2514690410818421,7575.63,-0.4515117628275389,0.6238864572761199,0.04,-53.97629834395556,155.7048060689342,-151.13346272487718,259.85,2052.1,1792.25,49802.0,49575.4,-7860.1,6726.0,24.53,2013,93397.2,92884.7,-16898.0,6338.7,23.12,209916.9,207698.0,-35641.3,20974.4,76.49,443332.5,438150.3,-73748.0,40773.9,148.65999999999997,79.63514064410926,1939.0,1968.0,1930.0,1948.55
2013-05-21,2015.0,2020.0,1920.2,1933.5,1951.4637746648596,6639,852,12955768.0,2748.0,41.39,99.8,-81.5,1369074600.0,0.0,-1.0212700606619052,7609.99,-0.6820450911938392,0.6238584747439897,0.04,-53.5014222911818,154.55026879141764,-149.9339629116795,259.85,2052.1,1792.25,49802.0,49575.4,-7860.1,6726.0,24.53,2013,93397.2,92884.7,-16898.0,6338.7,23.12,209916.9,207698.0,-35641.3,20974.4,76.49,443332.5,438150.3,-73748.0,40773.9,148.65999999999997,78.82185079494496,1945.0,1967.0,1929.0,1953.45
2013-05-20,2020.0,2066.25,2005.05,2019.55,2036.0230349085728,8422,796,17147386.0,2792.0,33.15,61.2,-0.45,1368988200.0,0.0,4.450478407033875,7662.25,-0.4301298836310252,0.6238738185734786,0.05,-55.48265702755564,152.81412117850502,-150.83819264821116,259.85,2052.1,1792.25,49802.0,49575.4,-7860.1,6726.0,24.53,2013,93397.2,92884.7,-16898.0,6338.7,23.12,209916.9,207698.0,-35641.3,20974.4,76.49,443332.5,438150.3,-73748.0,40773.9,148.65999999999997,82.32980024459845,2015.0,2020.0,1920.2,1933.5
2013-05-17,2000.0,2037.0,2000.0,2015.3,2029.541225164571,166949,675,338829878.0,162642.0,97.42,37.0,15.3,1368729000.0,0.0,-0.2104429204525804,7695.35,0.2912811156001504,0.6257481626456091,0.04,-55.38877586463554,151.7266920932771,-150.34644473979395,259.85,2052.1,1792.25,49802.0,49575.4,-7860.1,6726.0,24.53,2013,93397.2,92884.7,-16898.0,6338.7,23.12,209916.9,207698.0,-35641.3,20974.4,76.49,443332.5,438150.3,-73748.0,40773.9,148.65999999999997,82.15654300856094,2020.0,2066.25,2005.05,2019.55
2013-05-16,1975.0,2005.0,1975.0,2000.0,1994.882604960808,279390,775,557350251.0,275915.0,98.76,30.0,25.0,1368642600.0,0.0,-0.7591921798243417,7673.0,0.3893636729973115,0.6257410288407727,0.03,-55.04750000000001,152.4599244102698,-150.45915772660342,259.85,2052.1,1792.25,49802.0,49575.4,-7860.1,6726.0,24.53,2013,93397.2,92884.7,-16898.0,6338.7,23.12,209916.9,207698.0,-35641.3,20974.4,76.49,443332.5,438150.3,-73748.0,40773.9,148.65999999999997,81.53281695882592,2000.0,2037.0,2000.0,2015.3
2013-05-15,1980.0,1985.5,1956.6,1971.25,1974.2504957039,3026,423,5974082.0,1392.0,46.0,28.9,-8.75,1368556200.0,0.0,-1.4375000000000027,7643.24,2.231828772748301,0.6257719330923404,0.04,-54.39188332276474,153.44291164479986,-150.42711988472465,259.85,2052.1,1792.25,49802.0,49575.4,-7860.1,6726.0,24.53,2013,93397.2,92884.7,-16898.0,6338.7,23.12,209916.9,207698.0,-35641.3,20974.4,76.49,443332.5,438150.3,-73748.0,40773.9,148.65999999999997,80.3607827150428,1975.0,2005.0,1975.0,2000.0
2013-05-14,1953.0,1978.5,1953.0,1969.95,1969.1606737933264,3087,300,6078799.0,1231.0,39.88,25.5,16.95,1368469800.0,0.0,-0.06594800253646449,7476.38,0.2442961802911147,0.6252236357748702,0.05,-54.361785832127715,159.09932346937956,-153.85318211918658,259.85,2052.1,1792.25,49802.0,49575.4,-7860.1,6726.0,24.53,2013,93397.2,92884.7,-16898.0,6338.7,23.12,209916.9,207698.0,-35641.3,20974.4,76.49,443332.5,438150.3,-73748.0,40773.9,148.65999999999997,80.30778638401956,1980.0,1985.5,1956.6,1971.25
2013-05-13,1985.0,1985.45,1945.05,1953.0,1966.3747844827583,4640,524,9123979.0,2145.0,46.23,40.4,-32.0,1368383400.0,0.0,-0.8604279296428818,7458.16,-1.8815499698731089,0.6252168495285778,0.05,-53.96569380440348,159.7322932197754,-153.85175409677004,259.85,2052.1,1792.25,49802.0,49575.4,-7860.1,6726.0,24.53,2013,93397.2,92884.7,-16898.0,6338.7,23.12,209916.9,207698.0,-35641.3,20974.4,76.49,443332.5,438150.3,-73748.0,40773.9,148.65999999999997,79.61679576029351,1953.0,1978.5,1953.0,1969.95
2013-05-11,1970.0,1995.0,1965.0,1977.35,1977.5797546012263,326,103,644691.0,60.0,18.4,30.0,7.35,1368210600.0,0.0,1.2467997951868925,7601.18,0.2836531357524263,0.6247248659550919,,-54.532581485321266,154.84530033494798,,259.85,2052.1,1792.25,49802.0,49575.4,-7860.1,6726.0,24.53,2013,93397.2,92884.7,-16898.0,6338.7,23.12,209916.9,207698.0,-35641.3,20974.4,76.49,443332.5,438150.3,-73748.0,40773.9,148.65999999999997,80.60945780676721,1985.0,1985.45,1945.05,1953.0
2013-05-10,1988.5,2019.0,1971.25,1974.5,1985.2622149837127,6754,645,13408461.0,2587.0,38.3,47.75,-14.0,1368124200.0,0.0,-0.14413229827799912,7579.68,0.5992410940032222,0.6248707236608004,0.04,-54.466953659154214,155.5681770206658,-151.69195818370272,259.85,2052.1,1792.25,49802.0,49575.4,-7860.1,6726.0,24.53,2013,93397.2,92884.7,-16898.0,6338.7,23.12,209916.9,207698.0,-35641.3,20974.4,76.49,443332.5,438150.3,-73748.0,40773.9,148.65999999999997,80.49327354260089,1970.0,1995.0,1965.0,1977.35
2013-05-09,1986.0,2009.0,1984.05,1998.35,1998.503642753064,11667,709,23316542.0,6147.0,52.69,24.95,12.35,1368037800.0,0.0,1.207900734363121,7534.53,-0.3206870959164054,0.6248229813261812,0.04,-55.01038356644232,157.0996465605685,-153.18486017645304,259.85,2052.1,1792.25,49802.0,49575.4,-7860.1,6726.0,24.53,2013,93397.2,92884.7,-16898.0,6338.7,23.12,209916.9,207698.0,-35641.3,20974.4,76.49,443332.5,438150.3,-73748.0,40773.9,148.65999999999997,81.4655523848349,1988.5,2019.0,1971.25,1974.5
2013-05-08,1925.1,1991.0,1925.0,1974.75,1925.2794203631036,1210896,1200,2331313149.0,1203052.0,99.35,66.0,49.65,1367951400.0,0.0,-1.1809743038006304,7558.77,0.3374328817856709,0.6249503981973896,0.04,-54.47271806557792,156.27516117040204,-152.15194425145404,259.85,2052.1,1792.25,49802.0,49575.4,-7860.1,6726.0,24.53,2013,93397.2,92884.7,-16898.0,6338.7,23.12,209916.9,207698.0,-35641.3,20974.4,76.49,443332.5,438150.3,-73748.0,40773.9,148.65999999999997,80.50346514472075,1986.0,2009.0,1984.05,1998.35
2013-05-07,1910.95,1935.0,1910.95,1927.2,1927.665080713679,5885,499,11344309.0,3622.0,61.55,24.05,16.25,1367865000.0,0.0,-2.4078997341435593,7533.35,1.035657908325094,0.6250617864730482,0.04,-53.34941884599419,157.1399178320402,-151.58657414085832,259.85,2052.1,1792.25,49802.0,49575.4,-7860.1,6726.0,24.53,2013,93397.2,92884.7,-16898.0,6338.7,23.12,209916.9,207698.0,-35641.3,20974.4,76.49,443332.5,438150.3,-73748.0,40773.9,148.65999999999997,78.56502242152466,1925.1,1991.0,1925.0,1974.75
2013-05-06,1885.0,1920.45,1866.1,1911.65,1900.9411246081504,10208,531,19404807.0,7148.0,70.02,54.35,26.65,1367778600.0,0.0,-0.8068700705686993,7456.13,0.5670284552790728,0.6254464353233685,0.04,-52.9699474276149,159.80300772652836,-152.93315110671188,259.85,2052.1,1792.25,49802.0,49575.4,-7860.1,6726.0,24.53,2013,93397.2,92884.7,-16898.0,6338.7,23.12,209916.9,207698.0,-35641.3,20974.4,76.49,443332.5,438150.3,-73748.0,40773.9,148.65999999999997,77.93110476966979,1910.95,1935.0,1910.95,1927.2
2013-05-03,1886.0,1902.0,1867.0,1885.55,1882.020004495392,4449,599,8373107.0,1287.0,28.93,35.0,-0.45,1367519400.0,0.0,-1.3653126879920596,7414.09,-0.699674404962003,0.6254602059290912,0.05,-52.3189520299117,161.27616470800868,-153.20950220934037,259.85,2052.1,1792.25,49802.0,49575.4,-7860.1,6726.0,24.53,2013,93397.2,92884.7,-16898.0,6338.7,23.12,209916.9,207698.0,-35641.3,20974.4,76.49,443332.5,438150.3,-73748.0,40773.9,148.65999999999997,76.86710150835711,1885.0,1920.45,1866.1,1911.65
2013-05-02,1900.25,1922.4,1871.0,1886.5,1900.9244348488696,7874,974,14967879.0,2613.0,33.19,51.4,-13.75,1367433000.0,0.0,0.05038317732226627,7466.33,1.097863985647063,0.6255489605774706,0.05,-52.34296315928969,159.44808225728036,-152.10426783337357,259.85,2052.1,1792.25,49802.0,49575.4,-7860.1,6726.0,24.53,2013,93397.2,92884.7,-16898.0,6338.7,23.12,209916.9,207698.0,-35641.3,20974.4,76.49,443332.5,438150.3,-73748.0,40773.9,148.65999999999997,76.90582959641256,1886.0,1902.0,1867.0,1885.55
2013-04-30,1910.0,1910.0,1880.0,1901.1,1896.0984109283525,3587,427,6801305.0,1371.0,38.22,30.0,-8.9,1367260200.0,0.0,0.7739199575934164,7385.25,0.5178843641115094,0.6253760371998028,0.05,-52.708957971700585,162.296469313835,-154.22401200084613,259.85,2052.1,1792.25,49802.0,49575.4,-7860.1,6726.0,24.53,2013,93397.2,92884.7,-16898.0,6338.7,23.12,209916.9,207698.0,-35641.3,20974.4,76.49,443332.5,438150.3,-73748.0,40773.9,148.65999999999997,77.50101916021198,1900.25,1922.4,1871.0,1886.5
2013-04-29,1910.0,1929.0,1885.05,1919.8,1904.7875683060104,2928,360,5577218.0,1207.0,41.22,43.95,9.8,1367173800.0,0.0,0.98364104991846,7347.2,0.6573305092872905,0.6254013570500487,0.05,-53.16960100010417,163.65486171602788,-155.53830353729356,259.85,2052.1,1792.25,49802.0,49575.4,-7860.1,6726.0,24.53,2013,93397.2,92884.7,-16898.0,6338.7,23.12,209916.9,207698.0,-35641.3,20974.4,76.49,443332.5,438150.3,-73748.0,40773.9,148.65999999999997,78.263350998777,1910.0,1910.0,1880.0,1901.1
2013-04-26,1933.8,1933.8,1887.0,1907.3,1907.8854058542656,4817,585,9190284.0,2029.0,42.12,46.8,-26.5,1366914600.0,0.0,-0.6511094905719328,7299.22,-0.6869658802864276,0.6254393718691524,0.05,-52.86268547160908,165.38794556130654,-156.32154628960876,259.85,2052.1,1792.25,49802.0,49575.4,-7860.1,6726.0,24.53,2013,93397.2,92884.7,-16898.0,6338.7,23.12,209916.9,207698.0,-35641.3,20974.4,76.49,443332.5,438150.3,-73748.0,40773.9,148.65999999999997,77.75377089278435,1910.0,1929.0,1885.05,1919.8
2013-04-25,1866.0,1943.85,1866.0,1929.05,1913.387844611529,7980,814,15268835.0,4287.0,53.72,77.85,63.05,1366828200.0,0.0,1.1403554763278034,7349.71,1.0613927496933684,0.6253976950777076,0.05,-53.39415774604079,163.56482092490725,-155.70594986352188,259.85,2052.1,1792.25,49802.0,49575.4,-7860.1,6726.0,24.53,2013,93397.2,92884.7,-16898.0,6338.7,23.12,209916.9,207698.0,-35641.3,20974.4,76.49,443332.5,438150.3,-73748.0,40773.9,148.65999999999997,78.64044027721157,1933.8,1933.8,1887.0,1907.3
2013-04-23,1875.0,1879.55,1859.0,1864.35,1868.0133305988516,9752,700,18216866.0,4918.0,50.43,20.55,-10.65,1366655400.0,0.0,-3.3539825302610127,7272.52,-0.0419211140845199,0.6253661885348866,0.05,-51.77675865583179,166.3622788249465,-155.8328345711399,259.85,2052.1,1792.25,49802.0,49575.4,-7860.1,6726.0,24.53,2013,93397.2,92884.7,-16898.0,6338.7,23.12,209916.9,207698.0,-35641.3,20974.4,76.49,443332.5,438150.3,-73748.0,40773.9,148.65999999999997,76.00285364859356,1866.0,1943.85,1866.0,1929.05
2013-04-22,1928.0,1928.0,1861.0,1878.75,1884.2499401866176,12539,1454,23626610.0,3446.0,27.48,67.0,-49.25,1366569000.0,0.0,0.7723871590634923,7275.57,0.9818413480956468,0.6264218795508449,0.05,-52.14637391882901,166.25061679016216,-156.3080766710321,259.85,2052.1,1792.25,49802.0,49575.4,-7860.1,6726.0,24.53,2013,93397.2,92884.7,-16898.0,6338.7,23.12,209916.9,207698.0,-35641.3,20974.4,76.49,443332.5,438150.3,-73748.0,40773.9,148.65999999999997,76.5898899306971,1875.0,1879.55,1859.0,1864.35
2013-04-18,1888.0,1934.0,1873.0,1927.35,1910.6368441660136,5108,580,9759533.0,2502.0,48.98,61.0,39.35,1366223400.0,0.0,2.586826347305382,7204.83,1.3384587470304463,0.6263446777414118,0.05,-53.353049523957765,168.86477543536768,-159.1392856420119,259.85,2052.1,1792.25,49802.0,49575.4,-7860.1,6726.0,24.53,2013,93397.2,92884.7,-16898.0,6338.7,23.12,209916.9,207698.0,-35641.3,20974.4,76.49,443332.5,438150.3,-73748.0,40773.9,148.65999999999997,78.57113738279656,1928.0,1928.0,1861.0,1878.75
2013-04-17,1882.05,1902.0,1882.05,1899.05,1894.581291759465,4041,439,7656003.0,1757.0,43.48,19.95,17.0,1366137000.0,0.0,-1.468337354398519,7109.67,0.0936221494519218,0.626738392854374,0.06,-52.65790790131908,172.46341953986612,-160.76974998633318,259.85,2052.1,1792.25,49802.0,49575.4,-7860.1,6726.0,24.53,2013,93397.2,92884.7,-16898.0,6338.7,23.12,209916.9,207698.0,-35641.3,20974.4,76.49,443332.5,438150.3,-73748.0,40773.9,148.65999999999997,77.41744802282918,1888.0,1934.0,1873.0,1927.35
2013-04-16,1857.0,1907.0,1853.0,1895.0,1888.114841849148,4110,513,7760152.0,2525.0,61.44,54.0,38.0,1366050600.0,0.0,-0.21326452700034526,7103.02,1.7888592887267407,0.6269361662679612,0.06,-52.556728232189975,172.71850564970953,-160.86258983777398,259.85,2052.1,1792.25,49802.0,49575.4,-7860.1,6726.0,24.53,2013,93397.2,92884.7,-16898.0,6338.7,23.12,209916.9,207698.0,-35641.3,20974.4,76.49,443332.5,438150.3,-73748.0,40773.9,148.65999999999997,77.25234406848756,1882.05,1902.0,1882.05,1899.05
2013-04-15,1801.2,1879.95,1801.2,1858.6,1858.43636586562,8156,1161,15157407.0,3191.0,39.12,78.75,57.4,1365964200.0,0.0,-1.920844327176785,6978.19,0.4903414965711894,0.62646456911267,0.06,-51.627569138060906,177.59705597010114,-162.90824440790232,259.85,2052.1,1792.25,49802.0,49575.4,-7860.1,6726.0,24.53,2013,93397.2,92884.7,-16898.0,6338.7,23.12,209916.9,207698.0,-35641.3,20974.4,76.49,443332.5,438150.3,-73748.0,40773.9,148.65999999999997,75.76844679983692,1857.0,1907.0,1853.0,1895.0
2013-04-12,1778.95,1825.1,1759.85,1814.6,1804.073204419889,2896,276,5224596.0,1067.0,36.84,65.25,35.65,1365705000.0,0.0,-2.36737329172495,6944.14,-0.7798568881166812,0.6267751154811506,0.06,-50.454645651934314,178.9582295287825,-162.64360412421036,259.85,2052.1,1792.25,49802.0,49575.4,-7860.1,6726.0,24.53,2013,93397.2,92884.7,-16898.0,6338.7,23.12,209916.9,207698.0,-35641.3,20974.4,76.49,443332.5,438150.3,-73748.0,40773.9,148.65999999999997,73.97472482674276,1801.2,1879.95,1801.2,1858.6
2013-04-11,1803.05,1805.0,1773.0,1778.95,1785.8001231906378,3247,305,5798493.0,1434.0,44.16,32.0,-24.1,1365618600.0,0.0,-1.9646203019949238,6998.72,0.4815381655606909,0.6272014113879328,0.07,-49.4617611512409,176.78275456083398,-160.36625022204532,259.85,2052.1,1792.25,49802.0,49575.4,-7860.1,6726.0,24.53,2013,93397.2,92884.7,-16898.0,6338.7,23.12,209916.9,207698.0,-35641.3,20974.4,76.49,443332.5,438150.3,-73748.0,40773.9,148.65999999999997,72.52140236445169,1778.95,1825.1,1759.85,1814.6
2013-04-10,1787.0,1801.0,1760.0,1787.2,1779.4760307753008,5069,590,9020164.0,1156.0,22.81,41.0,0.2,1365532200.0,0.0,0.46375671041907207,6965.18,0.9752229298439774,0.6275313164659209,0.07,-49.695053715308866,178.11556915973458,-161.49422412104127,259.85,2052.1,1792.25,49802.0,49575.4,-7860.1,6726.0,24.53,2013,93397.2,92884.7,-16898.0,6338.7,23.12,209916.9,207698.0,-35641.3,20974.4,76.49,443332.5,438150.3,-73748.0,40773.9,148.65999999999997,72.85772523440684,1803.05,1805.0,1773.0,1778.95
2013-04-09,1796.3,1828.0,1781.5,1793.3,1813.698781362007,6975,1122,12650549.0,1892.0,27.13,46.5,-3.0,1365445800.0,0.0,0.34131602506712877,6897.91,-1.0095777138051765,0.6274163087013069,0.06,-49.866168516143425,180.8278159616464,-163.3428443387968,259.85,2052.1,1792.25,49802.0,49575.4,-7860.1,6726.0,24.53,2013,93397.2,92884.7,-16898.0,6338.7,23.12,209916.9,207698.0,-35641.3,20974.4,76.49,443332.5,438150.3,-73748.0,40773.9,148.65999999999997,73.10640032613126,1787.0,1801.0,1760.0,1787.2
2013-04-08,1771.75,1797.0,1770.0,1786.2,1784.7775819527672,5674,517,10126828.0,1685.0,29.7,27.0,14.45,1365359400.0,0.0,-0.39591813974236834,6968.26,-0.1088039450389599,0.6272645856972098,0.07,-49.66689060575524,177.9926409175318,-161.34146224704423,259.85,2052.1,1792.25,49802.0,49575.4,-7860.1,6726.0,24.53,2013,93397.2,92884.7,-16898.0,6338.7,23.12,209916.9,207698.0,-35641.3,20974.4,76.49,443332.5,438150.3,-73748.0,40773.9,148.65999999999997,72.81695882592743,1796.3,1828.0,1781.5,1793.3
2013-04-05,1745.95,1788.0,1745.95,1770.25,1769.0575794787828,7329,753,12965423.0,1513.0,20.64,42.05,24.3,1365100200.0,0.0,-0.8929571156645388,6975.85,-0.2680639350356006,0.6272749471764855,0.07,-49.21338793955656,177.69017395729549,-160.70007317609725,259.85,2052.1,1792.25,49802.0,49575.4,-7860.1,6726.0,24.53,2013,93397.2,92884.7,-16898.0,6338.7,23.12,209916.9,207698.0,-35641.3,20974.4,76.49,443332.5,438150.3,-73748.0,40773.9,148.65999999999997,72.16673461068079,1771.75,1797.0,1770.0,1786.2
2013-04-04,1845.0,1848.0,1732.25,1743.65,1774.92057835251,19642,2015,34862990.0,6324.0,32.2,115.75,-101.35,1365013800.0,0.0,-1.5026126253353977,6994.6,-1.7067052648590098,0.6273340335760194,0.07,-48.43862013592178,176.9457867497784,-159.4688208795921,259.85,2052.1,1792.25,49802.0,49575.4,-7860.1,6726.0,24.53,2013,93397.2,92884.7,-16898.0,6338.7,23.12,209916.9,207698.0,-35641.3,20974.4,76.49,443332.5,438150.3,-73748.0,40773.9,148.65999999999997,71.08234814512842,1745.95,1788.0,1745.95,1770.25
2013-04-03,1845.0,1859.0,1836.0,1848.0,1849.7849882720875,3837,289,7097625.0,1021.0,26.61,23.0,3.0,1364927400.0,0.0,5.9845725919766,7116.05,-1.141257536606366,0.6270826768398918,0.06,-51.35010822510823,172.2191384265147,-159.36812159205653,259.85,2052.1,1792.25,49802.0,49575.4,-7860.1,6726.0,24.53,2013,93397.2,92884.7,-16898.0,6338.7,23.12,209916.9,207698.0,-35641.3,20974.4,76.49,443332.5,438150.3,-73748.0,40773.9,148.65999999999997,75.33632286995515,1845.0,1848.0,1732.25,1743.65
2013-04-02,1840.0,1858.0,1819.85,1843.6,1842.9111307615783,9047,663,16672817.0,3218.0,35.57,38.15,3.6,1364841000.0,0.0,-0.23809523809524835,7198.2,1.0422588592003068,0.6303672055297724,0.07,-51.23399869819918,169.1124169931372,-157.8627947141616,259.85,2052.1,1792.25,49802.0,49575.4,-7860.1,6726.0,24.53,2013,93397.2,92884.7,-16898.0,6338.7,23.12,209916.9,207698.0,-35641.3,20974.4,76.49,443332.5,438150.3,-73748.0,40773.9,148.65999999999997,75.15695067264573,1845.0,1859.0,1836.0,1848.0
2013-04-01,1873.5,1878.5,1844.0,1856.75,1860.984381507705,4802,358,8936447.0,1600.0,33.32,34.5,-16.75,1364754600.0,0.0,0.7132783684096422,7123.95,0.5503206792981219,0.6302130598199742,0.08,-51.579372559579916,171.9172650004562,-159.95346112661318,259.85,2052.1,1792.25,49802.0,49575.4,-7860.1,6726.0,24.53,2013,93397.2,92884.7,-16898.0,6338.7,23.12,209916.9,207698.0,-35641.3,20974.4,76.49,443332.5,438150.3,-73748.0,40773.9,148.65999999999997,75.69302894415002,1840.0,1858.0,1819.85,1843.6
2013-03-28,1831.95,1890.7,1815.5,1868.0,1857.5410431989176,11829,769,21972853.0,5107.0,43.17,75.2,36.05,1364409000.0,0.0,0.6058974013733565,7084.96,1.029407780377789,0.6302245029546388,0.07,-51.87098501070664,173.41368194033558,-161.18642080188164,259.85,2052.1,1792.25,54720.4,53892.1,-8280.2,7262.0,26.49,2013,95020.7,94596.4,-16363.7,9367.1,34.160000000000004,202798.0,200778.8,-34037.5,21444.7,78.21000000000001,432159.7,427343.6,-72232.5,41592.0,151.66,70.51717629294073,1873.5,1878.5,1844.0,1856.75
2013-03-26,1850.5,1865.0,1835.1,1850.55,1846.81198156682,5425,316,10018955.0,2146.0,39.56,29.9,0.05,1364236200.0,0.0,-0.9341541755888638,7012.77,0.039229559972731,0.6301088727109819,0.07,-51.41714625381644,176.22822365484677,-162.48600597974098,259.85,2052.1,1792.25,54720.4,53892.1,-8280.2,7262.0,26.49,2013,95020.7,94596.4,-16363.7,9367.1,34.160000000000004,202798.0,200778.8,-34037.5,21444.7,78.21000000000001,432159.7,427343.6,-72232.5,41592.0,151.66,69.85843714609287,1831.95,1890.7,1815.5,1868.0
2013-03-25,1868.0,1871.35,1850.0,1863.2,1862.9916110581505,5245,353,9771391.0,2258.0,43.05,21.35,-4.8,1364149800.0,0.0,0.6835805571316689,7010.02,-0.3090269136416856,0.6301886025785586,0.08,-51.74699441820525,176.3365867715071,-162.90188653100773,259.85,2052.1,1792.25,54720.4,53892.1,-8280.2,7262.0,26.49,2013,95020.7,94596.4,-16363.7,9367.1,34.160000000000004,202798.0,200778.8,-34037.5,21444.7,78.21000000000001,432159.7,427343.6,-72232.5,41592.0,151.66,70.33597583993961,1850.5,1865.0,1835.1,1850.55
2013-03-22,1859.45,1888.8,1847.2,1856.45,1861.4063592475443,6007,441,11181468.0,699.0,11.64,41.6,-3.0,1363890600.0,0.0,-0.3622799484757411,7031.75,-0.2369315239520775,0.6302204401486837,0.07,-51.57154784669666,175.4826323461443,-162.19017421152296,259.85,2052.1,1792.25,54720.4,53892.1,-8280.2,7262.0,26.49,2013,95020.7,94596.4,-16363.7,9367.1,34.160000000000004,202798.0,200778.8,-34037.5,21444.7,78.21000000000001,432159.7,427343.6,-72232.5,41592.0,151.66,70.08116270290677,1868.0,1871.35,1850.0,1863.2
2013-03-21,1850.0,1895.0,1842.35,1855.3,1866.216212624585,7525,872,14043277.0,1327.0,17.63,52.65,5.3,1363804200.0,0.0,-0.061946187616157555,7048.45,-0.7892158794682858,0.6302204427116428,0.07,-51.541529671751206,174.82992714710326,-161.74880832665306,259.85,2052.1,1792.25,54720.4,53892.1,-8280.2,7262.0,26.49,2013,95020.7,94596.4,-16363.7,9367.1,34.160000000000004,202798.0,200778.8,-34037.5,21444.7,78.21000000000001,432159.7,427343.6,-72232.5,41592.0,151.66,70.03775009437524,1859.45,1888.8,1847.2,1856.45
2013-03-20,1856.9,1860.0,1812.7,1845.15,1839.0781464530885,8740,953,16073543.0,1957.0,22.39,47.3,-11.75,1363717800.0,0.0,-0.5470813345550551,7104.52,-1.1320828236525249,0.6301173951320798,0.07,-51.27496409506003,172.6609257205272,-160.0975086335129,259.85,2052.1,1792.25,54720.4,53892.1,-8280.2,7262.0,26.49,2013,95020.7,94596.4,-16363.7,9367.1,34.160000000000004,202798.0,200778.8,-34037.5,21444.7,78.21000000000001,432159.7,427343.6,-72232.5,41592.0,151.66,69.6545866364666,1850.0,1895.0,1842.35,1855.3
2013-03-19,1899.4,1903.0,1864.0,1882.65,1882.8879792332268,5008,434,9429503.0,1975.0,39.44,39.0,-16.75,1363631400.0,0.0,2.0323550930818612,7185.87,-1.5707057286173387,0.6299354699772397,0.07,-52.24550500624121,169.57417821363316,-159.092199172352,259.85,2052.1,1792.25,54720.4,53892.1,-8280.2,7262.0,26.49,2013,95020.7,94596.4,-16363.7,9367.1,34.160000000000004,202798.0,200778.8,-34037.5,21444.7,78.21000000000001,432159.7,427343.6,-72232.5,41592.0,151.66,71.07021517553795,1856.9,1860.0,1812.7,1845.15
2013-03-18,1944.9,1944.9,1895.05,1899.55,1911.2367594254945,4456,386,8516471.0,1262.0,28.32,49.85,-45.35,1363545000.0,0.0,0.8976708363211294,7300.54,-0.6364242646958784,0.6299531461144118,0.07,-52.67036929799163,165.3399611535585,-156.85270128488241,259.85,2052.1,1792.25,54720.4,53892.1,-8280.2,7262.0,26.49,2013,95020.7,94596.4,-16363.7,9367.1,34.160000000000004,202798.0,200778.8,-34037.5,21444.7,78.21000000000001,432159.7,427343.6,-72232.5,41592.0,151.66,71.70819177047943,1899.4,1903.0,1864.0,1882.65
2013-03-15,1913.4,1938.7,1905.0,1923.55,1922.8840157038692,8915,782,17142511.0,2912.0,32.66,33.7,10.15,1363285800.0,0.0,1.2634571345845114,7347.3,-0.5965048522672989,0.6299681290880471,0.09,-53.2608978191365,163.65127325684264,-156.3892871240085,259.85,2052.1,1792.25,54720.4,53892.1,-8280.2,7262.0,26.49,2013,95020.7,94596.4,-16363.7,9367.1,34.160000000000004,202798.0,200778.8,-34037.5,21444.7,78.21000000000001,432159.7,427343.6,-72232.5,41592.0,151.66,72.61419403548508,1944.9,1944.9,1895.05,1899.55
2013-03-14,1900.0,1916.0,1879.0,1907.2,1902.413066954644,3704,403,7046538.0,1103.0,29.78,37.0,7.2,1363199400.0,0.0,-0.8499909022380403,7391.39,0.9165431046959104,0.6300703082664078,0.1,-52.8602139261745,162.07858061880108,-155.01810814921768,259.85,2052.1,1792.25,54720.4,53892.1,-8280.2,7262.0,26.49,2013,95020.7,94596.4,-16363.7,9367.1,34.160000000000004,202798.0,200778.8,-34037.5,21444.7,78.21000000000001,432159.7,427343.6,-72232.5,41592.0,151.66,71.99697999245,1913.4,1938.7,1905.0,1923.55
2013-03-13,1910.0,1910.5,1880.0,1899.45,1902.5526582278485,3950,313,7515083.0,1300.0,32.91,30.5,-10.55,1363113000.0,0.0,-0.40635486577180746,7324.26,-1.119854844131596,0.6300144683587288,0.09,-52.66787754349944,164.48064377834757,-156.32636158666423,259.85,2052.1,1792.25,54720.4,53892.1,-8280.2,7262.0,26.49,2013,95020.7,94596.4,-16363.7,9367.1,34.160000000000004,202798.0,200778.8,-34037.5,21444.7,78.21000000000001,432159.7,427343.6,-72232.5,41592.0,151.66,71.70441676104191,1900.0,1916.0,1879.0,1907.2
2013-03-12,1896.0,1918.75,1879.95,1905.4,1904.0053601340037,5970,320,11366912.0,1480.0,24.79,38.8,9.4,1363026600.0,0.0,0.3132485719550493,7407.21,-0.476174480863667,0.6298234393598697,0.1,-52.815681746614885,161.5188444772053,-154.58105355274424,259.85,2052.1,1792.25,54720.4,53892.1,-8280.2,7262.0,26.49,2013,95020.7,94596.4,-16363.7,9367.1,34.160000000000004,202798.0,200778.8,-34037.5,21444.7,78.21000000000001,432159.7,427343.6,-72232.5,41592.0,151.66,71.92902982257456,1910.0,1910.5,1880.0,1899.45
2013-03-11,1902.0,1905.0,1886.05,1893.35,1895.5546947629373,3227,273,6116955.0,1554.0,48.16,18.95,-8.65,1362940200.0,0.0,-0.6324131415975764,7442.65,-0.0274020812149333,0.6297950582124278,0.1,-52.51538278712336,160.27355847715535,-153.49189837233513,259.85,2052.1,1792.25,54720.4,53892.1,-8280.2,7262.0,26.49,2013,95020.7,94596.4,-16363.7,9367.1,34.160000000000004,202798.0,200778.8,-34037.5,21444.7,78.21000000000001,432159.7,427343.6,-72232.5,41592.0,151.66,71.47414118535296,1896.0,1918.75,1879.95,1905.4
2013-03-08,1888.0,1913.25,1878.2,1900.6,1900.2930715079656,5398,343,10257782.0,1430.0,26.49,35.05,12.6,1362681000.0,0.0,0.38291916444397334,7444.69,1.242705665883781,0.6298297904428689,0.1,-52.69651688940334,160.20223810528043,-153.6336759646864,259.85,2052.1,1792.25,54720.4,53892.1,-8280.2,7262.0,26.49,2013,95020.7,94596.4,-16363.7,9367.1,34.160000000000004,202798.0,200778.8,-34037.5,21444.7,78.21000000000001,432159.7,427343.6,-72232.5,41592.0,151.66,71.74782936957342,1902.0,1905.0,1886.05,1893.35
2013-03-07,1884.95,1889.6,1870.5,1878.7,1878.224239188468,5619,315,10553742.0,1432.0,25.48,19.1,-6.25,1362594600.0,0.0,-1.1522677049352725,7353.31,0.6945480986882746,0.6296196968352976,0.1,-52.14510033533827,163.43578606097117,-155.08452843740196,259.85,2052.1,1792.25,54720.4,53892.1,-8280.2,7262.0,26.49,2013,95020.7,94596.4,-16363.7,9367.1,34.160000000000004,202798.0,200778.8,-34037.5,21444.7,78.21000000000001,432159.7,427343.6,-72232.5,41592.0,151.66,70.92110230275576,1888.0,1913.25,1878.2,1900.6
2013-03-06,1878.1,1906.0,1878.1,1896.9,1898.919479899797,8383,381,15918642.0,1749.0,20.86,27.9,18.8,1362508200.0,0.0,0.9687549901527648,7302.59,0.7214893769619923,0.6296741897669029,0.1,-52.60424903790395,165.26547430432217,-156.70468524794424,259.85,2052.1,1792.25,54720.4,53892.1,-8280.2,7262.0,26.49,2013,95020.7,94596.4,-16363.7,9367.1,34.160000000000004,202798.0,200778.8,-34037.5,21444.7,78.21000000000001,432159.7,427343.6,-72232.5,41592.0,151.66,71.60815402038506,1884.95,1889.6,1870.5,1878.7
2013-03-05,1848.0,1905.0,1840.0,1896.45,1888.3144422088085,8946,1095,16892861.0,2297.0,25.68,65.0,48.45,1362421800.0,0.0,-0.023722916337187705,7250.28,1.5498001997302335,0.629697480533111,0.08,-52.593002715600214,167.1793365221757,-157.8950339223687,259.85,2052.1,1792.25,54720.4,53892.1,-8280.2,7262.0,26.49,2013,95020.7,94596.4,-16363.7,9367.1,34.160000000000004,202798.0,200778.8,-34037.5,21444.7,78.21000000000001,432159.7,427343.6,-72232.5,41592.0,151.66,71.5911664779162,1878.1,1906.0,1878.1,1896.9
2013-03-04,1864.95,1864.95,1838.55,1846.1,1848.4674036281176,7056,372,13042786.0,3636.0,51.53,26.4,-18.85,1362335400.0,0.0,-2.6549605842495216,7139.63,-0.6805266708863389,0.6293401646807468,0.11,-51.3000379177726,171.32008241323427,-159.15941937872168,259.85,2052.1,1792.25,54720.4,53892.1,-8280.2,7262.0,26.49,2013,95020.7,94596.4,-16363.7,9367.1,34.160000000000004,202798.0,200778.8,-34037.5,21444.7,78.21000000000001,432159.7,427343.6,-72232.5,41592.0,151.66,69.69044922612306,1848.0,1905.0,1840.0,1896.45
2013-03-01,1881.05,1918.6,1866.0,1884.75,1892.855097012627,6494,536,12292201.0,1309.0,20.16,52.6,3.7,1362076200.0,0.0,2.0936027300796356,7188.55,0.3470278585477659,0.6299336697567934,0.11,-52.29871335720918,169.4736768889414,-159.09659586336386,259.85,2052.1,1792.25,54720.4,53892.1,-8280.2,7262.0,26.49,2013,95020.7,94596.4,-16363.7,9367.1,34.160000000000004,202798.0,200778.8,-34037.5,21444.7,78.21000000000001,432159.7,427343.6,-72232.5,41592.0,151.66,71.14949037372594,1864.95,1864.95,1838.55,1846.1
2013-02-28,1907.15,1966.7,1840.0,1870.15,1897.821370475803,9836,807,18666971.0,2447.0,24.88,126.7,-37.0,1361989800.0,0.0,-0.7746385462262806,7163.69,-1.869814347297816,0.6303577949095417,0.11,-51.92631607090341,170.4088256191991,-159.3855082639063,259.85,2052.1,1792.25,54720.4,53892.1,-8280.2,7262.0,26.49,2013,95020.7,94596.4,-16363.7,9367.1,34.160000000000004,202798.0,200778.8,-34037.5,21444.7,78.21000000000001,432159.7,427343.6,-72232.5,41592.0,151.66,70.5983389958475,1881.05,1918.6,1866.0,1884.75
2013-02-27,1906.45,1910.65,1896.5,1901.3,1901.7595307917888,5456,261,10376000.0,3273.0,59.99,14.15,-5.15,1361903400.0,0.0,1.665641793439021,7300.19,0.7189490182227587,0.6298528083527316,0.11,-52.71393257245043,165.35268260141174,-156.90250026868867,259.85,2052.1,1792.25,54720.4,53892.1,-8280.2,7262.0,26.49,2013,95020.7,94596.4,-16363.7,9367.1,34.160000000000004,202798.0,200778.8,-34037.5,21444.7,78.21000000000001,432159.7,427343.6,-72232.5,41592.0,151.66,71.7742544356361,1907.15,1966.7,1840.0,1870.15
2013-02-26,1912.0,1919.0,1890.0,1905.25,1907.1191567369383,4364,261,8322668.0,1693.0,38.79,29.0,-6.75,1361817000.0,0.0,0.20775259033294358,7248.08,-1.596861126573168,0.6300600608438126,0.14,-52.8119669334733,167.26043310780233,-158.24787718561956,259.85,2052.1,1792.25,54720.4,53892.1,-8280.2,7262.0,26.49,2013,95020.7,94596.4,-16363.7,9367.1,34.160000000000004,202798.0,200778.8,-34037.5,21444.7,78.21000000000001,432159.7,427343.6,-72232.5,41592.0,151.66,71.92336730841828,1906.45,1910.65,1896.5,1901.3
2013-02-25,1936.0,1936.0,1902.95,1911.2,1913.9990291262127,3090,309,5914257.0,912.0,29.51,33.05,-24.8,1361730600.0,0.0,0.31229497441280785,7365.7,-0.2585043041169799,0.6296550042073358,0.12,-52.95887400586019,162.99265514479276,-155.6324563663146,259.85,2052.1,1792.25,54720.4,53892.1,-8280.2,7262.0,26.49,2013,95020.7,94596.4,-16363.7,9367.1,34.160000000000004,202798.0,200778.8,-34037.5,21444.7,78.21000000000001,432159.7,427343.6,-72232.5,41592.0,151.66,72.14798036995093,1912.0,1919.0,1890.0,1905.25
2013-02-22,1930.0,1947.0,1927.0,1939.0,1940.6696689934697,4441,210,8618514.0,1852.0,41.7,20.0,9.0,1361471400.0,0.0,1.454583507743834,7384.79,0.0729055574903769,0.6296534695425932,0.13,-53.633316142341414,162.31280781173197,-155.88228378115804,259.85,2052.1,1792.25,54720.4,53892.1,-8280.2,7262.0,26.49,2013,95020.7,94596.4,-16363.7,9367.1,34.160000000000004,202798.0,200778.8,-34037.5,21444.7,78.21000000000001,432159.7,427343.6,-72232.5,41592.0,151.66,73.19743299358248,1936.0,1936.0,1902.95,1911.2
2013-02-21,1943.05,1950.0,1928.0,1936.85,1937.693766937669,2583,208,5005063.0,230.0,8.9,22.0,-6.2,1361385000.0,0.0,-0.1108818978855175,7379.41,-1.6756449221003722,0.6298688532174944,0.13,-53.5818468131244,162.50404842663576,-155.98620248789138,259.85,2052.1,1792.25,54720.4,53892.1,-8280.2,7262.0,26.49,2013,95020.7,94596.4,-16363.7,9367.1,34.160000000000004,202798.0,200778.8,-34037.5,21444.7,78.21000000000001,432159.7,427343.6,-72232.5,41592.0,151.66,73.11627029067573,1930.0,1947.0,1927.0,1939.0
2013-02-20,1962.0,1962.0,1924.95,1948.7,1944.250188774226,3973,243,7724506.0,1132.0,28.49,37.05,-13.3,1361298600.0,0.0,0.6118181583498972,7505.17,0.0237226107132837,0.6294172339669727,0.12,-53.86411453789706,158.10541266886693,-153.42285598706601,259.85,2052.1,1792.25,54720.4,53892.1,-8280.2,7262.0,26.49,2013,95020.7,94596.4,-16363.7,9367.1,34.160000000000004,202798.0,200778.8,-34037.5,21444.7,78.21000000000001,432159.7,427343.6,-72232.5,41592.0,151.66,73.56360890902228,1943.05,1950.0,1928.0,1936.85
2013-02-19,1906.0,1975.0,1891.05,1946.7,1921.4252813399637,7642,674,14683532.0,2860.0,37.42,83.95,40.7,1361212200.0,0.0,-0.10263252424693725,7503.39,0.8814398823312697,0.6294577245935912,0.12,-53.81671546720091,158.1666420111443,-153.42039512719367,259.85,2052.1,1792.25,54720.4,53892.1,-8280.2,7262.0,26.49,2013,95020.7,94596.4,-16363.7,9367.1,34.160000000000004,202798.0,200778.8,-34037.5,21444.7,78.21000000000001,432159.7,427343.6,-72232.5,41592.0,151.66,73.48810872027181,1962.0,1962.0,1924.95,1948.7
2013-02-18,1900.1,1929.2,1900.1,1904.85,1913.765503616394,29864,385,57152693.0,26767.0,89.63,29.1,4.75,1361125800.0,0.0,-2.1497919556172085,7437.83,0.2911178710505613,0.6293464724541611,,-52.80205790482191,160.44222575670594,,259.85,2052.1,1792.25,54720.4,53892.1,-8280.2,7262.0,26.49,2013,95020.7,94596.4,-16363.7,9367.1,34.160000000000004,202798.0,200778.8,-34037.5,21444.7,78.21000000000001,432159.7,427343.6,-72232.5,41592.0,151.66,71.90826727066818,1906.0,1975.0,1891.05,1946.7
2013-02-15,1944.7,1949.0,1912.2,1930.9,1937.151276480174,3682,369,7132591.0,1284.0,34.87,36.8,-13.8,1360866600.0,0.0,1.367561750269064,7416.24,-0.049865632336643,0.6297740898987577,0.1,-53.438810917188874,161.20041961964552,-154.9956810654591,259.85,2052.1,1792.25,54720.4,53892.1,-8280.2,7262.0,26.49,2013,95020.7,94596.4,-16363.7,9367.1,34.160000000000004,202798.0,200778.8,-34037.5,21444.7,78.21000000000001,432159.7,427343.6,-72232.5,41592.0,151.66,72.89165722914308,1900.1,1929.2,1900.1,1904.85
2013-02-14,1940.0,1965.0,1936.6,1950.0,1952.6047851129813,6771,714,13221087.0,2133.0,31.5,28.4,10.0,1360780200.0,0.0,0.989176031902228,7419.94,-0.8703970159343544,0.6299643866889729,0.11,-53.894871794871804,161.07017037873624,-155.40404680886496,259.85,2052.1,1792.25,54720.4,53892.1,-8280.2,7262.0,26.49,2013,95020.7,94596.4,-16363.7,9367.1,34.160000000000004,202798.0,200778.8,-34037.5,21444.7,78.21000000000001,432159.7,427343.6,-72232.5,41592.0,151.66,73.61268403171009,1944.7,1949.0,1912.2,1930.9
2013-02-13,1932.0,1945.0,1895.1,1935.65,1933.3275626423683,4390,462,8487308.0,1028.0,23.42,49.9,3.65,1360693800.0,0.0,-0.7358974358974257,7485.09,-0.0899646681785326,0.6299399205908801,0.1,-53.55307002815592,158.79782340626497,-153.623164302644,259.85,2052.1,1792.25,54720.4,53892.1,-8280.2,7262.0,26.49,2013,95020.7,94596.4,-16363.7,9367.1,34.160000000000004,202798.0,200778.8,-34037.5,21444.7,78.21000000000001,432159.7,427343.6,-72232.5,41592.0,151.66,73.07097017742545,1940.0,1965.0,1936.6,1950.0
2013-02-12,1905.0,1930.0,1885.5,1916.75,1915.375095981572,7814,516,14966741.0,1209.0,15.47,44.5,11.75,1360607400.0,0.0,-0.9764161909436186,7491.83,0.2561326644086703,0.6299859561964322,0.09,-53.095082822485985,158.56499680318427,-153.02210521676656,259.85,2052.1,1792.25,54720.4,53892.1,-8280.2,7262.0,26.49,2013,95020.7,94596.4,-16363.7,9367.1,34.160000000000004,202798.0,200778.8,-34037.5,21444.7,78.21000000000001,432159.7,427343.6,-72232.5,41592.0,151.66,72.35749339373349,1932.0,1945.0,1895.1,1935.65
2013-02-11,1855.0,1924.0,1855.0,1909.9,1894.8849099771207,10053,686,19049278.0,2885.0,28.7,69.0,54.9,1360521000.0,0.0,-0.3573757662710286,7472.69,-0.0883772545559158,0.6300654588887074,0.09,-52.92685480915231,159.22726621872445,-153.28374947554732,259.85,2052.1,1792.25,54720.4,53892.1,-8280.2,7262.0,26.49,2013,95020.7,94596.4,-16363.7,9367.1,34.160000000000004,202798.0,200778.8,-34037.5,21444.7,78.21000000000001,432159.7,427343.6,-72232.5,41592.0,151.66,72.09890524726313,1905.0,1930.0,1885.5,1916.75
2013-02-08,1921.0,1939.75,1871.0,1884.0,1907.6258439201447,13775,1098,26277546.0,2235.0,16.23,68.75,-37.0,1360261800.0,0.0,-1.3560919419864925,7479.3,-0.6734386806923287,0.6300735698851406,0.07,-52.27972399150743,158.99816827778,-152.48616233359462,259.85,2052.1,1792.25,54720.4,53892.1,-8280.2,7262.0,26.49,2013,95020.7,94596.4,-16363.7,9367.1,34.160000000000004,202798.0,200778.8,-34037.5,21444.7,78.21000000000001,432159.7,427343.6,-72232.5,41592.0,151.66,71.12117780294452,1855.0,1924.0,1855.0,1909.9
2013-02-07,1969.0,1970.0,1910.65,1921.65,1933.369627507164,12564,864,24290856.0,2537.0,20.19,59.35,-47.35,1360175400.0,0.0,1.9984076433121167,7530.01,-0.5357588662412427,0.6301679002293288,0.07,-53.21468529649,157.25397443031284,-152.33698041294076,259.85,2052.1,1792.25,54720.4,53892.1,-8280.2,7262.0,26.49,2013,95020.7,94596.4,-16363.7,9367.1,34.160000000000004,202798.0,200778.8,-34037.5,21444.7,78.21000000000001,432159.7,427343.6,-72232.5,41592.0,151.66,72.54246885617215,1921.0,1939.75,1871.0,1884.0
2013-02-06,1915.1,1977.7,1915.1,1961.8,1961.8090639224224,25265,1228,49565106.0,12420.0,49.16,62.6,46.7,1360089000.0,0.0,2.0893502979210554,7570.57,0.0889759698777359,0.6305209347207147,0.07,-54.172188806198385,155.87571345354445,-152.48095288775505,259.85,2052.1,1792.25,54720.4,53892.1,-8280.2,7262.0,26.49,2013,95020.7,94596.4,-16363.7,9367.1,34.160000000000004,202798.0,200778.8,-34037.5,21444.7,78.21000000000001,432159.7,427343.6,-72232.5,41592.0,151.66,74.05813514533787,1969.0,1970.0,1910.65,1921.65
2013-02-05,1881.55,1925.0,1874.1,1918.4,1907.0190763052208,5976,575,11396346.0,2450.0,41.0,50.9,36.85,1360002600.0,0.0,-2.2122540524008527,7563.84,-0.4883593651328288,0.6309620028666649,0.07,-53.13542535446205,156.10338135127128,-151.6565601659183,259.85,2052.1,1792.25,54720.4,53892.1,-8280.2,7262.0,26.49,2013,95020.7,94596.4,-16363.7,9367.1,34.160000000000004,202798.0,200778.8,-34037.5,21444.7,78.21000000000001,432159.7,427343.6,-72232.5,41592.0,151.66,72.41978104945264,1915.1,1977.7,1915.1,1961.8
2013-02-04,1897.0,1910.7,1880.05,1892.4,1894.5589963364891,14467,1230,27408585.0,2959.0,20.45,30.65,-4.6,1359916200.0,0.0,-1.3552960800667258,7600.96,-0.4690458544046039,0.6313860608911566,0.07,-52.491545127879945,154.85267650402054,-150.28916953994366,259.85,2052.1,1792.25,54720.4,53892.1,-8280.2,7262.0,26.49,2013,95020.7,94596.4,-16363.7,9367.1,34.160000000000004,202798.0,200778.8,-34037.5,21444.7,78.21000000000001,432159.7,427343.6,-72232.5,41592.0,151.66,71.4382785956965,1881.55,1925.0,1874.1,1918.4
2013-02-01,1901.2,1929.45,1823.7,1860.85,1873.0740527350367,29506,1195,55266923.0,4647.0,15.75,105.75,-40.35,1359657000.0,0.0,-1.6671950961741788,7636.78,-0.3777847931184741,0.6315189095598914,0.06,-51.686057446865675,153.65730059003928,-148.74565722683013,259.85,2052.1,1792.25,54720.4,53892.1,-8280.2,7262.0,26.49,2013,95020.7,94596.4,-16363.7,9367.1,34.160000000000004,202798.0,200778.8,-34037.5,21444.7,78.21000000000001,432159.7,427343.6,-72232.5,41592.0,151.66,70.24726311815779,1897.0,1910.7,1880.05,1892.4
2013-01-31,1893.0,1914.0,1870.0,1902.15,1890.2563380281688,3905,370,7381451.0,1807.0,46.27,44.0,9.15,1359570600.0,0.0,2.219415858344309,7665.74,-0.0170861022166346,0.6317559572015811,0.07,-52.73506295507715,152.69902188177528,-149.22935677073914,259.85,2052.1,1792.25,54720.4,53892.1,-8280.2,7262.0,26.49,2013,95020.7,94596.4,-16363.7,9367.1,34.160000000000004,202798.0,200778.8,-34037.5,21444.7,78.21000000000001,432159.7,427343.6,-72232.5,41592.0,151.66,71.80634201585505,1901.2,1929.45,1823.7,1860.85
2013-01-30,1870.0,1890.25,1863.1,1886.95,1881.7377439314607,4202,375,7907062.0,1179.0,28.06,27.15,16.95,1359484200.0,0.0,-0.799095760060986,7667.05,0.0781876137244674,0.6322539908088821,0.07,-52.35432841357748,152.65584546859614,-148.89733815204477,259.85,2052.1,1792.25,54720.4,53892.1,-8280.2,7262.0,26.49,2013,95020.7,94596.4,-16363.7,9367.1,34.160000000000004,202798.0,200778.8,-34037.5,21444.7,78.21000000000001,432159.7,427343.6,-72232.5,41592.0,151.66,71.23254058135146,1893.0,1914.0,1870.0,1902.15
2013-01-29,1885.0,1916.0,1850.25,1857.5,1869.3274480510656,14726,1020,27527716.0,8386.0,56.95,65.75,-27.5,1359397800.0,0.0,-1.5607196799067302,7661.06,-0.5298713169658686,0.6323118317015564,0.07,-51.59892328398386,152.8533910451034,-148.27566912928833,259.85,2052.1,1792.25,54720.4,53892.1,-8280.2,7262.0,26.49,2013,95020.7,94596.4,-16363.7,9367.1,34.160000000000004,202798.0,200778.8,-34037.5,21444.7,78.21000000000001,432159.7,427343.6,-72232.5,41592.0,151.66,70.12080030200076,1870.0,1890.25,1863.1,1886.95
2013-01-28,1919.3,1919.3,1879.3,1889.3,1900.2720604099247,4635,451,8807761.0,876.0,18.9,40.0,-30.0,1359311400.0,0.0,1.7119784656796755,7701.87,0.0717223099261366,0.6324930480356816,0.07,-52.413592335785744,151.51359345197983,-148.27061236370506,259.85,2052.1,1792.25,54720.4,53892.1,-8280.2,7262.0,26.49,2013,95020.7,94596.4,-16363.7,9367.1,34.160000000000004,202798.0,200778.8,-34037.5,21444.7,78.21000000000001,432159.7,427343.6,-72232.5,41592.0,151.66,71.32125330313326,1885.0,1916.0,1850.25,1857.5
2013-01-25,1954.1,1954.1,1901.0,1918.3,1918.2486961704665,6711,755,12873367.0,1063.0,15.84,53.1,-35.8,1359052200.0,0.0,1.5349600381093564,7696.35,1.132033323697157,0.6327923600788409,0.08,-53.132982328103004,151.69398481098182,-149.15315359760172,259.85,2052.1,1792.25,54720.4,53892.1,-8280.2,7262.0,26.49,2013,95020.7,94596.4,-16363.7,9367.1,34.160000000000004,202798.0,200778.8,-34037.5,21444.7,78.21000000000001,432159.7,427343.6,-72232.5,41592.0,151.66,72.4160060400151,1919.3,1919.3,1879.3,1889.3
2013-01-24,1966.35,1970.0,1940.0,1950.55,1956.7735148514844,6464,403,12648584.0,1595.0,24.68,30.0,-15.8,1358965800.0,0.0,1.6811760412865473,7610.2,-1.1002149486800228,0.632846772744446,0.08,-53.90787213862757,154.54324459278337,-151.7394379868065,259.85,2052.1,1792.25,54720.4,53892.1,-8280.2,7262.0,26.49,2013,95020.7,94596.4,-16363.7,9367.1,34.160000000000004,202798.0,200778.8,-34037.5,21444.7,78.21000000000001,432159.7,427343.6,-72232.5,41592.0,151.66,73.63344658361646,1954.1,1954.1,1901.0,1918.3
2013-01-23,1962.65,1989.7,1945.0,1953.95,1969.9382998893984,12658,1400,24935479.0,2495.0,19.71,44.7,-8.7,1358879400.0,0.0,0.1743098100535745,7694.86,-0.1986983442669343,0.632935899322172,0.08,-53.988075436935446,151.7427217649184,-150.06085663086242,259.85,2052.1,1792.25,54720.4,53892.1,-8280.2,7262.0,26.49,2013,95020.7,94596.4,-16363.7,9367.1,34.160000000000004,202798.0,200778.8,-34037.5,21444.7,78.21000000000001,432159.7,427343.6,-72232.5,41592.0,151.66,73.76179690449227,1966.35,1970.0,1940.0,1950.55
2013-01-22,1918.75,1960.0,1914.45,1952.6,1947.7044928465848,35857,804,69838840.0,25575.0,71.32,45.55,33.85,1358793000.0,0.0,-0.06909081603930778,7710.18,-0.6978038112606777,0.6329316189520756,0.08,-53.956263443613636,151.242513144959,-149.71179761331695,259.85,2052.1,1792.25,54720.4,53892.1,-8280.2,7262.0,26.49,2013,95020.7,94596.4,-16363.7,9367.1,34.160000000000004,202798.0,200778.8,-34037.5,21444.7,78.21000000000001,432159.7,427343.6,-72232.5,41592.0,151.66,73.7108342770857,1962.65,1989.7,1945.0,1953.95
2013-01-21,1942.55,1944.0,1866.0,1924.9,1887.1705872761763,134928,1772,254632153.0,119766.0,88.76,78.0,-17.65,1358706600.0,0.0,-1.4186213254122615,7764.36,0.2723655509881295,0.6328477622353127,,-53.293677593641235,149.4893333127264,,259.85,2052.1,1792.25,54720.4,53892.1,-8280.2,7262.0,26.49,2013,95020.7,94596.4,-16363.7,9367.1,34.160000000000004,202798.0,200778.8,-34037.5,21444.7,78.21000000000001,432159.7,427343.6,-72232.5,41592.0,151.66,72.66515666289166,1918.75,1960.0,1914.45,1952.6
2013-01-18,1911.0,1921.2,1882.0,1909.75,1901.2320399539,13015,830,24744535.0,7142.0,54.88,39.2,-1.25,1358447400.0,0.0,-0.7870538729284671,7743.27,0.1970745493035774,0.6330288021626718,0.08,-52.923157481345726,150.16885631006022,-148.0137264092685,259.85,2052.1,1792.25,54720.4,53892.1,-8280.2,7262.0,26.49,2013,95020.7,94596.4,-16363.7,9367.1,34.160000000000004,202798.0,200778.8,-34037.5,21444.7,78.21000000000001,432159.7,427343.6,-72232.5,41592.0,151.66,72.09324273310683,1942.55,1944.0,1866.0,1924.9
2013-01-17,1935.0,1935.0,1889.1,1910.6,1904.2252861602497,9610,869,18299605.0,1825.0,18.99,45.9,-24.4,1358361000.0,0.0,0.04450844351353567,7728.04,0.5601829019946658,0.633081077163067,0.07,-52.94410132942531,150.66187545613116,-148.35096805519925,259.85,2052.1,1792.25,54720.4,53892.1,-8280.2,7262.0,26.49,2013,95020.7,94596.4,-16363.7,9367.1,34.160000000000004,202798.0,200778.8,-34037.5,21444.7,78.21000000000001,432159.7,427343.6,-72232.5,41592.0,151.66,72.12533031332579,1911.0,1921.2,1882.0,1909.75
2013-01-16,1910.0,1940.0,1900.1,1920.05,1919.467143983981,16481,456,31634738.0,12688.0,76.99,39.9,10.05,1358274600.0,0.0,0.4946090233434619,7684.99,-1.015988160543646,0.6330386337995655,0.08,-53.17569854951694,152.06604042425562,-149.46873393629323,259.85,2052.1,1792.25,54720.4,53892.1,-8280.2,7262.0,26.49,2013,95020.7,94596.4,-16363.7,9367.1,34.160000000000004,202798.0,200778.8,-34037.5,21444.7,78.21000000000001,432159.7,427343.6,-72232.5,41592.0,151.66,72.48206870517177,1935.0,1935.0,1889.1,1910.6
2013-01-15,1852.6,1931.5,1845.95,1919.85,1899.202421608196,12884,1119,24469324.0,2408.0,18.69,85.55,67.25,1358188200.0,0.0,-0.010416395406376289,7763.87,0.3847889414554606,0.6328933422037497,0.09,-53.17082063702894,149.505079296794,-147.8246295488152,259.85,2052.1,1792.25,54720.4,53892.1,-8280.2,7262.0,26.49,2013,95020.7,94596.4,-16363.7,9367.1,34.160000000000004,202798.0,200778.8,-34037.5,21444.7,78.21000000000001,432159.7,427343.6,-72232.5,41592.0,151.66,72.47451868629672,1910.0,1940.0,1900.1,1920.05
2013-01-14,1875.7,1878.35,1848.0,1865.65,1861.227870408025,22131,1477,41190834.0,15221.0,68.78,30.35,-10.05,1358101800.0,0.0,-2.8231372242623065,7734.11,1.216835729793897,0.6328743680479121,0.08,-51.81036100018761,150.46514725029772,-147.06526603001197,259.85,2052.1,1792.25,54720.4,53892.1,-8280.2,7262.0,26.49,2013,95020.7,94596.4,-16363.7,9367.1,34.160000000000004,202798.0,200778.8,-34037.5,21444.7,78.21000000000001,432159.7,427343.6,-72232.5,41592.0,151.66,70.42846357115893,1852.6,1931.5,1845.95,1919.85
2013-01-11,1877.15,1890.0,1862.0,1882.65,1881.3111160400724,27051,929,50891347.0,19647.0,72.63,28.0,5.5,1357842600.0,0.0,0.9112105700426198,7641.13,-0.6287811399470322,0.6334274904286554,0.07,-52.24550500624121,153.5128966527202,-149.5104539570773,259.85,2052.1,1792.25,54720.4,53892.1,-8280.2,7262.0,26.49,2013,95020.7,94596.4,-16363.7,9367.1,34.160000000000004,202798.0,200778.8,-34037.5,21444.7,78.21000000000001,432159.7,427343.6,-72232.5,41592.0,151.66,71.07021517553795,1875.7,1878.35,1848.0,1865.65
2013-01-10,1981.0,1981.0,1891.0,1900.1,1912.342519546176,85055,2249,162654293.0,69426.0,81.62,90.0,-80.9,1357756200.0,0.0,0.9268849759647146,7689.48,-0.1572402581804577,0.6334464476340125,0.06,-52.684069259512654,151.91885537123446,-148.9385217361884,259.85,2052.1,1792.25,54720.4,53892.1,-8280.2,7262.0,26.49,2013,95020.7,94596.4,-16363.7,9367.1,34.160000000000004,202798.0,200778.8,-34037.5,21444.7,78.21000000000001,432159.7,427343.6,-72232.5,41592.0,151.66,71.7289543223858,1877.15,1890.0,1862.0,1882.65
2013-01-09,2009.2,2010.75,1949.0,1967.3,1981.0674573758336,8094,963,16034760.0,4109.0,50.77,61.75,-41.9,1357669800.0,0.0,3.536655965475499,7701.59,-0.4207325193654632,0.6335316325056167,0.06,-54.30031006963859,151.52273751264346,-150.31674542979331,259.85,2052.1,1792.25,54720.4,53892.1,-8280.2,7262.0,26.49,2013,95020.7,94596.4,-16363.7,9367.1,34.160000000000004,202798.0,200778.8,-34037.5,21444.7,78.21000000000001,432159.7,427343.6,-72232.5,41592.0,151.66,74.26576066440167,1981.0,1981.0,1891.0,1900.1
2013-01-08,2025.0,2032.95,2010.35,2018.65,2020.3735818476496,1234,246,2493141.0,484.0,39.22,22.6,-6.35,1357583400.0,0.0,2.6101763838763947,7734.13,0.1061360897652408,0.634764424081064,0.07,-55.46280930324723,150.46449956232956,-150.9978872028892,259.85,2052.1,1792.25,54720.4,53892.1,-8280.2,7262.0,26.49,2013,95020.7,94596.4,-16363.7,9367.1,34.160000000000004,202798.0,200778.8,-34037.5,21444.7,78.21000000000001,432159.7,427343.6,-72232.5,41592.0,151.66,76.20422801057003,2009.2,2010.75,1949.0,1967.3
2013-01-07,2030.4,2040.0,2017.0,2035.85,2028.818377381684,3254,402,6601775.0,1502.0,46.16,23.0,5.45,1357497000.0,0.0,0.8520545909394883,7725.93,-0.2144002025177727,0.6354607860415202,0.07,-55.8390844119164,150.73033278841513,-151.64781791091968,259.85,2052.1,1792.25,54720.4,53892.1,-8280.2,7262.0,26.49,2013,95020.7,94596.4,-16363.7,9367.1,34.160000000000004,202798.0,200778.8,-34037.5,21444.7,78.21000000000001,432159.7,427343.6,-72232.5,41592.0,151.66,76.85352963382408,2025.0,2032.95,2010.35,2018.65
2013-01-04,2011.8,2042.0,2001.0,2036.1,2028.635350797952,3321,316,6737098.0,1437.0,43.27,41.0,24.3,1357237800.0,0.0,0.012279883095511757,7742.53,0.1665015020065441,0.6355297226240983,0.07,-55.84450665487943,150.19276644714324,-151.32198677459468,259.85,2052.1,1792.25,54720.4,53892.1,-8280.2,7262.0,26.49,2013,95020.7,94596.4,-16363.7,9367.1,34.160000000000004,202798.0,200778.8,-34037.5,21444.7,78.21000000000001,432159.7,427343.6,-72232.5,41592.0,151.66,76.8629671574179,2030.4,2040.0,2017.0,2035.85
2013-01-03,2036.8,2054.0,2018.25,2022.45,2033.4272248405885,3607,437,7334572.0,1244.0,34.49,35.75,-14.35,1357151400.0,0.0,-0.6703992927655777,7729.66,0.3436238753036003,0.6355272869858624,0.08,-55.54649064253751,150.60934116118952,-151.29199444247757,259.85,2052.1,1792.25,54720.4,53892.1,-8280.2,7262.0,26.49,2013,95020.7,94596.4,-16363.7,9367.1,34.160000000000004,202798.0,200778.8,-34037.5,21444.7,78.21000000000001,432159.7,427343.6,-72232.5,41592.0,151.66,76.34767836919593,2011.8,2042.0,2001.0,2036.1
2013-01-02,2037.95,2040.0,2027.05,2035.25,2034.7782385466032,5064,399,10304117.0,2720.0,53.71,12.95,-2.7,1357065000.0,0.0,0.6328957452594652,7703.19,0.6854229977453219,0.6355524560374247,0.08,-55.826065593907394,151.47049469116044,-152.1226663155951,259.85,2052.1,1792.25,54720.4,53892.1,-8280.2,7262.0,26.49,2013,95020.7,94596.4,-16363.7,9367.1,34.160000000000004,202798.0,200778.8,-34037.5,21444.7,78.21000000000001,432159.7,427343.6,-72232.5,41592.0,151.66,76.83087957719894,2036.8,2054.0,2018.25,2022.45
2013-01-01,2000.0,2027.0,1994.85,2020.05,2011.341193656093,4792,429,9638347.0,2329.0,48.6,32.15,20.05,1356978600.0,0.0,-0.7468369979118039,7650.75,0.912475911981292,0.6355308640731527,,-55.49367589911141,153.19413129431757,,259.85,2052.1,1792.25,54720.4,53892.1,-8280.2,7262.0,26.49,2013,95020.7,94596.4,-16363.7,9367.1,34.160000000000004,202798.0,200778.8,-34037.5,21444.7,78.21000000000001,432159.7,427343.6,-72232.5,41592.0,151.66,76.25707814269536,2037.95,2040.0,2027.05,2035.25
2012-12-31,1962.0,1999.0,1951.25,1982.15,1978.6905206195183,10718,857,21207605.0,2881.0,26.88,47.75,20.15,1356892200.0,0.0,-1.8761911833865441,7581.57,0.1216265470738386,0.635460242529063,0.05,-54.64268597230281,155.5044667529285,-153.4778191173449,259.85,2052.1,1792.25,48820.8,48574.0,-7834.4,6008.1,21.92,2012,104522.4,103467.5,-16140.300000000001,13988.0,51.019999999999996,197919.59999999998,196352.2,-33038.3,20326.699999999997,74.14,424747.1,419881.2,-70869.0,42706.600000000006,155.74,90.42655109489051,2000.0,2027.0,1994.85,2020.05
2012-12-28,1950.0,1990.15,1950.0,1968.35,1966.7422183252957,2281,220,4486139.0,1059.0,46.43,40.15,18.35,1356633000.0,0.0,-0.6962137073380004,7572.36,0.5849910737056874,0.6357970935671546,0.01,-54.32468819061651,155.8152280134595,-153.39519932414188,259.85,2052.1,1792.25,48820.8,48574.0,-7834.4,6008.1,21.92,2012,104522.4,103467.5,-16140.300000000001,13988.0,51.019999999999996,197919.59999999998,196352.2,-33038.3,20326.699999999997,74.14,424747.1,419881.2,-70869.0,42706.600000000006,155.74,89.79698905109488,1962.0,1999.0,1951.25,1982.15
2012-12-27,1967.45,1980.9,1952.55,1968.55,1967.0861721169413,35197,555,69235532.0,31889.0,90.6,28.35,1.1,1356546600.0,0.0,0.010160794574143317,7528.32,-0.4270819418009886,0.6357931201290447,0.08,-54.32932869370857,157.31172426251808,-154.37617724584453,259.85,2052.1,1792.25,48820.8,48574.0,-7834.4,6008.1,21.92,2012,104522.4,103467.5,-16140.300000000001,13988.0,51.019999999999996,197919.59999999998,196352.2,-33038.3,20326.699999999997,74.14,424747.1,419881.2,-70869.0,42706.600000000006,155.74,89.80611313868613,1950.0,1990.15,1950.0,1968.35
2012-12-26,1955.0,1981.0,1955.0,1976.1,1973.4809769845,6387,536,12604623.0,5159.0,80.77,26.0,21.1,1356460200.0,0.0,0.3835310253740065,7560.61,0.7451340428452191,0.6357599037136014,0.09,-54.503820656849356,156.21279235405612,-153.85043209136265,259.85,2052.1,1792.25,48820.8,48574.0,-7834.4,6008.1,21.92,2012,104522.4,103467.5,-16140.300000000001,13988.0,51.019999999999996,197919.59999999998,196352.2,-33038.3,20326.699999999997,74.14,424747.1,419881.2,-70869.0,42706.600000000006,155.74,90.15054744525547,1967.45,1980.9,1952.55,1968.55
2012-12-24,1983.9,1992.95,1940.05,1956.2,1959.550421940928,4740,502,9288269.0,2343.0,49.43,52.9,-27.7,1356287400.0,0.0,-1.0070340569809155,7504.69,0.1638991993230476,0.6356979618700813,0.06,-54.04099785298027,158.1219210920105,-154.58063894044096,259.85,2052.1,1792.25,48820.8,48574.0,-7834.4,6008.1,21.92,2012,104522.4,103467.5,-16140.300000000001,13988.0,51.019999999999996,197919.59999999998,196352.2,-33038.3,20326.699999999997,74.14,424747.1,419881.2,-70869.0,42706.600000000006,155.74,89.24270072992701,1955.0,1981.0,1955.0,1976.1
2012-12-21,2001.0,2015.0,1968.0,1983.9,1996.7009186071352,4681,469,9346557.0,1931.0,41.25,47.0,-17.1,1356028200.0,0.0,1.4160106328596322,7492.41,-1.2872013712581176,0.6357897367404037,0.06,-54.68269570038813,158.54498085395755,-155.50581995483373,259.85,2052.1,1792.25,48820.8,48574.0,-7834.4,6008.1,21.92,2012,104522.4,103467.5,-16140.300000000001,13988.0,51.019999999999996,197919.59999999998,196352.2,-33038.3,20326.699999999997,74.14,424747.1,419881.2,-70869.0,42706.600000000006,155.74,90.50638686131387,1983.9,1992.95,1940.05,1956.2
2012-12-20,2017.8,2028.45,2001.55,2009.3,2014.605663716814,8475,714,17073783.0,1470.0,17.35,26.9,-8.5,1355941800.0,0.0,1.280306467059833,7590.11,-0.1908050632378755,0.6357256375080471,0.06,-55.25556163838152,155.21698631508633,-153.95283567736712,259.85,2052.1,1792.25,48820.8,48574.0,-7834.4,6008.1,21.92,2012,104522.4,103467.5,-16140.300000000001,13988.0,51.019999999999996,197919.59999999998,196352.2,-33038.3,20326.699999999997,74.14,424747.1,419881.2,-70869.0,42706.600000000006,155.74,91.66514598540145,2001.0,2015.0,1968.0,1983.9
2012-12-19,2017.0,2031.0,2009.45,2016.75,2019.239101435356,18741,851,37842560.0,8870.0,47.33,21.55,-0.25,1355855400.0,0.0,0.3707758921017268,7604.62,0.6080442829813792,0.6358907422704282,0.05,-55.42085037808355,154.73001938295403,-153.8304427179144,259.85,2052.1,1792.25,48820.8,48574.0,-7834.4,6008.1,21.92,2012,104522.4,103467.5,-16140.300000000001,13988.0,51.019999999999996,197919.59999999998,196352.2,-33038.3,20326.699999999997,74.14,424747.1,419881.2,-70869.0,42706.600000000006,155.74,92.00501824817518,2017.8,2028.45,2001.55,2009.3
2012-12-18,1989.5,2023.3,1976.1,2011.35,2006.545512854776,18709,1621,37540460.0,7553.0,40.37,47.2,21.85,1355769000.0,0.0,-0.26775753068055685,7558.66,0.6795744068708531,0.6358556370764851,0.06,-55.301165883610516,156.27889070284942,-154.69382815485264,259.85,2052.1,1792.25,48820.8,48574.0,-7834.4,6008.1,21.92,2012,104522.4,103467.5,-16140.300000000001,13988.0,51.019999999999996,197919.59999999998,196352.2,-33038.3,20326.699999999997,74.14,424747.1,419881.2,-70869.0,42706.600000000006,155.74,91.75866788321167,2017.0,2031.0,2009.45,2016.75
2012-12-17,1990.0,1990.0,1960.1,1978.6,1974.538174612426,8579,639,16939563.0,3782.0,44.08,29.9,-11.4,1355682600.0,0.0,-1.628259626618933,7507.64,-0.0585726380583628,0.6357955046654263,0.05,-54.56130597392095,158.02049645427857,-155.04823748931693,259.85,2052.1,1792.25,48820.8,48574.0,-7834.4,6008.1,21.92,2012,104522.4,103467.5,-16140.300000000001,13988.0,51.019999999999996,197919.59999999998,196352.2,-33038.3,20326.699999999997,74.14,424747.1,419881.2,-70869.0,42706.600000000006,155.74,90.26459854014597,1989.5,2023.3,1976.1,2011.35
2012-12-14,1960.0,2000.0,1957.2,1992.55,1983.129058492337,15985,685,31700318.0,9514.0,59.52,42.8,32.55,1355423400.0,0.0,0.7050439704841871,7512.04,0.5534963972538165,0.6360477002769395,0.04,-54.87942586133347,157.869367042774,-155.30643180505487,259.85,2052.1,1792.25,48820.8,48574.0,-7834.4,6008.1,21.92,2012,104522.4,103467.5,-16140.300000000001,13988.0,51.019999999999996,197919.59999999998,196352.2,-33038.3,20326.699999999997,74.14,424747.1,419881.2,-70869.0,42706.600000000006,155.74,90.90100364963503,1990.0,1990.0,1960.1,1978.6
2012-12-13,1960.8,1967.5,1920.0,1948.35,1939.7918032786883,4880,580,9466184.0,2023.0,41.45,47.5,-12.45,1355337000.0,0.0,-2.2182630297859496,7470.69,-0.7717043508983612,0.6360600917574106,0.06,-53.855826725177714,159.29666469897694,-155.19991428475302,259.85,2052.1,1792.25,48820.8,48574.0,-7834.4,6008.1,21.92,2012,104522.4,103467.5,-16140.300000000001,13988.0,51.019999999999996,197919.59999999998,196352.2,-33038.3,20326.699999999997,74.14,424747.1,419881.2,-70869.0,42706.600000000006,155.74,88.88458029197079,1960.0,2000.0,1957.2,1992.55
2012-12-12,1989.8,1995.4,1932.0,1947.75,1954.206088230506,6143,777,12004688.0,1412.0,22.99,63.4,-42.05,1355250600.0,0.0,-0.030795288320883962,7528.79,-0.0946135309291995,0.6364351369756176,0.07,-53.84161211654474,157.29566105576063,-153.9755472466498,259.85,2052.1,1792.25,48820.8,48574.0,-7834.4,6008.1,21.92,2012,104522.4,103467.5,-16140.300000000001,13988.0,51.019999999999996,197919.59999999998,196352.2,-33038.3,20326.699999999997,74.14,424747.1,419881.2,-70869.0,42706.600000000006,155.74,88.85720802919707,1960.8,1967.5,1920.0,1948.35
2012-12-11,1960.0,1999.0,1953.0,1978.55,1979.527926177756,8236,947,16303392.0,2845.0,34.54,46.0,18.55,1355164200.0,0.0,1.5813117699910118,7535.92,-0.2997917598279054,0.6364325230177111,0.08,-54.560157691238544,157.05222454590816,-154.54238660269357,259.85,2052.1,1792.25,48820.8,48574.0,-7834.4,6008.1,21.92,2012,104522.4,103467.5,-16140.300000000001,13988.0,51.019999999999996,197919.59999999998,196352.2,-33038.3,20326.699999999997,74.14,424747.1,419881.2,-70869.0,42706.600000000006,155.74,90.26231751824817,1989.8,1995.4,1932.0,1947.75
2012-12-10,1940.0,1958.0,1940.0,1943.75,1944.4458967216628,4667,487,9074729.0,1622.0,34.75,18.0,3.75,1355077800.0,0.0,-1.7588638144095392,7558.58,0.0921656545218141,0.6366766615175288,0.09,-53.746623794212226,156.28160315826517,-153.28017225008722,259.85,2052.1,1792.25,48820.8,48574.0,-7834.4,6008.1,21.92,2012,104522.4,103467.5,-16140.300000000001,13988.0,51.019999999999996,197919.59999999998,196352.2,-33038.3,20326.699999999997,74.14,424747.1,419881.2,-70869.0,42706.600000000006,155.74,88.67472627737226,1960.0,1999.0,1953.0,1978.55
2012-12-07,1986.0,1986.8,1953.0,1958.5,1973.9431635589103,26761,377,52824693.0,1049.0,3.92,33.8,-27.5,1354818600.0,0.0,0.7588424437299013,7551.62,-0.3535042310986114,0.6369742830590589,0.09,-54.09497064079653,156.517806775235,-153.82546071195281,259.85,2052.1,1792.25,48820.8,48574.0,-7834.4,6008.1,21.92,2012,104522.4,103467.5,-16140.300000000001,13988.0,51.019999999999996,197919.59999999998,196352.2,-33038.3,20326.699999999997,74.14,424747.1,419881.2,-70869.0,42706.600000000006,155.74,89.34762773722628,1940.0,1958.0,1940.0,1943.75
2012-12-06,1960.05,1985.05,1922.0,1979.3,1951.311127933384,6605,726,12888410.0,1964.0,29.74,63.05,19.25,1354732200.0,0.0,1.0620372734235328,7578.41,0.5941343173627711,0.6370136865720238,0.1,-54.57737583994342,155.61100547476318,-153.74001473994448,259.85,2052.1,1792.25,48820.8,48574.0,-7834.4,6008.1,21.92,2012,104522.4,103467.5,-16140.300000000001,13988.0,51.019999999999996,197919.59999999998,196352.2,-33038.3,20326.699999999997,74.14,424747.1,419881.2,-70869.0,42706.600000000006,155.74,90.29653284671532,1986.0,1986.8,1953.0,1958.5
2012-12-05,1996.65,1997.65,1938.0,1952.05,1975.9841236240477,4724,583,9334549.0,2695.0,57.05,59.65,-44.6,1354645800.0,0.0,-1.3767493558328736,7533.65,0.2616452776753819,0.6370851852326443,0.1,-53.94329038702903,157.12967817724478,-154.08457199560155,259.85,2052.1,1792.25,48820.8,48574.0,-7834.4,6008.1,21.92,2012,104522.4,103467.5,-16140.300000000001,13988.0,51.019999999999996,197919.59999999998,196352.2,-33038.3,20326.699999999997,74.14,424747.1,419881.2,-70869.0,42706.600000000006,155.74,89.05337591240875,1960.05,1985.05,1922.0,1979.3
2012-12-04,1990.0,1994.0,1968.05,1979.85,1980.5575425790755,8220,474,16280183.0,5532.0,67.3,25.95,-10.15,1354559400.0,0.0,1.4241438487743618,7513.99,0.3271250779425472,0.6372578213553863,0.1,-54.58999419147915,157.80244583769743,-155.18711124842605,259.85,2052.1,1792.25,48820.8,48574.0,-7834.4,6008.1,21.92,2012,104522.4,103467.5,-16140.300000000001,13988.0,51.019999999999996,197919.59999999998,196352.2,-33038.3,20326.699999999997,74.14,424747.1,419881.2,-70869.0,42706.600000000006,155.74,90.32162408759123,1996.65,1997.65,1938.0,1952.05
2012-12-03,1998.7,2010.9,1989.0,1998.3,1999.9009568905983,20274,1280,40545992.0,8495.0,41.9,21.9,-0.4,1354473000.0,0.0,0.9318887794529829,7489.49,0.2280376583316146,0.6374582348208473,0.1,-55.00925786918881,158.6457822895818,-156.175572385796,259.85,2052.1,1792.25,48820.8,48574.0,-7834.4,6008.1,21.92,2012,104522.4,103467.5,-16140.300000000001,13988.0,51.019999999999996,197919.59999999998,196352.2,-33038.3,20326.699999999997,74.14,424747.1,419881.2,-70869.0,42706.600000000006,155.74,91.1633211678832,1990.0,1994.0,1968.05,1979.85
2012-11-30,1898.0,2065.0,1872.55,1954.5,1944.1691256608376,61475,1335,119517797.0,52575.0,85.52,192.45,56.5,1354213800.0,0.0,-2.1918630836210706,7472.45,0.9490421766501944,0.637546463144951,0.08,-54.00102327961116,159.23559207488842,-155.55010809669687,259.85,2052.1,1792.25,48820.8,48574.0,-7834.4,6008.1,21.92,2012,104522.4,103467.5,-16140.300000000001,13988.0,51.019999999999996,197919.59999999998,196352.2,-33038.3,20326.699999999997,74.14,424747.1,419881.2,-70869.0,42706.600000000006,155.74,89.16514598540145,1998.7,2010.9,1989.0,1998.3
2012-11-29,1897.8,1932.95,1891.0,1913.6,1905.5041493775936,4338,458,8266077.0,1958.0,45.14,41.95,15.8,1354127400.0,0.0,-2.092606804809416,7402.2,1.5241932939884073,0.6378820248353818,0.09,-53.0178720735786,161.69584718056794,-156.19333709835655,259.85,2052.1,1792.25,48820.8,48574.0,-7834.4,6008.1,21.92,2012,104522.4,103467.5,-16140.300000000001,13988.0,51.019999999999996,197919.59999999998,196352.2,-33038.3,20326.699999999997,74.14,424747.1,419881.2,-70869.0,42706.600000000006,155.74,87.29927007299268,1898.0,2065.0,1872.55,1954.5
2012-11-27,1888.85,1898.95,1862.0,1879.65,1883.930406490324,23666,432,44585097.0,21088.0,89.11,36.95,-9.2,1353954600.0,0.0,-1.7741429765886219,7291.07,1.4775411243842962,0.6379576116488381,0.1,-52.169286835315084,165.68459773394028,-157.90524133149324,259.85,2052.1,1792.25,48820.8,48574.0,-7834.4,6008.1,21.92,2012,104522.4,103467.5,-16140.300000000001,13988.0,51.019999999999996,197919.59999999998,196352.2,-33038.3,20326.699999999997,74.14,424747.1,419881.2,-70869.0,42706.600000000006,155.74,85.75045620437956,1897.8,1932.95,1891.0,1913.6
2012-11-26,1919.0,1919.0,1860.0,1867.6,1866.6738723062504,14942,906,27891841.0,10896.0,72.92,59.0,-51.4,1353868200.0,0.0,-0.64107679621207,7184.91,0.4643651159864204,0.6379329836497714,0.1,-51.86067680445492,169.61019692661426,-160.09682248891025,259.85,2052.1,1792.25,48820.8,48574.0,-7834.4,6008.1,21.92,2012,104522.4,103467.5,-16140.300000000001,13988.0,51.019999999999996,197919.59999999998,196352.2,-33038.3,20326.699999999997,74.14,424747.1,419881.2,-70869.0,42706.600000000006,155.74,85.20072992700729,1888.85,1898.95,1862.0,1879.65
2012-11-23,1919.0,1919.0,1885.9,1899.85,1890.512694542064,27886,259,52718837.0,26182.0,93.89,33.1,-19.15,1353609000.0,0.0,1.7268151638466511,7151.7,-0.0163570706583571,0.6379407228462832,0.1,-52.677842987604286,170.86217263028374,-161.7139868301693,259.85,2052.1,1792.25,48820.8,48574.0,-7834.4,6008.1,21.92,2012,104522.4,103467.5,-16140.300000000001,13988.0,51.019999999999996,197919.59999999998,196352.2,-33038.3,20326.699999999997,74.14,424747.1,419881.2,-70869.0,42706.600000000006,155.74,86.67198905109488,1919.0,1919.0,1860.0,1867.6
2012-11-22,1915.0,1923.7,1883.5,1895.65,1902.1538110451845,4382,369,8335238.0,1367.0,31.2,40.2,-19.35,1353522600.0,0.0,-0.22107008448034593,7152.87,0.3663656416099226,0.6382523515426667,,-52.57299606994963,170.81786751331984,,259.85,2052.1,1792.25,48820.8,48574.0,-7834.4,6008.1,21.92,2012,104522.4,103467.5,-16140.300000000001,13988.0,51.019999999999996,197919.59999999998,196352.2,-33038.3,20326.699999999997,74.14,424747.1,419881.2,-70869.0,42706.600000000006,155.74,86.48038321167883,1919.0,1919.0,1885.9,1899.85
2012-11-21,1929.85,1935.0,1880.0,1927.6,1913.4789535223613,6842,557,13092023.0,2593.0,37.9,55.0,-2.25,1353436200.0,0.0,1.6854377126579223,7126.76,0.6293251098883346,0.638238105143434,0.1,-53.35909939821539,171.8100511312293,-163.05099706629335,259.85,2052.1,1792.25,48820.8,48574.0,-7834.4,6008.1,21.92,2012,104522.4,103467.5,-16140.300000000001,13988.0,51.019999999999996,197919.59999999998,196352.2,-33038.3,20326.699999999997,74.14,424747.1,419881.2,-70869.0,42706.600000000006,155.74,87.93795620437955,1915.0,1923.7,1883.5,1895.65
2012-11-20,1913.85,1913.85,1875.1,1898.25,1897.4841358470735,15223,481,28885401.0,12831.0,84.29,38.75,-15.6,1353349800.0,0.0,-1.5226188005810326,7082.19,-0.3044840663192549,0.6384794895875203,0.08,-52.637956012116426,173.52062003419846,-163.4562345652945,259.85,2052.1,1792.25,48820.8,48574.0,-7834.4,6008.1,21.92,2012,104522.4,103467.5,-16140.300000000001,13988.0,51.019999999999996,197919.59999999998,196352.2,-33038.3,20326.699999999997,74.14,424747.1,419881.2,-70869.0,42706.600000000006,155.74,86.59899635036496,1929.85,1935.0,1880.0,1927.6
2012-11-19,1917.0,1917.0,1890.0,1904.5,1901.94531351002,7735,492,14711547.0,4402.0,56.91,27.0,-12.5,1353263400.0,0.0,0.3292506255761829,7103.82,-0.2789284766743116,0.6386858410118045,0.09,-52.79338409031242,172.68779332809672,-163.1191508788495,259.85,2052.1,1792.25,48820.8,48574.0,-7834.4,6008.1,21.92,2012,104522.4,103467.5,-16140.300000000001,13988.0,51.019999999999996,197919.59999999998,196352.2,-33038.3,20326.699999999997,74.14,424747.1,419881.2,-70869.0,42706.600000000006,155.74,86.88412408759123,1913.85,1913.85,1875.1,1898.25
2012-11-16,1918.0,1932.0,1900.25,1917.5,1916.1188970846504,11388,735,21820762.0,5458.0,47.93,31.75,-0.5,1353004200.0,0.0,0.6825938566553003,7123.69,-1.0096785175818357,0.6386839607283943,0.06,-53.11342894393742,171.92718942008986,-162.9422462020176,259.85,2052.1,1792.25,48820.8,48574.0,-7834.4,6008.1,21.92,2012,104522.4,103467.5,-16140.300000000001,13988.0,51.019999999999996,197919.59999999998,196352.2,-33038.3,20326.699999999997,74.14,424747.1,419881.2,-70869.0,42706.600000000006,155.74,87.47718978102189,1917.0,1917.0,1890.0,1904.5
2012-11-15,1960.0,1960.0,1870.55,1918.3,1903.4251698273424,28264,2265,53798409.0,13530.0,47.87,89.45,-41.7,1352917800.0,0.0,0.04172099087353942,7196.35,-0.5086311062691973,0.6385644402950885,0.08,-53.132982328103004,169.18159900505114,-161.19525024976798,259.85,2052.1,1792.25,48820.8,48574.0,-7834.4,6008.1,21.92,2012,104522.4,103467.5,-16140.300000000001,13988.0,51.019999999999996,197919.59999999998,196352.2,-33038.3,20326.699999999997,74.14,424747.1,419881.2,-70869.0,42706.600000000006,155.74,87.51368613138685,1918.0,1932.0,1900.25,1917.5
2012-11-13,1970.0,2013.95,1970.0,1990.3,1990.6448542534208,3362,260,6692548.0,1820.0,54.13,43.95,20.3,1352745000.0,0.0,3.753323254965335,7233.14,-0.0140997710860624,0.6385188614544529,0.11,-54.828417826458335,167.81245766015866,-162.01960015473642,259.85,2052.1,1792.25,48820.8,48574.0,-7834.4,6008.1,21.92,2012,104522.4,103467.5,-16140.300000000001,13988.0,51.019999999999996,197919.59999999998,196352.2,-33038.3,20326.699999999997,74.14,424747.1,419881.2,-70869.0,42706.600000000006,155.74,90.79835766423356,1960.0,1960.0,1870.55,1918.3
2012-11-12,2011.0,2026.0,2005.0,2016.4,2018.3532513181017,2845,220,5742215.0,1585.0,55.71,21.0,5.4,1352658600.0,0.0,1.311360096467884,7234.16,0.2194416429307732,0.639971829749192,,-55.413112477683,167.7746967166886,,259.85,2052.1,1792.25,48820.8,48574.0,-7834.4,6008.1,21.92,2012,104522.4,103467.5,-16140.300000000001,13988.0,51.019999999999996,197919.59999999998,196352.2,-33038.3,20326.699999999997,74.14,424747.1,419881.2,-70869.0,42706.600000000006,155.74,91.98905109489051,1970.0,2013.95,1970.0,1990.3
2012-11-09,2011.75,2054.5,2005.05,2020.55,2032.6389690325063,5199,510,10567690.0,1756.0,33.78,49.45,8.8,1352399400.0,0.0,0.20581233882166483,7218.32,-0.8428941931513556,0.6401508117899333,0.09,-55.50468931726511,168.3623059105166,-163.3143425476463,259.85,2052.1,1792.25,48820.8,48574.0,-7834.4,6008.1,21.92,2012,104522.4,103467.5,-16140.300000000001,13988.0,51.019999999999996,197919.59999999998,196352.2,-33038.3,20326.699999999997,74.14,424747.1,419881.2,-70869.0,42706.600000000006,155.74,92.17837591240875,2011.0,2026.0,2005.0,2016.4
2012-11-08,2014.35,2020.0,1998.0,2010.95,2009.194399218496,3071,327,6170236.0,588.0,19.15,22.0,-3.4,1352313000.0,0.0,-0.4751181608967814,7279.68,-0.1793559639971742,0.6400354385160651,0.1,-55.29227479549468,166.10029561738978,-161.6383467947672,259.85,2052.1,1792.25,48820.8,48574.0,-7834.4,6008.1,21.92,2012,104522.4,103467.5,-16140.300000000001,13988.0,51.019999999999996,197919.59999999998,196352.2,-33038.3,20326.699999999997,74.14,424747.1,419881.2,-70869.0,42706.600000000006,155.74,91.7404197080292,2011.75,2054.5,2005.05,2020.55
2012-11-07,2019.9,2035.0,2001.25,2023.35,2022.8191297824455,13330,647,26964179.0,6614.0,49.62,33.75,3.45,1352226600.0,0.0,0.6166239836892906,7292.76,0.6254630951937346,0.6400477735105764,0.1,-55.56626386932562,165.6230288669859,-161.6089099603668,259.85,2052.1,1792.25,48820.8,48574.0,-7834.4,6008.1,21.92,2012,104522.4,103467.5,-16140.300000000001,13988.0,51.019999999999996,197919.59999999998,196352.2,-33038.3,20326.699999999997,74.14,424747.1,419881.2,-70869.0,42706.600000000006,155.74,92.30611313868611,2014.35,2020.0,1998.0,2010.95
2012-11-06,2022.8,2023.95,2012.1,2019.95,2019.6569123991744,5331,214,10766791.0,4495.0,84.32,11.85,-2.85,1352140200.0,0.0,-0.16803815454566884,7247.43,0.3960470103229863,0.6400353890804996,0.1,-55.491472561202016,167.28440288488468,-162.59540690982018,259.85,2052.1,1792.25,48820.8,48574.0,-7834.4,6008.1,21.92,2012,104522.4,103467.5,-16140.300000000001,13988.0,51.019999999999996,197919.59999999998,196352.2,-33038.3,20326.699999999997,74.14,424747.1,419881.2,-70869.0,42706.600000000006,155.74,92.15100364963503,2019.9,2035.0,2001.25,2023.35
2012-11-05,2020.0,2025.0,1995.35,2014.55,2012.6328865058088,5595,331,11260681.0,3349.0,59.86,29.65,-5.45,1352053800.0,0.0,-0.2673333498353969,7218.84,-0.0272822578076481,0.6400160581851634,0.11,-55.372167481571566,168.34297477156994,-163.15397285163579,259.85,2052.1,1792.25,48820.8,48574.0,-7834.4,6008.1,21.92,2012,104522.4,103467.5,-16140.300000000001,13988.0,51.019999999999996,197919.59999999998,196352.2,-33038.3,20326.699999999997,74.14,424747.1,419881.2,-70869.0,42706.600000000006,155.74,91.90465328467153,2022.8,2023.95,2012.1,2019.95
2012-11-02,2015.0,2028.7,2012.1,2019.25,2019.3225108225104,2772,205,5597562.0,1629.0,58.77,16.6,4.25,1351794600.0,0.0,0.23330272269241892,7220.81,0.8693064825705754,0.6400208617881897,0.09,-55.47604308530395,168.26976474938405,-163.20460105553974,259.85,2052.1,1792.25,48820.8,48574.0,-7834.4,6008.1,21.92,2012,104522.4,103467.5,-16140.300000000001,13988.0,51.019999999999996,197919.59999999998,196352.2,-33038.3,20326.699999999997,74.14,424747.1,419881.2,-70869.0,42706.600000000006,155.74,92.11906934306569,2020.0,2025.0,1995.35,2014.55
2012-11-01,1988.0,2010.0,1972.85,1997.5,1994.9960082496175,15031,484,29986785.0,10562.0,70.27,37.15,9.5,1351708200.0,0.0,-1.0771325987371516,7158.58,0.559225821314624,0.6399169182802328,0.09,-54.99123904881101,170.60185120512728,-164.19465740225365,259.85,2052.1,1792.25,48820.8,48574.0,-7834.4,6008.1,21.92,2012,104522.4,103467.5,-16140.300000000001,13988.0,51.019999999999996,197919.59999999998,196352.2,-33038.3,20326.699999999997,74.14,424747.1,419881.2,-70869.0,42706.600000000006,155.74,91.12682481751824,2015.0,2028.7,2012.1,2019.25
2012-10-31,2004.0,2007.2,1980.3,1994.75,1992.5860859937256,5419,373,10797824.0,2103.0,38.81,26.9,-9.25,1351621800.0,0.0,-0.13767209011263937,7118.77,0.5591035132550548,0.6399823848387997,0.11,-54.9291891214438,172.1151266300217,-165.1194402666248,259.85,2052.1,1792.25,48820.8,48574.0,-7834.4,6008.1,21.92,2012,104522.4,103467.5,-16140.300000000001,13988.0,51.019999999999996,197919.59999999998,196352.2,-33038.3,20326.699999999997,74.14,424747.1,419881.2,-70869.0,42706.600000000006,155.74,91.00136861313868,1988.0,2010.0,1972.85,1997.5
2012-10-30,2030.0,2030.0,2003.0,2010.25,2017.38194109126,2071,266,4177998.0,997.0,48.14,27.0,-19.75,1351535400.0,0.0,0.7770397292893749,7079.19,-1.1417479524364782,0.6399390628131967,,-55.27670687725408,173.63653186310864,,259.85,2052.1,1792.25,48820.8,48574.0,-7834.4,6008.1,21.92,2012,104522.4,103467.5,-16140.300000000001,13988.0,51.019999999999996,197919.59999999998,196352.2,-33038.3,20326.699999999997,74.14,424747.1,419881.2,-70869.0,42706.600000000006,155.74,91.70848540145985,2004.0,2007.2,1980.3,1994.75
2012-10-29,2040.0,2043.95,2023.15,2033.45,2037.3738366080656,3868,293,7880562.0,2559.0,66.16,20.8,-6.55,1351449000.0,0.0,1.1540853127720352,7160.95,-0.1043464189508736,0.6397882574934803,0.14,-55.78696304310409,170.5122923634434,-164.92915509948133,259.85,2052.1,1792.25,48820.8,48574.0,-7834.4,6008.1,21.92,2012,104522.4,103467.5,-16140.300000000001,13988.0,51.019999999999996,197919.59999999998,196352.2,-33038.3,20326.699999999997,74.14,424747.1,419881.2,-70869.0,42706.600000000006,155.74,92.76687956204378,2030.0,2030.0,2003.0,2010.25
2012-10-26,2042.9,2045.0,2028.0,2042.8,2037.1713231418032,3794,308,7729028.0,1837.0,48.42,17.0,-0.1,1351189800.0,0.0,0.45980968305097125,7168.43,-0.8676327620564805,0.6399296673188394,0.12,-55.989328372821625,170.2300224735402,-164.9677784619145,259.85,2052.1,1792.25,48820.8,48574.0,-7834.4,6008.1,21.92,2012,104522.4,103467.5,-16140.300000000001,13988.0,51.019999999999996,197919.59999999998,196352.2,-33038.3,20326.699999999997,74.14,424747.1,419881.2,-70869.0,42706.600000000006,155.74,93.1934306569343,2040.0,2043.95,2023.15,2033.45
2012-10-25,2014.0,2051.0,2011.0,2042.9,2041.447499367462,11857,973,24205443.0,7603.0,64.12,40.0,28.9,1351103400.0,0.0,0.004895241824942609,7231.17,0.220921578383515,0.6398265538337177,0.11,-55.99148269616722,167.8854182656472,-163.44865038308683,259.85,2052.1,1792.25,48820.8,48574.0,-7834.4,6008.1,21.92,2012,104522.4,103467.5,-16140.300000000001,13988.0,51.019999999999996,197919.59999999998,196352.2,-33038.3,20326.699999999997,74.14,424747.1,419881.2,-70869.0,42706.600000000006,155.74,93.19799270072993,2042.9,2045.0,2028.0,2042.8
2012-10-23,2027.8,2030.0,2005.0,2020.5,2014.8111410229856,4829,394,9729523.0,1799.0,37.25,25.0,-7.3,1350930600.0,0.0,-1.0964804934162298,7215.23,-0.4016934623353729,0.6398210737452937,0.11,-55.50358822073744,168.47723495993893,-163.33849327633172,259.85,2052.1,1792.25,48820.8,48574.0,-7834.4,6008.1,21.92,2012,104522.4,103467.5,-16140.300000000001,13988.0,51.019999999999996,197919.59999999998,196352.2,-33038.3,20326.699999999997,74.14,424747.1,419881.2,-70869.0,42706.600000000006,155.74,92.17609489051094,2014.0,2051.0,2011.0,2042.9
2012-10-22,2030.0,2035.0,1991.3,2021.7,2017.6414005145257,15937,1271,32155151.0,2178.0,13.67,43.7,-8.3,1350844200.0,0.0,0.059391239792128125,7244.33,0.4201540888436605,0.6399049265153486,0.1,-55.52999950536677,167.39877945924607,-162.68531268134313,259.85,2052.1,1792.25,48820.8,48574.0,-7834.4,6008.1,21.92,2012,104522.4,103467.5,-16140.300000000001,13988.0,51.019999999999996,197919.59999999998,196352.2,-33038.3,20326.699999999997,74.14,424747.1,419881.2,-70869.0,42706.600000000006,155.74,92.23083941605839,2027.8,2030.0,2005.0,2020.5
2012-10-19,2045.0,2045.0,2002.0,2009.55,2018.0408659693503,4111,395,8296166.0,2076.0,50.5,43.0,-35.45,1350585000.0,0.0,-0.6009793737943414,7214.02,-0.6018435592543003,0.639881966872508,0.1,-55.26112811325918,168.52226636466213,-163.13149917980462,259.85,2052.1,1792.25,48820.8,48574.0,-7834.4,6008.1,21.92,2012,104522.4,103467.5,-16140.300000000001,13988.0,51.019999999999996,197919.59999999998,196352.2,-33038.3,20326.699999999997,74.14,424747.1,419881.2,-70869.0,42706.600000000006,155.74,91.6765510948905,2030.0,2035.0,1991.3,2021.7
2012-10-18,2035.0,2057.25,2024.3,2044.75,2044.924627548353,30608,475,62591053.0,27336.0,89.31,32.95,9.75,1350498600.0,0.0,1.7516359383941804,7257.7,1.0426281636295442,0.6398503732634437,0.1,-56.031299669886295,166.90618239938274,-162.8622977407814,259.85,2052.1,1792.25,48820.8,48574.0,-7834.4,6008.1,21.92,2012,104522.4,103467.5,-16140.300000000001,13988.0,51.019999999999996,197919.59999999998,196352.2,-33038.3,20326.699999999997,74.14,424747.1,419881.2,-70869.0,42706.600000000006,155.74,93.2823905109489,2045.0,2045.0,2002.0,2009.55
2012-10-17,2031.25,2036.0,2019.8,2026.25,2026.2725060827247,2466,258,4996788.0,633.0,25.67,16.2,-5.0,1350412200.0,0.0,-0.9047560826506928,7182.81,0.1493286485129807,0.6400137938133649,0.11,-55.629858112276374,169.68902142754715,-164.27277096727872,259.85,2052.1,1792.25,48820.8,48574.0,-7834.4,6008.1,21.92,2012,104522.4,103467.5,-16140.300000000001,13988.0,51.019999999999996,197919.59999999998,196352.2,-33038.3,20326.699999999997,74.14,424747.1,419881.2,-70869.0,42706.600000000006,155.74,92.43841240875912,2035.0,2057.25,2024.3,2044.75
2012-10-16,2045.0,2050.0,2011.0,2027.7,2035.902935420744,5110,358,10403464.0,2084.0,40.78,39.0,-17.3,1350325800.0,0.0,0.07156076495991037,7172.1,-0.6930069300692954,0.6400878433204787,0.09,-55.66158701977611,170.0917443984328,-164.56763695248824,259.85,2052.1,1792.25,48820.8,48574.0,-7834.4,6008.1,21.92,2012,104522.4,103467.5,-16140.300000000001,13988.0,51.019999999999996,197919.59999999998,196352.2,-33038.3,20326.699999999997,74.14,424747.1,419881.2,-70869.0,42706.600000000006,155.74,92.50456204379562,2031.25,2036.0,2019.8,2026.25
2012-10-15,2048.4,2058.7,2035.3,2041.4,2045.2657284768209,3624,291,7412043.0,1486.0,41.0,23.4,-7.0,1350239400.0,0.0,0.6756423534053368,7222.15,0.1179709550240826,0.6400056292964219,0.11,-55.95914568433429,168.21998989220663,-163.6604855563111,259.85,2052.1,1792.25,48820.8,48574.0,-7834.4,6008.1,21.92,2012,104522.4,103467.5,-16140.300000000001,13988.0,51.019999999999996,197919.59999999998,196352.2,-33038.3,20326.699999999997,74.14,424747.1,419881.2,-70869.0,42706.600000000006,155.74,93.12956204379562,2045.0,2050.0,2011.0,2027.7
2012-10-12,2044.0,2074.8,2038.0,2044.8,2052.312715817532,16507,908,33877526.0,3580.0,21.69,36.8,0.8,1349980200.0,0.0,0.16655236602332035,7213.64,-0.383488850928193,0.6400563596773402,0.11,-56.032374804381845,168.53641157584795,-163.9447706711365,259.85,2052.1,1792.25,48820.8,48574.0,-7834.4,6008.1,21.92,2012,104522.4,103467.5,-16140.300000000001,13988.0,51.019999999999996,197919.59999999998,196352.2,-33038.3,20326.699999999997,74.14,424747.1,419881.2,-70869.0,42706.600000000006,155.74,93.2846715328467,2048.4,2058.7,2035.3,2041.4
2012-10-11,2052.0,2052.0,2032.05,2038.55,2038.5670754366408,2691,241,5485784.0,935.0,34.75,19.95,-13.45,1349893800.0,0.0,-0.30565336463224124,7241.41,1.0214572995414395,0.6400332221292377,0.1,-55.89757425621153,167.50660437677195,-163.14336266119142,259.85,2052.1,1792.25,48820.8,48574.0,-7834.4,6008.1,21.92,2012,104522.4,103467.5,-16140.300000000001,13988.0,51.019999999999996,197919.59999999998,196352.2,-33038.3,20326.699999999997,74.14,424747.1,419881.2,-70869.0,42706.600000000006,155.74,92.99954379562043,2044.0,2074.8,2038.0,2044.8
2012-10-10,2043.0,2074.0,2036.85,2049.95,2056.011994002998,12006,1088,24684480.0,4322.0,36.0,37.15,6.95,1349807400.0,0.0,0.5592210149370835,7168.19,-0.9818669561986292,0.6398848408506853,0.1,-56.14283275201834,170.23907011393393,-165.11224455435655,259.85,2052.1,1792.25,48820.8,48574.0,-7834.4,6008.1,21.92,2012,104522.4,103467.5,-16140.300000000001,13988.0,51.019999999999996,197919.59999999998,196352.2,-33038.3,20326.699999999997,74.14,424747.1,419881.2,-70869.0,42706.600000000006,155.74,93.51961678832116,2052.0,2052.0,2032.05,2038.55
2012-10-09,2016.4,2059.55,2003.5,2052.1,2041.52080741048,14466,1168,29532640.0,4579.0,31.65,56.05,35.7,1349721000.0,0.0,0.10488060684408218,7239.27,0.4891706447641253,0.6397579606453672,0.1,-56.18878222308854,167.58568198174677,-163.43908056502937,259.85,2052.1,1792.25,48820.8,48574.0,-7834.4,6008.1,21.92,2012,104522.4,103467.5,-16140.300000000001,13988.0,51.019999999999996,197919.59999999998,196352.2,-33038.3,20326.699999999997,74.14,424747.1,419881.2,-70869.0,42706.600000000006,155.74,93.617700729927,2043.0,2074.0,2036.85,2049.95
2012-10-08,1981.5,2018.0,1961.1,2003.0,1993.8267289438,6637,637,13233028.0,1582.0,23.84,56.9,21.5,1349634600.0,0.0,-2.392670922469664,7204.03,-1.03307630065268,0.6397268821982905,,-55.11482775836246,168.89463258759335,,259.85,2019.65,1759.8000000000002,48820.8,48574.0,-7834.4,6008.1,21.92,2012,104522.4,103467.5,-16140.300000000001,13988.0,51.019999999999996,197919.59999999998,196352.2,-33038.3,20326.699999999997,74.14,424747.1,419881.2,-70869.0,42706.600000000006,155.74,91.37773722627736,2016.4,2059.55,2003.5,2052.1
2012-10-05,1999.0,2011.0,1899.95,1981.5,1974.0570248606416,49154,1938,97032799.0,14165.0,28.82,111.05,-17.5,1349375400.0,0.0,-1.0733899151273096,7279.23,-0.6719001374093203,0.6401101462630654,0.11,-54.62780721675499,166.11674586460384,-161.00040959280207,259.85,2019.65,1759.8000000000002,48820.8,48574.0,-7834.4,6008.1,21.92,2012,104522.4,103467.5,-16140.300000000001,13988.0,51.019999999999996,197919.59999999998,196352.2,-33038.3,20326.699999999997,74.14,424747.1,419881.2,-70869.0,42706.600000000006,155.74,90.39689781021897,1981.5,2018.0,1961.1,2003.0
2012-10-04,2010.0,2050.0,1978.0,1986.25,2014.8045640206,11262,1036,22690729.0,3150.0,27.97,72.0,-23.75,1349289000.0,0.0,0.2397173858188273,7328.47,0.8376917244918847,0.6401403936492611,0.1,-54.73631214600378,164.3287070834703,-159.96574134692565,259.85,2019.65,1759.8000000000002,48820.8,48574.0,-7834.4,6008.1,21.92,2012,104522.4,103467.5,-16140.300000000001,13988.0,51.019999999999996,197919.59999999998,196352.2,-33038.3,20326.699999999997,74.14,424747.1,419881.2,-70869.0,42706.600000000006,155.74,90.61359489051094,1999.0,2011.0,1899.95,1981.5
2012-10-03,2012.15,2025.0,1990.0,2009.95,2010.9651604001376,8697,601,17489364.0,2990.0,34.38,35.0,-2.2,1349202600.0,0.0,1.1932032724984332,7267.59,0.360838836367261,0.6400451840707325,0.09,-55.270031592825696,166.54296678816502,-161.8974513598763,259.85,2019.65,1759.8000000000002,48820.8,48574.0,-7834.4,6008.1,21.92,2012,104522.4,103467.5,-16140.300000000001,13988.0,51.019999999999996,197919.59999999998,196352.2,-33038.3,20326.699999999997,74.14,424747.1,419881.2,-70869.0,42706.600000000006,155.74,91.69479927007299,2010.0,2050.0,1978.0,1986.25
2012-10-01,1960.0,2024.65,1960.0,2019.65,2012.0796630634773,34784,1217,69988179.0,23480.0,67.5,64.65,59.65,1349029800.0,0.0,0.48259906962859755,7241.46,0.4849781655752894,0.6401823230488501,0.09,-55.48486123833338,167.50475732794214,-162.7508294971949,259.85,2019.65,1759.8000000000002,48820.8,48574.0,-7834.4,6008.1,21.92,2012,104522.4,103467.5,-16140.300000000001,13988.0,51.019999999999996,197919.59999999998,196352.2,-33038.3,20326.699999999997,74.14,424747.1,419881.2,-70869.0,42706.600000000006,155.74,92.13731751824817,2012.15,2025.0,1990.0,2009.95
2012-09-28,1959.6,2004.75,1925.0,1967.55,1977.8999025024373,21539,1535,42601986.0,5172.0,24.01,79.75,7.95,1348770600.0,8.0,-2.5796548906988903,7206.51,1.0382112202522054,0.6401773509403211,0.1,-54.306116744174226,168.80209699285783,-162.40537829513906,259.85,1967.55,1707.6999999999998,47274.2,46995.7,-7975.4,5500.3,20.07,2012,103541.20000000001,102466.1,-16114.6,13270.1,48.41,198561.90000000002,197062.5,-32478.300000000003,22637.199999999997,82.57,417553.5,413557.5,-69313.2,45071.0,164.38,98.03437967115097,1960.0,2024.65,1960.0,2019.65
2012-09-27,1872.0,1972.75,1866.1,1949.6,1929.6368421052632,22990,1622,44362351.0,10887.0,47.36,106.65,77.6,1348684200.0,8.0,-0.9123021015984389,7132.46,-0.0112150685661283,0.6406749241149309,0.09,-53.885412392285595,171.59283052411087,-163.85297532381617,259.85,1949.6,1689.75,47274.2,46995.7,-7975.4,5500.3,20.07,2012,103541.20000000001,102466.1,-16114.6,13270.1,48.41,198561.90000000002,197062.5,-32478.300000000003,22637.199999999997,82.57,417553.5,413557.5,-69313.2,45071.0,164.38,97.14000996512206,1959.6,2004.75,1925.0,1967.55
2012-09-26,1835.0,1891.9,1830.05,1882.85,1865.7933323915804,14158,695,26415902.0,7211.0,50.93,61.85,47.85,1348597800.0,8.0,-3.423779236766511,7133.26,-0.1033520804857857,0.6407529694442887,0.11,-52.25057758185729,171.56237120194692,-162.21919354776924,259.85,1882.85,1623.0,47274.2,46995.7,-7975.4,5500.3,20.07,2012,103541.20000000001,102466.1,-16114.6,13270.1,48.41,198561.90000000002,197062.5,-32478.300000000003,22637.199999999997,82.57,417553.5,413557.5,-69313.2,45071.0,164.38,93.81415047334329,1872.0,1972.75,1866.1,1949.6
2012-09-25,1825.0,1848.0,1822.0,1835.35,1836.9969209716048,2923,276,5369542.0,1464.0,50.09,26.0,10.35,1348511400.0,8.0,-2.5227713306954835,7140.64,0.2266828923894959,0.6419247193102351,0.11,-51.01479281880841,171.2817058414932,-161.00414204496303,259.85,1837.35,1577.5,47274.2,46995.7,-7975.4,5500.3,20.07,2012,103541.20000000001,102466.1,-16114.6,13270.1,48.41,198561.90000000002,197062.5,-32478.300000000003,22637.199999999997,82.57,417553.5,413557.5,-69313.2,45071.0,164.38,91.44743398106627,1835.0,1891.9,1830.05,1882.85
2012-09-24,1821.4,1837.0,1821.4,1827.5,1828.0232142857144,2800,274,5118465.0,1339.0,47.82,15.6,6.1,1348425000.0,8.0,-0.42771133571253284,7124.49,-0.1030589581370367,0.642554697051992,0.11,-50.80437756497949,171.89665505881823,-161.29669966387348,259.85,1837.35,1577.5,47274.2,46995.7,-7975.4,5500.3,20.07,2012,103541.20000000001,102466.1,-16114.6,13270.1,48.41,198561.90000000002,197062.5,-32478.300000000003,22637.199999999997,82.57,417553.5,413557.5,-69313.2,45071.0,164.38,91.05630293971102,1825.0,1848.0,1822.0,1835.35
2012-09-21,1829.9,1844.0,1820.9,1837.35,1834.9489093530533,43002,462,78906473.0,40293.0,93.7,23.1,7.45,1348165800.0,8.0,0.5389876880984801,7131.84,2.176236471946757,0.642567957786582,0.11,-51.068114403896914,171.6164411989052,-161.38265807232193,259.85,1837.35,1577.5,47274.2,46995.7,-7975.4,5500.3,20.07,2012,103541.20000000001,102466.1,-16114.6,13270.1,48.41,198561.90000000002,197062.5,-32478.300000000003,22637.199999999997,82.57,417553.5,413557.5,-69313.2,45071.0,164.38,91.54708520179372,1821.4,1837.0,1821.4,1827.5
2012-09-20,1799.0,1844.0,1799.0,1834.05,1831.323783736571,11449,1022,20966826.0,4377.0,38.23,45.0,35.05,1348079400.0,8.0,-0.17960649848967059,6979.94,-0.703757498851254,0.6418657595037756,0.11,-50.98007142662414,177.52745725607957,-164.9682623775263,259.85,1834.05,1574.1999999999998,47274.2,46995.7,-7975.4,5500.3,20.07,2012,103541.20000000001,102466.1,-16114.6,13270.1,48.41,198561.90000000002,197062.5,-32478.300000000003,22637.199999999997,82.57,417553.5,413557.5,-69313.2,45071.0,164.38,91.38266068759341,1829.9,1844.0,1820.9,1837.35
2012-09-18,1755.0,1805.0,1755.0,1799.45,1783.3246477938176,218409,1035,389494153.0,212631.0,97.35,50.0,44.45,1347906600.0,8.0,-1.8865352634879096,7029.41,0.1828526148066389,0.6417820047034601,0.1,-50.03751146183557,175.5743369642687,-162.7537832127744,259.85,1799.45,1539.6,47274.2,46995.7,-7975.4,5500.3,20.07,2012,103541.20000000001,102466.1,-16114.6,13270.1,48.41,198561.90000000002,197062.5,-32478.300000000003,22637.199999999997,82.57,417553.5,413557.5,-69313.2,45071.0,164.38,89.65869456900847,1799.0,1844.0,1799.0,1834.05
2012-09-17,1764.8,1773.0,1736.0,1760.65,1751.4553765106912,6454,494,11303893.0,3376.0,52.31,37.0,-4.15,1347820200.0,8.0,-2.156214398844092,7016.58,0.7939597575743473,0.6421316613480476,0.11,-48.93647232556159,176.07823184514393,-162.04124538476225,259.85,1760.65,1500.8000000000002,47274.2,46995.7,-7975.4,5500.3,20.07,2012,103541.20000000001,102466.1,-16114.6,13270.1,48.41,198561.90000000002,197062.5,-32478.300000000003,22637.199999999997,82.57,417553.5,413557.5,-69313.2,45071.0,164.38,87.72546088689587,1755.0,1805.0,1755.0,1799.45
2012-09-14,1730.0,1765.0,1728.0,1752.4,1738.3108439646717,8152,495,14170710.0,5349.0,65.62,37.0,22.4,1347561000.0,8.0,-0.46857694601425415,6961.31,2.015302346643155,0.6425030669827894,0.11,-48.69607395571788,178.2701819054172,-163.27453724416006,259.85,1760.05,1500.1999999999998,47274.2,46995.7,-7975.4,5500.3,20.07,2012,103541.20000000001,102466.1,-16114.6,13270.1,48.41,198561.90000000002,197062.5,-32478.300000000003,22637.199999999997,82.57,417553.5,413557.5,-69313.2,45071.0,164.38,87.31439960139512,1764.8,1773.0,1736.0,1760.65
2012-09-13,1755.0,1756.15,1710.2,1715.05,1731.5916275096113,4682,350,8107312.0,1807.0,38.59,45.95,-39.95,1347474600.0,8.0,-2.1313627025793314,6823.79,-0.0225630116053032,0.6418916986550385,0.1,-47.578787790443435,183.87816741136524,-165.6444678458347,259.85,1760.05,1500.1999999999998,47274.2,46995.7,-7975.4,5500.3,20.07,2012,103541.20000000001,102466.1,-16114.6,13270.1,48.41,198561.90000000002,197062.5,-32478.300000000003,22637.199999999997,82.57,417553.5,413557.5,-69313.2,45071.0,164.38,85.4534130543099,1730.0,1765.0,1728.0,1752.4
2012-09-12,1755.0,1773.0,1752.0,1760.05,1760.300030567018,65430,530,115176431.0,62084.0,94.89,21.0,5.05,1347388200.0,8.0,2.6238302090318077,6825.33,0.6003301594788235,0.6423463374898508,0.1,-48.91906479929548,183.8141159475073,-167.0271543233626,259.85,1760.05,1500.1999999999998,47274.2,46995.7,-7975.4,5500.3,20.07,2012,103541.20000000001,102466.1,-16114.6,13270.1,48.41,198561.90000000002,197062.5,-32478.300000000003,22637.199999999997,82.57,417553.5,413557.5,-69313.2,45071.0,164.38,87.69556552067762,1755.0,1756.15,1710.2,1715.05
2012-09-11,1751.0,1759.9,1712.85,1753.1,1754.4638520154017,111417,486,195477099.0,106535.0,95.62,47.05,2.1,1347301800.0,8.0,-0.39487514559245485,6784.6,0.4178279164699372,0.6430173184964623,0.1,-48.716559237921395,185.5179376823984,-168.04350432760137,259.85,1753.1,1493.25,47274.2,46995.7,-7975.4,5500.3,20.07,2012,103541.20000000001,102466.1,-16114.6,13270.1,48.41,198561.90000000002,197062.5,-32478.300000000003,22637.199999999997,82.57,417553.5,413557.5,-69313.2,45071.0,164.38,87.34927752864972,1755.0,1773.0,1752.0,1760.05
2012-09-10,1740.0,1755.9,1732.2,1751.7,1749.4615384615383,5005,470,8756055.0,2965.0,59.24,23.7,11.7,1347215400.0,8.0,-0.07985853630710915,6756.37,0.117953710577745,0.6430067502383642,0.1,-48.67557230119313,186.71091133256468,-168.76764795616506,259.85,1752.2,1492.35,47274.2,46995.7,-7975.4,5500.3,20.07,2012,103541.20000000001,102466.1,-16114.6,13270.1,48.41,198561.90000000002,197062.5,-32478.300000000003,22637.199999999997,82.57,417553.5,413557.5,-69313.2,45071.0,164.38,87.27952167414051,1751.0,1759.9,1712.85,1753.1
2012-09-08,1730.0,1743.0,1729.4,1739.05,1736.6,200,30,347320.0,118.0,59.0,13.6,9.05,1347042600.0,8.0,-0.7221556202546164,6748.41,0.4022989360799922,0.6430057082043201,,-48.302233978321496,187.04909749111272,,259.85,1752.2,1492.35,47274.2,46995.7,-7975.4,5500.3,20.07,2012,103541.20000000001,102466.1,-16114.6,13270.1,48.41,198561.90000000002,197062.5,-32478.300000000003,22637.199999999997,82.57,417553.5,413557.5,-69313.2,45071.0,164.38,86.64922770303936,1740.0,1755.9,1732.2,1751.7
2012-09-07,1692.8,1740.0,1692.8,1735.2,1724.5263688276789,2977,345,5133915.0,1613.0,54.18,47.2,42.4,1346956200.0,8.0,-0.22138523906730656,6721.37,1.631211357392237,0.6430328456945922,0.11,-48.187528815122185,188.20389295634672,-169.24808006061582,259.85,1752.2,1492.35,47274.2,46995.7,-7975.4,5500.3,20.07,2012,103541.20000000001,102466.1,-16114.6,13270.1,48.41,198561.90000000002,197062.5,-32478.300000000003,22637.199999999997,82.57,417553.5,413557.5,-69313.2,45071.0,164.38,86.45739910313901,1730.0,1743.0,1729.4,1739.05
2012-09-06,1669.0,1702.8,1667.0,1692.85,1690.88306033589,4823,496,8155129.0,1445.0,29.96,35.8,23.85,1346869800.0,8.0,-2.4406408483171993,6613.49,0.272001576820724,0.6426238497505182,0.11,-46.891337094249344,192.9051075906972,-170.89607134724855,259.85,1752.2,1492.35,47274.2,46995.7,-7975.4,5500.3,20.07,2012,103541.20000000001,102466.1,-16114.6,13270.1,48.41,198561.90000000002,197062.5,-32478.300000000003,22637.199999999997,82.57,417553.5,413557.5,-69313.2,45071.0,164.38,84.34728450423518,1692.8,1740.0,1692.8,1735.2
2012-09-05,1687.0,1687.0,1662.0,1673.05,1673.4670964276122,3723,163,6230318.0,3155.0,84.74,25.0,-13.95,1346783400.0,8.0,-1.169625188291934,6595.55,-0.7559673116363852,0.6432150799794488,0.11,-46.26281342458385,193.70181410193237,-170.89398761552485,259.85,1752.2,1492.35,47274.2,46995.7,-7975.4,5500.3,20.07,2012,103541.20000000001,102466.1,-16114.6,13270.1,48.41,198561.90000000002,197062.5,-32478.300000000003,22637.199999999997,82.57,417553.5,413557.5,-69313.2,45071.0,164.38,83.36073741903338,1669.0,1702.8,1667.0,1692.85
2012-09-04,1625.25,1679.0,1625.25,1672.4,1669.1107766405778,1661,216,2772393.0,564.0,33.96,53.75,47.15,1346697000.0,8.0,-0.03885119990435504,6645.79,0.4416185425379026,0.6432522866208146,0.1,-46.241927768476444,191.4815243936387,-169.44853095166172,259.85,1752.2,1492.35,47274.2,46995.7,-7975.4,5500.3,20.07,2012,103541.20000000001,102466.1,-16114.6,13270.1,48.41,198561.90000000002,197062.5,-32478.300000000003,22637.199999999997,82.57,417553.5,413557.5,-69313.2,45071.0,164.38,83.32835077229696,1687.0,1687.0,1662.0,1673.05
2012-09-03,1677.45,1687.55,1657.0,1665.85,1668.2959024085085,3197,294,5333542.0,991.0,31.0,30.55,-11.6,1346610600.0,8.0,-0.39165271466157225,6616.57,-0.2377742998700416,0.643224571902289,,-46.03055497193624,192.76876085343315,,259.85,1752.2,1492.35,47274.2,46995.7,-7975.4,5500.3,20.07,2012,103541.20000000001,102466.1,-16114.6,13270.1,48.41,198561.90000000002,197062.5,-32478.300000000003,22637.199999999997,82.57,417553.5,413557.5,-69313.2,45071.0,164.38,83.00199302441455,1625.25,1679.0,1625.25,1672.4
2012-08-31,1711.0,1715.0,1670.1,1693.4,1693.404193781634,2766,295,4683956.0,1067.0,38.58,44.9,-17.6,1346351400.0,8.0,1.6538103670798776,6632.34,-0.469115793264907,0.6432273549356397,0.09,-46.90858627613087,192.0726319820757,-170.48706683954376,259.85,1752.2,1492.35,47274.2,46995.7,-7975.4,5500.3,20.07,2012,103541.20000000001,102466.1,-16114.6,13270.1,48.41,198561.90000000002,197062.5,-32478.300000000003,22637.199999999997,82.57,417553.5,413557.5,-69313.2,45071.0,164.38,84.37468858993523,1677.45,1687.55,1657.0,1665.85
2012-08-30,1710.0,1727.0,1700.0,1711.75,1717.4368159203982,6030,486,10356144.0,3111.0,51.59,27.0,1.75,1346265000.0,8.0,1.083618755167115,6663.6,0.3469586902309363,0.6434789516502947,0.1,-47.4777274718855,190.7024731376433,-170.22640706844965,259.85,1752.2,1492.35,47274.2,46995.7,-7975.4,5500.3,20.07,2012,103541.20000000001,102466.1,-16114.6,13270.1,48.41,198561.90000000002,197062.5,-32478.300000000003,22637.199999999997,82.57,417553.5,413557.5,-69313.2,45071.0,164.38,85.28898854010961,1711.0,1715.0,1670.1,1693.4
2012-08-29,1725.0,1737.95,1709.5,1713.7,1716.1503569928602,2381,274,4086154.0,1071.0,44.98,28.45,-11.3,1346178600.0,8.0,0.11391850445450213,6640.56,-0.743167700006564,0.643589624500483,0.12,-47.53749197642529,191.7110906309106,-170.96353005321106,259.85,1752.2,1492.35,47274.2,46995.7,-7975.4,5500.3,20.07,2012,103541.20000000001,102466.1,-16114.6,13270.1,48.41,198561.90000000002,197062.5,-32478.300000000003,22637.199999999997,82.57,417553.5,413557.5,-69313.2,45071.0,164.38,85.38614848031888,1710.0,1727.0,1700.0,1711.75
2012-08-28,1753.0,1768.95,1716.2,1731.65,1751.4869925108396,5074,505,8887045.0,2045.0,40.3,52.75,-21.35,1346092200.0,8.0,1.0474412090797802,6690.28,-0.4788418542589379,0.6434965702727604,0.1,-48.08130973349118,189.54318802800483,-170.08735149104996,259.85,1752.2,1492.35,47274.2,46995.7,-7975.4,5500.3,20.07,2012,103541.20000000001,102466.1,-16114.6,13270.1,48.41,198561.90000000002,197062.5,-32478.300000000003,22637.199999999997,82.57,417553.5,413557.5,-69313.2,45071.0,164.38,86.28051818634779,1725.0,1737.95,1709.5,1713.7
2012-08-27,1715.6,1758.0,1707.9,1752.2,1746.273850377488,7285,622,12721605.0,3137.0,43.06,50.1,36.6,1346005800.0,8.0,1.1867294199174205,6722.47,-0.7634861142070015,0.643574775908042,0.11,-48.69021801164251,188.15673405757107,-169.82235274298299,259.85,1752.2,1492.35,47274.2,46995.7,-7975.4,5500.3,20.07,2012,103541.20000000001,102466.1,-16114.6,13270.1,48.41,198561.90000000002,197062.5,-32478.300000000003,22637.199999999997,82.57,417553.5,413557.5,-69313.2,45071.0,164.38,87.30443447932237,1753.0,1768.95,1716.2,1731.65
2012-08-24,1715.0,1725.75,1708.0,1719.35,1718.066160035762,2237,299,3843314.0,944.0,42.2,17.75,4.35,1345746600.0,8.0,-1.8747859833352476,6774.19,-0.4350516403357596,0.6436267947726666,0.1,-47.709890365545114,185.95669740588917,-167.43224080393094,259.85,1735.7,1475.85,47274.2,46995.7,-7975.4,5500.3,20.07,2012,103541.20000000001,102466.1,-16114.6,13270.1,48.41,198561.90000000002,197062.5,-32478.300000000003,22637.199999999997,82.57,417553.5,413557.5,-69313.2,45071.0,164.38,85.66766317887394,1715.6,1758.0,1707.9,1752.2
2012-08-23,1734.0,1743.5,1716.05,1724.85,1731.5925189017112,2513,270,4351492.0,722.0,28.73,27.45,-9.15,1345660200.0,8.0,0.31988832989211513,6803.79,-0.0681508071611269,0.6439453644240428,0.11,-47.87662695306838,184.71263810317487,-166.86064002005702,259.85,1735.7,1475.85,47274.2,46995.7,-7975.4,5500.3,20.07,2012,103541.20000000001,102466.1,-16114.6,13270.1,48.41,198561.90000000002,197062.5,-32478.300000000003,22637.199999999997,82.57,417553.5,413557.5,-69313.2,45071.0,164.38,85.94170403587444,1715.0,1725.75,1708.0,1719.35
2012-08-22,1732.9,1741.0,1725.75,1735.7,1734.0010718113613,6531,470,11324761.0,2627.0,40.22,15.25,2.8,1345573800.0,8.0,0.6290402063947598,6808.43,-0.2174910270295593,0.6439563247893485,0.11,-48.202454341187995,184.5186041422178,-167.06354132414438,259.85,1735.7,1475.85,47274.2,46995.7,-7975.4,5500.3,20.07,2012,103541.20000000001,102466.1,-16114.6,13270.1,48.41,198561.90000000002,197062.5,-32478.300000000003,22637.199999999997,82.57,417553.5,413557.5,-69313.2,45071.0,164.38,86.48231190832088,1734.0,1743.5,1716.05,1724.85
2012-08-21,1726.0,1733.1,1710.05,1717.45,1718.2000778513038,2569,446,4414056.0,1081.0,42.08,23.05,-8.55,1345487400.0,8.0,-1.0514489831192075,6823.27,0.8546364247759008,0.6439912136659451,0.11,-47.65204227197298,183.8998017079787,-166.12105973331757,259.85,1733.1,1473.25,47274.2,46995.7,-7975.4,5500.3,20.07,2012,103541.20000000001,102466.1,-16114.6,13270.1,48.41,198561.90000000002,197062.5,-32478.300000000003,22637.199999999997,82.57,417553.5,413557.5,-69313.2,45071.0,164.38,85.57299451918286,1732.9,1741.0,1725.75,1735.7
2012-08-17,1731.0,1736.9,1710.0,1733.1,1727.1135573580532,6904,761,11923992.0,2990.0,43.31,26.9,2.1,1345141800.0,8.0,0.9112346793210824,6765.45,0.025133986324155,0.6439899781608963,0.09,-48.124747562171834,186.32611282324163,-168.14893779198144,259.85,1733.1,1473.25,47274.2,46995.7,-7975.4,5500.3,20.07,2012,103541.20000000001,102466.1,-16114.6,13270.1,48.41,198561.90000000002,197062.5,-32478.300000000003,22637.199999999997,82.57,417553.5,413557.5,-69313.2,45071.0,164.38,86.35276532137519,1726.0,1733.1,1710.05,1717.45
2012-08-16,1708.9,1720.95,1705.3,1715.9,1714.7876480541456,4728,600,8107516.0,2419.0,51.16,15.65,7.0,1345055400.0,8.0,-0.9924412901736623,6763.75,-0.2565936456205731,0.6440811596410726,0.09,-47.60475552188357,186.3980779892811,-167.69227844371912,259.85,1715.9,1456.0500000000002,47274.2,46995.7,-7975.4,5500.3,20.07,2012,103541.20000000001,102466.1,-16114.6,13270.1,48.41,198561.90000000002,197062.5,-32478.300000000003,22637.199999999997,82.57,417553.5,413557.5,-69313.2,45071.0,164.38,85.49576482311909,1731.0,1736.9,1710.0,1733.1
2012-08-14,1698.0,1713.75,1683.55,1707.45,1704.5413820811573,4978,546,8485207.0,1660.0,33.35,30.2,9.45,1344882600.0,8.0,-0.4924529401480249,6781.15,0.4866403588453805,0.6441646720621779,0.11,-47.34545667515887,185.66319871998112,-166.98227207870363,259.85,1708.25,1448.4,47274.2,46995.7,-7975.4,5500.3,20.07,2012,103541.20000000001,102466.1,-16114.6,13270.1,48.41,198561.90000000002,197062.5,-32478.300000000003,22637.199999999997,82.57,417553.5,413557.5,-69313.2,45071.0,164.38,85.0747384155456,1708.9,1720.95,1705.3,1715.9
2012-08-13,1670.0,1713.75,1670.0,1708.25,1698.6508648302372,10927,873,18561158.0,4750.0,43.47,43.75,38.25,1344796200.0,8.0,0.04685349497788316,6748.31,0.6142735097530938,0.6441532878930877,0.11,-47.37011561539588,187.0533511353213,-167.90028989896507,259.85,1708.25,1448.4,47274.2,46995.7,-7975.4,5500.3,20.07,2012,103541.20000000001,102466.1,-16114.6,13270.1,48.41,198561.90000000002,197062.5,-32478.300000000003,22637.199999999997,82.57,417553.5,413557.5,-69313.2,45071.0,164.38,85.11459890383657,1698.0,1713.75,1683.55,1707.45
2012-08-10,1652.0,1677.55,1651.35,1672.95,1671.8338849487782,6345,490,10607786.0,2719.0,42.85,26.2,20.95,1344537000.0,8.0,-2.066442265476365,6707.11,-0.0951813510091659,0.6440984341753011,0.1,-46.25960130308736,188.8166438302041,-167.9116960969398,259.85,1672.95,1413.1,47274.2,46995.7,-7975.4,5500.3,20.07,2012,103541.20000000001,102466.1,-16114.6,13270.1,48.41,198561.90000000002,197062.5,-32478.300000000003,22637.199999999997,82.57,417553.5,413557.5,-69313.2,45071.0,164.38,83.35575485799701,1670.0,1713.75,1670.0,1708.25
2012-08-09,1641.55,1658.0,1631.05,1654.0,1643.4945681694733,7364,404,12102694.0,4155.0,56.42,26.95,12.45,1344450600.0,8.0,-1.1327296093726624,6713.5,-0.2488763418892259,0.6445277558107191,0.11,-45.64389359129384,188.5417442466672,-167.20338283409762,259.85,1654.0,1394.15,47274.2,46995.7,-7975.4,5500.3,20.07,2012,103541.20000000001,102466.1,-16114.6,13270.1,48.41,198561.90000000002,197062.5,-32478.300000000003,22637.199999999997,82.57,417553.5,413557.5,-69313.2,45071.0,164.38,82.41155954160439,1652.0,1677.55,1651.35,1672.95
2012-08-08,1636.3,1652.0,1629.9,1639.65,1639.567534414611,7337,546,12029507.0,3563.0,48.56,22.1,3.35,1344364200.0,8.0,-0.8675937122128108,6730.25,-0.0813571802907753,0.6446429325512404,0.11,-45.168176135150794,187.8236321087627,-166.28644241758823,259.85,1639.65,1379.8000000000002,47274.2,46995.7,-7975.4,5500.3,20.07,2012,103541.20000000001,102466.1,-16114.6,13270.1,48.41,198561.90000000002,197062.5,-32478.300000000003,22637.199999999997,82.57,417553.5,413557.5,-69313.2,45071.0,164.38,81.69656203288491,1641.55,1658.0,1631.05,1654.0
2012-08-07,1636.0,1645.1,1632.35,1638.35,1640.0811491935488,5952,299,9761763.0,3064.0,51.48,12.75,2.35,1344277800.0,8.0,-0.07928521330773375,6735.73,0.8185851304587155,0.6447149551995713,0.11,-45.124668111209445,187.5894669174685,-166.10548422574465,259.85,1639.25,1379.4,47274.2,46995.7,-7975.4,5500.3,20.07,2012,103541.20000000001,102466.1,-16114.6,13270.1,48.41,198561.90000000002,197062.5,-32478.300000000003,22637.199999999997,82.57,417553.5,413557.5,-69313.2,45071.0,164.38,81.63178873941206,1636.3,1652.0,1629.9,1639.65
2012-08-06,1630.0,1640.5,1620.0,1637.55,1638.9187245007515,18628,234,30529778.0,16706.0,89.68,20.5,7.55,1344191400.0,8.0,-0.04882961516159412,6681.04,0.9952835893094704,0.6446144482488239,0.1,-45.09785960734024,189.9436315304204,-167.5738073998752,259.85,1639.25,1379.4,47274.2,46995.7,-7975.4,5500.3,20.07,2012,103541.20000000001,102466.1,-16114.6,13270.1,48.41,198561.90000000002,197062.5,-32478.300000000003,22637.199999999997,82.57,417553.5,413557.5,-69313.2,45071.0,164.38,81.59192825112108,1636.0,1645.1,1632.35,1638.35
2012-08-03,1639.95,1640.0,1633.35,1635.95,1636.8795081967207,1220,118,1996993.0,820.0,67.21,6.65,-4.0,1343932200.0,8.0,-0.0977069402460895,6615.2,-0.2315041738619072,0.644463411043057,0.09,-45.044163941440765,192.82939291329063,-169.34765054070806,259.85,1639.25,1379.4,47274.2,46995.7,-7975.4,5500.3,20.07,2012,103541.20000000001,102466.1,-16114.6,13270.1,48.41,198561.90000000002,197062.5,-32478.300000000003,22637.199999999997,82.57,417553.5,413557.5,-69313.2,45071.0,164.38,81.51220727453911,1630.0,1640.5,1620.0,1637.55
2012-08-02,1600.35,1647.0,1600.35,1636.3,1637.7157034442496,1713,144,2805407.0,616.0,35.96,46.65,35.95,1343845800.0,8.0,0.021394296891719122,6630.55,-0.033620895009323,0.6444532996077527,0.09,-45.055918841288275,192.1514806464019,-168.9205737714125,259.85,1639.25,1379.4,47274.2,46995.7,-7975.4,5500.3,20.07,2012,103541.20000000001,102466.1,-16114.6,13270.1,48.41,198561.90000000002,197062.5,-32478.300000000003,22637.199999999997,82.57,417553.5,413557.5,-69313.2,45071.0,164.38,81.5296462381664,1639.95,1640.0,1633.35,1635.95
2012-08-01,1634.0,1643.0,1631.3,1639.25,1638.0315842456268,15894,418,26034874.0,14159.0,89.08,11.7,5.25,1343759400.0,8.0,0.18028478885290244,6632.78,0.4099489834536785,0.6444529273570578,0.1,-45.15479640079305,192.05325670382555,-168.95963459929422,259.85,1639.25,1379.4,47274.2,46995.7,-7975.4,5500.3,20.07,2012,103541.20000000001,102466.1,-16114.6,13270.1,48.41,198561.90000000002,197062.5,-32478.300000000003,22637.199999999997,82.57,417553.5,413557.5,-69313.2,45071.0,164.38,81.67663178873941,1600.35,1647.0,1600.35,1636.3
2012-07-31,1640.0,1640.0,1629.4,1635.95,1635.417868862609,16151,480,26413634.0,12904.0,79.9,10.6,-4.05,1343673000.0,8.0,-0.20131157541558586,6605.7,0.51324032215605,0.6444335123894444,0.11,-45.044163941440765,193.25052606082625,-169.62039153556404,259.85,1635.95,1376.1,47274.2,46995.7,-7975.4,5500.3,20.07,2012,103541.20000000001,102466.1,-16114.6,13270.1,48.41,198561.90000000002,197062.5,-32478.300000000003,22637.199999999997,82.57,417553.5,413557.5,-69313.2,45071.0,164.38,81.51220727453911,1634.0,1643.0,1631.3,1639.25
2012-07-30,1627.8,1647.0,1620.0,1634.85,1636.487975174554,3867,425,6328299.0,1598.0,41.32,27.0,7.05,1343586600.0,8.0,-0.06723921880253947,6571.97,1.8783716748310253,0.6443985539937874,0.11,-45.00718720371899,194.7556060055052,-170.546534254911,259.85,1634.85,1375.0,47274.2,46995.7,-7975.4,5500.3,20.07,2012,103541.20000000001,102466.1,-16114.6,13270.1,48.41,198561.90000000002,197062.5,-32478.300000000003,22637.199999999997,82.57,417553.5,413557.5,-69313.2,45071.0,164.38,81.45739910313901,1640.0,1640.0,1629.4,1635.95
2012-07-27,1624.0,1636.0,1622.75,1627.8,1629.8995020371203,4418,384,7200896.0,1656.0,37.48,13.25,3.8,1343327400.0,8.0,-0.43123222313973253,6450.8,0.4775596793839431,0.6438456903844797,0.11,-44.76901339230864,200.2922118186891,-173.76546776340467,259.85,1627.8,1367.9499999999998,47274.2,46995.7,-7975.4,5500.3,20.07,2012,103541.20000000001,102466.1,-16114.6,13270.1,48.41,198561.90000000002,197062.5,-32478.300000000003,22637.199999999997,82.57,417553.5,413557.5,-69313.2,45071.0,164.38,81.10612855007473,1627.8,1647.0,1620.0,1634.85
2012-07-26,1616.0,1630.95,1600.0,1611.15,1621.0797943444732,9725,635,15765001.0,5128.0,52.73,30.95,-4.85,1343241000.0,8.0,-1.0228529303354161,6420.14,-1.401390486516707,0.6438298396604839,0.11,-44.19824349067437,201.72628634266545,-174.1148247996149,259.85,1616.1,1356.25,47274.2,46995.7,-7975.4,5500.3,20.07,2012,103541.20000000001,102466.1,-16114.6,13270.1,48.41,198561.90000000002,197062.5,-32478.300000000003,22637.199999999997,82.57,417553.5,413557.5,-69313.2,45071.0,164.38,80.27653213751869,1624.0,1636.0,1622.75,1627.8
2012-07-25,1614.0,1618.0,1610.0,1616.1,1614.8284382789634,9227,297,14900022.0,5895.0,63.89,8.0,2.1,1343154600.0,8.0,0.3072339633181098,6511.39,-0.4686604351846868,0.6436063078371452,0.1,-44.36916032423737,197.49792287053916,-171.51570863766665,259.85,1616.1,1356.25,47274.2,46995.7,-7975.4,5500.3,20.07,2012,103541.20000000001,102466.1,-16114.6,13270.1,48.41,198561.90000000002,197062.5,-32478.300000000003,22637.199999999997,82.57,417553.5,413557.5,-69313.2,45071.0,164.38,80.52316890881913,1616.0,1630.95,1600.0,1611.15
2012-07-24,1600.0,1624.0,1598.0,1614.25,1614.4830036591184,18857,781,30444306.0,10652.0,56.49,26.0,14.25,1343068200.0,8.0,-0.1144731142874722,6542.05,0.2914285363879498,0.6435782924965231,0.1,-44.305404986835995,196.1036678105487,-170.54911083940465,259.85,1614.25,1354.4,47274.2,46995.7,-7975.4,5500.3,20.07,2012,103541.20000000001,102466.1,-16114.6,13270.1,48.41,198561.90000000002,197062.5,-32478.300000000003,22637.199999999997,82.57,417553.5,413557.5,-69313.2,45071.0,164.38,80.43099152964623,1614.0,1618.0,1610.0,1616.1
2012-07-23,1550.0,1606.5,1550.0,1596.25,1590.300078417705,11477,1125,18251874.0,2467.0,21.5,56.5,46.25,1342981800.0,8.0,-1.1150689174539208,6523.04,-1.5932354250111191,0.6435677614537822,0.1,-43.67736883320282,196.96659839583995,-170.4743648678343,259.85,1596.25,1336.4,47274.2,46995.7,-7975.4,5500.3,20.07,2012,103541.20000000001,102466.1,-16114.6,13270.1,48.41,198561.90000000002,197062.5,-32478.300000000003,22637.199999999997,82.57,417553.5,413557.5,-69313.2,45071.0,164.38,79.53413054309915,1600.0,1624.0,1598.0,1614.25
2012-07-20,1571.0,1577.0,1560.7,1566.95,1567.9088161209067,3970,315,6224598.0,1439.0,36.25,16.3,-4.05,1342722600.0,8.0,-1.8355520751761945,6628.65,-0.4922359129557518,0.643269528625652,0.09,-42.6242062605699,192.23522134974692,-166.31537222589316,259.85,1584.2,1324.35,47274.2,46995.7,-7975.4,5500.3,20.07,2012,103541.20000000001,102466.1,-16114.6,13270.1,48.41,198561.90000000002,197062.5,-32478.300000000003,22637.199999999997,82.57,417553.5,413557.5,-69313.2,45071.0,164.38,78.07424015944196,1550.0,1606.5,1550.0,1596.25
2012-07-19,1570.0,1595.0,1565.0,1575.15,1575.0688178913738,15650,566,24649827.0,11974.0,76.51,30.0,5.15,1342636200.0,8.0,0.5233096142187144,6661.44,0.4195302406984957,0.6435676061738286,0.09,-42.92289623210489,190.79673463995775,-165.74557292557006,259.85,1584.2,1324.35,47274.2,46995.7,-7975.4,5500.3,20.07,2012,103541.20000000001,102466.1,-16114.6,13270.1,48.41,198561.90000000002,197062.5,-32478.300000000003,22637.199999999997,82.57,417553.5,413557.5,-69313.2,45071.0,164.38,78.48281016442452,1571.0,1577.0,1560.7,1566.95
2012-07-18,1563.7,1570.95,1559.0,1564.35,1564.1134524354866,6549,344,10243379.0,3165.0,48.33,11.95,0.65,1342549800.0,8.0,-0.6856489858108827,6633.61,0.3933337570865225,0.6435733523766379,0.09,-42.528845846517726,192.0167148807361,-166.13776515294822,259.85,1584.2,1324.35,47274.2,46995.7,-7975.4,5500.3,20.07,2012,103541.20000000001,102466.1,-16114.6,13270.1,48.41,198561.90000000002,197062.5,-32478.300000000003,22637.199999999997,82.57,417553.5,413557.5,-69313.2,45071.0,164.38,77.94469357249626,1570.0,1595.0,1565.0,1575.15
2012-07-17,1574.05,1581.5,1561.0,1564.6,1565.1699763162685,5489,268,8591218.0,3652.0,66.53,20.5,-9.45,1342463400.0,8.0,0.01598107840317109,6607.62,-0.2895812615723137,0.6435976044820956,0.1,-42.53802888917295,193.16531519669712,-166.89440325834795,259.85,1584.2,1324.35,47274.2,46995.7,-7975.4,5500.3,20.07,2012,103541.20000000001,102466.1,-16114.6,13270.1,48.41,198561.90000000002,197062.5,-32478.300000000003,22637.199999999997,82.57,417553.5,413557.5,-69313.2,45071.0,164.38,77.95714997508719,1563.7,1570.95,1559.0,1564.35
2012-07-16,1570.0,1584.9,1562.0,1567.35,1572.5401117993654,6619,508,10408643.0,3157.0,47.7,22.9,-2.65,1342377000.0,8.0,0.1757637734884243,6626.81,-0.5427009276643857,0.6435816532129065,0.1,-42.63884901266469,192.3163633784581,-166.44577393034552,259.85,1584.2,1324.35,47274.2,46995.7,-7975.4,5500.3,20.07,2012,103541.20000000001,102466.1,-16114.6,13270.1,48.41,198561.90000000002,197062.5,-32478.300000000003,22637.199999999997,82.57,417553.5,413557.5,-69313.2,45071.0,164.38,78.09417040358744,1574.05,1581.5,1561.0,1564.6
2012-07-13,1570.0,1576.0,1558.0,1570.6,1572.7803299304628,27036,372,42521689.0,23392.0,86.52,18.0,0.6,1342117800.0,8.0,0.2073563658404387,6662.97,-0.2126649463769836,0.6435333728265539,0.1,-42.75754488730421,190.7299597626884,-165.53428585517733,259.85,1584.2,1324.35,47274.2,46995.7,-7975.4,5500.3,20.07,2012,103541.20000000001,102466.1,-16114.6,13270.1,48.41,198561.90000000002,197062.5,-32478.300000000003,22637.199999999997,82.57,417553.5,413557.5,-69313.2,45071.0,164.38,78.25610363726955,1570.0,1584.9,1562.0,1567.35
2012-07-12,1573.35,1590.0,1562.6,1574.4,1569.9117391304349,2300,238,3610797.0,374.0,16.26,27.4,1.05,1342031400.0,8.0,0.24194575321534462,6677.17,-1.0807215279135751,0.6435294754691374,0.1,-42.89570630081302,190.11167904965723,-165.27382245264903,259.85,1584.2,1324.35,47274.2,46995.7,-7975.4,5500.3,20.07,2012,103541.20000000001,102466.1,-16114.6,13270.1,48.41,198561.90000000002,197062.5,-32478.300000000003,22637.199999999997,82.57,417553.5,413557.5,-69313.2,45071.0,164.38,78.44544095665172,1570.0,1576.0,1558.0,1570.6
2012-07-11,1560.0,1595.75,1555.0,1584.2,1583.4366336633666,13130,891,20790523.0,7099.0,54.07,40.75,24.2,1341945000.0,8.0,0.6224593495934849,6750.12,-0.5319603549546081,0.643338648328993,0.1,-43.24895846484031,186.9763796791761,-163.57375597225715,259.85,1584.2,1324.35,47274.2,46995.7,-7975.4,5500.3,20.07,2012,103541.20000000001,102466.1,-16114.6,13270.1,48.41,198561.90000000002,197062.5,-32478.300000000003,22637.199999999997,82.57,417553.5,413557.5,-69313.2,45071.0,164.38,78.93373193821624,1573.35,1590.0,1562.6,1574.4
2012-07-10,1551.0,1570.0,1538.0,1564.95,1563.0078144078143,57330,897,89607238.0,53759.0,93.77,32.0,13.95,1341858600.0,8.0,-1.2151243529857303,6786.22,1.24017430767005,0.6433309407349073,0.09,-42.55088021981533,185.4497791111989,-161.88856128983753,259.85,1564.95,1305.1,47274.2,46995.7,-7975.4,5500.3,20.07,2012,103541.20000000001,102466.1,-16114.6,13270.1,48.41,198561.90000000002,197062.5,-32478.300000000003,22637.199999999997,82.57,417553.5,413557.5,-69313.2,45071.0,164.38,77.9745889387145,1560.0,1595.75,1555.0,1584.2
2012-07-09,1538.45,1566.0,1510.75,1554.75,1533.8701184177376,7938,694,12175861.0,4002.0,50.42,55.25,16.3,1341772200.0,8.0,-0.6517780120770644,6703.09,-0.9407765914212884,0.6432421070071088,0.09,-42.173982955459074,188.98985393303684,-163.77232301268077,259.85,1554.75,1294.9,47274.2,46995.7,-7975.4,5500.3,20.07,2012,103541.20000000001,102466.1,-16114.6,13270.1,48.41,198561.90000000002,197062.5,-32478.300000000003,22637.199999999997,82.57,417553.5,413557.5,-69313.2,45071.0,164.38,77.46636771300449,1551.0,1570.0,1538.0,1564.95
2012-07-06,1543.0,1551.0,1533.2,1541.0,1541.5320665083138,2526,258,3893910.0,622.0,24.62,17.8,-2.0,1341513000.0,8.0,-0.8843865573243237,6766.75,-0.3052683842433179,0.6431322788921398,0.08,-41.658014276443865,186.27110503565223,-161.4835239674686,259.85,1543.95,1284.1,47274.2,46995.7,-7975.4,5500.3,20.07,2012,103541.20000000001,102466.1,-16114.6,13270.1,48.41,198561.90000000002,197062.5,-32478.300000000003,22637.199999999997,82.57,417553.5,413557.5,-69313.2,45071.0,164.38,76.78126557050324,1538.45,1566.0,1510.75,1554.75
2012-07-05,1532.0,1547.8,1525.0,1543.95,1537.5253564338566,5541,390,8519428.0,2810.0,50.71,22.8,11.95,1341426600.0,8.0,0.19143413367943563,6787.47,0.537386742189172,0.6431919848130139,0.08,-41.76948735386509,185.3972098587544,-161.04403138292713,259.85,1543.95,1284.1,47274.2,46995.7,-7975.4,5500.3,20.07,2012,103541.20000000001,102466.1,-16114.6,13270.1,48.41,198561.90000000002,197062.5,-32478.300000000003,22637.199999999997,82.57,417553.5,413557.5,-69313.2,45071.0,164.38,76.92825112107623,1543.0,1551.0,1533.2,1541.0
2012-07-04,1530.0,1542.0,1520.65,1532.45,1531.6745627628957,4517,388,6918574.0,2102.0,46.54,21.35,2.45,1341340200.0,8.0,-0.7448427734058738,6751.19,0.3616843519859136,0.6431547850342894,,-41.33250677020458,186.9308966271132,,259.85,1532.45,1272.6,47274.2,46995.7,-7975.4,5500.3,20.07,2012,103541.20000000001,102466.1,-16114.6,13270.1,48.41,198561.90000000002,197062.5,-32478.300000000003,22637.199999999997,82.57,417553.5,413557.5,-69313.2,45071.0,164.38,76.35525660189337,1532.0,1547.8,1525.0,1543.95
2012-07-03,1520.95,1543.0,1510.0,1530.5,1527.024051966292,5696,473,8697929.0,3000.0,52.67,33.0,9.55,1341253800.0,8.0,-0.12724721850632115,6726.86,0.3955011372523298,0.6431915433650053,0.09,-41.25775890231951,187.96868078122637,-162.18973755937765,259.85,1530.5,1270.65,47274.2,46995.7,-7975.4,5500.3,20.07,2012,103541.20000000001,102466.1,-16114.6,13270.1,48.41,198561.90000000002,197062.5,-32478.300000000003,22637.199999999997,82.57,417553.5,413557.5,-69313.2,45071.0,164.38,76.2580966616841,1530.0,1542.0,1520.65,1532.45
2012-07-02,1520.0,1531.0,1502.55,1513.35,1519.2286812394907,8326,500,12649098.0,3943.0,47.36,28.45,-6.65,1341167400.0,8.0,-1.1205488402482922,6700.36,0.2677153806900589,0.6431709653037737,0.1,-40.59206396405326,189.1076001886466,-162.2562646271348,259.85,1528.6,1268.75,47274.2,46995.7,-7975.4,5500.3,20.07,2012,103541.20000000001,102466.1,-16114.6,13270.1,48.41,198561.90000000002,197062.5,-32478.300000000003,22637.199999999997,82.57,417553.5,413557.5,-69313.2,45071.0,164.38,75.40358744394618,1520.95,1543.0,1510.0,1530.5
2012-06-29,1500.0,1518.0,1488.15,1511.25,1508.9007083825263,16940,848,25560778.0,8981.0,53.02,29.85,11.25,1340908200.0,0.0,-0.13876499157498,6682.47,2.319403337013237,0.6432878299505719,0.09,-40.509511993382965,189.8815857010956,-162.69012930191874,259.85,1528.6,1268.75,50908.6,50747.6,-6925.1,7783.9,28.4,2012,96095.0,95569.7,-15809.8,11508.400000000001,41.99,200617.4,199037.19999999998,-31950.1,25496.4,93.01,410534.30000000005,406735.2,-67591.4,46470.8,169.5,53.21302816901409,1520.0,1531.0,1502.55,1513.35
2012-06-28,1459.9,1535.05,1459.15,1505.2,1495.1808299085249,7543,711,11278149.0,3762.0,49.87,75.9,45.3,1340821800.0,0.0,-0.4003308519437532,6530.99,0.084131484177452,0.6424413721279588,0.09,-40.27039596066968,196.60510887323363,-166.6098321490651,259.85,1528.6,1268.75,50908.6,50747.6,-6925.1,7783.9,28.4,2012,96095.0,95569.7,-15809.8,11508.400000000001,41.99,200617.4,199037.19999999998,-31950.1,25496.4,93.01,410534.30000000005,406735.2,-67591.4,46470.8,169.5,53.00000000000001,1500.0,1518.0,1488.15,1511.25
2012-06-27,1482.5,1484.95,1460.05,1464.9,1470.8448607108546,2082,199,3062299.0,1412.0,67.82,24.9,-17.6,1340735400.0,0.0,-2.677385065107629,6525.5,0.3904543300738972,0.6424560456240995,0.09,-38.627210048467475,196.85464715347484,-165.12984717731015,259.85,1528.6,1268.75,50908.6,50747.6,-6925.1,7783.9,28.4,2012,96095.0,95569.7,-15809.8,11508.400000000001,41.99,200617.4,199037.19999999998,-31950.1,25496.4,93.01,410534.30000000005,406735.2,-67591.4,46470.8,169.5,51.58098591549297,1459.9,1535.05,1459.15,1505.2
2012-06-26,1457.15,1483.0,1457.15,1480.6,1477.6338812301165,3772,282,5573635.0,1643.0,43.56,25.85,23.45,1340649000.0,0.0,1.0717455116389996,6500.12,0.2543328351556129,0.6431694522658077,0.1,-39.27799540726732,198.0137289773112,-166.67006006948807,259.85,1528.6,1268.75,50908.6,50747.6,-6925.1,7783.9,28.4,2012,96095.0,95569.7,-15809.8,11508.400000000001,41.99,200617.4,199037.19999999998,-31950.1,25496.4,93.01,410534.30000000005,406735.2,-67591.4,46470.8,169.5,52.13380281690141,1482.5,1484.95,1460.05,1464.9
2012-06-25,1454.0,1488.4,1452.7,1468.85,1471.3389002036658,4910,485,7224274.0,1672.0,34.05,35.7,14.85,1340562600.0,0.0,-0.7935971903282435,6483.63,-0.4628648802999069,0.6432836531061,0.1,-38.792252442386896,198.77167574337213,-166.69449378329386,259.85,1528.6,1268.75,50908.6,50747.6,-6925.1,7783.9,28.4,2012,96095.0,95569.7,-15809.8,11508.400000000001,41.99,200617.4,199037.19999999998,-31950.1,25496.4,93.01,410534.30000000005,406735.2,-67591.4,46470.8,169.5,51.72007042253521,1457.15,1483.0,1457.15,1480.6
2012-06-22,1405.15,1484.8,1380.0,1455.2,1447.1037881596835,32364,3291,46834067.0,3064.0,9.47,104.8,50.05,1340303400.0,0.0,-0.9292984307451291,6513.78,-0.2621384495245626,0.6433081423213572,0.09,-38.21811434854317,197.38876658407256,-165.23201736203796,259.85,1528.6,1268.75,50908.6,50747.6,-6925.1,7783.9,28.4,2012,96095.0,95569.7,-15809.8,11508.400000000001,41.99,200617.4,199037.19999999998,-31950.1,25496.4,93.01,410534.30000000005,406735.2,-67591.4,46470.8,169.5,51.23943661971831,1454.0,1488.4,1452.7,1468.85
2012-06-21,1413.15,1474.9,1413.0,1463.55,1446.6533183632732,8016,826,11596373.0,2886.0,36.0,61.9,50.4,1340217000.0,0.0,0.5738042880703675,6530.9,0.8684612497625199,0.6433817476132336,0.09,-38.57059888626969,196.6091962822888,-165.09746282991674,259.85,1528.6,1268.75,50908.6,50747.6,-6925.1,7783.9,28.4,2012,96095.0,95569.7,-15809.8,11508.400000000001,41.99,200617.4,199037.19999999998,-31950.1,25496.4,93.01,410534.30000000005,406735.2,-67591.4,46470.8,169.5,51.53345070422535,1405.15,1484.8,1380.0,1455.2
2012-06-20,1410.0,1435.0,1396.7,1430.55,1420.777895988485,15979,1602,22702610.0,905.0,5.66,38.3,20.55,1340130600.0,0.0,-2.2547914317925577,6474.67,0.5268028207938924,0.6433028376285491,0.09,-37.153542343853765,199.18513221523256,-165.322005855944,259.85,1528.6,1268.75,50908.6,50747.6,-6925.1,7783.9,28.4,2012,96095.0,95569.7,-15809.8,11508.400000000001,41.99,200617.4,199037.19999999998,-31950.1,25496.4,93.01,410534.30000000005,406735.2,-67591.4,46470.8,169.5,50.37147887323944,1413.15,1474.9,1413.0,1463.55
2012-06-19,1423.85,1454.0,1421.05,1444.6,1435.9381237524951,4008,489,5755240.0,1024.0,25.55,32.95,20.75,1340044200.0,0.0,0.9821397364649931,6440.74,0.6900540912359698,0.6437844728232283,0.09,-37.76477917762703,200.76124793113837,-167.04381273775428,259.85,1528.6,1268.75,50908.6,50747.6,-6925.1,7783.9,28.4,2012,96095.0,95569.7,-15809.8,11508.400000000001,41.99,200617.4,199037.19999999998,-31950.1,25496.4,93.01,410534.30000000005,406735.2,-67591.4,46470.8,169.5,50.86619718309859,1410.0,1435.0,1396.7,1430.55
2012-06-18,1468.9,1470.75,1423.05,1443.35,1447.250142126208,1759,221,2545713.0,515.0,29.28,47.7,-25.55,1339957800.0,0.0,-0.08652914301536807,6396.6,-1.395532384891307,0.6438159072288657,0.1,-37.710880936709735,202.8366632273395,-168.33596970097233,259.85,1528.6,1268.75,50908.6,50747.6,-6925.1,7783.9,28.4,2012,96095.0,95569.7,-15809.8,11508.400000000001,41.99,200617.4,199037.19999999998,-31950.1,25496.4,93.01,410534.30000000005,406735.2,-67591.4,46470.8,169.5,50.82218309859155,1423.85,1454.0,1421.05,1444.6
2012-06-15,1440.0,1459.0,1434.05,1448.5,1446.9174887892375,4460,481,6453252.0,1764.0,39.55,24.95,8.5,1339698600.0,0.0,0.3568088128312663,6487.13,1.363148429113625,0.6434903749367091,0.09,-37.93234380393511,198.61047951867772,-165.76836160202433,259.85,1528.6,1268.75,50908.6,50747.6,-6925.1,7783.9,28.4,2012,96095.0,95569.7,-15809.8,11508.400000000001,41.99,200617.4,199037.19999999998,-31950.1,25496.4,93.01,410534.30000000005,406735.2,-67591.4,46470.8,169.5,51.00352112676057,1468.9,1470.75,1423.05,1443.35
2012-06-14,1417.35,1434.9,1417.35,1425.7,1426.7235309345072,3863,363,5511433.0,1491.0,38.6,17.55,8.35,1339612200.0,0.0,-1.574042112530205,6399.89,-1.258360397750491,0.6432148944649232,0.11,-36.939748895279514,202.68098357940528,-167.34642271996236,259.85,1528.6,1268.75,50908.6,50747.6,-6925.1,7783.9,28.4,2012,96095.0,95569.7,-15809.8,11508.400000000001,41.99,200617.4,199037.19999999998,-31950.1,25496.4,93.01,410534.30000000005,406735.2,-67591.4,46470.8,169.5,50.20070422535212,1440.0,1459.0,1434.05,1448.5
2012-06-13,1415.95,1428.95,1414.2,1420.9,1421.0570687418938,3855,331,5478175.0,1185.0,30.74,14.75,4.95,1339525800.0,0.0,-0.3366767202076182,6481.45,0.0767392163644409,0.6432021592360183,0.1,-36.726722499824064,198.87216595052035,-164.6774088352189,259.85,1528.6,1268.75,50908.6,50747.6,-6925.1,7783.9,28.4,2012,96095.0,95569.7,-15809.8,11508.400000000001,41.99,200617.4,199037.19999999998,-31950.1,25496.4,93.01,410534.30000000005,406735.2,-67591.4,46470.8,169.5,50.03169014084508,1417.35,1434.9,1417.35,1425.7
2012-06-12,1376.2,1414.45,1376.2,1406.8,1399.579995761814,4719,295,6604618.0,2727.0,57.79,38.25,30.6,1339439400.0,0.0,-0.9923288056865487,6476.48,1.0724496547935614,0.6432126690309142,0.1,-36.09255046914984,199.10151810860225,-164.19284807298772,259.85,1528.6,1268.75,50908.6,50747.6,-6925.1,7783.9,28.4,2012,96095.0,95569.7,-15809.8,11508.400000000001,41.99,200617.4,199037.19999999998,-31950.1,25496.4,93.01,410534.30000000005,406735.2,-67591.4,46470.8,169.5,49.53521126760563,1415.95,1428.95,1414.2,1420.9
2012-06-11,1401.0,1410.0,1380.5,1384.1,1398.0358404846036,3962,256,5539018.0,1783.0,45.0,29.5,-16.9,1339353000.0,0.0,-1.6135911288029603,6407.76,-0.3311531252673361,0.6431350525632391,0.09,-35.044433205693224,202.30923130704025,-165.18870916164437,259.85,1528.6,1268.75,50908.6,50747.6,-6925.1,7783.9,28.4,2012,96095.0,95569.7,-15809.8,11508.400000000001,41.99,200617.4,199037.19999999998,-31950.1,25496.4,93.01,410534.30000000005,406735.2,-67591.4,46470.8,169.5,48.735915492957744,1376.2,1414.45,1376.2,1406.8
2012-06-08,1395.0,1400.0,1389.25,1399.0,1397.388737201365,2930,272,4094349.0,1289.0,43.99,10.75,4.0,1339093800.0,0.0,1.0765118127302964,6429.05,0.3513597043021788,0.6433820452240426,0.09,-35.73624017155112,201.30812483959528,-165.28636886699667,259.85,1528.6,1268.75,50908.6,50747.6,-6925.1,7783.9,28.4,2012,96095.0,95569.7,-15809.8,11508.400000000001,41.99,200617.4,199037.19999999998,-31950.1,25496.4,93.01,410534.30000000005,406735.2,-67591.4,46470.8,169.5,49.260563380281695,1401.0,1410.0,1380.5,1384.1
2012-06-07,1410.0,1420.0,1380.1,1384.75,1399.3785515915404,4681,489,6550491.0,1529.0,32.66,39.9,-25.25,1339007400.0,0.0,-1.0185847033595374,6406.54,0.9657602682947576,0.6434878222723368,0.09,-35.074923271348624,202.3668001760701,-165.32758091286462,259.85,1528.6,1268.75,50908.6,50747.6,-6925.1,7783.9,28.4,2012,96095.0,95569.7,-15809.8,11508.400000000001,41.99,200617.4,199037.19999999998,-31950.1,25496.4,93.01,410534.30000000005,406735.2,-67591.4,46470.8,169.5,48.75880281690141,1395.0,1400.0,1389.25,1399.0
2012-06-06,1385.0,1407.0,1384.6,1396.3,1399.67050209205,4780,455,6690425.0,1691.0,35.38,22.4,11.3,1338921000.0,0.0,0.8340855750135434,6345.26,2.42996869920078,0.6434500062155523,0.09,-35.61197450404641,205.2869385966848,-167.73594591949552,259.85,1528.6,1268.75,50908.6,50747.6,-6925.1,7783.9,28.4,2012,96095.0,95569.7,-15809.8,11508.400000000001,41.99,200617.4,199037.19999999998,-31950.1,25496.4,93.01,410534.30000000005,406735.2,-67591.4,46470.8,169.5,49.16549295774648,1410.0,1420.0,1380.1,1384.75
2012-06-05,1400.0,1419.25,1380.0,1384.55,1397.5277690618134,3187,455,4453921.0,1063.0,33.35,39.25,-15.45,1338834600.0,0.0,-0.8415097042182906,6194.73,0.2604132948351045,0.6425856240220915,0.08,-35.06554476183597,212.7053156473325,-171.7755158999713,259.85,1528.6,1268.75,50908.6,50747.6,-6925.1,7783.9,28.4,2012,96095.0,95569.7,-15809.8,11508.400000000001,41.99,200617.4,199037.19999999998,-31950.1,25496.4,93.01,410534.30000000005,406735.2,-67591.4,46470.8,169.5,48.75176056338028,1385.0,1407.0,1384.6,1396.3
2012-06-04,1450.0,1473.9,1396.55,1401.5,1431.876181292189,5185,648,7424278.0,1294.0,24.96,77.35,-48.5,1338748200.0,0.0,1.2242244772669775,6178.64,0.0229876870177836,0.6426482274954569,0.08,-35.85087406350339,213.51964186293424,-173.0974815839832,259.85,1528.6,1268.75,50908.6,50747.6,-6925.1,7783.9,28.4,2012,96095.0,95569.7,-15809.8,11508.400000000001,41.99,200617.4,199037.19999999998,-31950.1,25496.4,93.01,410534.30000000005,406735.2,-67591.4,46470.8,169.5,49.348591549295776,1400.0,1419.25,1380.0,1384.55
2012-06-01,1401.3,1469.0,1401.0,1457.3,1446.7829297820826,8260,1128,11950427.0,2326.0,28.16,68.0,56.0,1338489000.0,0.0,3.981448448091318,6177.22,-1.6372507181482865,0.6428070032741101,0.07,-38.30714334728608,213.59171277694497,-175.63039567138935,259.85,1528.6,1268.75,50908.6,50747.6,-6925.1,7783.9,28.4,2012,96095.0,95569.7,-15809.8,11508.400000000001,41.99,200617.4,199037.19999999998,-31950.1,25496.4,93.01,410534.30000000005,406735.2,-67591.4,46470.8,169.5,51.313380281690144,1450.0,1473.9,1396.55,1401.5
2012-05-31,1374.3,1479.9,1374.3,1416.5,1414.586876743162,20437,1074,28909912.0,13155.0,64.37,105.6,42.2,1338402600.0,0.0,-2.7996980717765685,6280.04,-0.1585053123921986,0.6440256936126896,0.07,-36.53018002117897,208.4574302074509,-170.80703930069848,259.85,1528.6,1268.75,50908.6,50747.6,-6925.1,7783.9,28.4,2012,96095.0,95569.7,-15809.8,11508.400000000001,41.99,200617.4,199037.19999999998,-31950.1,25496.4,93.01,410534.30000000005,406735.2,-67591.4,46470.8,169.5,49.87676056338029,1401.3,1469.0,1401.0,1457.3
2012-05-30,1368.0,1392.95,1368.0,1384.25,1383.211977186312,2104,220,2910278.0,594.0,28.23,24.95,16.25,1338316200.0,0.0,-2.2767384398164503,6290.01,-0.9804338278006752,0.6448334860804668,0.07,-35.051471916200114,207.96850879410368,-169.18139209283257,259.85,1528.6,1268.75,50908.6,50747.6,-6925.1,7783.9,28.4,2012,96095.0,95569.7,-15809.8,11508.400000000001,41.99,200617.4,199037.19999999998,-31950.1,25496.4,93.01,410534.30000000005,406735.2,-67591.4,46470.8,169.5,48.74119718309859,1374.3,1479.9,1374.3,1416.5
2012-05-29,1391.75,1391.75,1371.05,1376.6,1377.504258180188,2231,223,3073212.0,918.0,41.15,20.7,-15.15,1338229800.0,0.0,-0.5526458370959109,6352.29,0.0220441544413363,0.6452082253447965,0.09,-34.690541914862706,204.94908135491292,-166.95730624163136,259.85,1528.6,1268.75,50908.6,50747.6,-6925.1,7783.9,28.4,2012,96095.0,95569.7,-15809.8,11508.400000000001,41.99,200617.4,199037.19999999998,-31950.1,25496.4,93.01,410534.30000000005,406735.2,-67591.4,46470.8,169.5,48.471830985915496,1368.0,1392.95,1368.0,1384.25
2012-05-28,1381.05,1399.8,1378.1,1390.25,1384.4268907563026,1190,158,1647468.0,508.0,42.69,21.7,9.2,1338143400.0,0.0,0.9915734418131761,6350.89,1.2421548325593834,0.6452391380222477,,-35.33177486063658,205.01630480137428,,259.85,1528.6,1268.75,50908.6,50747.6,-6925.1,7783.9,28.4,2012,96095.0,95569.7,-15809.8,11508.400000000001,41.99,200617.4,199037.19999999998,-31950.1,25496.4,93.01,410534.30000000005,406735.2,-67591.4,46470.8,169.5,48.9524647887324,1391.75,1391.75,1371.05,1376.6
2012-05-25,1363.2,1383.85,1363.2,1379.45,1377.8372541457773,2593,351,3572732.0,822.0,31.7,20.65,16.25,1337884200.0,0.0,-0.7768386980758879,6272.97,0.1529523149604195,0.6451026179318016,0.09,-34.825473920765525,208.8050795715586,-169.55811815422226,259.85,1528.6,1268.75,50908.6,50747.6,-6925.1,7783.9,28.4,2012,96095.0,95569.7,-15809.8,11508.400000000001,41.99,200617.4,199037.19999999998,-31950.1,25496.4,93.01,410534.30000000005,406735.2,-67591.4,46470.8,169.5,48.57218309859155,1381.05,1399.8,1378.1,1390.25
2012-05-24,1380.0,1380.0,1360.0,1375.05,1370.0569151963575,1757,189,2407190.0,987.0,56.18,20.0,-4.95,1337797800.0,0.0,-0.3189677045199235,6263.39,1.4085898073146197,0.6451615453265785,0.1,-34.61692302098106,209.2774040894787,-169.6701402907513,259.85,1528.6,1268.75,50908.6,50747.6,-6925.1,7783.9,28.4,2012,96095.0,95569.7,-15809.8,11508.400000000001,41.99,200617.4,199037.19999999998,-31950.1,25496.4,93.01,410534.30000000005,406735.2,-67591.4,46470.8,169.5,48.41725352112676,1363.2,1383.85,1363.2,1379.45
2012-05-23,1372.05,1401.25,1366.55,1372.1,1379.2678194854493,2371,313,3270244.0,426.0,17.97,34.7,0.05,1337711400.0,0.0,-0.21453765317624995,6176.39,-0.535617949481848,0.6448584656120583,0.09,-34.47635012025363,213.6338540798104,-172.27191220304542,259.85,1528.6,1268.75,50908.6,50747.6,-6925.1,7783.9,28.4,2012,96095.0,95569.7,-15809.8,11508.400000000001,41.99,200617.4,199037.19999999998,-31950.1,25496.4,93.01,410534.30000000005,406735.2,-67591.4,46470.8,169.5,48.31338028169014,1380.0,1380.0,1360.0,1375.05
2012-05-22,1405.0,1410.0,1363.2,1380.35,1388.124523506989,1574,259,2184908.0,442.0,28.08,46.8,-24.65,1337625000.0,0.0,0.6012681291451161,6209.65,-0.860692641245564,0.644812335562084,0.09,-34.8679682689173,211.9539748617072,-171.57047272096136,259.85,1528.6,1268.75,50908.6,50747.6,-6925.1,7783.9,28.4,2012,96095.0,95569.7,-15809.8,11508.400000000001,41.99,200617.4,199037.19999999998,-31950.1,25496.4,93.01,410534.30000000005,406735.2,-67591.4,46470.8,169.5,48.603873239436616,1372.05,1401.25,1366.55,1372.1
2012-05-21,1405.1,1419.75,1398.05,1409.25,1409.8109715796431,1513,128,2133044.0,921.0,60.87,21.7,4.15,1337538600.0,0.0,2.0936718948092903,6263.56,0.3582644363263609,0.6447246591050456,0.09,-36.20365442611318,209.26900995599945,-171.15652031192587,259.85,1528.6,1268.75,50908.6,50747.6,-6925.1,7783.9,28.4,2012,96095.0,95569.7,-15809.8,11508.400000000001,41.99,200617.4,199037.19999999998,-31950.1,25496.4,93.01,410534.30000000005,406735.2,-67591.4,46470.8,169.5,49.62147887323944,1405.0,1410.0,1363.2,1380.35
2012-05-18,1401.0,1409.95,1391.1,1406.75,1399.504454342984,898,132,1256755.0,309.0,34.41,18.85,5.75,1337279400.0,0.0,-0.17739932588256568,6241.2,0.2937527720105581,0.6451716472551752,0.08,-36.09027901190688,210.37701083125043,-171.84794790274415,259.85,1528.6,1268.75,50908.6,50747.6,-6925.1,7783.9,28.4,2012,96095.0,95569.7,-15809.8,11508.400000000001,41.99,200617.4,199037.19999999998,-31950.1,25496.4,93.01,410534.30000000005,406735.2,-67591.4,46470.8,169.5,49.53345070422535,1405.1,1419.75,1398.05,1409.25
2012-05-17,1392.3,1420.0,1392.3,1410.65,1410.254673867885,2407,248,3394483.0,732.0,30.41,27.7,18.35,1337193000.0,0.0,0.2772347609738768,6222.92,0.137584340810104,0.6451625007976958,0.1,-36.26696912770709,211.28875190425077,-172.61803244659765,259.85,1528.6,1268.75,50908.6,50747.6,-6925.1,7783.9,28.4,2012,96095.0,95569.7,-15809.8,11508.400000000001,41.99,200617.4,199037.19999999998,-31950.1,25496.4,93.01,410534.30000000005,406735.2,-67591.4,46470.8,169.5,49.67077464788733,1401.0,1409.95,1391.1,1406.75
2012-05-16,1399.8,1439.95,1385.75,1415.75,1408.4956902848792,6845,585,9641153.0,3862.0,56.42,54.2,15.95,1337106600.0,0.0,0.36153546237549516,6214.37,-1.4649360368874098,0.6451691096891683,0.1,-36.49655659544412,211.71703648157416,-173.12533161732154,259.85,1528.6,1268.75,50908.6,50747.6,-6925.1,7783.9,28.4,2012,96095.0,95569.7,-15809.8,11508.400000000001,41.99,200617.4,199037.19999999998,-31950.1,25496.4,93.01,410534.30000000005,406735.2,-67591.4,46470.8,169.5,49.850352112676056,1392.3,1420.0,1392.3,1410.65
2012-05-15,1394.9,1401.5,1345.0,1398.55,1388.9569408740365,1556,206,2161217.0,506.0,32.52,56.5,3.65,1337020200.0,0.0,-1.214903761257291,6306.76,0.703530426174015,0.6448232733685277,0.09,-35.71556254692359,207.1505812810381,-169.32304435415267,259.85,1528.6,1268.75,50908.6,50747.6,-6925.1,7783.9,28.4,2012,96095.0,95569.7,-15809.8,11508.400000000001,41.99,200617.4,199037.19999999998,-31950.1,25496.4,93.01,410534.30000000005,406735.2,-67591.4,46470.8,169.5,49.24471830985915,1399.8,1439.95,1385.75,1415.75
2012-05-14,1352.55,1380.0,1352.55,1371.55,1366.9391771019675,1677,224,2292357.0,722.0,43.05,27.45,19.0,1336933800.0,0.0,-1.9305709484823574,6262.7,-0.6035808549168076,0.6448998681350699,0.1,-34.45007473296635,209.31147907452055,-169.4705300004676,259.85,1528.6,1268.75,50908.6,50747.6,-6925.1,7783.9,28.4,2012,96095.0,95569.7,-15809.8,11508.400000000001,41.99,200617.4,199037.19999999998,-31950.1,25496.4,93.01,410534.30000000005,406735.2,-67591.4,46470.8,169.5,48.29401408450704,1394.9,1401.5,1345.0,1398.55
2012-05-11,1385.3,1386.45,1351.45,1363.35,1367.1330376940132,1353,212,1849731.0,448.0,33.11,35.0,-21.95,1336674600.0,0.0,-0.5978637308155066,6300.73,-0.7574635916595573,0.645223619667907,0.1,-34.05581838852826,207.4445342047668,-167.93940926648403,259.85,1528.6,1268.75,50908.6,50747.6,-6925.1,7783.9,28.4,2012,96095.0,95569.7,-15809.8,11508.400000000001,41.99,200617.4,199037.19999999998,-31950.1,25496.4,93.01,410534.30000000005,406735.2,-67591.4,46470.8,169.5,48.00528169014085,1352.55,1380.0,1352.55,1371.55
2012-05-10,1394.0,1396.25,1377.1,1391.7,1390.4112081513829,1374,196,1910425.0,398.0,28.97,19.15,-2.3,1336588200.0,0.0,2.0794366817031618,6348.82,-0.1478401187753886,0.6451606051825564,0.1,-35.39915211611698,205.11575379361835,-167.76723990556576,259.85,1528.6,1268.75,50908.6,50747.6,-6925.1,7783.9,28.4,2012,96095.0,95569.7,-15809.8,11508.400000000001,41.99,200617.4,199037.19999999998,-31950.1,25496.4,93.01,410534.30000000005,406735.2,-67591.4,46470.8,169.5,49.00352112676057,1385.3,1386.45,1351.45,1363.35
2012-05-09,1400.0,1410.0,1362.7,1377.75,1383.8064699205447,5286,391,7314801.0,2932.0,55.47,47.3,-22.25,1336501800.0,0.0,-1.0023712006898111,6358.22,-0.7469478166801102,0.6456155516752689,0.09,-34.74505534385774,204.66467030080744,-166.9116439688998,259.85,1528.6,1268.75,50908.6,50747.6,-6925.1,7783.9,28.4,2012,96095.0,95569.7,-15809.8,11508.400000000001,41.99,200617.4,199037.19999999998,-31950.1,25496.4,93.01,410534.30000000005,406735.2,-67591.4,46470.8,169.5,48.512323943661976,1394.0,1396.25,1377.1,1391.7
2012-05-08,1401.6,1431.5,1396.0,1404.25,1413.4246861924687,1912,202,2702468.0,985.0,51.52,35.5,2.65,1336415400.0,0.0,1.9234258755216782,6406.07,-1.972165050995034,0.6456221487067121,0.09,-35.976499910984515,202.38898419779989,-166.67520476995327,259.85,1528.6,1268.75,50908.6,50747.6,-6925.1,7783.9,28.4,2012,96095.0,95569.7,-15809.8,11508.400000000001,41.99,200617.4,199037.19999999998,-31950.1,25496.4,93.01,410534.30000000005,406735.2,-67591.4,46470.8,169.5,49.44542253521127,1400.0,1410.0,1362.7,1377.75
2012-05-07,1345.65,1422.0,1345.0,1414.5,1378.0095060963008,4839,406,6668188.0,1942.0,40.13,77.0,68.85,1336329000.0,0.0,0.7299270072992803,6534.95,0.5842705622141953,0.645364996435779,0.1,-36.44043831742666,196.425374333392,-163.24196282434917,259.85,1528.6,1268.75,50908.6,50747.6,-6925.1,7783.9,28.4,2012,96095.0,95569.7,-15809.8,11508.400000000001,41.99,200617.4,199037.19999999998,-31950.1,25496.4,93.01,410534.30000000005,406735.2,-67591.4,46470.8,169.5,49.806338028169016,1401.6,1431.5,1396.0,1404.25
2012-05-04,1352.5,1429.0,1254.9,1370.05,1399.4865497076023,4275,300,5982805.0,1823.0,42.64,174.1,17.55,1336069800.0,0.0,-3.1424531636620734,6496.99,-1.890020612640908,0.6453721272473453,0.07,-34.37830736104522,198.15730053455525,-162.28832988771535,259.85,1528.6,1268.75,50908.6,50747.6,-6925.1,7783.9,28.4,2012,96095.0,95569.7,-15809.8,11508.400000000001,41.99,200617.4,199037.19999999998,-31950.1,25496.4,93.01,410534.30000000005,406735.2,-67591.4,46470.8,169.5,48.24119718309859,1345.65,1422.0,1345.0,1414.5
2012-05-03,1415.0,1428.0,1404.0,1412.8,1418.5578703703704,1728,190,2451268.0,689.0,39.87,24.0,-2.2,1335983400.0,0.0,3.1203240757636586,6622.15,-0.9837109782683484,0.6458065154923379,0.09,-36.36395809739524,192.5220660963585,-160.7278401720758,259.85,1528.6,1268.75,50908.6,50747.6,-6925.1,7783.9,28.4,2012,96095.0,95569.7,-15809.8,11508.400000000001,41.99,200617.4,199037.19999999998,-31950.1,25496.4,93.01,410534.30000000005,406735.2,-67591.4,46470.8,169.5,49.74647887323944,1352.5,1429.0,1254.9,1370.05
2012-05-02,1427.0,1433.0,1400.0,1414.45,1422.5128593040847,5949,366,8462529.0,2873.0,48.29,33.0,-12.55,1335897000.0,0.0,0.11678935447339,6687.94,-0.1577962860397352,0.6466766263499607,0.08,-36.43819152320691,189.6444944183112,-159.10511924937634,259.85,1528.6,1268.75,50908.6,50747.6,-6925.1,7783.9,28.4,2012,96095.0,95569.7,-15809.8,11508.400000000001,41.99,200617.4,199037.19999999998,-31950.1,25496.4,93.01,410534.30000000005,406735.2,-67591.4,46470.8,169.5,49.804577464788736,1415.0,1428.0,1404.0,1412.8
2012-04-30,1415.0,1430.8,1412.55,1423.1,1420.5552619991192,2271,224,3226081.0,866.0,38.13,18.25,8.1,1335724200.0,0.0,0.6115451235462421,6698.51,0.7256870042479546,0.646672720705268,0.1,-36.82453798046518,189.18744616340047,-159.20223124216227,259.85,1528.6,1268.75,50908.6,50747.6,-6925.1,7783.9,28.4,2012,96095.0,95569.7,-15809.8,11508.400000000001,41.99,200617.4,199037.19999999998,-31950.1,25496.4,93.01,410534.30000000005,406735.2,-67591.4,46470.8,169.5,50.109154929577464,1427.0,1433.0,1400.0,1414.45
2012-04-28,1411.0,1420.0,1411.0,1417.35,1415.525,80,10,113242.0,36.0,45.0,9.0,6.35,1335551400.0,0.0,-0.404047501932403,6650.25,0.4131127045745808,0.6466342773547112,,-36.56824355310968,191.2860418781249,,259.85,1528.6,1268.75,50908.6,50747.6,-6925.1,7783.9,28.4,2012,96095.0,95569.7,-15809.8,11508.400000000001,41.99,200617.4,199037.19999999998,-31950.1,25496.4,93.01,410534.30000000005,406735.2,-67591.4,46470.8,169.5,49.90669014084507,1415.0,1430.8,1412.55,1423.1
2012-04-27,1414.65,1438.85,1410.0,1416.8,1415.8054727240835,5701,264,8071507.0,3699.0,64.88,28.85,2.15,1335465000.0,0.0,-0.038804811796655514,6622.89,-0.1022675336781464,0.6466261391250879,0.09,-36.54361942405421,192.48938152377585,-161.04408866882815,259.85,1528.6,1268.75,50908.6,50747.6,-6925.1,7783.9,28.4,2012,96095.0,95569.7,-15809.8,11508.400000000001,41.99,200617.4,199037.19999999998,-31950.1,25496.4,93.01,410534.30000000005,406735.2,-67591.4,46470.8,169.5,49.887323943661976,1411.0,1420.0,1411.0,1417.35
2012-04-26,1420.95,1442.0,1397.3,1431.15,1416.6912463590372,6523,490,9241077.0,1877.0,28.78,44.7,10.2,1335378600.0,0.0,1.0128458498023907,6629.67,-0.3144086681161617,0.6466234502989366,0.09,-37.1798902980121,192.19025984702105,-161.4864231236151,259.85,1528.6,1268.75,50908.6,50747.6,-6925.1,7783.9,28.4,2012,96095.0,95569.7,-15809.8,11508.400000000001,41.99,200617.4,199037.19999999998,-31950.1,25496.4,93.01,410534.30000000005,406735.2,-67591.4,46470.8,169.5,50.39260563380282,1414.65,1438.85,1410.0,1416.8
2012-04-25,1400.0,1429.85,1400.0,1412.1,1413.306598769361,14139,558,19982742.0,9796.0,69.28,29.85,12.1,1335292200.0,0.0,-1.331097369248524,6650.58,-0.4398229929520547,0.6467158384590199,0.09,-36.33241271864599,191.27158834267087,-160.06257392160356,259.85,1528.6,1268.75,50908.6,50747.6,-6925.1,7783.9,28.4,2012,96095.0,95569.7,-15809.8,11508.400000000001,41.99,200617.4,199037.19999999998,-31950.1,25496.4,93.01,410534.30000000005,406735.2,-67591.4,46470.8,169.5,49.721830985915496,1420.95,1442.0,1397.3,1431.15
2012-04-24,1490.0,1492.3,1409.0,1414.35,1441.4041912019395,28870,1001,41613339.0,11153.0,38.63,83.3,-75.65,1335205800.0,0.0,0.15933715742511012,6679.96,0.2570979598759182,0.6468641735502767,0.09,-36.43369745819635,189.9905089252032,-159.36353322087484,259.85,1528.6,1268.75,50908.6,50747.6,-6925.1,7783.9,28.4,2012,96095.0,95569.7,-15809.8,11508.400000000001,41.99,200617.4,199037.19999999998,-31950.1,25496.4,93.01,410534.30000000005,406735.2,-67591.4,46470.8,169.5,49.80105633802817,1400.0,1429.85,1400.0,1412.1
2012-04-23,1450.0,1473.1,1446.0,1466.6,1462.688696280246,8307,727,12150555.0,1846.0,22.22,27.1,16.6,1335119400.0,0.0,3.694276522784312,6662.83,-1.696418164569391,0.646858713222083,0.08,-38.69834992499659,190.7360686074836,-162.10588913241457,259.85,1528.6,1268.75,50908.6,50747.6,-6925.1,7783.9,28.4,2012,96095.0,95569.7,-15809.8,11508.400000000001,41.99,200617.4,199037.19999999998,-31950.1,25496.4,93.01,410534.30000000005,406735.2,-67591.4,46470.8,169.5,51.640845070422536,1490.0,1492.3,1409.0,1414.35
2012-04-20,1442.3,1467.05,1435.9,1461.25,1450.5621215790748,4129,362,5989371.0,1441.0,34.9,31.15,18.95,1334860200.0,0.0,-0.3647893086049292,6777.81,-0.8143751481679784,0.6478315498468837,0.08,-38.47390932420873,185.80396912867133,-158.87175608855065,259.85,1528.6,1268.75,50908.6,50747.6,-6925.1,7783.9,28.4,2012,96095.0,95569.7,-15809.8,11508.400000000001,41.99,200617.4,199037.19999999998,-31950.1,25496.4,93.01,410534.30000000005,406735.2,-67591.4,46470.8,169.5,51.4524647887324,1450.0,1473.1,1446.0,1466.6
2012-04-19,1491.0,1503.0,1461.0,1465.1,1478.8770931011384,2986,293,4415927.0,1389.0,46.52,42.0,-25.9,1334773800.0,0.0,0.26347305389220477,6833.46,0.3907822402693828,0.6477273814035921,0.07,-38.63558801447,183.47645263160976,-157.50296931006454,259.85,1528.6,1268.75,50908.6,50747.6,-6925.1,7783.9,28.4,2012,96095.0,95569.7,-15809.8,11508.400000000001,41.99,200617.4,199037.19999999998,-31950.1,25496.4,93.01,410534.30000000005,406735.2,-67591.4,46470.8,169.5,51.58802816901408,1442.3,1467.05,1435.9,1461.25
2012-04-18,1468.35,1487.6,1468.35,1479.35,1478.8561292865588,2537,200,3751858.0,1212.0,47.77,19.25,11.0,1334687400.0,0.0,0.972629854617435,6806.86,0.26322030228354,0.6477142936669565,0.07,-39.2266873964917,184.58422826383972,-158.80919042790822,259.85,1528.6,1268.75,50908.6,50747.6,-6925.1,7783.9,28.4,2012,96095.0,95569.7,-15809.8,11508.400000000001,41.99,200617.4,199037.19999999998,-31950.1,25496.4,93.01,410534.30000000005,406735.2,-67591.4,46470.8,169.5,52.08978873239437,1491.0,1503.0,1461.0,1465.1
2012-04-17,1435.5,1466.7,1434.0,1462.1,1448.5417986067134,3158,331,4574495.0,825.0,26.12,32.7,26.6,1334601000.0,0.0,-1.1660526582620734,6788.99,1.0443798166940077,0.6478094300888585,0.08,-38.50967786061145,185.33331172972711,-158.5985201543196,259.85,1528.6,1268.75,50908.6,50747.6,-6925.1,7783.9,28.4,2012,96095.0,95569.7,-15809.8,11508.400000000001,41.99,200617.4,199037.19999999998,-31950.1,25496.4,93.01,410534.30000000005,406735.2,-67591.4,46470.8,169.5,51.482394366197184,1468.35,1487.6,1468.35,1479.35
2012-04-16,1460.0,1474.0,1436.0,1443.35,1454.3808228493708,2941,315,4277334.0,833.0,28.32,38.0,-16.65,1334514600.0,0.0,-1.2824020244853296,6718.82,0.4316929598770613,0.6477808871066484,0.08,-37.710880936709735,188.31327524773693,-159.72479895967868,259.85,1528.6,1268.75,50908.6,50747.6,-6925.1,7783.9,28.4,2012,96095.0,95569.7,-15809.8,11508.400000000001,41.99,200617.4,199037.19999999998,-31950.1,25496.4,93.01,410534.30000000005,406735.2,-67591.4,46470.8,169.5,50.82218309859155,1435.5,1466.7,1434.0,1462.1
2012-04-13,1490.0,1492.5,1470.0,1477.2,1478.745460440986,3084,308,4560451.0,637.0,20.65,22.5,-12.8,1334255400.0,0.0,2.3452385076384807,6689.94,-1.0507352484403154,0.6479252947531717,0.09,-39.138234497698356,189.55790335937243,-161.9892816280852,259.85,1528.6,1268.75,50908.6,50747.6,-6925.1,7783.9,28.4,2012,96095.0,95569.7,-15809.8,11508.400000000001,41.99,200617.4,199037.19999999998,-31950.1,25496.4,93.01,410534.30000000005,406735.2,-67591.4,46470.8,169.5,52.014084507042256,1460.0,1474.0,1436.0,1443.35
2012-04-12,1480.0,1490.0,1473.7,1477.1,1479.1526345396587,5333,327,7888321.0,1321.0,24.77,16.3,-2.9,1334169000.0,0.0,-0.006769564040087772,6760.98,0.8028769384222478,0.6483277615961371,0.09,-39.13411414257667,186.5154164041308,-160.08888706449457,259.85,1528.6,1268.75,50908.6,50747.6,-6925.1,7783.9,28.4,2012,96095.0,95569.7,-15809.8,11508.400000000001,41.99,200617.4,199037.19999999998,-31950.1,25496.4,93.01,410534.30000000005,406735.2,-67591.4,46470.8,169.5,52.01056338028169,1490.0,1492.5,1470.0,1477.2
2012-04-11,1485.55,1503.0,1464.0,1489.2,1471.6338689559027,13629,664,20056898.0,8577.0,62.93,39.0,3.65,1334082600.0,0.0,0.8191727032699214,6707.13,-0.3994636198531909,0.6482292298243988,0.09,-39.6286596830513,188.815782607464,-162.0562283906946,259.85,1528.6,1268.75,50908.6,50747.6,-6925.1,7783.9,28.4,2012,96095.0,95569.7,-15809.8,11508.400000000001,41.99,200617.4,199037.19999999998,-31950.1,25496.4,93.01,410534.30000000005,406735.2,-67591.4,46470.8,169.5,52.43661971830986,1480.0,1490.0,1473.7,1477.1
2012-04-10,1503.0,1507.4,1494.65,1496.95,1501.836686787391,5964,220,8956954.0,922.0,15.46,12.75,-6.05,1333996200.0,0.0,0.5204136449100227,6734.03,0.0482856370286999,0.6482735990093779,0.09,-39.94121380139618,187.6620686275529,-161.62923380421392,259.85,1528.6,1268.75,50908.6,50747.6,-6925.1,7783.9,28.4,2012,96095.0,95569.7,-15809.8,11508.400000000001,41.99,200617.4,199037.19999999998,-31950.1,25496.4,93.01,410534.30000000005,406735.2,-67591.4,46470.8,169.5,52.70950704225353,1485.55,1503.0,1464.0,1489.2
2012-04-09,1510.0,1520.55,1495.0,1498.9,1502.970195260169,84349,323,126774033.0,82917.0,98.3,25.55,-11.1,1333909800.0,0.0,0.13026487190621605,6730.78,-1.526671767764476,0.64830441635444,0.09,-40.01934752151578,187.8009680898797,-161.80319713235215,259.85,1528.6,1268.75,50908.6,50747.6,-6925.1,7783.9,28.4,2012,96095.0,95569.7,-15809.8,11508.400000000001,41.99,200617.4,199037.19999999998,-31950.1,25496.4,93.01,410534.30000000005,406735.2,-67591.4,46470.8,169.5,52.77816901408451,1503.0,1507.4,1494.65,1496.95
2012-04-04,1520.0,1521.0,1502.15,1510.1,1510.238651994498,1454,205,2195887.0,654.0,44.98,18.85,-9.9,1333477800.0,0.0,0.7472146240576238,6835.13,-0.4240819085579717,0.6479079014047662,0.08,-40.464207668366335,183.4071919626986,-159.3233438833471,259.85,1528.6,1268.75,50908.6,50747.6,-6925.1,7783.9,28.4,2012,96095.0,95569.7,-15809.8,11508.400000000001,41.99,200617.4,199037.19999999998,-31950.1,25496.4,93.01,410534.30000000005,406735.2,-67591.4,46470.8,169.5,53.17253521126761,1510.0,1520.55,1495.0,1498.9
2012-04-03,1501.4,1520.0,1498.05,1511.55,1506.5685962373373,6910,374,10410389.0,1505.0,21.78,21.95,10.15,1333391400.0,0.0,0.09602013111715824,6864.24,0.8543818844593432,0.6479363377623201,0.08,-40.521319175680595,182.20531333403264,-158.60692771114873,259.85,1528.6,1268.75,50908.6,50747.6,-6925.1,7783.9,28.4,2012,96095.0,95569.7,-15809.8,11508.400000000001,41.99,200617.4,199037.19999999998,-31950.1,25496.4,93.01,410534.30000000005,406735.2,-67591.4,46470.8,169.5,53.223591549295776,1520.0,1521.0,1502.15,1510.1
2012-04-02,1489.65,1518.95,1485.15,1491.45,1502.001456929521,5491,257,8247490.0,1298.0,23.64,33.8,1.8,1333305000.0,0.0,-1.3297608415202888,6806.09,0.6873157258607376,0.6478259903919346,0.08,-39.71973582755037,184.61642440814035,-159.34722773314024,259.85,1528.6,1268.75,50908.6,50747.6,-6925.1,7783.9,28.4,2012,96095.0,95569.7,-15809.8,11508.400000000001,41.99,200617.4,199037.19999999998,-31950.1,25496.4,93.01,410534.30000000005,406735.2,-67591.4,46470.8,169.5,52.515845070422536,1501.4,1520.0,1498.05,1511.55
2012-03-30,1499.0,1519.0,1487.0,1506.95,1496.5229508196724,36600,491,54772740.0,33386.0,91.22,32.0,7.95,1333045800.0,0.0,1.0392570987964644,6759.63,2.188093830736415,0.6479383938117953,0.07,-40.33975911609543,186.57263785148004,-161.25197872724635,259.85,1528.6,1268.75,53915.7,53365.9,-2195.4,8673.2,31.65,2012,98182.79999999999,97743.29999999999,-14900.5,13284.2,48.47,201723.99999999997,200209.4,-31015.100000000002,26554.300000000003,96.88,404522.0,400988.19999999995,-65052.6,47999.0,175.09,47.61295418641391,1489.65,1518.95,1485.15,1491.45
2012-03-29,1480.0,1509.9,1459.0,1492.3,1476.75993883792,2616,258,3863204.0,945.0,36.12,50.9,12.3,1332959400.0,0.0,-0.972162314608982,6614.89,-0.0343047470515944,0.6472895599716884,0.07,-39.75407089727266,192.84311606088687,-164.60409636669533,259.85,1528.6,1268.75,53915.7,53365.9,-2195.4,8673.2,31.65,2012,98182.79999999999,97743.29999999999,-14900.5,13284.2,48.47,201723.99999999997,200209.4,-31015.100000000002,26554.300000000003,96.88,404522.0,400988.19999999995,-65052.6,47999.0,175.09,47.15007898894155,1499.0,1519.0,1487.0,1506.95
2012-03-28,1492.0,1522.15,1469.65,1482.25,1483.8697554697555,7770,418,11529668.0,5106.0,65.71,52.5,-9.75,1332873000.0,0.0,-0.6734570796756656,6617.16,-0.8953203114001274,0.6473860221880183,0.09,-39.345589475459605,192.74265697066411,-164.15622673565065,259.85,1528.6,1268.75,53915.7,53365.9,-2195.4,8673.2,31.65,2012,98182.79999999999,97743.29999999999,-14900.5,13284.2,48.47,201723.99999999997,200209.4,-31015.100000000002,26554.300000000003,96.88,404522.0,400988.19999999995,-65052.6,47999.0,175.09,46.83254344391786,1480.0,1509.9,1459.0,1492.3
2012-03-27,1499.0,1506.0,1486.95,1490.65,1493.4615899955334,4478,421,6687721.0,2018.0,45.06,19.05,-8.35,1332786600.0,0.0,0.5667060212514841,6676.94,0.8614920746656596,0.647291427927641,0.09,-39.68738469795057,190.1216725026734,-162.78325734368389,259.85,1528.6,1268.75,53915.7,53365.9,-2195.4,8673.2,31.65,2012,98182.79999999999,97743.29999999999,-14900.5,13284.2,48.47,201723.99999999997,200209.4,-31015.100000000002,26554.300000000003,96.88,404522.0,400988.19999999995,-65052.6,47999.0,175.09,47.097946287519754,1492.0,1522.15,1469.65,1482.25
2012-03-26,1518.0,1518.0,1477.0,1487.95,1497.1812250815512,2759,306,4130723.0,1052.0,38.13,41.0,-30.05,1332700200.0,0.0,-0.18112903766813737,6619.91,-1.751430708586632,0.6472133938774111,0.09,-39.577942807217994,192.62104771817135,-164.27661562766946,259.85,1528.6,1268.75,53915.7,53365.9,-2195.4,8673.2,31.65,2012,98182.79999999999,97743.29999999999,-14900.5,13284.2,48.47,201723.99999999997,200209.4,-31015.100000000002,26554.300000000003,96.88,404522.0,400988.19999999995,-65052.6,47999.0,175.09,47.01263823064771,1499.0,1506.0,1486.95,1490.65
2012-03-23,1499.0,1520.0,1497.25,1510.5,1508.053134962806,5646,469,8514468.0,1834.0,32.48,22.75,11.5,1332441000.0,0.0,1.515507913572356,6737.92,0.8747673849350823,0.6466941441343375,0.08,-40.479973518702415,187.4959928286474,-161.76079859811165,259.85,1528.6,1268.75,53915.7,53365.9,-2195.4,8673.2,31.65,2012,98182.79999999999,97743.29999999999,-14900.5,13284.2,48.47,201723.99999999997,200209.4,-31015.100000000002,26554.300000000003,96.88,404522.0,400988.19999999995,-65052.6,47999.0,175.09,47.725118483412324,1518.0,1518.0,1477.0,1487.95
2012-03-22,1528.0,1542.05,1470.0,1490.85,1517.2485846628929,3886,493,5896028.0,1274.0,32.78,72.05,-37.15,1332354600.0,0.0,-1.300893743793452,6679.49,-2.415830880150782,0.6468269315764492,0.08,-39.69547573531877,190.0109140069077,-162.62790605391731,259.85,1528.6,1268.75,53915.7,53365.9,-2195.4,8673.2,31.65,2012,98182.79999999999,97743.29999999999,-14900.5,13284.2,48.47,201723.99999999997,200209.4,-31015.100000000002,26554.300000000003,96.88,404522.0,400988.19999999995,-65052.6,47999.0,175.09,47.1042654028436,1499.0,1520.0,1497.25,1510.5
2012-03-21,1510.0,1542.1,1506.75,1528.6,1528.7202339986238,11624,941,17769844.0,5081.0,43.71,35.35,18.6,1332268200.0,0.0,2.532112553241439,6844.85,1.7570384113363868,0.6460162997590844,0.09,-41.184744210388594,183.0047407905213,-159.44064822727321,259.85,1528.6,1268.75,53915.7,53365.9,-2195.4,8673.2,31.65,2012,98182.79999999999,97743.29999999999,-14900.5,13284.2,48.47,201723.99999999997,200209.4,-31015.100000000002,26554.300000000003,96.88,404522.0,400988.19999999995,-65052.6,47999.0,175.09,48.296998420221165,1528.0,1542.05,1470.0,1490.85
2012-03-20,1490.0,1517.0,1490.0,1504.15,1504.4717826501428,10490,625,15781909.0,5957.0,56.79,27.0,14.15,1332181800.0,0.0,-1.599502813031517,6726.66,0.4427348921384189,0.6462178096164974,0.1,-40.22870059502045,187.97724279211377,-161.73832090892708,259.85,1504.15,1244.3000000000002,53915.7,53365.9,-2195.4,8673.2,31.65,2012,98182.79999999999,97743.29999999999,-14900.5,13284.2,48.47,201723.99999999997,200209.4,-31015.100000000002,26554.300000000003,96.88,404522.0,400988.19999999995,-65052.6,47999.0,175.09,47.52448657187994,1510.0,1542.1,1506.75,1528.6
2012-03-19,1475.7,1509.0,1467.0,1477.3,1486.2684274356557,7421,594,11029598.0,2894.0,39.0,42.0,1.6,1332095400.0,0.0,-1.7850613303194596,6697.01,-1.1626688548493913,0.6464560845094413,0.1,-39.14235429499763,189.25221852737263,-161.52095686047713,259.85,1499.6,1239.75,53915.7,53365.9,-2195.4,8673.2,31.65,2012,98182.79999999999,97743.29999999999,-14900.5,13284.2,48.47,201723.99999999997,200209.4,-31015.100000000002,26554.300000000003,96.88,404522.0,400988.19999999995,-65052.6,47999.0,175.09,46.67614533965245,1490.0,1517.0,1490.0,1504.15
2012-03-16,1481.25,1490.0,1476.15,1480.35,1480.572765072765,16354,404,24213287.0,11848.0,72.45,13.85,-0.9,1331836200.0,0.0,0.20645772693426157,6775.79,-1.202923760879171,0.6465549138774511,0.09,-39.267740736987875,185.889173070594,-159.48710908014743,259.85,1499.6,1239.75,53915.7,53365.9,-2195.4,8673.2,31.65,2012,98182.79999999999,97743.29999999999,-14900.5,13284.2,48.47,201723.99999999997,200209.4,-31015.100000000002,26554.300000000003,96.88,404522.0,400988.19999999995,-65052.6,47999.0,175.09,46.77251184834123,1475.7,1509.0,1467.0,1477.3
2012-03-15,1490.0,1500.0,1478.7,1483.5,1492.344264525786,7349,413,10967238.0,3702.0,50.37,21.3,-6.5,1331749800.0,0.0,0.2127875164657178,6858.29,-1.481592144142807,0.6463088904566131,0.08,-39.39669700033704,182.45014427794683,-157.34414260102932,259.85,1499.6,1239.75,53915.7,53365.9,-2195.4,8673.2,31.65,2012,98182.79999999999,97743.29999999999,-14900.5,13284.2,48.47,201723.99999999997,200209.4,-31015.100000000002,26554.300000000003,96.88,404522.0,400988.19999999995,-65052.6,47999.0,175.09,46.872037914691944,1481.25,1490.0,1476.15,1480.35
2012-03-14,1495.0,1517.7,1491.1,1499.6,1507.029750785913,21949,1008,33077796.0,10118.0,46.1,26.6,4.6,1331663400.0,0.0,1.0852713178294504,6961.43,0.5629501651147173,0.6459361735916183,0.09,-40.04734595892238,178.2653851292048,-155.22727245749383,259.85,1499.6,1239.75,53915.7,53365.9,-2195.4,8673.2,31.65,2012,98182.79999999999,97743.29999999999,-14900.5,13284.2,48.47,201723.99999999997,200209.4,-31015.100000000002,26554.300000000003,96.88,404522.0,400988.19999999995,-65052.6,47999.0,175.09,47.380726698262244,1490.0,1500.0,1478.7,1483.5
2012-03-13,1478.0,1501.0,1448.95,1496.55,1494.9344309234075,76835,813,114863287.0,70530.0,91.79,52.05,18.55,1331577000.0,0.0,-0.20338757001866492,6922.46,1.2347123367402624,0.6460194782514748,0.08,-39.925161204102764,179.8318805742467,-156.128377307399,259.85,1496.55,1236.6999999999998,53915.7,53365.9,-2195.4,8673.2,31.65,2012,98182.79999999999,97743.29999999999,-14900.5,13284.2,48.47,201723.99999999997,200209.4,-31015.100000000002,26554.300000000003,96.88,404522.0,400988.19999999995,-65052.6,47999.0,175.09,47.28436018957346,1495.0,1517.7,1491.1,1499.6
2012-03-12,1460.0,1478.25,1459.05,1472.9,1471.6955351133051,4457,266,6559347.0,2265.0,50.82,19.2,12.9,1331490600.0,0.0,-1.5803013597941895,6838.03,0.6562203298765779,0.6457838737696742,0.09,-38.960554009097706,183.2869993258292,-157.3562218967121,259.85,1481.15,1221.3000000000002,53915.7,53365.9,-2195.4,8673.2,31.65,2012,98182.79999999999,97743.29999999999,-14900.5,13284.2,48.47,201723.99999999997,200209.4,-31015.100000000002,26554.300000000003,96.88,404522.0,400988.19999999995,-65052.6,47999.0,175.09,46.53712480252765,1478.0,1501.0,1448.95,1496.55
2012-03-09,1444.0,1482.0,1429.3,1471.45,1468.773079259034,13172,1088,19346679.0,6953.0,52.79,52.7,27.45,1331231400.0,0.0,-0.09844524407631727,6793.45,2.139940340874924,0.6459799509347568,0.09,-38.900404363043265,185.14598620730263,-158.53286125341964,259.85,1481.15,1221.3000000000002,53915.7,53365.9,-2195.4,8673.2,31.65,2012,98182.79999999999,97743.29999999999,-14900.5,13284.2,48.47,201723.99999999997,200209.4,-31015.100000000002,26554.300000000003,96.88,404522.0,400988.19999999995,-65052.6,47999.0,175.09,46.4913112164297,1460.0,1478.25,1459.05,1472.9
2012-03-07,1356.6,1430.0,1356.6,1422.6,1413.376113585746,3592,344,5076847.0,1557.0,43.35,73.4,66.0,1331058600.0,0.0,-3.319854565224789,6651.12,-0.1541720271595048,0.6452442998239102,0.08,-36.802333755096306,191.24794019653837,-160.23235747599082,259.85,1481.15,1221.3000000000002,53915.7,53365.9,-2195.4,8673.2,31.65,2012,98182.79999999999,97743.29999999999,-14900.5,13284.2,48.47,201723.99999999997,200209.4,-31015.100000000002,26554.300000000003,96.88,404522.0,400988.19999999995,-65052.6,47999.0,175.09,44.947867298578196,1444.0,1482.0,1429.3,1471.45
2012-03-06,1373.65,1422.95,1373.55,1401.5,1400.9662475182,3022,338,4233720.0,1119.0,37.03,49.4,27.85,1330972200.0,0.0,-1.4831997750597403,6661.39,-1.055778934031637,0.6464057902082487,0.08,-35.85087406350339,190.79891734307705,-159.21268653631677,259.85,1481.15,1221.3000000000002,53915.7,53365.9,-2195.4,8673.2,31.65,2012,98182.79999999999,97743.29999999999,-14900.5,13284.2,48.47,201723.99999999997,200209.4,-31015.100000000002,26554.300000000003,96.88,404522.0,400988.19999999995,-65052.6,47999.0,175.09,44.28120063191153,1356.6,1430.0,1356.6,1422.6
2012-03-05,1402.0,1402.0,1378.0,1390.75,1388.1674753482548,6389,388,8869002.0,2070.0,32.4,24.0,-11.25,1330885800.0,0.0,-0.7670353193007462,6732.47,-1.3962037552359474,0.6464422501970447,0.08,-35.35502426748158,187.7287236333768,-156.73908741964505,259.85,1481.15,1221.3000000000002,53915.7,53365.9,-2195.4,8673.2,31.65,2012,98182.79999999999,97743.29999999999,-14900.5,13284.2,48.47,201723.99999999997,200209.4,-31015.100000000002,26554.300000000003,96.88,404522.0,400988.19999999995,-65052.6,47999.0,175.09,43.94154818325435,1373.65,1422.95,1373.55,1401.5
2012-03-03,1424.95,1424.95,1391.3,1402.85,1410.3900928792568,323,38,455556.0,206.0,63.78,33.65,-22.1,1330713000.0,0.0,0.8700341542333234,6827.8,0.0903008660674054,0.6461661740784173,,-35.9126064796664,183.71144438911503,,259.85,1481.15,1221.3000000000002,53915.7,53365.9,-2195.4,8673.2,31.65,2012,98182.79999999999,97743.29999999999,-14900.5,13284.2,48.47,201723.99999999997,200209.4,-31015.100000000002,26554.300000000003,96.88,404522.0,400988.19999999995,-65052.6,47999.0,175.09,44.32385466034755,1402.0,1402.0,1378.0,1390.75
2012-03-02,1429.0,1435.0,1412.0,1421.0,1422.2782234105766,6732,468,9574777.0,2837.0,42.14,23.0,-8.0,1330626600.0,0.0,1.2937947749224854,6821.64,0.1785745754448342,0.6462489184102037,0.07,-36.731175228712175,183.9676382805308,-155.64482506569607,259.85,1481.15,1221.3000000000002,53915.7,53365.9,-2195.4,8673.2,31.65,2012,98182.79999999999,97743.29999999999,-14900.5,13284.2,48.47,201723.99999999997,200209.4,-31015.100000000002,26554.300000000003,96.88,404522.0,400988.19999999995,-65052.6,47999.0,175.09,44.897314375987364,1424.95,1424.95,1391.3,1402.85
2012-03-01,1396.25,1421.0,1382.0,1412.75,1402.6711908931698,4568,440,6407402.0,1113.0,24.37,39.0,16.5,1330540200.0,0.0,-0.5805770584095704,6809.48,-0.6970693919454929,0.6464282551599758,0.08,-36.361705892762345,184.47473228499092,-155.63967094443987,259.85,1481.15,1221.3000000000002,53915.7,53365.9,-2195.4,8673.2,31.65,2012,98182.79999999999,97743.29999999999,-14900.5,13284.2,48.47,201723.99999999997,200209.4,-31015.100000000002,26554.300000000003,96.88,404522.0,400988.19999999995,-65052.6,47999.0,175.09,44.63665086887836,1429.0,1435.0,1412.0,1421.0
2012-02-29,1412.0,1433.2,1391.1,1404.1,1417.5499496654231,16887,438,23938166.0,12791.0,75.74,42.1,-7.9,1330453800.0,0.0,-0.6122810122102362,6857.28,0.3725209790056194,0.6463748557088712,0.08,-35.969660280606796,182.49174599841336,-153.9560262799345,259.85,1481.15,1221.3000000000002,53915.7,53365.9,-2195.4,8673.2,31.65,2012,98182.79999999999,97743.29999999999,-14900.5,13284.2,48.47,201723.99999999997,200209.4,-31015.100000000002,26554.300000000003,96.88,404522.0,400988.19999999995,-65052.6,47999.0,175.09,44.363349131121645,1396.25,1421.0,1382.0,1412.75
2012-02-28,1396.0,1420.0,1386.05,1406.55,1405.214940771876,5234,381,7354895.0,1143.0,21.84,33.95,10.55,1330367400.0,0.0,0.17448899651022476,6831.83,2.290820398183513,0.6463940305397027,0.1,-36.08119156802104,183.54408701621676,-154.75835435310933,259.85,1481.15,1221.3000000000002,53915.7,53365.9,-2195.4,8673.2,31.65,2012,98182.79999999999,97743.29999999999,-14900.5,13284.2,48.47,201723.99999999997,200209.4,-31015.100000000002,26554.300000000003,96.88,404522.0,400988.19999999995,-65052.6,47999.0,175.09,44.44075829383886,1412.0,1433.2,1391.1,1404.1
2012-02-27,1402.25,1411.9,1382.05,1395.7,1398.7327925840093,4315,289,6035532.0,2622.0,60.76,29.85,-6.55,1330281000.0,0.0,-0.7713909921438944,6678.83,-2.809699195711235,0.6455504634335204,0.12,-35.5842946191875,190.03957279942748,-158.30696285495412,259.85,1481.15,1221.3000000000002,53915.7,53365.9,-2195.4,8673.2,31.65,2012,98182.79999999999,97743.29999999999,-14900.5,13284.2,48.47,201723.99999999997,200209.4,-31015.100000000002,26554.300000000003,96.88,404522.0,400988.19999999995,-65052.6,47999.0,175.09,44.097946287519754,1396.0,1420.0,1386.05,1406.55
2012-02-24,1430.0,1440.25,1390.0,1399.9,1406.411026914032,3827,465,5382335.0,1345.0,35.15,50.25,-30.1,1330021800.0,0.0,0.3009242673926993,6871.91,-0.8832925870635999,0.6442749352956412,0.1,-35.777555539681416,181.89033325523764,-153.00051073507268,259.85,1481.15,1221.3000000000002,53915.7,53365.9,-2195.4,8673.2,31.65,2012,98182.79999999999,97743.29999999999,-14900.5,13284.2,48.47,201723.99999999997,200209.4,-31015.100000000002,26554.300000000003,96.88,404522.0,400988.19999999995,-65052.6,47999.0,175.09,44.2306477093207,1402.25,1411.9,1382.05,1395.7
2012-02-23,1480.0,1480.0,1418.5,1447.5,1444.3804644808745,27816,1077,40176887.0,16729.0,60.14,61.5,-32.5,1329935400.0,0.0,3.400242874491033,6933.15,-0.3945056539584879,0.6441465418962627,0.09,-37.88946459412781,179.40041683794524,-153.48164952626763,259.85,1481.15,1221.3000000000002,53915.7,53365.9,-2195.4,8673.2,31.65,2012,98182.79999999999,97743.29999999999,-14900.5,13284.2,48.47,201723.99999999997,200209.4,-31015.100000000002,26554.300000000003,96.88,404522.0,400988.19999999995,-65052.6,47999.0,175.09,45.73459715639811,1430.0,1440.25,1390.0,1399.9
2012-02-22,1480.0,1488.0,1476.1,1480.05,1480.4826019296606,16065,338,23783953.0,14244.0,88.66,11.9,0.05,1329849000.0,0.0,2.248704663212431,6960.61,-2.3712177421956526,0.6453635378859004,0.09,-39.25543055977839,178.29816639633597,-154.354483305477,259.85,1481.15,1221.3000000000002,53915.7,53365.9,-2195.4,8673.2,31.65,2012,98182.79999999999,97743.29999999999,-14900.5,13284.2,48.47,201723.99999999997,200209.4,-31015.100000000002,26554.300000000003,96.88,404522.0,400988.19999999995,-65052.6,47999.0,175.09,46.76303317535545,1480.0,1480.0,1418.5,1447.5
2012-02-21,1441.0,1485.0,1441.0,1481.15,1479.9082031250002,7680,304,11365695.0,6285.0,81.84,44.0,40.15,1329762600.0,0.0,0.07432181345226052,7129.67,0.7443842650618482,0.6449524422037959,0.08,-39.300543496607375,171.69911089854088,-150.06670819946538,259.85,1481.15,1221.3000000000002,53915.7,53365.9,-2195.4,8673.2,31.65,2012,98182.79999999999,97743.29999999999,-14900.5,13284.2,48.47,201723.99999999997,200209.4,-31015.100000000002,26554.300000000003,96.88,404522.0,400988.19999999995,-65052.6,47999.0,175.09,46.79778830963666,1480.0,1488.0,1476.1,1480.05
2012-02-17,1465.0,1489.0,1465.0,1475.45,1476.6076940665369,52482,981,77495325.0,45676.0,87.03,24.0,10.45,1329417000.0,0.0,-0.3848361070789674,7076.99,0.6386446115516309,0.644869569715693,0.09,-39.06604764648074,173.72159632838256,-151.1257804598137,259.85,1475.45,1215.6,53915.7,53365.9,-2195.4,8673.2,31.65,2012,98182.79999999999,97743.29999999999,-14900.5,13284.2,48.47,201723.99999999997,200209.4,-31015.100000000002,26554.300000000003,96.88,404522.0,400988.19999999995,-65052.6,47999.0,175.09,46.6176935229068,1441.0,1485.0,1441.0,1481.15
2012-02-16,1435.0,1473.0,1431.85,1467.55,1455.4651235533313,9591,823,13959366.0,4269.0,44.51,41.15,32.55,1329330600.0,0.0,-0.5354298688535764,7032.08,0.1277211947413592,0.6448232511136817,0.1,-38.73803277571463,175.4697045539869,-151.9204958130623,259.85,1467.55,1207.6999999999998,53915.7,53365.9,-2195.4,8673.2,31.65,2012,98182.79999999999,97743.29999999999,-14900.5,13284.2,48.47,201723.99999999997,200209.4,-31015.100000000002,26554.300000000003,96.88,404522.0,400988.19999999995,-65052.6,47999.0,175.09,46.368088467614534,1465.0,1489.0,1465.0,1475.45
2012-02-15,1400.0,1459.7,1400.0,1436.4,1435.9415044001116,25113,1734,36060799.0,9767.0,38.89,59.7,36.4,1329244200.0,0.0,-2.1225852611495233,7023.11,2.097598134563783,0.6448505966763848,0.11,-37.40949596212755,175.82153775179373,-150.82718592429683,259.85,1436.4,1176.5500000000002,53915.7,53365.9,-2195.4,8673.2,31.65,2012,98182.79999999999,97743.29999999999,-14900.5,13284.2,48.47,201723.99999999997,200209.4,-31015.100000000002,26554.300000000003,96.88,404522.0,400988.19999999995,-65052.6,47999.0,175.09,45.383886255924175,1435.0,1473.0,1431.85,1467.55
2012-02-14,1391.7,1412.95,1391.7,1403.95,1408.0763839627723,35243,588,49624836.0,31601.0,89.67,21.25,12.25,1329157800.0,0.0,-2.259120022277916,6878.82,0.5707785922939079,0.6446173550608522,0.12,-35.96281918871755,181.6071651824005,-153.07259558608854,259.85,1403.95,1144.1,53915.7,53365.9,-2195.4,8673.2,31.65,2012,98182.79999999999,97743.29999999999,-14900.5,13284.2,48.47,201723.99999999997,200209.4,-31015.100000000002,26554.300000000003,96.88,404522.0,400988.19999999995,-65052.6,47999.0,175.09,44.358609794628755,1400.0,1459.7,1400.0,1436.4
2012-02-13,1378.0,1400.0,1365.55,1395.75,1388.8,5250,628,7291200.0,2177.0,41.47,34.45,17.75,1329071400.0,0.0,-0.5840663841304883,6839.78,0.2143542632762729,0.6451100802298146,0.11,-35.58660218520509,183.21451859562737,-153.81917286687184,259.85,1397.55,1137.6999999999998,53915.7,53365.9,-2195.4,8673.2,31.65,2012,98182.79999999999,97743.29999999999,-14900.5,13284.2,48.47,201723.99999999997,200209.4,-31015.100000000002,26554.300000000003,96.88,404522.0,400988.19999999995,-65052.6,47999.0,175.09,44.09952606635071,1391.7,1412.95,1391.7,1403.95
2012-02-10,1395.0,1418.0,1371.0,1378.75,1391.3564761539442,7821,917,10881799.0,2440.0,31.2,47.0,-16.25,1328812200.0,0.0,-1.217983163173919,6825.15,-0.3255231152080151,0.6451395755318047,0.09,-34.79238440616501,183.82160099045444,-153.4149114809257,259.85,1397.55,1137.6999999999998,53915.7,53365.9,-2195.4,8673.2,31.65,2012,98182.79999999999,97743.29999999999,-14900.5,13284.2,48.47,201723.99999999997,200209.4,-31015.100000000002,26554.300000000003,96.88,404522.0,400988.19999999995,-65052.6,47999.0,175.09,43.56240126382307,1378.0,1400.0,1365.55,1395.75
2012-02-09,1380.0,1408.0,1379.8,1397.55,1396.570187818912,9211,961,12863808.0,2251.0,24.44,28.2,17.55,1328725800.0,0.0,1.3635539437896638,6847.44,0.8621413452233107,0.6452747126543001,0.09,-35.66956459518443,182.89769607327705,-153.7207481498629,259.85,1397.55,1137.6999999999998,53915.7,53365.9,-2195.4,8673.2,31.65,2012,98182.79999999999,97743.29999999999,-14900.5,13284.2,48.47,201723.99999999997,200209.4,-31015.100000000002,26554.300000000003,96.88,404522.0,400988.19999999995,-65052.6,47999.0,175.09,44.156398104265406,1395.0,1418.0,1371.0,1378.75
2012-02-08,1362.25,1398.0,1333.0,1384.95,1373.9237603224922,76653,1049,105315378.0,70156.0,91.52,65.0,22.7,1328639400.0,0.0,-0.9015777610818843,6788.91,0.7552663838931828,0.645363043270125,0.09,-35.084299072168676,185.33667407580893,-154.7256564094017,259.85,1384.95,1125.1,53915.7,53365.9,-2195.4,8673.2,31.65,2012,98182.79999999999,97743.29999999999,-14900.5,13284.2,48.47,201723.99999999997,200209.4,-31015.100000000002,26554.300000000003,96.88,404522.0,400988.19999999995,-65052.6,47999.0,175.09,43.75829383886256,1380.0,1408.0,1379.8,1397.55
2012-02-07,1360.0,1400.0,1335.0,1359.45,1369.516344767945,17345,1655,23754261.0,3341.0,19.26,65.0,-0.55,1328553000.0,0.0,-1.8412217047546808,6738.02,-0.6105251046919946,0.645360555501653,0.08,-33.86663724300269,187.49172605602237,-154.8947728780409,259.85,1363.05,1103.1999999999998,53915.7,53365.9,-2195.4,8673.2,31.65,2012,98182.79999999999,97743.29999999999,-14900.5,13284.2,48.47,201723.99999999997,200209.4,-31015.100000000002,26554.300000000003,96.88,404522.0,400988.19999999995,-65052.6,47999.0,175.09,42.95260663507109,1362.25,1398.0,1333.0,1384.95
2012-02-06,1280.0,1383.0,1280.0,1363.05,1340.193800170491,112616,2799,150927265.0,88220.0,78.34,103.0,83.05,1328466600.0,0.0,0.2648129758358042,6779.41,0.9220733401116732,0.6456525790644807,0.08,-34.041304427570516,185.736516894538,-153.9909133806573,259.85,1363.05,1103.1999999999998,53915.7,53365.9,-2195.4,8673.2,31.65,2012,98182.79999999999,97743.29999999999,-14900.5,13284.2,48.47,201723.99999999997,200209.4,-31015.100000000002,26554.300000000003,96.88,404522.0,400988.19999999995,-65052.6,47999.0,175.09,43.06635071090047,1360.0,1400.0,1335.0,1359.45
2012-02-03,1263.0,1280.0,1259.95,1274.7,1272.8391936240034,10665,544,13574830.0,6980.0,65.45,20.05,11.7,1328207400.0,0.0,-6.481787168482445,6717.47,1.0072957139935834,0.645528086995449,0.08,-29.469679140189854,188.37121713978627,-151.09694833848076,259.85,1274.7,1014.85,53915.7,53365.9,-2195.4,8673.2,31.65,2012,98182.79999999999,97743.29999999999,-14900.5,13284.2,48.47,201723.99999999997,200209.4,-31015.100000000002,26554.300000000003,96.88,404522.0,400988.19999999995,-65052.6,47999.0,175.09,40.27488151658768,1280.0,1383.0,1280.0,1363.05
2012-02-02,1246.35,1268.7,1238.3,1263.2,1256.2151872964168,14736,1224,18511587.0,6664.0,45.22,30.4,16.85,1328121000.0,0.0,-0.9021730603279154,6650.48,0.6885692657077946,0.64991127945567,0.08,-28.827580747308435,191.27596805042643,-153.16799696972646,259.85,1263.2,1003.35,53915.7,53365.9,-2195.4,8673.2,31.65,2012,98182.79999999999,97743.29999999999,-14900.5,13284.2,48.47,201723.99999999997,200209.4,-31015.100000000002,26554.300000000003,96.88,404522.0,400988.19999999995,-65052.6,47999.0,175.09,39.91153238546604,1263.0,1280.0,1259.95,1274.7
2012-02-01,1210.25,1250.0,1208.5,1237.2,1237.8713014192926,8314,806,10291662.0,2590.0,31.15,41.5,26.95,1328034600.0,0.0,-2.0582647245091845,6605.0,0.8503185831789883,0.6499261632464789,0.06,-27.331878435176215,193.28160484481447,-152.97165472829374,259.85,1237.8,977.9499999999999,53915.7,53365.9,-2195.4,8673.2,31.65,2012,98182.79999999999,97743.29999999999,-14900.5,13284.2,48.47,201723.99999999997,200209.4,-31015.100000000002,26554.300000000003,96.88,404522.0,400988.19999999995,-65052.6,47999.0,175.09,39.090047393364934,1246.35,1268.7,1238.3,1263.2
2012-01-31,1209.0,1229.0,1200.8,1211.25,1208.3046044864225,5082,505,6140604.0,2607.0,51.3,28.2,2.25,1327948200.0,0.0,-2.097478176527645,6549.31,2.058367953724516,0.650273991989498,0.06,-25.775025799793603,195.77543283185557,-153.1036816013168,259.85,1237.8,977.9499999999999,53915.7,53365.9,-2195.4,8673.2,31.65,2012,98182.79999999999,97743.29999999999,-14900.5,13284.2,48.47,201723.99999999997,200209.4,-31015.100000000002,26554.300000000003,96.88,404522.0,400988.19999999995,-65052.6,47999.0,175.09,38.27014218009479,1210.25,1250.0,1208.5,1237.2
2012-01-30,1230.0,1230.0,1176.0,1191.8,1204.2872276029054,6608,825,7957930.0,2312.0,34.99,54.0,-38.2,1327861800.0,0.0,-1.6057791537667732,6417.22,-2.0956338926368945,0.6500604790138805,0.05,-24.56368518207753,201.86357955625644,-155.8047173799235,259.85,1237.8,977.9499999999999,53915.7,53365.9,-2195.4,8673.2,31.65,2012,98182.79999999999,97743.29999999999,-14900.5,13284.2,48.47,201723.99999999997,200209.4,-31015.100000000002,26554.300000000003,96.88,404522.0,400988.19999999995,-65052.6,47999.0,175.09,37.65560821484992,1209.0,1229.0,1200.8,1211.25
2012-01-27,1180.25,1259.0,1180.25,1229.1,1236.1806102362204,4064,533,5023838.0,1983.0,48.79,78.75,48.85,1327602600.0,0.0,3.129719751636184,6554.58,0.8795785410539159,0.6495848434372278,0.06,-26.852981856643066,195.53762407354856,-153.89228368594036,259.85,1237.8,977.9499999999999,53915.7,53365.9,-2195.4,8673.2,31.65,2012,98182.79999999999,97743.29999999999,-14900.5,13284.2,48.47,201723.99999999997,200209.4,-31015.100000000002,26554.300000000003,96.88,404522.0,400988.19999999995,-65052.6,47999.0,175.09,38.834123222748815,1230.0,1230.0,1176.0,1191.8
2012-01-25,1220.55,1255.0,1220.55,1237.8,1240.881374321881,13825,1133,17155185.0,6277.0,45.4,34.45,17.25,1327429800.0,0.0,0.7078350012204027,6497.43,0.820381841429052,0.6505347851672078,0.04,-27.367102924543552,198.1371095956401,-156.27616355758812,259.85,1237.8,977.9499999999999,53915.7,53365.9,-2195.4,8673.2,31.65,2012,98182.79999999999,97743.29999999999,-14900.5,13284.2,48.47,201723.99999999997,200209.4,-31015.100000000002,26554.300000000003,96.88,404522.0,400988.19999999995,-65052.6,47999.0,175.09,39.10900473933649,1180.25,1259.0,1180.25,1229.1
2012-01-24,1195.0,1249.9,1195.0,1217.85,1228.2218250235185,5315,715,6527999.0,1636.0,30.78,54.9,22.85,1327343400.0,0.0,-1.6117304895782891,6444.56,1.5521441650409915,0.6504837728837305,0.04,-26.177279632138607,200.58297230532412,-156.6672288826233,259.85,1217.85,957.9999999999999,53915.7,53365.9,-2195.4,8673.2,31.65,2012,98182.79999999999,97743.29999999999,-14900.5,13284.2,48.47,201723.99999999997,200209.4,-31015.100000000002,26554.300000000003,96.88,404522.0,400988.19999999995,-65052.6,47999.0,175.09,38.47867298578199,1220.55,1255.0,1220.55,1237.8
2012-01-23,1227.0,1280.5,1179.0,1207.65,1234.286394433254,21844,2029,26961752.0,6352.0,29.08,101.5,-19.35,1327257000.0,0.0,-0.8375415691587507,6346.06,0.0310525228992775,0.6503752502606528,0.04,-25.553761437502597,205.248453371068,-159.05626065431244,259.85,1216.65,956.8000000000001,53915.7,53365.9,-2195.4,8673.2,31.65,2012,98182.79999999999,97743.29999999999,-14900.5,13284.2,48.47,201723.99999999997,200209.4,-31015.100000000002,26554.300000000003,96.88,404522.0,400988.19999999995,-65052.6,47999.0,175.09,38.156398104265406,1195.0,1249.9,1195.0,1217.85
2012-01-20,1195.0,1217.95,1184.3,1211.2,1200.797088917711,13878,1307,16664662.0,7037.0,50.71,33.65,16.2,1326997800.0,0.0,0.2939593425247411,6344.09,0.5189072368150027,0.6504521498815943,0.05,-25.77196169088508,205.34324071695076,-159.35539147138536,259.85,1216.65,956.8000000000001,53915.7,53365.9,-2195.4,8673.2,31.65,2012,98182.79999999999,97743.29999999999,-14900.5,13284.2,48.47,201723.99999999997,200209.4,-31015.100000000002,26554.300000000003,96.88,404522.0,400988.19999999995,-65052.6,47999.0,175.09,38.26856240126383,1227.0,1280.5,1179.0,1207.65
2012-01-19,1183.0,1234.0,1180.1,1196.65,1214.8087783783783,23125,1855,28092453.0,8726.0,37.73,53.9,13.65,1326911400.0,0.0,-1.2012879788639297,6311.34,1.339289298370394,0.6504204172483105,0.05,-24.869427150795985,206.9276888901564,-159.47689987809767,259.85,1216.65,956.8000000000001,53915.7,53365.9,-2195.4,8673.2,31.65,2012,98182.79999999999,97743.29999999999,-14900.5,13284.2,48.47,201723.99999999997,200209.4,-31015.100000000002,26554.300000000003,96.88,404522.0,400988.19999999995,-65052.6,47999.0,175.09,37.8088467614534,1195.0,1217.95,1184.3,1211.2
2012-01-18,1093.75,1192.0,1093.75,1183.8,1181.1690416080012,82388,510,97314155.0,79290.0,96.24,98.25,90.05,1326825000.0,0.0,-1.07383111185394,6227.93,-0.48686565256294,0.6502869446236493,0.03,-24.053894238891704,211.0383385811979,-161.2998620249714,259.85,1216.65,956.8000000000001,53915.7,53365.9,-2195.4,8673.2,31.65,2012,98182.79999999999,97743.29999999999,-14900.5,13284.2,48.47,201723.99999999997,200209.4,-31015.100000000002,26554.300000000003,96.88,404522.0,400988.19999999995,-65052.6,47999.0,175.09,37.40284360189573,1183.0,1234.0,1180.1,1196.65
2012-01-17,1153.9,1186.0,1153.9,1179.45,1180.01571663148,29841,651,35212849.0,26896.0,90.13,32.1,25.55,1326738600.0,0.0,-0.3674607197161617,6258.4,1.6670511291826615,0.650369882342496,0.03,-23.77379286955785,209.52399974434363,-160.05238083474552,259.85,1216.65,956.8000000000001,53915.7,53365.9,-2195.4,8673.2,31.65,2012,98182.79999999999,97743.29999999999,-14900.5,13284.2,48.47,201723.99999999997,200209.4,-31015.100000000002,26554.300000000003,96.88,404522.0,400988.19999999995,-65052.6,47999.0,175.09,37.2654028436019,1093.75,1192.0,1093.75,1183.8
2012-01-16,1160.0,1168.0,1150.0,1160.1,1158.381573229031,2301,265,2665436.0,1287.0,55.93,18.0,0.1,1326652200.0,0.0,-1.6405951926745654,6155.78,0.1509802326527198,0.6499287618203197,,-22.50237048530299,214.683923077173,,259.85,1216.65,956.8000000000001,53915.7,53365.9,-2195.4,8673.2,31.65,2012,98182.79999999999,97743.29999999999,-14900.5,13284.2,48.47,201723.99999999997,200209.4,-31015.100000000002,26554.300000000003,96.88,404522.0,400988.19999999995,-65052.6,47999.0,175.09,36.654028436018955,1153.9,1186.0,1153.9,1179.45
2012-01-13,1145.45,1165.0,1135.0,1160.75,1157.2588180331695,4281,450,4954225.0,2723.0,63.61,30.0,15.3,1326393000.0,0.0,0.05602965261615189,6146.5,0.8092292149131763,0.6502223548572663,0.03,-22.54576782252854,215.15903359635567,-162.4574746457189,259.85,1216.65,956.8000000000001,53915.7,53365.9,-2195.4,8673.2,31.65,2012,98182.79999999999,97743.29999999999,-14900.5,13284.2,48.47,201723.99999999997,200209.4,-31015.100000000002,26554.300000000003,96.88,404522.0,400988.19999999995,-65052.6,47999.0,175.09,36.674565560821485,1160.0,1168.0,1150.0,1160.1
2012-01-12,1132.3,1150.0,1132.0,1147.05,1139.125,3272,416,3727217.0,1293.0,39.52,18.0,14.75,1326306600.0,0.0,-1.1802713762653516,6097.16,-0.2143934955304738,0.6501179561388337,0.03,-21.62067913342923,217.7093925696554,-163.16796092435644,259.85,1216.65,956.8000000000001,53915.7,53365.9,-2195.4,8673.2,31.65,2012,98182.79999999999,97743.29999999999,-14900.5,13284.2,48.47,201723.99999999997,200209.4,-31015.100000000002,26554.300000000003,96.88,404522.0,400988.19999999995,-65052.6,47999.0,175.09,36.241706161137444,1145.45,1165.0,1135.0,1160.75
2012-01-11,1175.0,1175.0,1135.0,1139.05,1148.7881773399015,4872,467,5596896.0,1728.0,35.47,40.0,-35.95,1326220200.0,0.0,-0.697441262368681,6110.26,0.4831537540619157,0.6502625944535607,0.02,-21.070190070672933,217.02824429729665,-162.20253402524517,259.85,1216.65,956.8000000000001,53915.7,53365.9,-2195.4,8673.2,31.65,2012,98182.79999999999,97743.29999999999,-14900.5,13284.2,48.47,201723.99999999997,200209.4,-31015.100000000002,26554.300000000003,96.88,404522.0,400988.19999999995,-65052.6,47999.0,175.09,35.988941548183256,1132.3,1150.0,1132.0,1147.05
2012-01-10,1154.0,1175.0,1150.0,1165.25,1164.3194844579225,13190,704,15357374.0,9469.0,71.79,25.0,11.25,1326133800.0,0.0,2.300162416048468,6080.88,2.241935321157995,0.6502807826391251,0.02,-22.844883072302082,218.5599781610556,-164.97723110881063,259.85,1216.65,956.8000000000001,53915.7,53365.9,-2195.4,8673.2,31.65,2012,98182.79999999999,97743.29999999999,-14900.5,13284.2,48.47,201723.99999999997,200209.4,-31015.100000000002,26554.300000000003,96.88,404522.0,400988.19999999995,-65052.6,47999.0,175.09,36.816745655608216,1175.0,1175.0,1135.0,1139.05
2012-01-09,1140.0,1154.8,1130.5,1149.4,1141.6353887399464,2238,472,2554980.0,823.0,36.77,24.3,9.4,1326047400.0,0.0,-1.3602231280840926,5947.54,0.0900341456601117,0.6500256991558137,0.01,-21.780929180441976,225.70188683052152,-168.49645571124648,259.85,1216.65,956.8000000000001,53915.7,53365.9,-2195.4,8673.2,31.65,2012,98182.79999999999,97743.29999999999,-14900.5,13284.2,48.47,201723.99999999997,200209.4,-31015.100000000002,26554.300000000003,96.88,404522.0,400988.19999999995,-65052.6,47999.0,175.09,36.31595576619274,1154.0,1175.0,1150.0,1165.25
2012-01-07,1145.0,1150.0,1139.0,1139.7,1145.057471264368,174,24,199240.0,159.0,91.38,11.0,-5.3,1325874600.0,0.0,-0.843918566208457,5942.19,0.1312685359935228,0.6502293758465715,,-21.11520575590068,225.99512974172825,,259.85,1216.65,956.8000000000001,53915.7,53365.9,-2195.4,8673.2,31.65,2012,98182.79999999999,97743.29999999999,-14900.5,13284.2,48.47,201723.99999999997,200209.4,-31015.100000000002,26554.300000000003,96.88,404522.0,400988.19999999995,-65052.6,47999.0,175.09,36.009478672985786,1140.0,1154.8,1130.5,1149.4
2012-01-06,1148.0,1155.0,1121.35,1148.15,1141.8792839991263,4581,580,5230949.0,1047.0,22.86,33.65,0.15,1325788200.0,0.0,0.7414231815390027,5934.4,-0.0062344454797913,0.6503064782120545,0.02,-21.695771458433143,226.4230587759504,-168.94714726745823,259.85,1216.65,956.8000000000001,53915.7,53365.9,-2195.4,8673.2,31.65,2012,98182.79999999999,97743.29999999999,-14900.5,13284.2,48.47,201723.99999999997,200209.4,-31015.100000000002,26554.300000000003,96.88,404522.0,400988.19999999995,-65052.6,47999.0,175.09,36.27646129541865,1145.0,1150.0,1139.0,1139.7
2012-01-05,1143.0,1154.0,1120.0,1149.8,1136.031409562123,6463,1006,7342171.0,1397.0,21.62,34.0,6.8,1325701800.0,0.0,0.14370944562991372,5934.77,0.0057292781278084,0.6503659976399052,0.02,-21.808140546181942,226.4027081083176,-169.05975635347136,259.85,1216.65,956.8000000000001,53915.7,53365.9,-2195.4,8673.2,31.65,2012,98182.79999999999,97743.29999999999,-14900.5,13284.2,48.47,201723.99999999997,200209.4,-31015.100000000002,26554.300000000003,96.88,404522.0,400988.19999999995,-65052.6,47999.0,175.09,36.32859399684044,1148.0,1155.0,1121.35,1148.15
2012-01-04,1162.6,1165.0,1133.0,1143.4,1150.6933501987714,5534,588,6367937.0,763.0,13.79,32.0,-19.2,1325615400.0,0.0,-0.5566185423551806,5934.43,-0.1339528371581133,0.6503680942965152,0.02,-21.370474024838217,226.4214086272818,-168.6347266998101,259.85,1216.65,956.8000000000001,53915.7,53365.9,-2195.4,8673.2,31.65,2012,98182.79999999999,97743.29999999999,-14900.5,13284.2,48.47,201723.99999999997,200209.4,-31015.100000000002,26554.300000000003,96.88,404522.0,400988.19999999995,-65052.6,47999.0,175.09,36.1263823064771,1143.0,1154.0,1120.0,1149.8
2012-01-03,1129.75,1187.0,1129.15,1176.3,1175.6310562015503,12384,1222,14559015.0,4924.0,39.76,57.85,46.55,1325529000.0,0.0,2.877383242959586,5942.39,2.7059211902181746,0.6503988089796591,0.02,-23.56966760180226,225.98415788933409,-170.55648676511677,259.85,1216.65,956.8000000000001,53915.7,53365.9,-2195.4,8673.2,31.65,2012,98182.79999999999,97743.29999999999,-14900.5,13284.2,48.47,201723.99999999997,200209.4,-31015.100000000002,26554.300000000003,96.88,404522.0,400988.19999999995,-65052.6,47999.0,175.09,37.165876777251185,1162.6,1165.0,1133.0,1143.4
2012-01-02,1152.8,1156.4,1134.65,1152.2,1146.2558025897872,4093,451,4691625.0,1543.0,37.7,21.75,-0.6,1325442600.0,0.0,-2.0487970755759477,5785.83,0.123730678978573,0.6500846832724739,,-21.97101197708732,234.80503229441584,,259.85,1216.65,956.8000000000001,53915.7,53365.9,-2195.4,8673.2,31.65,2012,98182.79999999999,97743.29999999999,-14900.5,13284.2,48.47,201723.99999999997,200209.4,-31015.100000000002,26554.300000000003,96.88,404522.0,400988.19999999995,-65052.6,47999.0,175.09,36.404423380726705,1129.75,1187.0,1129.15,1176.3
2011-12-30,1115.2,1179.9,1115.2,1160.45,1165.125428711416,2041,377,2378021.0,623.0,30.52,64.7,45.25,1325183400.0,0.0,0.7160215240409551,5778.68,-0.3277172938140782,0.6505467206545369,0.02,-22.52574432332286,235.21928883412815,-175.55387037464416,259.85,1216.65,956.8000000000001,46508.1,789.4,-8402.6,6168.6,22.51,2011,104824.29999999999,104113.5,-9120.5,16457.1,60.05,200919.3,199683.2,-24930.300000000003,27965.5,102.04,398838.89999999997,396035.4,-57968.600000000006,48292.2,176.18,51.55264326965793,1152.8,1156.4,1134.65,1152.2
2011-12-29,1174.0,1175.0,1142.0,1155.05,1156.845132743363,2260,316,2614470.0,1006.0,44.51,33.0,-18.95,1325097000.0,0.0,-0.46533672282305094,5797.68,-0.9194255128616936,0.6505825064950624,0.02,-22.16354270377906,234.1207172524182,-174.48537410614918,259.85,1216.65,956.8000000000001,46508.1,789.4,-8402.6,6168.6,22.51,2011,104824.29999999999,104113.5,-9120.5,16457.1,60.05,200919.3,199683.2,-24930.300000000003,27965.5,102.04,398838.89999999997,396035.4,-57968.600000000006,48292.2,176.18,51.31274988893824,1115.2,1179.9,1115.2,1160.45
2011-12-28,1188.0,1203.9,1170.0,1174.0,1190.9632587859426,8764,518,10437602.0,3940.0,44.96,33.9,-14.0,1325010600.0,0.0,1.6406216181117816,5851.48,-0.9709165065960534,0.6504580734553629,0.01,-23.41993185689949,231.04872613424297,-173.71093655176037,259.85,1216.65,956.8000000000001,46508.1,789.4,-8402.6,6168.6,22.51,2011,104824.29999999999,104113.5,-9120.5,16457.1,60.05,200919.3,199683.2,-24930.300000000003,27965.5,102.04,398838.89999999997,396035.4,-57968.600000000006,48292.2,176.18,52.15459795646379,1174.0,1175.0,1142.0,1155.05
2011-12-27,1189.0,1197.7,1181.1,1189.3,1189.9537588652483,7050,425,8389174.0,4586.0,65.05,16.6,0.3,1324924200.0,0.0,1.3032367972742653,5908.85,-0.627129532772519,0.6505878351245808,0.02,-24.405112250903894,227.83451940732968,-172.63846724206533,259.85,1216.65,956.8000000000001,46508.1,789.4,-8402.6,6168.6,22.51,2011,104824.29999999999,104113.5,-9120.5,16457.1,60.05,200919.3,199683.2,-24930.300000000003,27965.5,102.04,398838.89999999997,396035.4,-57968.600000000006,48292.2,176.18,52.834295868502885,1188.0,1203.9,1170.0,1174.0
2011-12-26,1175.0,1194.0,1175.0,1191.15,1188.1198645009986,11513,824,13678824.0,9381.0,81.48,19.0,16.15,1324837800.0,0.0,0.1555536870428087,5946.14,1.1621635875824987,0.650703871832224,,-24.522520253536506,225.77857231750343,,259.85,1216.65,956.8000000000001,46508.1,789.4,-8402.6,6168.6,22.51,2011,104824.29999999999,104113.5,-9120.5,16457.1,60.05,200919.3,199683.2,-24930.300000000003,27965.5,102.04,398838.89999999997,396035.4,-57968.600000000006,48292.2,176.18,52.91648156374944,1189.0,1197.7,1181.1,1189.3
2011-12-23,1148.7,1189.7,1148.7,1178.5,1177.0937808489637,21273,1161,25040316.0,16814.0,79.04,41.0,29.8,1324578600.0,0.0,-1.061998908617734,5877.83,-0.376269273207086,0.6504847233767558,0.01,-23.712346202800173,229.5646522611236,-173.04414067872452,259.85,1216.65,956.8000000000001,46508.1,789.4,-8402.6,6168.6,22.51,2011,104824.29999999999,104113.5,-9120.5,16457.1,60.05,200919.3,199683.2,-24930.300000000003,27965.5,102.04,398838.89999999997,396035.4,-57968.600000000006,48292.2,176.18,52.35450910706352,1175.0,1194.0,1175.0,1191.15
2011-12-22,1124.0,1173.8,1124.0,1168.6,1149.795960044395,22525,1076,25899154.0,19244.0,85.43,49.8,44.6,1324492200.0,0.0,-0.8400509121765043,5900.03,0.9243943284199974,0.6505831850350885,0.01,-23.066061954475437,228.3246017393132,-171.61370274405556,259.85,1216.65,956.8000000000001,46508.1,789.4,-8402.6,6168.6,22.51,2011,104824.29999999999,104113.5,-9120.5,16457.1,60.05,200919.3,199683.2,-24930.300000000003,27965.5,102.04,398838.89999999997,396035.4,-57968.600000000006,48292.2,176.18,51.9147045757441,1148.7,1189.7,1148.7,1178.5
2011-12-21,1117.8,1135.0,1103.15,1124.05,1119.897663174859,3723,340,4169379.0,2032.0,54.58,31.85,6.25,1324405800.0,0.0,-3.812253979120306,5845.99,2.6629905081352545,0.6505222223781932,0.01,-20.016903162670697,231.35961573659893,-170.52496933798406,259.85,1216.65,956.8000000000001,46508.1,789.4,-8402.6,6168.6,22.51,2011,104824.29999999999,104113.5,-9120.5,16457.1,60.05,200919.3,199683.2,-24930.300000000003,27965.5,102.04,398838.89999999997,396035.4,-57968.600000000006,48292.2,176.18,49.93558418480675,1124.0,1173.8,1124.0,1168.6
2011-12-20,1135.0,1142.95,1108.0,1115.7,1123.1262879010894,3397,464,3815260.0,1129.0,33.24,34.95,-19.3,1324319400.0,0.0,-0.7428495173702143,5694.35,-1.612903225806439,0.6509430349421566,0.01,-19.418302411042397,240.183690851458,-175.7676936471497,259.85,1216.65,956.8000000000001,46508.1,789.4,-8402.6,6168.6,22.51,2011,104824.29999999999,104113.5,-9120.5,16457.1,60.05,200919.3,199683.2,-24930.300000000003,27965.5,102.04,398838.89999999997,396035.4,-57968.600000000006,48292.2,176.18,49.56463793869391,1117.8,1135.0,1103.15,1124.05
2011-12-19,1134.0,1139.95,1120.05,1130.9,1128.0665770006724,4461,398,5032305.0,1932.0,43.31,19.9,-3.1,1324233000.0,0.0,1.3623733978668229,5787.7,-1.1639622531959382,0.6505539372383685,0.01,-20.501370589795755,234.69685712804744,-173.18782951254548,259.85,1216.65,956.8000000000001,46508.1,789.4,-8402.6,6168.6,22.51,2011,104824.29999999999,104113.5,-9120.5,16457.1,60.05,200919.3,199683.2,-24930.300000000003,27965.5,102.04,398838.89999999997,396035.4,-57968.600000000006,48292.2,176.18,50.23989338071968,1135.0,1142.95,1108.0,1115.7
2011-12-16,1145.0,1166.85,1125.25,1132.25,1147.452217480052,5389,419,6183620.0,2406.0,44.65,41.6,-12.75,1323973800.0,0.0,0.11937394995136241,5855.86,-1.9797024838763224,0.6505199608663512,0.0,-20.596158092294104,230.8011120484438,-170.7368884699581,259.85,1216.65,956.8000000000001,46508.1,789.4,-8402.6,6168.6,22.51,2011,104824.29999999999,104113.5,-9120.5,16457.1,60.05,200919.3,199683.2,-24930.300000000003,27965.5,102.04,398838.89999999997,396035.4,-57968.600000000006,48292.2,176.18,50.2998667258996,1134.0,1139.95,1120.05,1130.9
2011-12-15,1140.0,1151.0,1133.5,1146.2,1144.9709920283435,4516,405,5170689.0,1891.0,41.87,17.5,6.2,1323887400.0,0.0,1.2320600574078133,5974.13,-0.4032795849504444,0.6498417909551378,0.0,-21.562554528005595,224.2522342165303,-167.29102803696668,259.85,1216.65,956.8000000000001,46508.1,789.4,-8402.6,6168.6,22.51,2011,104824.29999999999,104113.5,-9120.5,16457.1,60.05,200919.3,199683.2,-24930.300000000003,27965.5,102.04,398838.89999999997,396035.4,-57968.600000000006,48292.2,176.18,50.919591292758774,1145.0,1166.85,1125.25,1132.25
2011-12-14,1159.0,1159.0,1115.75,1149.75,1150.3168586387433,9550,579,10985526.0,5250.0,54.97,43.25,-9.25,1323801000.0,0.0,0.30971907171521984,5998.32,-0.8630634621042077,0.6499777507180035,0.01,-21.804740160904544,222.94459115218928,-166.71726427524223,259.85,1216.65,956.8000000000001,46508.1,789.4,-8402.6,6168.6,22.51,2011,104824.29999999999,104113.5,-9120.5,16457.1,60.05,200919.3,199683.2,-24930.300000000003,27965.5,102.04,398838.89999999997,396035.4,-57968.600000000006,48292.2,176.18,51.077298978231894,1140.0,1151.0,1133.5,1146.2
2011-12-13,1134.45,1167.95,1125.0,1147.75,1142.6885725429015,20512,759,23438828.0,16626.0,81.05,42.95,13.3,1323714600.0,0.0,-0.17395085888236572,6050.54,0.4380701011761134,0.6498551712091254,0.01,-21.668481812241346,220.1573743831129,-164.7423914832186,259.85,1216.65,956.8000000000001,46508.1,789.4,-8402.6,6168.6,22.51,2011,104824.29999999999,104113.5,-9120.5,16457.1,60.05,200919.3,199683.2,-24930.300000000003,27965.5,102.04,398838.89999999997,396035.4,-57968.600000000006,48292.2,176.18,50.98844957796535,1159.0,1159.0,1115.75,1149.75
2011-12-12,1214.85,1214.85,1135.0,1150.15,1168.631244778613,5985,590,6994258.0,1796.0,30.01,79.85,-64.7,1323628200.0,0.0,0.2091047702025728,6024.15,-2.074843257003256,0.6498290503305715,0.01,-21.831934965004574,221.55988811699575,-165.8114883609163,259.85,1216.65,956.8000000000001,46508.1,789.4,-8402.6,6168.6,22.51,2011,104824.29999999999,104113.5,-9120.5,16457.1,60.05,200919.3,199683.2,-24930.300000000003,27965.5,102.04,398838.89999999997,396035.4,-57968.600000000006,48292.2,176.18,51.09506885828521,1134.45,1167.95,1125.0,1147.75
2011-12-09,1208.0,1220.0,1200.0,1204.45,1208.0862068965516,6438,548,7777659.0,2395.0,37.2,20.0,-3.55,1323369000.0,0.0,4.72112333173933,6151.79,-1.3518085851871977,0.649085683929668,0.01,-25.355971605297036,214.8880244611731,-164.84022107413352,259.85,1216.65,956.8000000000001,46508.1,789.4,-8402.6,6168.6,22.51,2011,104824.29999999999,104113.5,-9120.5,16457.1,60.05,200919.3,199683.2,-24930.300000000003,27965.5,102.04,398838.89999999997,396035.4,-57968.600000000006,48292.2,176.18,53.50733007552199,1214.85,1214.85,1135.0,1150.15
2011-12-08,1220.0,1221.45,1197.0,1215.25,1208.1918638763934,10226,654,12354970.0,5827.0,56.98,24.45,-4.75,1323282600.0,0.0,0.896674830835642,6236.09,-2.098816599631381,0.6512321244900419,0.01,-26.01933758485908,210.6313411127806,-163.19272102067697,259.85,1216.65,956.8000000000001,46508.1,789.4,-8402.6,6168.6,22.51,2011,104824.29999999999,104113.5,-9120.5,16457.1,60.05,200919.3,199683.2,-24930.300000000003,27965.5,102.04,398838.89999999997,396035.4,-57968.600000000006,48292.2,176.18,53.98711683696135,1208.0,1220.0,1200.0,1204.45
2011-12-07,1185.0,1228.0,1185.0,1216.65,1215.4854231058391,131681,1600,160056336.0,119781.0,90.96,43.0,31.65,1323196200.0,0.0,0.11520263320305979,6369.78,0.2846482044177145,0.6505510966836618,0.02,-26.104467184481983,204.11175896184795,-158.89658480120974,259.85,1216.65,956.8000000000001,46508.1,789.4,-8402.6,6168.6,22.51,2011,104824.29999999999,104113.5,-9120.5,16457.1,60.05,200919.3,199683.2,-24930.300000000003,27965.5,102.04,398838.89999999997,396035.4,-57968.600000000006,48292.2,176.18,54.04931141714793,1220.0,1221.45,1197.0,1215.25
2011-12-05,1173.0,1199.95,1170.0,1186.1,1189.0594669542445,6491,608,7718185.0,2247.0,34.62,29.95,13.1,1323023400.0,0.0,-2.5109933012781194,6351.7,-0.0891878245249278,0.6505411265405298,0.01,-24.201163476941232,204.977407623156,-157.5508917362011,259.85,1186.1,926.2499999999999,46508.1,789.4,-8402.6,6168.6,22.51,2011,104824.29999999999,104113.5,-9120.5,16457.1,60.05,200919.3,199683.2,-24930.300000000003,27965.5,102.04,398838.89999999997,396035.4,-57968.600000000006,48292.2,176.18,52.6921368280764,1185.0,1228.0,1185.0,1216.65
2011-12-02,1161.9,1182.0,1161.0,1174.25,1169.867067669173,86450,1068,101135008.0,79983.0,92.52,21.0,12.35,1322764200.0,0.0,-0.9990725908439302,6357.37,2.132988465122243,0.6512406943205515,0.02,-23.43623589525229,204.70540490800445,-156.75570110482434,259.85,1176.05,916.1999999999999,46508.1,789.4,-8402.6,6168.6,22.51,2011,104824.29999999999,104113.5,-9120.5,16457.1,60.05,200919.3,199683.2,-24930.300000000003,27965.5,102.04,398838.89999999997,396035.4,-57968.600000000006,48292.2,176.18,52.16570413149711,1173.0,1199.95,1170.0,1186.1
2011-12-01,1164.9,1172.0,1155.0,1163.15,1164.7508912655971,4488,364,5227402.0,1972.0,44.0,17.0,-1.75,1322677800.0,0.0,-0.9452842239727421,6224.6,1.759032205329425,0.6505918034281297,0.01,-22.705583974551867,211.20473604729625,-160.11714817409018,259.85,1176.05,916.1999999999999,46508.1,789.4,-8402.6,6168.6,22.51,2011,104824.29999999999,104113.5,-9120.5,16457.1,60.05,200919.3,199683.2,-24930.300000000003,27965.5,102.04,398838.89999999997,396035.4,-57968.600000000006,48292.2,176.18,51.67258996001777,1161.9,1182.0,1161.0,1174.25
2011-11-30,1145.0,1149.5,1140.0,1143.9,1144.0949885600412,40647,598,46504029.0,36009.0,88.59,9.5,-1.1,1322591400.0,0.0,-1.6549886085199694,6117.0,0.1847447966824456,0.6501760621757937,0.01,-21.404843080688885,216.67892757887853,-162.28779320977637,259.85,1176.05,916.1999999999999,46508.1,789.4,-8402.6,6168.6,22.51,2011,104824.29999999999,104113.5,-9120.5,16457.1,60.05,200919.3,199683.2,-24930.300000000003,27965.5,102.04,398838.89999999997,396035.4,-57968.600000000006,48292.2,176.18,50.81741448245224,1164.9,1172.0,1155.0,1163.15
2011-11-29,1175.0,1178.5,1145.0,1153.2,1165.9458086367486,3543,445,4130946.0,1112.0,31.39,33.5,-21.8,1322505000.0,0.0,0.8130081300812941,6105.72,-0.969267599602941,0.6504778999454054,0.02,-22.038674991328488,217.2639754197703,-163.37107989817196,259.85,1176.05,916.1999999999999,46508.1,789.4,-8402.6,6168.6,22.51,2011,104824.29999999999,104113.5,-9120.5,16457.1,60.05,200919.3,199683.2,-24930.300000000003,27965.5,102.04,398838.89999999997,396035.4,-57968.600000000006,48292.2,176.18,51.23056419369169,1145.0,1149.5,1140.0,1143.9
2011-11-28,1140.0,1188.0,1132.75,1176.05,1153.7492833073482,19883,766,22939997.0,15119.0,76.04,55.25,36.05,1322418600.0,0.0,1.9814429413804957,6165.48,2.605289128014454,0.6503823603629645,0.03,-23.553420347774335,214.18883850081423,-162.8685512245248,259.85,1176.05,916.1999999999999,46508.1,789.4,-8402.6,6168.6,22.51,2011,104824.29999999999,104113.5,-9120.5,16457.1,60.05,200919.3,199683.2,-24930.300000000003,27965.5,102.04,398838.89999999997,396035.4,-57968.600000000006,48292.2,176.18,52.245668591737,1175.0,1178.5,1145.0,1153.2
2011-11-25,1121.8,1130.7,1114.45,1117.7,1120.805486284289,1604,215,1797772.0,489.0,30.49,16.25,-4.1,1322159400.0,0.0,-4.961523744738738,6008.93,-0.5142392619855274,0.649674713419227,0.02,-19.562494408159626,222.37436615171083,-164.04050351528625,259.85,1175.65,915.8000000000001,46508.1,789.4,-8402.6,6168.6,22.51,2011,104824.29999999999,104113.5,-9120.5,16457.1,60.05,200919.3,199683.2,-24930.300000000003,27965.5,102.04,398838.89999999997,396035.4,-57968.600000000006,48292.2,176.18,49.65348733896046,1140.0,1188.0,1132.75,1176.05
2011-11-24,1103.55,1149.35,1093.9,1123.35,1109.0871179039298,4580,570,5079619.0,1527.0,33.34,55.45,19.8,1322073000.0,0.0,0.5055023709403139,6039.99,1.1303512108872704,0.6523822680892667,,-19.9670628032225,220.7165905903818,,259.85,1175.65,915.8000000000001,46508.1,789.4,-8402.6,6168.6,22.51,2011,104824.29999999999,104113.5,-9120.5,16457.1,60.05,200919.3,199683.2,-24930.300000000003,27965.5,102.04,398838.89999999997,396035.4,-57968.600000000006,48292.2,176.18,49.90448689471345,1121.8,1130.7,1114.45,1117.7
2011-11-23,1112.05,1125.65,1101.0,1108.35,1115.270984081042,2764,363,3082609.0,999.0,36.14,24.65,-3.7,1321986600.0,0.0,-1.335291761249835,5972.48,-2.1184121250659715,0.6521981954164003,0.02,-18.88392655749538,224.34181445563647,-165.20620913799408,259.85,1175.65,915.8000000000001,46508.1,789.4,-8402.6,6168.6,22.51,2011,104824.29999999999,104113.5,-9120.5,16457.1,60.05,200919.3,199683.2,-24930.300000000003,27965.5,102.04,398838.89999999997,396035.4,-57968.600000000006,48292.2,176.18,49.23811639271434,1103.55,1149.35,1093.9,1123.35
2011-11-22,1108.0,1133.9,1106.5,1125.4,1126.318947611355,4333,386,4880340.0,1929.0,44.52,27.4,17.4,1321900200.0,0.0,1.538322731989017,6101.74,0.5450956224273495,0.6516127951023398,0.02,-20.112848764883605,217.47091813154935,-161.82664932615256,259.85,1175.65,915.8000000000001,46508.1,789.4,-8402.6,6168.6,22.51,2011,104824.29999999999,104113.5,-9120.5,16457.1,60.05,200919.3,199683.2,-24930.300000000003,27965.5,102.04,398838.89999999997,396035.4,-57968.600000000006,48292.2,176.18,49.99555752998668,1112.05,1125.65,1101.0,1108.35
2011-11-21,1130.0,1130.0,1104.1,1108.75,1122.3625088589652,22576,337,25338456.0,20356.0,90.17,25.9,-21.25,1321813800.0,0.0,-1.4794739648125166,6068.66,-2.3401694217004,0.6518287187263159,0.02,-18.91319052987599,219.2014382087644,-161.80194656608603,259.85,1175.65,915.8000000000001,46508.1,789.4,-8402.6,6168.6,22.51,2011,104824.29999999999,104113.5,-9120.5,16457.1,60.05,200919.3,199683.2,-24930.300000000003,27965.5,102.04,398838.89999999997,396035.4,-57968.600000000006,48292.2,176.18,49.255886272767654,1108.0,1133.9,1106.5,1125.4
2011-11-18,1140.0,1140.0,1128.25,1134.25,1134.72748992086,6697,635,7599270.0,4450.0,66.45,11.75,-5.75,1321554600.0,0.0,2.2998872604284015,6214.08,-0.6376759685063571,0.6511152798489223,0.01,-20.736169274851225,211.731583758175,-158.60132753361236,259.85,1175.65,915.8000000000001,46508.1,789.4,-8402.6,6168.6,22.51,2011,104824.29999999999,104113.5,-9120.5,16457.1,60.05,200919.3,199683.2,-24930.300000000003,27965.5,102.04,398838.89999999997,396035.4,-57968.600000000006,48292.2,176.18,50.388716126166145,1130.0,1130.0,1104.1,1108.75
2011-11-17,1154.0,1160.0,1139.5,1143.5,1147.8771336134766,26891,405,30867564.0,25789.0,95.9,20.5,-10.5,1321468200.0,0.0,0.8155168613621422,6253.96,-1.8060948439234448,0.6516302294901726,0.02,-21.377350240489722,209.74374636230488,-158.0596832120972,259.85,1175.65,915.8000000000001,46508.1,789.4,-8402.6,6168.6,22.51,2011,104824.29999999999,104113.5,-9120.5,16457.1,60.05,200919.3,199683.2,-24930.300000000003,27965.5,102.04,398838.89999999997,396035.4,-57968.600000000006,48292.2,176.18,50.79964460239893,1140.0,1140.0,1128.25,1134.25
2011-11-16,1154.0,1160.0,1135.1,1154.65,1152.8805864688215,5661,412,6526457.0,3559.0,62.87,24.9,0.65,1321381800.0,0.0,0.975076519457807,6368.99,-0.7674989288357414,0.6511258523465951,0.01,-22.136578183865254,204.14948052987992,-155.06707144147447,259.85,1175.65,915.8000000000001,46508.1,789.4,-8402.6,6168.6,22.51,2011,104824.29999999999,104113.5,-9120.5,16457.1,60.05,200919.3,199683.2,-24930.300000000003,27965.5,102.04,398838.89999999997,396035.4,-57968.600000000006,48292.2,176.18,51.29498000888494,1154.0,1160.0,1139.5,1143.5
2011-11-15,1170.0,1173.0,1144.95,1147.6,1158.1021806853582,3210,295,3717508.0,1140.0,35.51,28.05,-22.4,1321295400.0,0.0,-0.6105746330056894,6418.25,-1.8341523698527264,0.6511230191067499,0.01,-21.65824329034507,201.81513652475363,-153.06821305559248,259.85,1175.65,915.8000000000001,46508.1,789.4,-8402.6,6168.6,22.51,2011,104824.29999999999,104113.5,-9120.5,16457.1,60.05,200919.3,199683.2,-24930.300000000003,27965.5,102.04,398838.89999999997,396035.4,-57968.600000000006,48292.2,176.18,50.98178587294535,1154.0,1160.0,1135.1,1154.65
2011-11-14,1175.0,1195.0,1167.1,1171.35,1180.4062660338636,31184,470,36809789.0,28054.0,89.96,27.9,-3.65,1321209000.0,0.0,2.0695364238410674,6538.17,-0.7242778858373988,0.6505676883929433,0.01,-23.246681179835228,196.27938704561063,-150.94320261239804,259.85,1175.65,915.8000000000001,46508.1,789.4,-8402.6,6168.6,22.51,2011,104824.29999999999,104113.5,-9120.5,16457.1,60.05,200919.3,199683.2,-24930.300000000003,27965.5,102.04,398838.89999999997,396035.4,-57968.600000000006,48292.2,176.18,52.03687250111061,1170.0,1173.0,1144.95,1147.6
2011-11-11,1160.0,1204.0,1152.5,1175.65,1181.7353861686015,29715,1807,35115267.0,16601.0,55.87,51.5,15.65,1320949800.0,0.0,0.3670977931446773,6585.87,-1.0499192427600224,0.6509491416343917,,-23.527410368732205,194.13350096494463,,259.85,1175.65,915.8000000000001,46508.1,789.4,-8402.6,6168.6,22.51,2011,104824.29999999999,104113.5,-9120.5,16457.1,60.05,200919.3,199683.2,-24930.300000000003,27965.5,102.04,398838.89999999997,396035.4,-57968.600000000006,48292.2,176.18,52.22789871168369,1175.0,1195.0,1167.1,1171.35
2011-11-09,1157.6,1182.65,1157.1,1160.85,1171.661964680712,27577,862,32310922.0,17216.0,62.43,25.55,3.25,1320777000.0,0.0,-1.2588780674520628,6655.75,-1.2869075657172768,0.6507629388999783,0.01,-22.55244002239738,191.04533673890995,-146.88115719235742,259.85,1166.35,906.4999999999999,46508.1,789.4,-8402.6,6168.6,22.51,2011,104824.29999999999,104113.5,-9120.5,16457.1,60.05,200919.3,199683.2,-24930.300000000003,27965.5,102.04,398838.89999999997,396035.4,-57968.600000000006,48292.2,176.18,51.57041314971123,1160.0,1204.0,1152.5,1175.65
2011-11-08,1108.6,1161.4,1108.6,1156.15,1156.032239675703,15788,333,18251437.0,12732.0,80.64,52.8,47.55,1320690600.0,0.0,-0.40487573760604745,6742.52,0.0065261758982471,0.6506419874830173,0.01,-22.23759892747482,187.2998522807496,-144.10624065082249,259.85,1166.35,906.4999999999999,46508.1,789.4,-8402.6,6168.6,22.51,2011,104824.29999999999,104113.5,-9120.5,16457.1,60.05,200919.3,199683.2,-24930.300000000003,27965.5,102.04,398838.89999999997,396035.4,-57968.600000000006,48292.2,176.18,51.36161705908485,1157.6,1182.65,1157.1,1160.85
2011-11-04,1150.55,1165.0,1140.0,1150.6,1152.571165482768,11403,505,13142769.0,7840.0,68.75,25.0,0.05,1320345000.0,0.0,-0.4800415171042016,6742.08,0.5365264460714725,0.6506606129825755,0.01,-21.862506518338254,187.31860197446483,-143.7468362959528,259.85,1166.35,906.4999999999999,46508.1,789.4,-8402.6,6168.6,22.51,2011,104824.29999999999,104113.5,-9120.5,16457.1,60.05,200919.3,199683.2,-24930.300000000003,27965.5,102.04,398838.89999999997,396035.4,-57968.600000000006,48292.2,176.18,51.115059973345176,1108.6,1161.4,1108.6,1156.15
2011-11-03,1139.0,1155.0,1127.75,1148.65,1138.72180273714,8476,400,9651806.0,4739.0,55.91,27.25,9.65,1320258600.0,0.0,-0.1694767947157838,6706.1,0.1876436086136745,0.6506428320779685,0.01,-21.72985678840379,188.86014225854072,-144.61384818582798,259.85,1166.35,906.4999999999999,46508.1,789.4,-8402.6,6168.6,22.51,2011,104824.29999999999,104113.5,-9120.5,16457.1,60.05,200919.3,199683.2,-24930.300000000003,27965.5,102.04,398838.89999999997,396035.4,-57968.600000000006,48292.2,176.18,51.028431808085294,1150.55,1165.0,1140.0,1150.6
2011-11-02,1141.7,1154.0,1137.0,1143.0,1142.5008342181102,6593,358,7532508.0,5071.0,76.91,17.0,1.3,1320172200.0,0.0,-0.4918817742567416,6693.54,-0.0244952338846804,0.6506419777155251,0.01,-21.34295713035871,189.40216985332123,-144.5794530875583,259.85,1166.35,906.4999999999999,46508.1,789.4,-8402.6,6168.6,22.51,2011,104824.29999999999,104113.5,-9120.5,16457.1,60.05,200919.3,199683.2,-24930.300000000003,27965.5,102.04,398838.89999999997,396035.4,-57968.600000000006,48292.2,176.18,50.7774322523323,1139.0,1155.0,1127.75,1148.65
2011-11-01,1140.0,1158.85,1134.95,1143.4,1141.3905731356494,4519,370,5157944.0,1695.0,37.51,23.9,3.4,1320085800.0,0.0,0.034995625546807574,6695.18,-1.0066151530474965,0.650669134323757,0.01,-21.370474024838217,189.3312801149484,-144.5659874662972,259.85,1166.35,906.4999999999999,46508.1,789.4,-8402.6,6168.6,22.51,2011,104824.29999999999,104113.5,-9120.5,16457.1,60.05,200919.3,199683.2,-24930.300000000003,27965.5,102.04,398838.89999999997,396035.4,-57968.600000000006,48292.2,176.18,50.795202132385604,1141.7,1154.0,1137.0,1143.0
2011-10-31,1170.0,1170.0,1146.05,1152.45,1153.7413024085638,2242,269,2586688.0,786.0,35.06,23.95,-17.55,1319999400.0,0.0,0.7914990379569664,6763.26,-0.279113383730023,0.6504832121924436,0.01,-21.98793873920778,186.41882760680497,-143.25375170190975,259.85,1166.35,906.4999999999999,46508.1,789.4,-8402.6,6168.6,22.51,2011,104824.29999999999,104113.5,-9120.5,16457.1,60.05,200919.3,199683.2,-24930.300000000003,27965.5,102.04,398838.89999999997,396035.4,-57968.600000000006,48292.2,176.18,51.197245668591734,1140.0,1158.85,1134.95,1143.4
2011-10-28,1108.0,1190.0,1082.3,1161.8,1168.120032166589,23627,1175,27599172.0,11992.0,50.76,107.7,53.8,1319740200.0,0.0,0.811315024512993,6782.19,2.5423190667126283,0.6505360959610259,0.01,-22.615768634876922,185.61939432543176,-143.3713793930339,259.85,1166.35,906.4999999999999,46508.1,789.4,-8402.6,6168.6,22.51,2011,104824.29999999999,104113.5,-9120.5,16457.1,60.05,200919.3,199683.2,-24930.300000000003,27965.5,102.04,398838.89999999997,396035.4,-57968.600000000006,48292.2,176.18,51.61261661483785,1170.0,1170.0,1146.05,1152.45
2011-10-26,1135.0,1139.95,1126.0,1128.65,1131.953168044077,726,80,821798.0,507.0,69.83,13.95,-6.35,1319567400.0,0.0,-2.8533310380444044,6614.04,0.4588514588013348,0.6495201314143987,0.02,-20.342887520489093,192.88075064559632,-145.6298276244964,259.85,1166.35,906.4999999999999,46508.1,789.4,-8402.6,6168.6,22.51,2011,104824.29999999999,104113.5,-9120.5,16457.1,60.05,200919.3,199683.2,-24930.300000000003,27965.5,102.04,398838.89999999997,396035.4,-57968.600000000006,48292.2,176.18,50.13993780541981,1108.0,1190.0,1082.3,1161.8
2011-10-25,1057.0,1150.0,1056.95,1132.85,1131.6207444394008,4406,266,4985921.0,3330.0,75.58,93.05,75.85,1319481000.0,0.0,0.3721259912284447,6583.83,1.3213357402388717,0.650405764875171,0.01,-20.63821335569581,194.224638242482,-146.96653369175198,259.85,1166.35,906.4999999999999,46508.1,789.4,-8402.6,6168.6,22.51,2011,104824.29999999999,104113.5,-9120.5,16457.1,60.05,200919.3,199683.2,-24930.300000000003,27965.5,102.04,398838.89999999997,396035.4,-57968.600000000006,48292.2,176.18,50.32652154597956,1135.0,1139.95,1126.0,1128.65
2011-10-24,1125.5,1152.0,1123.85,1129.8,1137.4517331345508,8049,520,9155349.0,2841.0,35.3,28.15,4.3,1319394600.0,0.0,-0.26923246678730584,6497.97,0.5703345549997518,0.6501318783381436,0.02,-20.423968844043195,198.1123335441684,-149.23010973549944,259.85,1166.35,906.4999999999999,46508.1,789.4,-8402.6,6168.6,22.51,2011,104824.29999999999,104113.5,-9120.5,16457.1,60.05,200919.3,199683.2,-24930.300000000003,27965.5,102.04,398838.89999999997,396035.4,-57968.600000000006,48292.2,176.18,50.19102621057307,1057.0,1150.0,1056.95,1132.85
2011-10-21,1120.05,1124.95,1110.0,1117.0,1119.1323992994744,2855,269,3195123.0,851.0,29.81,14.95,-3.05,1319135400.0,0.0,-1.1329438838732497,6461.12,-0.8373646342361818,0.6500894775336338,0.02,-19.512085944494185,199.8125711950869,-149.41513416780955,259.85,1166.35,906.4999999999999,46508.1,789.4,-8402.6,6168.6,22.51,2011,104824.29999999999,104113.5,-9120.5,16457.1,60.05,200919.3,199683.2,-24930.300000000003,27965.5,102.04,398838.89999999997,396035.4,-57968.600000000006,48292.2,176.18,49.62239004886717,1125.5,1152.0,1123.85,1129.8
2011-10-20,1124.9,1134.5,1094.8,1116.95,1111.428390768258,15815,1392,17577240.0,1018.0,6.44,39.7,-7.95,1319049000.0,0.0,-0.0044762757385852225,6515.68,-0.8109362987996471,0.6501059217068118,0.03,-19.50848292224362,197.30204675490504,-147.78620870483041,259.85,1166.35,906.4999999999999,46508.1,789.4,-8402.6,6168.6,22.51,2011,104824.29999999999,104113.5,-9120.5,16457.1,60.05,200919.3,199683.2,-24930.300000000003,27965.5,102.04,398838.89999999997,396035.4,-57968.600000000006,48292.2,176.18,49.6201688138605,1120.05,1124.95,1110.0,1117.0
2011-10-19,1125.05,1128.0,1108.65,1121.9,1122.3865905848786,2103,189,2360379.0,1093.0,51.97,19.35,-3.15,1318962600.0,0.0,0.44317113568199673,6568.95,1.713141673286045,0.6499839463778271,0.03,-19.863624208931284,194.89111654069524,-146.55022173364205,259.85,1166.35,906.4999999999999,46508.1,789.4,-8402.6,6168.6,22.51,2011,104824.29999999999,104113.5,-9120.5,16457.1,60.05,200919.3,199683.2,-24930.300000000003,27965.5,102.04,398838.89999999997,396035.4,-57968.600000000006,48292.2,176.18,49.840071079520214,1124.9,1134.5,1094.8,1116.95
2011-10-18,1123.95,1138.0,1116.55,1121.8,1124.8435444790584,2889,205,3249673.0,1024.0,35.44,21.45,-2.15,1318876200.0,0.0,-0.008913450396663691,6458.31,-1.4374666157954907,0.6495143268547583,0.04,-19.856480656088426,199.9430191489724,-149.7363555748671,259.85,1166.35,906.4999999999999,46508.1,789.4,-8402.6,6168.6,22.51,2011,104824.29999999999,104113.5,-9120.5,16457.1,60.05,200919.3,199683.2,-24930.300000000003,27965.5,102.04,398838.89999999997,396035.4,-57968.600000000006,48292.2,176.18,49.835628609506884,1125.05,1128.0,1108.65,1121.9
2011-10-17,1124.3,1129.7,1105.0,1120.95,1120.6120218579238,30012,257,33631808.0,28367.0,94.52,24.7,-3.35,1318789800.0,0.0,-0.07577108218933537,6552.5,-0.2220164822112735,0.6491426695652541,0.04,-19.79570899683305,195.63143838229684,-146.80245745242513,259.85,1166.35,906.4999999999999,46508.1,789.4,-8402.6,6168.6,22.51,2011,104824.29999999999,104113.5,-9120.5,16457.1,60.05,200919.3,199683.2,-24930.300000000003,27965.5,102.04,398838.89999999997,396035.4,-57968.600000000006,48292.2,176.18,49.7978676143936,1123.95,1138.0,1116.55,1121.8
2011-10-14,1129.0,1130.0,1118.3,1125.25,1124.6086187845306,13575,384,15266562.0,10262.0,75.59,11.7,-3.75,1318530600.0,0.0,0.38360319371961715,6567.08,0.8512435404236962,0.6491325204356267,0.02,-20.10219951121973,194.9750878624899,-146.67388706714684,259.85,1166.35,906.4999999999999,46508.1,789.4,-8402.6,6168.6,22.51,2011,104824.29999999999,104113.5,-9120.5,16457.1,60.05,200919.3,199683.2,-24930.300000000003,27965.5,102.04,398838.89999999997,396035.4,-57968.600000000006,48292.2,176.18,49.98889382496668,1124.3,1129.7,1105.0,1120.95
2011-10-13,1115.0,1135.8,1115.0,1130.05,1127.1238805970147,10050,785,11327595.0,4166.0,41.45,20.8,15.05,1318444200.0,0.0,0.4265718729171253,6511.65,-0.3213096083666156,0.6490314844446642,0.02,-20.44157338170878,197.48604424377848,-148.62325320466408,259.85,1166.35,906.4999999999999,46508.1,789.4,-8402.6,6168.6,22.51,2011,104824.29999999999,104113.5,-9120.5,16457.1,60.05,200919.3,199683.2,-24930.300000000003,27965.5,102.04,398838.89999999997,396035.4,-57968.600000000006,48292.2,176.18,50.20213238560639,1129.0,1130.0,1118.3,1125.25
2011-10-12,1090.0,1113.0,1090.0,1109.65,1106.0692387185668,2903,329,3210919.0,1567.0,53.98,23.0,19.65,1318357800.0,0.0,-1.8052298570859548,6532.64,2.166045785672499,0.6490301543693763,0.02,-18.978957328887503,196.5301930000735,-146.53999822688112,259.85,1166.35,906.4999999999999,46508.1,789.4,-8402.6,6168.6,22.51,2011,104824.29999999999,104113.5,-9120.5,16457.1,60.05,200919.3,199683.2,-24930.300000000003,27965.5,102.04,398838.89999999997,396035.4,-57968.600000000006,48292.2,176.18,49.29586850288761,1115.0,1135.8,1115.0,1130.05
2011-10-11,1087.0,1091.0,1080.05,1085.8,1085.7933394160584,2192,252,2380059.0,610.0,27.83,10.95,-1.2,1318271400.0,0.0,-2.149326364168891,6394.14,0.1285638896762142,0.6486075345919676,0.02,-17.199300055258792,202.9531727487981,-148.8432849187826,259.85,1166.35,906.4999999999999,46508.1,789.4,-8402.6,6168.6,22.51,2011,104824.29999999999,104113.5,-9120.5,16457.1,60.05,200919.3,199683.2,-24930.300000000003,27965.5,102.04,398838.89999999997,396035.4,-57968.600000000006,48292.2,176.18,48.236339404709014,1090.0,1113.0,1090.0,1109.65
2011-10-10,1091.05,1096.75,1074.4,1083.35,1084.0026469031231,1889,344,2047681.0,607.0,32.13,22.35,-7.7,1318185000.0,0.0,-0.22564008104624111,6385.93,1.6563512833737803,0.6491290303633167,,-17.01204596852356,203.34266113158145,,259.85,1166.35,906.4999999999999,46508.1,789.4,-8402.6,6168.6,22.51,2011,104824.29999999999,104113.5,-9120.5,16457.1,60.05,200919.3,199683.2,-24930.300000000003,27965.5,102.04,398838.89999999997,396035.4,-57968.600000000006,48292.2,176.18,48.12749888938249,1087.0,1091.0,1080.05,1085.8
2011-10-07,1124.9,1140.0,1085.1,1093.35,1104.236585365854,2870,366,3169159.0,736.0,25.64,54.9,-31.55,1317925800.0,0.0,0.923062722111978,6281.88,2.25162975803892,0.648674668545162,0.01,-17.771070562948733,208.36708119225452,-152.93703114437182,259.85,1166.35,906.4999999999999,46508.1,789.4,-8402.6,6168.6,22.51,2011,104824.29999999999,104113.5,-9120.5,16457.1,60.05,200919.3,199683.2,-24930.300000000003,27965.5,102.04,398838.89999999997,396035.4,-57968.600000000006,48292.2,176.18,48.57174589071523,1091.05,1096.75,1074.4,1083.35
2011-10-05,1100.45,1113.85,1091.55,1103.65,1103.6756059085042,6973,815,7695930.0,4196.0,60.17,22.3,3.2,1317753000.0,0.0,0.9420588100791383,6143.55,-0.5503800050181695,0.6479086139266594,0.0,-18.53848593304037,215.31036615637535,-158.03992683345905,259.85,1166.35,906.4999999999999,46508.1,789.4,-8402.6,6168.6,22.51,2011,104824.29999999999,104113.5,-9120.5,16457.1,60.05,200919.3,199683.2,-24930.300000000003,27965.5,102.04,398838.89999999997,396035.4,-57968.600000000006,48292.2,176.18,49.02932030208796,1124.9,1140.0,1085.1,1093.35
2011-10-04,1106.0,1115.0,1086.0,1104.1,1102.4426996324755,2993,246,3299611.0,1952.0,65.22,29.0,-1.9,1317666600.0,0.0,0.04077379604039422,6177.55,-1.5456137750556542,0.647949443345956,0.01,-18.57168734716058,213.5749609473011,-156.96098491116516,259.85,1166.35,906.4999999999999,46508.1,789.4,-8402.6,6168.6,22.51,2011,104824.29999999999,104113.5,-9120.5,16457.1,60.05,200919.3,199683.2,-24930.300000000003,27965.5,102.04,398838.89999999997,396035.4,-57968.600000000006,48292.2,176.18,49.049311417147926,1100.45,1113.85,1091.55,1103.65
2011-10-03,1125.1,1125.2,1097.0,1102.75,1109.7409523809524,1575,213,1747842.0,617.0,39.17,28.2,-22.35,1317580200.0,0.0,-0.12227153337559526,6274.53,-1.741844353686961,0.6475224868917451,0.02,-18.472001813647697,208.72830315577423,-153.63532130803088,259.85,1166.35,906.4999999999999,46508.1,789.4,-8402.6,6168.6,22.51,2011,104824.29999999999,104113.5,-9120.5,16457.1,60.05,200919.3,199683.2,-24930.300000000003,27965.5,102.04,398838.89999999997,396035.4,-57968.600000000006,48292.2,176.18,48.989338071968014,1106.0,1115.0,1086.0,1104.1
2011-09-30,1138.0,1148.0,1120.0,1137.6,1138.333119315142,9345,352,10637723.0,4261.0,45.6,28.0,-0.4,1317321000.0,6.0,3.1602811153933263,6385.76,-1.22032902013256,0.6469828848139618,0.02,-20.969585091420527,203.35073663902185,-152.5410916534828,259.85,1166.35,906.4999999999999,39806.2,708.7,-7479.5,2789.0,10.18,2011,100423.79999999999,54155.3,-10598.0,14841.800000000001,54.16,198606.59999999998,151898.59999999998,-25498.5,28126.0,102.63,397168.5,348961.1,-57976.8,50763.2,185.2,111.74852652259331,1125.1,1125.2,1097.0,1102.75
2011-09-29,1155.0,1158.0,1128.0,1133.85,1137.8124109867751,4915,410,5592348.0,2005.0,40.79,30.0,-21.15,1317234600.0,6.0,-0.32964135021097407,6464.65,0.9440694295453468,0.6478296596711036,0.02,-20.708206552895003,199.64885956702997,-150.05370270673458,259.85,1166.35,906.4999999999999,39806.2,708.7,-7479.5,2789.0,10.18,2011,100423.79999999999,54155.3,-10598.0,14841.800000000001,54.16,198606.59999999998,151898.59999999998,-25498.5,28126.0,102.63,397168.5,348961.1,-57976.8,50763.2,185.2,111.38015717092337,1138.0,1148.0,1120.0,1137.6
2011-09-28,1134.0,1155.0,1134.0,1147.35,1148.0446763602251,8528,300,9790525.0,6967.0,81.7,21.0,13.35,1317148200.0,6.0,1.1906336817039342,6404.19,-0.6042103825475875,0.6476964201241692,0.02,-21.641173138100843,202.47775284618356,-152.79233488295776,259.85,1166.35,906.4999999999999,39806.2,708.7,-7479.5,2789.0,10.18,2011,100423.79999999999,54155.3,-10598.0,14841.800000000001,54.16,198606.59999999998,151898.59999999998,-25498.5,28126.0,102.63,397168.5,348961.1,-57976.8,50763.2,185.2,112.70628683693516,1155.0,1158.0,1128.0,1133.85
2011-09-27,1136.0,1143.8,1128.0,1132.85,1135.515710205142,3851,294,4372871.0,2559.0,66.45,15.8,-3.15,1317061800.0,6.0,-1.2637817579639998,6443.12,2.3791628994865865,0.6477852881457314,0.01,-20.63821335569581,200.65015085859025,-150.6199512932307,259.85,1166.35,906.4999999999999,39806.2,708.7,-7479.5,2789.0,10.18,2011,100423.79999999999,54155.3,-10598.0,14841.800000000001,54.16,198606.59999999998,151898.59999999998,-25498.5,28126.0,102.63,397168.5,348961.1,-57976.8,50763.2,185.2,111.2819253438114,1134.0,1155.0,1134.0,1147.35
2011-09-26,1155.0,1165.0,1126.0,1134.9,1141.1918126186956,4739,355,5408108.0,2515.0,53.07,39.0,-20.1,1316975400.0,6.0,0.18095952685706074,6293.39,-0.9906613218886196,0.6470049848196753,0.02,-20.781566657855333,207.80310770506836,-155.23827310435806,259.85,1166.35,906.4999999999999,39806.2,708.7,-7479.5,2789.0,10.18,2011,100423.79999999999,54155.3,-10598.0,14841.800000000001,54.16,198606.59999999998,151898.59999999998,-25498.5,28126.0,102.63,397168.5,348961.1,-57976.8,50763.2,185.2,111.48330058939098,1136.0,1143.8,1128.0,1132.85
2011-09-23,1142.1,1164.95,1137.0,1156.75,1154.4694478527608,8150,486,9408926.0,4543.0,55.74,27.95,14.65,1316716200.0,6.0,1.9252797603312999,6356.36,-0.9834114548040396,0.6468289732774628,0.01,-22.27793386643614,204.75382136946303,-154.72216962775016,259.85,1166.35,906.4999999999999,39806.2,708.7,-7479.5,2789.0,10.18,2011,100423.79999999999,54155.3,-10598.0,14841.800000000001,54.16,198606.59999999998,151898.59999999998,-25498.5,28126.0,102.63,397168.5,348961.1,-57976.8,50763.2,185.2,113.62966601178782,1155.0,1165.0,1126.0,1134.9
2011-09-22,1149.15,1172.5,1149.15,1156.4,1157.0108703299798,28426,613,32889191.0,21863.0,76.91,23.35,7.25,1316629800.0,6.0,-0.030257186081683596,6419.49,-3.722573001184815,0.6470663782852966,0.0,-22.254410238671753,201.75683738116268,-152.80447629719623,259.85,1166.35,906.4999999999999,39806.2,708.7,-7479.5,2789.0,10.18,2011,100423.79999999999,54155.3,-10598.0,14841.800000000001,54.16,198606.59999999998,151898.59999999998,-25498.5,28126.0,102.63,397168.5,348961.1,-57976.8,50763.2,185.2,113.59528487229863,1142.1,1164.95,1137.0,1156.75
2011-09-21,1144.0,1175.0,1144.0,1166.35,1166.2480197031218,15023,841,17520544.0,8605.0,57.28,31.0,22.35,1316543400.0,6.0,0.8604289173296253,6667.7,0.1641937456153597,0.6446201077629331,0.01,-22.917649076177817,190.5237188235824,-145.73662303455265,259.85,1166.35,906.4999999999999,39806.2,708.7,-7479.5,2789.0,10.18,2011,100423.79999999999,54155.3,-10598.0,14841.800000000001,54.16,198606.59999999998,151898.59999999998,-25498.5,28126.0,102.63,397168.5,348961.1,-57976.8,50763.2,185.2,114.57269155206286,1149.15,1172.5,1149.15,1156.4
2011-09-20,1136.8,1148.5,1131.2,1144.55,1145.2255234627162,12083,358,13837760.0,9333.0,77.24,17.3,7.75,1316457000.0,6.0,-1.8690787499464068,6656.77,1.7254342238373075,0.6446993701809165,0.01,-21.449477960770615,191.0007405994198,-144.59108813560337,259.85,1159.4,899.5500000000001,39806.2,708.7,-7479.5,2789.0,10.18,2011,100423.79999999999,54155.3,-10598.0,14841.800000000001,54.16,198606.59999999998,151898.59999999998,-25498.5,28126.0,102.63,397168.5,348961.1,-57976.8,50763.2,185.2,112.4312377210216,1144.0,1175.0,1144.0,1166.35
2011-09-19,1120.3,1138.0,1120.2,1136.7,1133.7670853343184,5414,275,6138215.0,3525.0,65.11,17.8,16.4,1316370600.0,6.0,-0.6858590712507051,6543.86,-0.7955927074711155,0.6445926739627291,0.01,-20.907011524588725,196.02176696934225,-147.2647605235164,259.85,1159.4,899.5500000000001,39806.2,708.7,-7479.5,2789.0,10.18,2011,100423.79999999999,54155.3,-10598.0,14841.800000000001,54.16,198606.59999999998,151898.59999999998,-25498.5,28126.0,102.63,397168.5,348961.1,-57976.8,50763.2,185.2,111.66011787819254,1136.8,1148.5,1131.2,1144.55
2011-09-16,1150.0,1153.0,1120.0,1123.25,1137.1504907306432,3668,373,4171068.0,1741.0,47.46,33.0,-26.75,1316111400.0,6.0,-1.183249758071614,6596.34,0.2756068900202413,0.6445277297178631,0.01,-19.95993768083686,193.66663937880705,-144.7870118044503,259.85,1159.4,899.5500000000001,39806.2,708.7,-7479.5,2789.0,10.18,2011,100423.79999999999,54155.3,-10598.0,14841.800000000001,54.16,198606.59999999998,151898.59999999998,-25498.5,28126.0,102.63,397168.5,348961.1,-57976.8,50763.2,185.2,110.33889980353635,1120.3,1138.0,1120.2,1136.7
2011-09-15,1105.1,1150.0,1103.0,1145.85,1131.0297801635993,15648,850,17698354.0,6062.0,38.74,47.0,40.75,1316025000.0,6.0,2.0120186957489405,6578.21,1.0404778764052436,0.6446757816548411,0.01,-21.538595802242877,194.4760048706259,-146.91611949750776,259.85,1159.4,899.5500000000001,39806.2,708.7,-7479.5,2789.0,10.18,2011,100423.79999999999,54155.3,-10598.0,14841.800000000001,54.16,198606.59999999998,151898.59999999998,-25498.5,28126.0,102.63,397168.5,348961.1,-57976.8,50763.2,185.2,112.55893909626718,1150.0,1153.0,1120.0,1123.25
2011-09-14,1116.0,1116.0,1102.0,1102.85,1104.3628509719222,1389,130,1533960.0,487.0,35.06,14.0,-13.15,1315938600.0,6.0,-3.7526726883972628,6510.47,1.0900164123553768,0.6449496929983615,0.01,-18.479394296595185,197.53996255262675,-145.88628300288966,259.85,1159.4,899.5500000000001,39806.2,708.7,-7479.5,2789.0,10.18,2011,100423.79999999999,54155.3,-10598.0,14841.800000000001,54.16,198606.59999999998,151898.59999999998,-25498.5,28126.0,102.63,397168.5,348961.1,-57976.8,50763.2,185.2,108.33497053045186,1105.1,1150.0,1103.0,1145.85
2011-09-13,1115.0,1119.0,1102.0,1110.05,1109.1868616062488,9986,482,11076340.0,3168.0,31.72,17.0,-4.95,1315852200.0,6.0,0.6528539692614688,6440.27,-0.0439229563408916,0.6463435334187315,0.01,-19.008152785910546,200.78319697776644,-148.78661033629507,259.85,1159.4,899.5500000000001,39806.2,708.7,-7479.5,2789.0,10.18,2011,100423.79999999999,54155.3,-10598.0,14841.800000000001,54.16,198606.59999999998,151898.59999999998,-25498.5,28126.0,102.63,397168.5,348961.1,-57976.8,50763.2,185.2,109.04223968565815,1116.0,1116.0,1102.0,1102.85
2011-09-12,1085.0,1107.95,1070.1,1103.6,1095.1691559814003,14194,855,15544831.0,1735.0,12.22,37.85,18.6,1315765800.0,6.0,-0.5810549074366067,6443.1,-2.1166955060669124,0.6463895806476341,0.01,-18.53479521565784,200.6510841054772,-148.23710143128392,259.85,1159.4,899.5500000000001,39806.2,708.7,-7479.5,2789.0,10.18,2011,100423.79999999999,54155.3,-10598.0,14841.800000000001,54.16,198606.59999999998,151898.59999999998,-25498.5,28126.0,102.63,397168.5,348961.1,-57976.8,50763.2,185.2,108.40864440078585,1115.0,1119.0,1102.0,1110.05
2011-09-09,1113.0,1119.95,1076.65,1087.7,1096.433660052594,4183,434,4586382.0,847.0,20.25,43.3,-25.3,1315506600.0,6.0,-1.4407393983327133,6582.43,-1.5885047572914202,0.6456251143293517,0.01,-17.343936747264877,194.28721611927512,-142.78418661586005,259.85,1159.4,899.5500000000001,39806.2,708.7,-7479.5,2789.0,10.18,2011,100423.79999999999,54155.3,-10598.0,14841.800000000001,54.16,198606.59999999998,151898.59999999998,-25498.5,28126.0,102.63,397168.5,348961.1,-57976.8,50763.2,185.2,106.84675834970531,1085.0,1107.95,1070.1,1103.6
2011-09-08,1122.0,1124.9,1109.0,1115.2,1116.6992341610585,4309,315,4811857.0,1374.0,31.89,15.9,-6.8,1315420200.0,6.0,2.528270662866605,6688.68,0.4562726221407853,0.645404159160724,0.02,-19.382173601147777,189.61244969111996,-141.7659291772669,259.85,1159.4,899.5500000000001,39806.2,708.7,-7479.5,2789.0,10.18,2011,100423.79999999999,54155.3,-10598.0,14841.800000000001,54.16,198606.59999999998,151898.59999999998,-25498.5,28126.0,102.63,397168.5,348961.1,-57976.8,50763.2,185.2,109.54813359528488,1113.0,1119.95,1076.65,1087.7
2011-09-07,1116.95,1122.0,1104.15,1116.85,1118.2444444444443,6345,352,7095261.0,3180.0,50.12,17.85,-0.1,1315333800.0,6.0,0.14795552367288245,6658.3,1.3213177569098011,0.6460891253359401,0.02,-19.50127590992523,190.93387200937173,-142.86865249095783,259.85,1159.4,899.5500000000001,39806.2,708.7,-7479.5,2789.0,10.18,2011,100423.79999999999,54155.3,-10598.0,14841.800000000001,54.16,198606.59999999998,151898.59999999998,-25498.5,28126.0,102.63,397168.5,348961.1,-57976.8,50763.2,185.2,109.71021611001964,1122.0,1124.9,1109.0,1115.2
2011-09-06,1055.2,1129.0,1044.0,1102.65,1100.3872627854616,3109,197,3421104.0,1268.0,40.78,85.0,47.45,1315247400.0,6.0,-1.2714330483054814,6571.47,0.6864143583174886,0.6458000446193775,0.02,-18.464607989842662,194.7780329210968,-144.25935434026917,259.85,1159.4,899.5500000000001,39806.2,708.7,-7479.5,2789.0,10.18,2011,100423.79999999999,54155.3,-10598.0,14841.800000000001,54.16,198606.59999999998,151898.59999999998,-25498.5,28126.0,102.63,397168.5,348961.1,-57976.8,50763.2,185.2,108.31532416502948,1116.95,1122.0,1104.15,1116.85
2011-09-05,1095.0,1120.0,1095.0,1103.6,1113.792,7125,374,7935768.0,3177.0,44.59,25.0,8.6,1315161000.0,6.0,0.08615607853805773,6526.67,-0.1745160658786604,0.6459092997522362,,-18.53479521565784,196.80143166423304,,259.85,1159.4,899.5500000000001,39806.2,708.7,-7479.5,2789.0,10.18,2011,100423.79999999999,54155.3,-10598.0,14841.800000000001,54.16,198606.59999999998,151898.59999999998,-25498.5,28126.0,102.63,397168.5,348961.1,-57976.8,50763.2,185.2,108.40864440078585,1055.2,1129.0,1044.0,1102.65
2011-09-02,1085.0,1188.0,1085.0,1100.1,1120.3023132498174,15087,1121,16902001.0,3502.0,23.21,103.0,15.1,1314901800.0,6.0,-0.3171438927147552,6538.08,0.7840030089930616,0.6459027270137371,0.02,-18.2756113080629,196.28346548222103,-145.0627188761959,259.85,1159.4,899.5500000000001,39806.2,708.7,-7479.5,2789.0,10.18,2011,100423.79999999999,54155.3,-10598.0,14841.800000000001,54.16,198606.59999999998,151898.59999999998,-25498.5,28126.0,102.63,397168.5,348961.1,-57976.8,50763.2,185.2,108.0648330058939,1095.0,1120.0,1095.0,1103.6
2011-08-30,1070.95,1077.0,1060.15,1070.4,1069.252762119504,4435,292,4742136.0,1368.0,30.85,16.85,-0.55,1314642600.0,6.0,-2.6997545677665546,6487.22,1.4953908543034355,0.6458149921921821,0.01,-16.008034379671166,198.60633676675064,-144.2745260580862,259.85,1159.4,899.5500000000001,39806.2,708.7,-7479.5,2789.0,10.18,2011,100423.79999999999,54155.3,-10598.0,14841.800000000001,54.16,198606.59999999998,151898.59999999998,-25498.5,28126.0,102.63,397168.5,348961.1,-57976.8,50763.2,185.2,105.14734774066798,1085.0,1188.0,1085.0,1100.1
2011-08-29,1050.0,1079.0,1030.0,1068.5,1060.5345766129033,19840,944,21041006.0,9874.0,49.77,49.0,18.5,1314556200.0,6.0,-0.17750373692078103,6391.64,3.2236600920861225,0.6462680757856659,0.02,-15.858680393074408,203.07166861713117,-147.10449155533644,259.85,1159.4,899.5500000000001,39806.2,708.7,-7479.5,2789.0,10.18,2011,100423.79999999999,54155.3,-10598.0,14841.800000000001,54.16,198606.59999999998,151898.59999999998,-25498.5,28126.0,102.63,397168.5,348961.1,-57976.8,50763.2,185.2,104.96070726915521,1070.95,1077.0,1060.15,1070.4
2011-08-26,1066.85,1071.0,1053.05,1058.95,1064.1439759512698,25282,400,26903688.0,22212.0,87.86,17.95,-7.9,1314297000.0,6.0,-0.8937763219466488,6192.03,-2.084179998513558,0.6444811573231967,0.01,-15.099863071910868,212.84166904876108,-152.27586345548397,259.85,1159.4,899.5500000000001,39806.2,708.7,-7479.5,2789.0,10.18,2011,100423.79999999999,54155.3,-10598.0,14841.800000000001,54.16,198606.59999999998,151898.59999999998,-25498.5,28126.0,102.63,397168.5,348961.1,-57976.8,50763.2,185.2,104.02259332023576,1050.0,1079.0,1030.0,1068.5
2011-08-25,1062.8,1076.0,1031.1,1067.15,1067.2952755905517,4318,424,4608581.0,2172.0,50.3,44.9,4.35,1314210600.0,6.0,0.7743519524056941,6323.83,-0.8555437100213226,0.6437945857559523,0.01,-15.752237267488178,206.32148555543083,-148.5844546473419,259.85,1159.4,899.5500000000001,39806.2,708.7,-7479.5,2789.0,10.18,2011,100423.79999999999,54155.3,-10598.0,14841.800000000001,54.16,198606.59999999998,151898.59999999998,-25498.5,28126.0,102.63,397168.5,348961.1,-57976.8,50763.2,185.2,104.82809430255404,1066.85,1071.0,1053.05,1058.95
2011-08-24,1063.85,1084.7,1058.2,1064.45,1068.5036891293655,6099,512,6516804.0,1518.0,24.89,26.5,0.6,1314124200.0,6.0,-0.25301035468303645,6378.4,-1.0043286549507924,0.643723890069105,0.02,-15.538541030579179,203.70077135331744,-146.67271949841262,259.85,1159.4,899.5500000000001,39806.2,708.7,-7479.5,2789.0,10.18,2011,100423.79999999999,54155.3,-10598.0,14841.800000000001,54.16,198606.59999999998,151898.59999999998,-25498.5,28126.0,102.63,397168.5,348961.1,-57976.8,50763.2,185.2,104.56286836935168,1062.8,1076.0,1031.1,1067.15
2011-08-23,1028.0,1079.9,1028.0,1058.15,1055.456721289182,14707,1222,15522602.0,4736.0,32.2,51.9,30.15,1314037800.0,6.0,-0.5918549485649849,6443.11,0.8943000313184957,0.6435453165778261,0.01,-15.035675471341502,200.6506174813095,-144.16700516672134,259.85,1159.4,899.5500000000001,39806.2,708.7,-7479.5,2789.0,10.18,2011,100423.79999999999,54155.3,-10598.0,14841.800000000001,54.16,198606.59999999998,151898.59999999998,-25498.5,28126.0,102.63,397168.5,348961.1,-57976.8,50763.2,185.2,103.94400785854619,1063.85,1084.7,1058.2,1064.45
2011-08-22,980.35,1026.9,980.35,1023.0,1006.7272642910168,10776,386,10848493.0,7556.0,70.12,46.55,42.65,1313951400.0,6.0,-3.3218352785521987,6386.0,1.1829500549803915,0.6434548211214167,0.01,-12.116324535679379,203.3393360476041,-142.9595660909269,259.85,1159.4,899.5500000000001,39806.2,708.7,-7479.5,2789.0,10.18,2011,100423.79999999999,54155.3,-10598.0,14841.800000000001,54.16,198606.59999999998,151898.59999999998,-25498.5,28126.0,102.63,397168.5,348961.1,-57976.8,50763.2,185.2,100.49115913555993,1028.0,1079.9,1028.0,1058.15
2011-08-19,980.0,999.0,965.05,987.35,986.8240787283714,89523,292,88343452.0,88451.0,98.8,33.95,7.35,1313692200.0,6.0,-3.4848484848484795,6311.34,-1.675982875623938,0.6444767060753902,0.02,-8.943130602116788,206.9276888901564,-142.31031639971638,259.85,1159.4,899.5500000000001,39806.2,708.7,-7479.5,2789.0,10.18,2011,100423.79999999999,54155.3,-10598.0,14841.800000000001,54.16,198606.59999999998,151898.59999999998,-25498.5,28126.0,102.63,397168.5,348961.1,-57976.8,50763.2,185.2,96.98919449901769,980.35,1026.9,980.35,1023.0
2011-08-18,1012.0,1015.05,978.0,984.65,992.6635208711432,8265,382,8204364.0,5846.0,70.73,37.05,-27.35,1313605800.0,6.0,-0.2734592596343788,6418.92,-2.1710404991640453,0.6453570215153112,0.01,-8.693444371096327,201.7836333838091,-138.9194754319937,259.85,1159.4,899.5500000000001,39806.2,708.7,-7479.5,2789.0,10.18,2011,100423.79999999999,54155.3,-10598.0,14841.800000000001,54.16,198606.59999999998,151898.59999999998,-25498.5,28126.0,102.63,397168.5,348961.1,-57976.8,50763.2,185.2,96.72396856581533,980.0,999.0,965.05,987.35
2011-08-17,1018.1,1022.85,998.0,1009.2,1011.9856244384544,2226,181,2252680.0,1077.0,48.38,24.85,-8.9,1313519400.0,6.0,2.493271720916068,6561.37,0.0373537106718835,0.6445156186040671,0.01,-10.91458581054301,195.23178848319787,-136.74807757978365,259.85,1159.4,899.5500000000001,39806.2,708.7,-7479.5,2789.0,10.18,2011,100423.79999999999,54155.3,-10598.0,14841.800000000001,54.16,198606.59999999998,151898.59999999998,-25498.5,28126.0,102.63,397168.5,348961.1,-57976.8,50763.2,185.2,99.13555992141454,1012.0,1015.05,978.0,984.65
2011-08-16,1020.0,1028.8,1007.0,1018.4,1019.0794176042356,4533,208,4619487.0,2864.0,63.18,21.8,-1.6,1313433000.0,6.0,0.9116131589377741,6558.92,-1.0646353420318275,0.6452108458736566,0.03,-11.719363707776909,195.3420685112793,-137.766828641273,259.85,1159.4,899.5500000000001,39806.2,708.7,-7479.5,2789.0,10.18,2011,100423.79999999999,54155.3,-10598.0,14841.800000000001,54.16,198606.59999999998,151898.59999999998,-25498.5,28126.0,102.63,397168.5,348961.1,-57976.8,50763.2,185.2,100.03929273084479,1018.1,1022.85,998.0,1009.2
2011-08-12,1015.0,1026.9,1015.0,1017.6,1018.7724867724866,945,133,962740.0,579.0,61.27,11.9,2.6,1313087400.0,6.0,-0.07855459544382493,6629.5,-1.0096877463745546,0.6450907353967602,0.02,-11.649960691823901,192.1977524700204,-135.6420483596059,259.85,1159.4,899.5500000000001,39806.2,708.7,-7479.5,2789.0,10.18,2011,100423.79999999999,54155.3,-10598.0,14841.800000000001,54.16,198606.59999999998,151898.59999999998,-25498.5,28126.0,102.63,397168.5,348961.1,-57976.8,50763.2,185.2,99.96070726915521,1020.0,1028.8,1007.0,1018.4
2011-08-11,1005.05,1027.9,1005.0,1022.25,1022.1919884518226,2771,197,2832494.0,1346.0,48.57,22.9,17.2,1313001000.0,6.0,0.45695754716981174,6697.12,-0.4021320135154438,0.6449008604305388,0.03,-12.051846417216927,189.24746756814872,-134.10835406040363,259.85,1159.4,899.5500000000001,39806.2,708.7,-7479.5,2789.0,10.18,2011,100423.79999999999,54155.3,-10598.0,14841.800000000001,54.16,198606.59999999998,151898.59999999998,-25498.5,28126.0,102.63,397168.5,348961.1,-57976.8,50763.2,185.2,100.41748526522593,1015.0,1026.9,1015.0,1017.6
2011-08-10,995.0,1024.0,995.0,1018.25,1007.6733360978644,9646,410,9720017.0,7618.0,78.98,29.0,23.25,1312914600.0,6.0,-0.3912937148447093,6724.16,1.6629448592945018,0.6448897351656119,0.02,-11.70635894917752,188.0843109027745,-133.00710260137103,259.85,1159.4,899.5500000000001,39806.2,708.7,-7479.5,2789.0,10.18,2011,100423.79999999999,54155.3,-10598.0,14841.800000000001,54.16,198606.59999999998,151898.59999999998,-25498.5,28126.0,102.63,397168.5,348961.1,-57976.8,50763.2,185.2,100.024557956778,1005.05,1027.9,1005.0,1022.25
2011-08-09,950.65,998.95,941.05,991.7,981.5525362318838,3312,313,3250902.0,1603.0,48.4,57.9,41.05,1312828200.0,6.0,-2.6074146820525335,6614.17,-0.9264501903828992,0.6444398806332582,0.03,-9.34254310779471,192.8749941413662,-133.6495481129781,259.85,1159.4,899.5500000000001,39806.2,708.7,-7479.5,2789.0,10.18,2011,100423.79999999999,54155.3,-10598.0,14841.800000000001,54.16,198606.59999999998,151898.59999999998,-25498.5,28126.0,102.63,397168.5,348961.1,-57976.8,50763.2,185.2,97.41650294695482,995.0,1024.0,995.0,1018.25
2011-08-08,985.0,985.0,950.1,965.4,967.2416766467064,4175,368,4038234.0,2239.0,53.63,34.9,-19.6,1312741800.0,6.0,-2.652011697085821,6676.02,-1.6593824710878555,0.6450610120820539,0.05,-6.872798839859129,190.1616532005596,-129.55641426200455,259.85,1159.4,899.5500000000001,39806.2,708.7,-7479.5,2789.0,10.18,2011,100423.79999999999,54155.3,-10598.0,14841.800000000001,54.16,198606.59999999998,151898.59999999998,-25498.5,28126.0,102.63,397168.5,348961.1,-57976.8,50763.2,185.2,94.83300589390963,950.65,998.95,941.05,991.7
2011-08-05,1005.0,1013.0,997.3,1001.05,1000.451176939956,40104,265,40122094.0,37524.0,93.57,15.7,-3.95,1312482600.0,6.0,3.692769836337262,6788.67,-2.098586857296947,0.645368702230448,0.01,-10.189301233704606,185.3467615895308,-129.80984653633402,259.85,1159.4,899.5500000000001,39806.2,708.7,-7479.5,2789.0,10.18,2011,100423.79999999999,54155.3,-10598.0,14841.800000000001,54.16,198606.59999999998,151898.59999999998,-25498.5,28126.0,102.63,397168.5,348961.1,-57976.8,50763.2,185.2,98.33497053045187,985.0,985.0,950.1,965.4
2011-08-04,1035.0,1035.0,1015.1,1021.25,1022.8271912350596,2008,220,2053837.0,1449.0,72.16,19.9,-13.75,1312396200.0,6.0,2.0178812247140465,6934.19,-1.1000781593195064,0.6461044744358387,0.02,-11.965728274173815,179.35851195309044,-127.85714328573069,259.85,1159.4,899.5500000000001,39806.2,708.7,-7479.5,2789.0,10.18,2011,100423.79999999999,54155.3,-10598.0,14841.800000000001,54.16,198606.59999999998,151898.59999999998,-25498.5,28126.0,102.63,397168.5,348961.1,-57976.8,50763.2,185.2,100.31925343811395,1005.0,1013.0,997.3,1001.05
2011-08-03,1021.0,1037.0,1020.0,1027.8,1029.9464856230034,5008,252,5157972.0,2584.0,51.6,17.0,6.8,1312309800.0,6.0,0.6413708690330422,7011.32,-0.7214394238679755,0.6463340763377798,0.02,-12.526756178244792,176.2853499768945,-126.4730583459164,259.85,1159.4,899.5500000000001,39806.2,708.7,-7479.5,2789.0,10.18,2011,100423.79999999999,54155.3,-10598.0,14841.800000000001,54.16,198606.59999999998,151898.59999999998,-25498.5,28126.0,102.63,397168.5,348961.1,-57976.8,50763.2,185.2,100.96267190569745,1035.0,1035.0,1015.1,1021.25
2011-08-02,1025.0,1039.9,1022.1,1027.9,1027.675616438356,1825,147,1875508.0,1207.0,66.14,17.8,2.9,1312223400.0,6.0,0.009729519361756367,7062.27,-1.0620502992401248,0.6462770279914963,0.06,-12.53526607646659,174.2921185397896,-125.1974818270239,259.85,1159.4,899.5500000000001,39806.2,708.7,-7479.5,2789.0,10.18,2011,100423.79999999999,54155.3,-10598.0,14841.800000000001,54.16,198606.59999999998,151898.59999999998,-25498.5,28126.0,102.63,397168.5,348961.1,-57976.8,50763.2,185.2,100.97249508840865,1021.0,1037.0,1020.0,1027.8
2011-08-01,1036.95,1044.45,1020.0,1027.7,1030.2194159431729,3801,242,3915864.0,2008.0,52.83,24.45,-9.25,1312137000.0,6.0,-0.019457145636736506,7138.08,0.3764425963711293,0.646062689745046,0.1,-12.518244623917496,171.37899827404567,-123.27521494568452,259.85,1159.4,899.5500000000001,39806.2,708.7,-7479.5,2789.0,10.18,2011,100423.79999999999,54155.3,-10598.0,14841.800000000001,54.16,198606.59999999998,151898.59999999998,-25498.5,28126.0,102.63,397168.5,348961.1,-57976.8,50763.2,185.2,100.95284872298626,1025.0,1039.9,1022.1,1027.9
2011-07-29,1002.6,1034.25,990.0,1028.8,1025.7633176767097,8729,459,8953888.0,2925.0,33.51,44.25,26.2,1311877800.0,6.0,0.10703512698257978,7111.31,-0.5131512495120893,0.646042592751464,0.1,-12.61178071539658,172.40058442115446,-124.02529700743172,259.85,1159.4,899.5500000000001,39806.2,708.7,-7479.5,2789.0,10.18,2011,100423.79999999999,54155.3,-10598.0,14841.800000000001,54.16,198606.59999999998,151898.59999999998,-25498.5,28126.0,102.63,397168.5,348961.1,-57976.8,50763.2,185.2,101.06090373280942,1036.95,1044.45,1020.0,1027.7
2011-07-28,1020.0,1038.0,1015.0,1024.55,1026.4344196067868,7426,303,7622302.0,2789.0,37.56,23.0,4.55,1311791400.0,6.0,-0.41310264385692186,7147.99,-1.0425982584137516,0.6459896542746626,0.07,-12.24928017178274,171.00275741851908,-122.74007304078665,259.85,1159.4,899.5500000000001,39806.2,708.7,-7479.5,2789.0,10.18,2011,100423.79999999999,54155.3,-10598.0,14841.800000000001,54.16,198606.59999999998,151898.59999999998,-25498.5,28126.0,102.63,397168.5,348961.1,-57976.8,50763.2,185.2,100.6434184675835,1002.6,1034.25,990.0,1028.8
2011-07-27,1004.95,1033.75,1004.95,1027.95,1021.7806511917744,38514,2035,39352860.0,7732.0,20.08,28.8,23.0,1311705000.0,6.0,0.331853008637939,7223.3,-0.303782722892465,0.6458033011747258,0.08,-12.539520404688954,168.17728738942031,-121.1773035192932,259.85,1159.4,899.5500000000001,39806.2,708.7,-7479.5,2789.0,10.18,2011,100423.79999999999,54155.3,-10598.0,14841.800000000001,54.16,198606.59999999998,151898.59999999998,-25498.5,28126.0,102.63,397168.5,348961.1,-57976.8,50763.2,185.2,100.97740667976426,1020.0,1038.0,1015.0,1024.55
2011-07-26,1000.0,1003.0,992.0,1000.05,998.9713487071976,2862,171,2859056.0,2008.0,70.16,11.0,0.05,1311618600.0,6.0,-2.7141397927914923,7245.31,-1.5530714263391587,0.6457938213157876,0.07,-10.09949502524874,167.36261112360958,-118.2060296406606,259.85,1159.4,899.5500000000001,39806.2,708.7,-7479.5,2789.0,10.18,2011,100423.79999999999,54155.3,-10598.0,14841.800000000001,54.16,198606.59999999998,151898.59999999998,-25498.5,28126.0,102.63,397168.5,348961.1,-57976.8,50763.2,185.2,98.23673870333988,1004.95,1033.75,1004.95,1027.95
2011-07-25,1000.0,1007.9,990.0,999.75,995.7020640956002,3682,109,3666175.0,3043.0,82.65,17.9,-0.25,1311532200.0,6.0,-0.029998500074990275,7359.61,0.7419159225833916,0.6461970943963273,0.05,-10.072518129532392,163.21027880553456,-115.55621621456349,259.85,1159.4,899.5500000000001,39806.2,708.7,-7479.5,2789.0,10.18,2011,100423.79999999999,54155.3,-10598.0,14841.800000000001,54.16,198606.59999999998,151898.59999999998,-25498.5,28126.0,102.63,397168.5,348961.1,-57976.8,50763.2,185.2,98.20726915520629,1000.0,1003.0,992.0,1000.05
2011-07-22,971.0,1009.0,971.0,1003.5,997.6108518086348,5142,303,5129715.0,3595.0,69.91,38.0,32.5,1311273000.0,6.0,0.3750937734433579,7305.41,1.4988475213024488,0.6461103614613473,0.05,-10.408570004982565,165.1630777738689,-117.13984036745254,259.85,1159.4,899.5500000000001,39806.2,708.7,-7479.5,2789.0,10.18,2011,100423.79999999999,54155.3,-10598.0,14841.800000000001,54.16,198606.59999999998,151898.59999999998,-25498.5,28126.0,102.63,397168.5,348961.1,-57976.8,50763.2,185.2,98.57563850687623,1000.0,1007.9,990.0,999.75
2011-07-21,986.0,990.0,967.05,973.8,975.1661049590756,2077,120,2025420.0,885.0,42.61,22.95,-12.2,1311186600.0,6.0,-2.959641255605383,7197.53,-0.4958940470594752,0.6457477718532475,0.05,-7.6761141918258335,169.13746799249188,-116.91396989628475,259.85,1159.4,899.5500000000001,39806.2,708.7,-7479.5,2789.0,10.18,2011,100423.79999999999,54155.3,-10598.0,14841.800000000001,54.16,198606.59999999998,151898.59999999998,-25498.5,28126.0,102.63,397168.5,348961.1,-57976.8,50763.2,185.2,95.6581532416503,971.0,1009.0,971.0,1003.5
2011-07-20,997.5,1000.0,984.1,986.6,988.8650200411656,9231,183,9128213.0,6988.0,75.7,15.9,-10.9,1311100200.0,6.0,1.314438283015007,7233.4,-0.9253577611711415,0.6467145170470612,0.02,-8.873910399351315,167.8028313103105,-117.40150311898729,259.85,1159.4,899.5500000000001,39806.2,708.7,-7479.5,2789.0,10.18,2011,100423.79999999999,54155.3,-10598.0,14841.800000000001,54.16,198606.59999999998,151898.59999999998,-25498.5,28126.0,102.63,397168.5,348961.1,-57976.8,50763.2,185.2,96.9155206286837,986.0,990.0,967.05,973.8
2011-07-19,991.25,1000.0,990.2,996.6,995.16297322253,4332,128,4311046.0,2322.0,53.6,9.8,5.35,1311013800.0,6.0,1.013581998783697,7300.96,0.6207345174698675,0.6467412443713915,0.03,-9.788280152518569,165.32469702614452,-116.72117819519941,259.85,1159.4,899.5500000000001,39806.2,708.7,-7479.5,2789.0,10.18,2011,100423.79999999999,54155.3,-10598.0,14841.800000000001,54.16,198606.59999999998,151898.59999999998,-25498.5,28126.0,102.63,397168.5,348961.1,-57976.8,50763.2,185.2,97.89783889980355,997.5,1000.0,984.1,986.6
2011-07-18,1005.0,1010.0,991.0,991.65,998.6183026984748,2557,219,2553467.0,1550.0,60.62,19.0,-13.35,1310927400.0,6.0,-0.4966887417218624,7255.92,-0.0771188401326505,0.646795253081977,0.02,-9.337972066757427,166.97165900395814,-117.34151260467846,259.85,1159.4,899.5500000000001,39806.2,708.7,-7479.5,2789.0,10.18,2011,100423.79999999999,54155.3,-10598.0,14841.800000000001,54.16,198606.59999999998,151898.59999999998,-25498.5,28126.0,102.63,397168.5,348961.1,-57976.8,50763.2,185.2,97.41159135559921,991.25,1000.0,990.2,996.6
2011-07-15,995.0,999.9,985.05,996.1,994.2879177377891,5835,253,5801670.0,3475.0,59.55,14.85,1.1,1310668200.0,6.0,0.4487470377653402,7261.52,-0.2190324646236363,0.6468232976077934,0.02,-9.742997690994882,166.7657735570514,-117.61804880532927,259.85,1159.4,899.5500000000001,39806.2,708.7,-7479.5,2789.0,10.18,2011,100423.79999999999,54155.3,-10598.0,14841.800000000001,54.16,198606.59999999998,151898.59999999998,-25498.5,28126.0,102.63,397168.5,348961.1,-57976.8,50763.2,185.2,97.84872298624755,1005.0,1010.0,991.0,991.65
2011-07-14,985.0,994.0,985.0,990.4,990.8763850415512,2888,130,2861651.0,937.0,32.44,9.0,5.4,1310581800.0,6.0,-0.5722317036442215,7277.46,0.3037729035672676,0.6468325659062054,0.01,-9.223546042003239,166.18146990845707,-116.71866430329634,259.85,1159.4,899.5500000000001,39806.2,708.7,-7479.5,2789.0,10.18,2011,100423.79999999999,54155.3,-10598.0,14841.800000000001,54.16,198606.59999999998,151898.59999999998,-25498.5,28126.0,102.63,397168.5,348961.1,-57976.8,50763.2,185.2,97.28880157170923,995.0,999.9,985.05,996.1
2011-07-13,975.0,996.0,972.0,988.05,981.4926234765876,1559,184,1530147.0,1001.0,64.21,24.0,13.05,1310495400.0,6.0,-0.23727786752827384,7255.42,1.0902625965387491,0.6468604207456284,0.01,-9.0076413136987,166.99005708835602,-117.03043129800174,259.85,1159.4,899.5500000000001,39806.2,708.7,-7479.5,2789.0,10.18,2011,100423.79999999999,54155.3,-10598.0,14841.800000000001,54.16,198606.59999999998,151898.59999999998,-25498.5,28126.0,102.63,397168.5,348961.1,-57976.8,50763.2,185.2,97.05795677799607,985.0,994.0,985.0,990.4
2011-07-12,968.2,984.95,962.05,977.15,973.6963322545846,1854,217,1805233.0,842.0,45.42,22.9,8.95,1310409000.0,6.0,-1.1031830372956852,7177.17,-1.3101499494668212,0.6466719946517488,0.03,-7.992631632809699,169.9009498172678,-117.87341758452939,259.85,1159.4,899.5500000000001,39806.2,708.7,-7479.5,2789.0,10.18,2011,100423.79999999999,54155.3,-10598.0,14841.800000000001,54.16,198606.59999999998,151898.59999999998,-25498.5,28126.0,102.63,397168.5,348961.1,-57976.8,50763.2,185.2,95.98722986247544,975.0,996.0,972.0,988.05
2011-07-11,964.0,991.0,956.0,975.75,969.0275668073136,3555,289,3444893.0,1543.0,43.4,35.0,11.75,1310322600.0,6.0,-0.14327380647801702,7272.45,-0.6779485092371251,0.6464927102154702,0.03,-7.8606200358698475,166.3648426596264,-115.42488327015552,259.85,1159.4,899.5500000000001,39806.2,708.7,-7479.5,2789.0,10.18,2011,100423.79999999999,54155.3,-10598.0,14841.800000000001,54.16,198606.59999999998,151898.59999999998,-25498.5,28126.0,102.63,397168.5,348961.1,-57976.8,50763.2,185.2,95.84970530451866,968.2,984.95,962.05,977.15
2011-07-08,992.0,992.0,975.1,980.75,980.1014293276864,9445,352,9257058.0,4228.0,44.76,16.9,-11.25,1310063400.0,6.0,0.5124263387138006,7322.09,-1.122853546947833,0.6464037848616325,0.03,-8.330359418812138,164.55902617968366,-114.71254466095827,259.85,1159.4,899.5500000000001,39806.2,708.7,-7479.5,2789.0,10.18,2011,100423.79999999999,54155.3,-10598.0,14841.800000000001,54.16,198606.59999999998,151898.59999999998,-25498.5,28126.0,102.63,397168.5,348961.1,-57976.8,50763.2,185.2,96.34086444007859,964.0,991.0,956.0,975.75
2011-07-07,962.0,992.0,953.85,984.1,974.7417797494782,7664,336,7470421.0,3042.0,39.69,38.15,22.1,1309977000.0,6.0,0.34157532500638244,7405.24,1.5823284027605355,0.6461902124771137,0.03,-8.642414388781638,161.58841577045445,-113.06988140295749,259.85,1159.4,899.5500000000001,39806.2,708.7,-7479.5,2789.0,10.18,2011,100423.79999999999,54155.3,-10598.0,14841.800000000001,54.16,198606.59999999998,151898.59999999998,-25498.5,28126.0,102.63,397168.5,348961.1,-57976.8,50763.2,185.2,96.66994106090374,992.0,992.0,975.1,980.75
2011-07-06,965.05,965.05,930.05,957.0,958.680429864253,1768,130,1694947.0,955.0,54.02,35.0,-8.05,1309890600.0,6.0,-2.753785184432478,7289.89,-0.1114000783774216,0.6457803751461212,0.01,-6.055381400208992,165.72760357152166,-113.08255760294244,259.85,1159.4,899.5500000000001,39806.2,708.7,-7479.5,2789.0,10.18,2011,100423.79999999999,54155.3,-10598.0,14841.800000000001,54.16,198606.59999999998,151898.59999999998,-25498.5,28126.0,102.63,397168.5,348961.1,-57976.8,50763.2,185.2,94.00785854616896,962.0,992.0,953.85,984.1
2011-07-05,948.0,967.85,942.0,964.85,959.2936601859678,5915,310,5674222.0,3101.0,52.43,25.85,16.85,1309804200.0,6.0,0.8202716823406453,7298.02,-0.2467171582557159,0.6466615232849021,0.02,-6.819712908742304,165.4315828128725,-113.80501901948116,259.85,1159.4,899.5500000000001,39806.2,708.7,-7479.5,2789.0,10.18,2011,100423.79999999999,54155.3,-10598.0,14841.800000000001,54.16,198606.59999999998,151898.59999999998,-25498.5,28126.0,102.63,397168.5,348961.1,-57976.8,50763.2,185.2,94.77897838899804,965.05,965.05,930.05,957.0
2011-07-04,935.55,954.95,935.55,947.2,945.152342309111,2711,249,2562308.0,1201.0,44.3,19.4,11.65,1309717800.0,6.0,-1.829299891174796,7316.07,0.63231592412758,0.6467200617083734,,-5.083403716216228,164.77671755464343,,259.85,1159.4,899.5500000000001,39806.2,708.7,-7479.5,2789.0,10.18,2011,100423.79999999999,54155.3,-10598.0,14841.800000000001,54.16,198606.59999999998,151898.59999999998,-25498.5,28126.0,102.63,397168.5,348961.1,-57976.8,50763.2,185.2,93.04518664047151,948.0,967.85,942.0,964.85
2011-07-01,938.0,939.9,928.9,934.35,934.6481376975167,3544,300,3312393.0,1439.0,40.6,11.0,-3.65,1309458600.0,6.0,-1.3566300675675658,7270.1,0.0657920091613473,0.6470530810801509,0.02,-3.778027505752668,166.45094290312375,-111.48768189829354,259.85,1159.4,899.5500000000001,39806.2,708.7,-7479.5,2789.0,10.18,2011,100423.79999999999,54155.3,-10598.0,14841.800000000001,54.16,198606.59999999998,151898.59999999998,-25498.5,28126.0,102.63,397168.5,348961.1,-57976.8,50763.2,185.2,91.78290766208252,935.55,954.95,935.55,947.2
2011-06-30,960.0,963.0,920.3,933.5,942.498858881704,5258,512,4955659.0,2533.0,48.17,42.7,-26.5,1309372200.0,0.0,-0.09097233370792823,7265.32,0.5870202078937625,0.6472729033797311,0.03,-3.6904124263524407,166.62624633188904,-111.55364848175913,259.85,1159.4,899.5500000000001,44043.9,390.3,-7691.2,6831.1,24.93,2011,86314.29999999999,1498.1,-15882.1,8957.6,32.69,191138.6,105611.6,-25002.6,25414.700000000004,92.74000000000001,391756.0,304648.80000000005,-56952.7,50911.1,185.75,37.44484556758925,938.0,939.9,928.9,934.35
2011-06-29,963.5,965.85,950.05,954.7,957.3291952054794,2336,165,2236321.0,1129.0,48.33,15.8,-8.8,1309285800.0,0.0,2.2710230316015156,7222.92,0.855106623026991,0.6472213110873409,0.02,-5.829056248036046,168.1913962774058,-114.69316783408738,259.85,1159.4,899.5500000000001,44043.9,390.3,-7691.2,6831.1,24.93,2011,86314.29999999999,1498.1,-15882.1,8957.6,32.69,191138.6,105611.6,-25002.6,25414.700000000004,92.74000000000001,391756.0,304648.80000000005,-56952.7,50911.1,185.75,38.29522663457682,960.0,963.0,920.3,933.5
2011-06-28,968.95,968.95,946.05,958.4,958.2078376487052,1429,102,1369279.0,470.0,32.89,22.9,-10.55,1309199400.0,0.0,0.3875563004084981,7161.68,0.361693808883845,0.6476858221345223,0.03,-6.1926126878130265,170.4847186693625,-116.62371728588779,259.85,1159.4,899.5500000000001,44043.9,390.3,-7691.2,6831.1,24.93,2011,86314.29999999999,1498.1,-15882.1,8957.6,32.69,191138.6,105611.6,-25002.6,25414.700000000004,92.74000000000001,391756.0,304648.80000000005,-56952.7,50911.1,185.75,38.44364219815483,963.5,965.85,950.05,954.7
2011-06-27,928.0,963.8,928.0,959.2,957.2093420677868,3511,231,3360762.0,2510.0,71.49,35.8,31.2,1309113000.0,0.0,0.08347245409014992,7135.87,1.0560378400577664,0.6476827067792281,0.02,-6.2708507089241134,171.46304515076648,-117.33154625064596,259.85,1159.4,899.5500000000001,44043.9,390.3,-7691.2,6831.1,24.93,2011,86314.29999999999,1498.1,-15882.1,8957.6,32.69,191138.6,105611.6,-25002.6,25414.700000000004,92.74000000000001,391756.0,304648.80000000005,-56952.7,50911.1,185.75,38.47573204973927,968.95,968.95,946.05,958.4
2011-06-24,961.45,962.0,950.0,957.0,957.5820739968732,3838,288,3675200.0,1376.0,35.85,12.0,-4.45,1308853800.0,0.0,-0.2293577981651418,7061.3,2.5721104611554413,0.6474985987860264,0.02,-6.055381400208992,174.3297976293317,-118.94073111987709,259.85,1159.4,899.5500000000001,44043.9,390.3,-7691.2,6831.1,24.93,2011,86314.29999999999,1498.1,-15882.1,8957.6,32.69,191138.6,105611.6,-25002.6,25414.700000000004,92.74000000000001,391756.0,304648.80000000005,-56952.7,50911.1,185.75,38.38748495788207,928.0,963.8,928.0,959.2
2011-06-23,979.0,979.0,928.3,956.05,954.5552725420276,1963,264,1873792.0,640.0,32.6,50.7,-22.95,1308767400.0,0.0,-0.09926854754441772,6884.23,0.5117400915146009,0.6463595174446134,0.01,-5.962031274514934,181.38586305222225,-123.20604659304959,259.85,1159.4,899.5500000000001,44043.9,390.3,-7691.2,6831.1,24.93,2011,86314.29999999999,1498.1,-15882.1,8957.6,32.69,191138.6,105611.6,-25002.6,25414.700000000004,92.74000000000001,391756.0,304648.80000000005,-56952.7,50911.1,185.75,38.34937825912555,961.45,962.0,950.0,957.0
2011-06-22,970.5,978.0,961.1,971.4,967.8480958493794,2337,323,2261861.0,1223.0,52.33,16.9,0.9,1308681000.0,0.0,1.6055645625228765,6849.18,-0.2638591586212935,0.6463207822698812,0.02,-7.448013176858148,182.8258273253149,-125.6192184972485,259.85,1159.4,899.5500000000001,44043.9,390.3,-7691.2,6831.1,24.93,2011,86314.29999999999,1498.1,-15882.1,8957.6,32.69,191138.6,105611.6,-25002.6,25414.700000000004,92.74000000000001,391756.0,304648.80000000005,-56952.7,50911.1,185.75,38.96510228640192,979.0,979.0,928.3,956.05
2011-06-21,938.0,975.0,938.0,967.6,955.1592516541182,4383,291,4186463.0,2193.0,50.03,37.0,29.6,1308594600.0,0.0,-0.3911879761169357,6867.3,0.1160461502127008,0.6465940740836512,0.03,-7.084539065729645,182.07956547697052,-124.82670929264243,259.85,1159.4,899.5500000000001,44043.9,390.3,-7691.2,6831.1,24.93,2011,86314.29999999999,1498.1,-15882.1,8957.6,32.69,191138.6,105611.6,-25002.6,25414.700000000004,92.74000000000001,391756.0,304648.80000000005,-56952.7,50911.1,185.75,38.812675491375856,970.5,978.0,961.1,971.4
2011-06-20,964.35,966.0,916.4,947.1,941.483095015368,7483,439,7045118.0,1286.0,17.19,49.6,-17.25,1308508200.0,0.0,-2.1186440677966156,6859.34,-2.161637110267034,0.6466125598637908,0.03,-5.073381902650198,182.4069079532433,-123.0305812143398,259.85,1159.4,899.5500000000001,44043.9,390.3,-7691.2,6831.1,24.93,2011,86314.29999999999,1498.1,-15882.1,8957.6,32.69,191138.6,105611.6,-25002.6,25414.700000000004,92.74000000000001,391756.0,304648.80000000005,-56952.7,50911.1,185.75,37.990373044524674,938.0,975.0,938.0,967.6
2011-06-17,1014.0,1014.0,960.0,964.35,975.5802236740114,9031,549,8810465.0,5497.0,60.87,54.0,-49.65,1308249000.0,0.0,1.8213493823249882,7010.89,-0.6951870900301249,0.646278931378992,0.04,-6.771400425156848,176.30229542896836,-120.72600835739871,259.85,1159.4,899.5500000000001,44043.9,390.3,-7691.2,6831.1,24.93,2011,86314.29999999999,1498.1,-15882.1,8957.6,32.69,191138.6,105611.6,-25002.6,25414.700000000004,92.74000000000001,391756.0,304648.80000000005,-56952.7,50911.1,185.75,38.68231046931408,964.35,966.0,916.4,947.1
2011-06-16,1020.0,1020.0,1005.0,1007.25,1010.1842629482072,3012,278,3042675.0,1385.0,45.98,15.0,-12.75,1308162600.0,0.0,4.448592316067823,7059.97,-0.8160931489759826,0.646556421693742,0.05,-10.742119632663194,174.38147754168924,-123.50725594060071,259.85,1159.4,899.5500000000001,44043.9,390.3,-7691.2,6831.1,24.93,2011,86314.29999999999,1498.1,-15882.1,8957.6,32.69,191138.6,105611.6,-25002.6,25414.700000000004,92.74000000000001,391756.0,304648.80000000005,-56952.7,50911.1,185.75,40.40312876052948,1014.0,1014.0,960.0,964.35
2011-06-15,1035.0,1042.0,1024.05,1027.25,1035.7778497409329,1544,200,1599241.0,778.0,50.39,17.95,-7.75,1308076200.0,0.0,1.9856043683296187,7118.06,-0.8980085095007917,0.6487000565054623,0.05,-12.47992212217085,172.14226910141247,-124.16618681241032,259.85,1159.4,899.5500000000001,44043.9,390.3,-7691.2,6831.1,24.93,2011,86314.29999999999,1498.1,-15882.1,8957.6,32.69,191138.6,105611.6,-25002.6,25414.700000000004,92.74000000000001,391756.0,304648.80000000005,-56952.7,50911.1,185.75,41.2053750501404,1020.0,1020.0,1005.0,1007.25
2011-06-14,1020.05,1054.9,1020.05,1049.0,1040.609223598675,8153,473,8484087.0,5823.0,71.42,34.85,28.95,1307989800.0,0.0,2.1173034801655,7182.56,0.3582546682092236,0.6489936956052749,0.05,-14.294566253574835,169.69840836693325,-124.44531375318368,259.85,1159.4,899.5500000000001,44043.9,390.3,-7691.2,6831.1,24.93,2011,86314.29999999999,1498.1,-15882.1,8957.6,32.69,191138.6,105611.6,-25002.6,25414.700000000004,92.74000000000001,391756.0,304648.80000000005,-56952.7,50911.1,185.75,42.077817890092255,1035.0,1042.0,1024.05,1027.25
2011-06-13,1025.0,1028.0,1010.0,1021.75,1021.3914981145012,2917,334,2979399.0,1489.0,51.05,18.0,-3.25,1307903400.0,0.0,-2.597712106768346,7156.92,0.0713105195600638,0.6494911908036214,0.05,-12.008808416931737,170.66461550499375,-122.87149820977213,259.85,1159.4,899.5500000000001,44043.9,390.3,-7691.2,6831.1,24.93,2011,86314.29999999999,1498.1,-15882.1,8957.6,32.69,191138.6,105611.6,-25002.6,25414.700000000004,92.74000000000001,391756.0,304648.80000000005,-56952.7,50911.1,185.75,40.984757320497394,1020.05,1054.9,1020.05,1049.0
2011-06-10,1040.0,1042.0,1010.0,1022.15,1019.3943026706232,8425,380,8588397.0,3753.0,44.55,32.0,-17.85,1307644200.0,0.0,0.03914851969659683,7151.82,-0.5850782119876441,0.6502880398067179,0.05,-12.043242185589198,170.85762784857562,-123.16739968327478,259.85,1159.4,899.5500000000001,44043.9,390.3,-7691.2,6831.1,24.93,2011,86314.29999999999,1498.1,-15882.1,8957.6,32.69,191138.6,105611.6,-25002.6,25414.700000000004,92.74000000000001,391756.0,304648.80000000005,-56952.7,50911.1,185.75,41.00080224628961,1025.0,1028.0,1010.0,1021.75
2011-06-09,1030.0,1041.95,1020.2,1038.35,1030.0645335250765,5563,374,5730249.0,2599.0,46.72,21.75,8.35,1307557800.0,0.0,1.584894584943486,7193.91,-0.0929089242563185,0.6502177351280604,0.05,-13.415514999759226,169.27289888252704,-123.49724504296073,259.85,1159.4,899.5500000000001,44043.9,390.3,-7691.2,6831.1,24.93,2011,86314.29999999999,1498.1,-15882.1,8957.6,32.69,191138.6,105611.6,-25002.6,25414.700000000004,92.74000000000001,391756.0,304648.80000000005,-56952.7,50911.1,185.75,41.65062174087444,1040.0,1042.0,1010.0,1022.15
2011-06-08,1020.0,1032.85,1011.0,1030.65,1025.5502094187352,9789,514,10039111.0,5749.0,58.73,21.85,10.65,1307471400.0,0.0,-0.741561130639945,7200.6,-0.3735679893740684,0.6505028777648806,0.04,-12.768641148789605,169.02272032886145,-122.73238701525199,259.85,1159.4,899.5500000000001,44043.9,390.3,-7691.2,6831.1,24.93,2011,86314.29999999999,1498.1,-15882.1,8957.6,32.69,191138.6,105611.6,-25002.6,25414.700000000004,92.74000000000001,391756.0,304648.80000000005,-56952.7,50911.1,185.75,41.341756919374255,1030.0,1041.95,1020.2,1038.35
2011-06-07,1014.0,1027.5,1011.05,1022.9,1017.8084985835694,7060,320,7185728.0,3658.0,51.81,16.45,8.9,1307385000.0,0.0,-0.751952651239518,7227.6,0.5370712714859893,0.6505388475342776,0.05,-12.107732916218595,168.01773756156956,-121.42727133246204,259.85,1159.4,899.5500000000001,44043.9,390.3,-7691.2,6831.1,24.93,2011,86314.29999999999,1498.1,-15882.1,8957.6,32.69,191138.6,105611.6,-25002.6,25414.700000000004,92.74000000000001,391756.0,304648.80000000005,-56952.7,50911.1,185.75,41.03088648215002,1020.0,1032.85,1011.0,1030.65
2011-06-06,1017.0,1022.75,1010.0,1015.15,1017.228150873965,2174,166,2211454.0,622.0,28.61,12.75,-1.85,1307298600.0,0.0,-0.7576498191416592,7188.99,0.1150300874702248,0.6505634950340625,0.05,-11.436733487661922,169.45718383249942,-121.69686308561067,259.85,1159.4,899.5500000000001,44043.9,390.3,-7691.2,6831.1,24.93,2011,86314.29999999999,1498.1,-15882.1,8957.6,32.69,191138.6,105611.6,-25002.6,25414.700000000004,92.74000000000001,391756.0,304648.80000000005,-56952.7,50911.1,185.75,40.72001604492579,1014.0,1027.5,1011.05,1022.9
2011-06-03,1041.0,1048.0,1021.15,1027.65,1030.2429603787689,4013,400,4134365.0,1750.0,43.61,26.85,-13.35,1307039400.0,0.0,1.231345121410632,7180.73,-0.6053047563416625,0.6506326082028995,0.04,-12.513988225563189,169.76714066675677,-122.98400044039556,259.85,1159.4,899.5500000000001,44043.9,390.3,-7691.2,6831.1,24.93,2011,86314.29999999999,1498.1,-15882.1,8957.6,32.69,191138.6,105611.6,-25002.6,25414.700000000004,92.74000000000001,391756.0,304648.80000000005,-56952.7,50911.1,185.75,41.22141997593261,1017.0,1022.75,1010.0,1015.15
2011-06-02,989.1,1045.0,989.1,1037.55,1029.925925925926,2538,294,2613952.0,1079.0,42.51,55.9,48.45,1306953000.0,0.0,0.963363012698859,7224.46,-0.7080833097397154,0.6507304375135933,0.04,-13.34875427690232,168.13422733325396,-122.77278437298008,259.85,1159.4,899.5500000000001,44043.9,390.3,-7691.2,6831.1,24.93,2011,86314.29999999999,1498.1,-15882.1,8957.6,32.69,191138.6,105611.6,-25002.6,25414.700000000004,92.74000000000001,391756.0,304648.80000000005,-56952.7,50911.1,185.75,41.61853188929001,1041.0,1048.0,1021.15,1027.65
2011-06-01,1034.9,1041.95,1022.0,1036.2,1029.7564766839375,2702,219,2782402.0,1319.0,48.82,19.95,1.3,1306866600.0,0.0,-0.13011421136329693,7275.98,0.5824007962564881,0.6507346199763291,0.05,-13.23586180274079,166.2356136218077,-121.42859392846086,259.85,1159.4,899.5500000000001,44043.9,390.3,-7691.2,6831.1,24.93,2011,86314.29999999999,1498.1,-15882.1,8957.6,32.69,191138.6,105611.6,-25002.6,25414.700000000004,92.74000000000001,391756.0,304648.80000000005,-56952.7,50911.1,185.75,41.56438026474128,989.1,1045.0,989.1,1037.55
2011-05-31,1026.0,1034.0,1020.1,1026.2,1027.9394898529138,5371,249,5521063.0,2997.0,55.8,13.9,0.2,1306780200.0,0.0,-0.965064659332171,7233.85,1.5941654471556266,0.6506844652173558,0.06,-12.390372247125326,167.78617195545937,-121.58718674891766,259.85,1159.4,899.5500000000001,44043.9,390.3,-7691.2,6831.1,24.93,2011,86314.29999999999,1498.1,-15882.1,8957.6,32.69,191138.6,105611.6,-25002.6,25414.700000000004,92.74000000000001,391756.0,304648.80000000005,-56952.7,50911.1,185.75,41.16325711993582,1034.9,1041.95,1022.0,1036.2
2011-05-30,1030.0,1054.0,1015.0,1019.55,1033.291555122901,4109,370,4245795.0,1511.0,36.77,39.0,-10.45,1306693800.0,0.0,-0.6480218281036954,7120.34,0.3155845217063024,0.6503624563249019,,-11.818939728311506,172.05512658103405,,259.85,1159.4,899.5500000000001,44043.9,390.3,-7691.2,6831.1,24.93,2011,86314.29999999999,1498.1,-15882.1,8957.6,32.69,191138.6,105611.6,-25002.6,25414.700000000004,92.74000000000001,391756.0,304648.80000000005,-56952.7,50911.1,185.75,40.89651022864019,1026.0,1034.0,1020.1,1026.2
2011-05-27,1035.0,1040.0,1019.0,1032.3,1031.3562140913214,3307,241,3410695.0,1329.0,40.19,21.0,-2.7,1306434600.0,0.0,1.2505517139914657,7097.94,1.290472650056862,0.6504003777276082,0.05,-12.908069359682262,172.91369045103227,-125.38867892442197,259.85,1159.4,899.5500000000001,44043.9,390.3,-7691.2,6831.1,24.93,2011,86314.29999999999,1498.1,-15882.1,8957.6,32.69,191138.6,105611.6,-25002.6,25414.700000000004,92.74000000000001,391756.0,304648.80000000005,-56952.7,50911.1,185.75,41.40794223826715,1030.0,1054.0,1015.0,1019.55
2011-05-26,1025.0,1041.0,1015.0,1024.0,1026.7445161290325,1550,167,1591454.0,756.0,48.77,26.0,-1.0,1306348200.0,0.0,-0.8040298362879006,7007.51,0.8248707227726415,0.6502969731053481,0.05,-12.202148437500004,176.43556698456368,-126.95514874703237,259.85,1159.4,899.5500000000001,44043.9,390.3,-7691.2,6831.1,24.93,2011,86314.29999999999,1498.1,-15882.1,8957.6,32.69,191138.6,105611.6,-25002.6,25414.700000000004,92.74000000000001,391756.0,304648.80000000005,-56952.7,50911.1,185.75,41.07501002807862,1035.0,1040.0,1019.0,1032.3
2011-05-25,1021.0,1040.0,1014.0,1020.9,1023.490625,1920,183,1965102.0,1022.0,53.23,26.0,-0.1,1306261800.0,0.0,-0.3027343750000022,6950.18,-0.6782286599482101,0.650264050234973,0.06,-11.935547066314033,178.7158030439499,-128.16899315165452,259.85,1159.4,899.5500000000001,44043.9,390.3,-7691.2,6831.1,24.93,2011,86314.29999999999,1498.1,-15882.1,8957.6,32.69,191138.6,105611.6,-25002.6,25414.700000000004,92.74000000000001,391756.0,304648.80000000005,-56952.7,50911.1,185.75,40.950661853188926,1025.0,1041.0,1015.0,1024.0
2011-05-24,1025.1,1030.0,1021.05,1025.2,1024.985893416928,638,61,653941.0,568.0,89.03,8.95,0.1,1306175400.0,0.0,0.42119698305418396,6997.64,0.1964512766469361,0.6501835319747212,0.06,-12.304916113928998,176.82547258790103,-127.29491541231125,259.85,1159.4,899.5500000000001,44043.9,390.3,-7691.2,6831.1,24.93,2011,86314.29999999999,1498.1,-15882.1,8957.6,32.69,191138.6,105611.6,-25002.6,25414.700000000004,92.74000000000001,391756.0,304648.80000000005,-56952.7,50911.1,185.75,41.123144805455276,1021.0,1040.0,1014.0,1020.9
2011-05-23,1030.0,1035.0,1017.0,1030.05,1023.8684622611966,3193,254,3269212.0,1456.0,45.6,18.0,0.05,1306089000.0,0.0,0.4730784237221952,6983.92,-1.653629239510801,0.6501982727875614,0.06,-12.717829231590706,177.36929976288388,-128.06402968658978,259.85,1159.4,899.5500000000001,44043.9,390.3,-7691.2,6831.1,24.93,2011,86314.29999999999,1498.1,-15882.1,8957.6,32.69,191138.6,105611.6,-25002.6,25414.700000000004,92.74000000000001,391756.0,304648.80000000005,-56952.7,50911.1,185.75,41.31768953068592,1025.1,1030.0,1021.05,1025.2
2011-05-20,1028.55,1047.0,1025.0,1030.0,1029.9293416572075,3524,246,3629471.0,2274.0,64.53,22.0,1.45,1305829800.0,0.0,-0.004854133294496243,7101.35,0.858125276064392,0.6497065367449364,0.05,-12.713592233009718,172.78263992057848,-124.9891174986189,259.85,1159.4,899.5500000000001,44043.9,390.3,-7691.2,6831.1,24.93,2011,86314.29999999999,1498.1,-15882.1,8957.6,32.69,191138.6,105611.6,-25002.6,25414.700000000004,92.74000000000001,391756.0,304648.80000000005,-56952.7,50911.1,185.75,41.315683914961895,1030.0,1035.0,1017.0,1030.05
2011-05-19,1029.85,1035.9,1027.0,1028.55,1028.5114387391968,1967,118,2023082.0,1137.0,57.8,8.9,-1.3,1305743400.0,0.0,-0.1407766990291326,7040.93,-0.0469887454146888,0.6495858259106128,0.05,-12.590540080696123,175.12345670245267,-126.36577604778472,259.85,1159.4,899.5500000000001,44043.9,390.3,-7691.2,6831.1,24.93,2011,86314.29999999999,1498.1,-15882.1,8957.6,32.69,191138.6,105611.6,-25002.6,25414.700000000004,92.74000000000001,391756.0,304648.80000000005,-56952.7,50911.1,185.75,41.257521058965104,1028.55,1047.0,1025.0,1030.0
2011-05-18,1048.0,1059.45,1020.0,1031.35,1035.1478632478631,2340,198,2422246.0,935.0,39.96,39.45,-16.65,1305657000.0,0.0,0.27222789363667843,7044.24,-0.501430843505557,0.6495873386846995,0.05,-12.827846996654868,174.99417964180662,-126.51937106855402,259.85,1159.4,899.5500000000001,44043.9,390.3,-7691.2,6831.1,24.93,2011,86314.29999999999,1498.1,-15882.1,8957.6,32.69,191138.6,105611.6,-25002.6,25414.700000000004,92.74000000000001,391756.0,304648.80000000005,-56952.7,50911.1,185.75,41.369835539510625,1029.85,1035.9,1027.0,1028.55
2011-05-17,1044.0,1050.0,1031.0,1036.3,1039.809215262779,1389,158,1444295.0,572.0,41.18,19.0,-7.7,1305570600.0,0.0,0.47995345905851305,7079.74,-0.9067089181638566,0.649542356955994,0.04,-13.244234295088297,173.61527400723756,-126.02872688303188,259.85,1159.4,899.5500000000001,44043.9,390.3,-7691.2,6831.1,24.93,2011,86314.29999999999,1498.1,-15882.1,8957.6,32.69,191138.6,105611.6,-25002.6,25414.700000000004,92.74000000000001,391756.0,304648.80000000005,-56952.7,50911.1,185.75,41.56839149618933,1048.0,1059.45,1020.0,1031.35
2011-05-16,1044.45,1054.8,1040.0,1045.7,1046.6392016376665,1954,190,2045133.0,1001.0,51.23,14.8,1.25,1305484200.0,0.0,0.9070732413393845,7144.52,-0.8508388346658124,0.6494060919968603,0.04,-14.024098689872822,171.13437991635547,-125.17383131397935,259.85,1159.4,899.5500000000001,44043.9,390.3,-7691.2,6831.1,24.93,2011,86314.29999999999,1498.1,-15882.1,8957.6,32.69,191138.6,105611.6,-25002.6,25414.700000000004,92.74000000000001,391756.0,304648.80000000005,-56952.7,50911.1,185.75,41.94544725230646,1044.0,1050.0,1031.0,1036.3
2011-05-13,1033.0,1061.0,1033.0,1046.6,1051.772039645279,5751,290,6048741.0,3663.0,63.69,28.0,13.6,1305225000.0,0.0,0.08606674954574345,7205.83,1.059423950498517,0.6493560075274136,0.03,-14.098031721765715,168.8274633178968,-123.73767858263022,259.85,1159.4,899.5500000000001,44043.9,390.3,-7691.2,6831.1,24.93,2011,86314.29999999999,1498.1,-15882.1,8957.6,32.69,191138.6,105611.6,-25002.6,25414.700000000004,92.74000000000001,391756.0,304648.80000000005,-56952.7,50911.1,185.75,41.98154833533894,1044.45,1054.8,1040.0,1045.7
2011-05-12,1045.0,1048.9,1021.25,1029.75,1030.688814385858,3281,202,3381690.0,1821.0,55.5,27.65,-15.25,1305138600.0,0.0,-1.6099751576533428,7130.29,-1.1809299424849318,0.6491697458789802,0.02,-12.692401068220448,171.67548584980415,-124.14594919607069,259.85,1159.4,899.5500000000001,44043.9,390.3,-7691.2,6831.1,24.93,2011,86314.29999999999,1498.1,-15882.1,8957.6,32.69,191138.6,105611.6,-25002.6,25414.700000000004,92.74000000000001,391756.0,304648.80000000005,-56952.7,50911.1,185.75,41.30565583634176,1033.0,1061.0,1033.0,1046.6
2011-05-11,1046.0,1050.0,1035.15,1045.1,1046.1065818997758,2674,208,2797289.0,1511.0,56.51,14.85,-0.9,1305052200.0,0.0,1.4906530711337629,7215.5,0.4637861153770739,0.6492092493548868,0.03,-13.974739259401014,168.46718869101238,-123.35572009294059,259.85,1159.4,899.5500000000001,44043.9,390.3,-7691.2,6831.1,24.93,2011,86314.29999999999,1498.1,-15882.1,8957.6,32.69,191138.6,105611.6,-25002.6,25414.700000000004,92.74000000000001,391756.0,304648.80000000005,-56952.7,50911.1,185.75,41.92137986361813,1045.0,1048.9,1021.25,1029.75
2011-05-10,1040.0,1054.9,1035.55,1046.85,1047.7740296687666,4921,260,5156096.0,2389.0,48.55,19.35,6.85,1304965800.0,0.0,0.16744809109177083,7182.19,-0.0736002048005723,0.6494323136971368,0.03,-14.11854611453408,169.71230223650448,-124.34571624944405,259.85,1159.4,899.5500000000001,44043.9,390.3,-7691.2,6831.1,24.93,2011,86314.29999999999,1498.1,-15882.1,8957.6,32.69,191138.6,105611.6,-25002.6,25414.700000000004,92.74000000000001,391756.0,304648.80000000005,-56952.7,50911.1,185.75,41.99157641395908,1046.0,1050.0,1035.15,1045.1
2011-05-09,1040.8,1064.0,1030.0,1036.55,1049.226771579344,21224,480,22268789.0,17647.0,83.15,34.0,-4.25,1304879400.0,0.0,-0.9839040932320686,7187.48,0.0944197640898591,0.6494326963507325,0.03,-13.265158458347404,169.51379342968607,-123.363475413139,259.85,1159.4,899.5500000000001,44043.9,390.3,-7691.2,6831.1,24.93,2011,86314.29999999999,1498.1,-15882.1,8957.6,32.69,191138.6,105611.6,-25002.6,25414.700000000004,92.74000000000001,391756.0,304648.80000000005,-56952.7,50911.1,185.75,41.578419574809466,1040.0,1054.9,1035.55,1046.85
2011-05-06,1000.0,1050.9,1000.0,1044.6,1037.43740109839,10743,724,11145190.0,3980.0,37.05,50.9,44.6,1304620200.0,0.0,0.7766147315614313,7180.7,1.5114973889490455,0.6495488806628826,0.02,-13.933563086348844,169.76826771763197,-124.21336037680001,259.85,1159.4,899.5500000000001,44043.9,390.3,-7691.2,6831.1,24.93,2011,86314.29999999999,1498.1,-15882.1,8957.6,32.69,191138.6,105611.6,-25002.6,25414.700000000004,92.74000000000001,391756.0,304648.80000000005,-56952.7,50911.1,185.75,41.90132370637785,1040.8,1064.0,1030.0,1036.55
2011-05-05,1015.0,1024.8,999.1,1003.85,1004.3517452320976,5558,322,5582187.0,2748.0,49.44,25.7,-11.15,1304533800.0,0.0,-3.901014742485154,7073.78,-1.331797145033109,0.6492267019618004,0.02,-10.439806744035474,173.84580804039706,-123.31216281394747,259.85,1159.4,899.5500000000001,44043.9,390.3,-7691.2,6831.1,24.93,2011,86314.29999999999,1498.1,-15882.1,8957.6,32.69,191138.6,105611.6,-25002.6,25414.700000000004,92.74000000000001,391756.0,304648.80000000005,-56952.7,50911.1,185.75,40.26674689129563,1000.0,1050.9,1000.0,1044.6
2011-05-04,1028.0,1028.3,1007.0,1015.1,1014.3852766145026,4537,276,4602266.0,1815.0,40.0,21.3,-12.9,1304447400.0,0.0,1.1206853613587642,7169.26,-0.4725611872336333,0.650688101184208,0.03,-11.43237119495617,170.19873738712224,-122.18914380629688,259.85,1159.4,899.5500000000001,44043.9,390.3,-7691.2,6831.1,24.93,2011,86314.29999999999,1498.1,-15882.1,8957.6,32.69,191138.6,105611.6,-25002.6,25414.700000000004,92.74000000000001,391756.0,304648.80000000005,-56952.7,50911.1,185.75,40.71801042920177,1015.0,1024.8,999.1,1003.85
2011-05-03,1058.0,1075.0,1021.1,1032.5,1058.1649378775792,8773,484,9283281.0,4203.0,47.91,53.9,-25.5,1304361000.0,0.0,1.7141168357797332,7203.3,-2.215832963416964,0.6507835892488253,0.03,-12.924939467312358,168.9218830258354,-122.86700529785827,259.85,1159.4,899.5500000000001,44043.9,390.3,-7691.2,6831.1,24.93,2011,86314.29999999999,1498.1,-15882.1,8957.6,32.69,191138.6,105611.6,-25002.6,25414.700000000004,92.74000000000001,391756.0,304648.80000000005,-56952.7,50911.1,185.75,41.415964701163254,1028.0,1028.3,1007.0,1015.1
2011-05-02,1095.0,1095.0,1054.0,1058.5,1065.774741506647,4062,311,4329177.0,1495.0,36.8,41.0,-36.5,1304274600.0,0.0,2.5181598062953947,7366.53,-0.8160610948494407,0.6501993756564141,0.05,-15.06376948512046,162.9630232959073,-121.03971551841822,259.85,1159.4,899.5500000000001,44043.9,390.3,-7691.2,6831.1,24.93,2011,86314.29999999999,1498.1,-15882.1,8957.6,32.69,191138.6,105611.6,-25002.6,25414.700000000004,92.74000000000001,391756.0,304648.80000000005,-56952.7,50911.1,185.75,42.45888487765744,1058.0,1075.0,1021.1,1032.5
2011-04-29,1072.0,1092.0,1070.0,1086.8,1085.9082318735236,11006,700,11951506.0,4149.0,37.7,22.0,14.8,1304015400.0,0.0,2.6735947094945534,7427.14,-0.8334267967677667,0.6508043817292335,0.04,-17.27548767022451,160.81708436894954,-121.94991865918753,259.85,1159.4,899.5500000000001,44043.9,390.3,-7691.2,6831.1,24.93,2011,86314.29999999999,1498.1,-15882.1,8957.6,32.69,191138.6,105611.6,-25002.6,25414.700000000004,92.74000000000001,391756.0,304648.80000000005,-56952.7,50911.1,185.75,43.59406337745688,1095.0,1095.0,1054.0,1058.5
2011-04-28,1056.3,1072.0,1056.0,1064.4,1060.7566424322538,7565,298,8024624.0,2989.0,39.51,16.0,8.1,1303929000.0,0.0,-2.0610967979388883,7489.56,-0.7892289717769119,0.6515016590284188,0.04,-15.534573468620827,158.64336489727032,-118.90492882668212,259.85,1159.4,899.5500000000001,44043.9,390.3,-7691.2,6831.1,24.93,2011,86314.29999999999,1498.1,-15882.1,8957.6,32.69,191138.6,105611.6,-25002.6,25414.700000000004,92.74000000000001,391756.0,304648.80000000005,-56952.7,50911.1,185.75,42.695547533092665,1072.0,1092.0,1070.0,1086.8
2011-04-27,1070.0,1071.9,1045.8,1059.0,1060.6732766761097,10590,549,11232530.0,3960.0,37.39,26.1,-11.0,1303842600.0,0.0,-0.5073280721533346,7549.14,-0.3383601086237586,0.6518825907091527,0.06,-15.103871576959405,156.6020765279224,-117.2109259789719,259.85,1159.4,899.5500000000001,44043.9,390.3,-7691.2,6831.1,24.93,2011,86314.29999999999,1498.1,-15882.1,8957.6,32.69,191138.6,105611.6,-25002.6,25414.700000000004,92.74000000000001,391756.0,304648.80000000005,-56952.7,50911.1,185.75,42.478941034897716,1056.3,1072.0,1056.0,1064.4
2011-04-26,1044.85,1076.0,1040.15,1060.65,1062.8472222222222,52416,3338,55710200.0,3635.0,6.93,35.85,15.8,1303756200.0,0.0,0.1558073654390979,7574.77,-0.0902183045553561,0.6518874780532838,0.07,-15.235940225333533,155.73383746305166,-116.78124665321856,259.85,1159.4,899.5500000000001,44043.9,390.3,-7691.2,6831.1,24.93,2011,86314.29999999999,1498.1,-15882.1,8957.6,32.69,191138.6,105611.6,-25002.6,25414.700000000004,92.74000000000001,391756.0,304648.80000000005,-56952.7,50911.1,185.75,42.545126353790614,1070.0,1071.9,1045.8,1059.0
2011-04-25,1005.5,1040.0,989.0,1035.5,1025.655166051661,5420,401,5559051.0,2805.0,51.75,51.0,30.0,1303669800.0,0.0,-2.371187479375858,7581.61,-0.0087045172488031,0.6518864682686779,0.07,-13.177209077740226,155.50311873071814,-114.57195589909416,259.85,1159.4,899.5500000000001,44043.9,390.3,-7691.2,6831.1,24.93,2011,86314.29999999999,1498.1,-15882.1,8957.6,32.69,191138.6,105611.6,-25002.6,25414.700000000004,92.74000000000001,391756.0,304648.80000000005,-56952.7,50911.1,185.75,41.5363016446049,1044.85,1076.0,1040.15,1060.65
2011-04-21,1025.0,1035.0,1008.0,1013.5,1022.5579034028542,3644,255,3726201.0,1306.0,35.84,27.0,-11.5,1303324200.0,0.0,-2.1245774987928567,7582.27,0.3231077621281164,0.6525599275946983,0.06,-11.292550567340898,155.48087841767702,-112.77398773428462,259.85,1159.4,899.5500000000001,44043.9,390.3,-7691.2,6831.1,24.93,2011,86314.29999999999,1498.1,-15882.1,8957.6,32.69,191138.6,105611.6,-25002.6,25414.700000000004,92.74000000000001,391756.0,304648.80000000005,-56952.7,50911.1,185.75,40.65383072603289,1005.5,1040.0,989.0,1035.5
2011-04-20,1036.8,1045.0,1008.0,1019.55,1022.024616171955,19540,935,19970361.0,6084.0,31.14,37.0,-17.25,1303237800.0,0.0,0.5969412925505679,7557.85,1.59807070064808,0.6530902116347416,0.06,-11.818939728311506,156.30635696659763,-113.92190606678413,259.85,1159.4,899.5500000000001,44043.9,390.3,-7691.2,6831.1,24.93,2011,86314.29999999999,1498.1,-15882.1,8957.6,32.69,191138.6,105611.6,-25002.6,25414.700000000004,92.74000000000001,391756.0,304648.80000000005,-56952.7,50911.1,185.75,40.89651022864019,1025.0,1035.0,1008.0,1013.5
2011-04-19,1039.05,1049.4,1025.0,1036.5,1040.0647410358563,3012,203,3132675.0,1638.0,54.38,24.4,-2.55,1303151400.0,0.0,1.662498160953363,7438.97,0.2016433189655275,0.6526921774026841,0.06,-13.260974433188622,160.40231376117927,-117.97514833175708,259.85,1159.4,899.5500000000001,44043.9,390.3,-7691.2,6831.1,24.93,2011,86314.29999999999,1498.1,-15882.1,8957.6,32.69,191138.6,105611.6,-25002.6,25414.700000000004,92.74000000000001,391756.0,304648.80000000005,-56952.7,50911.1,185.75,41.57641395908544,1036.8,1045.0,1008.0,1019.55
2011-04-18,1071.1,1073.6,1031.15,1045.5,1051.9854916711442,5583,330,5873235.0,3530.0,63.23,42.45,-25.6,1303065000.0,0.0,0.868306801736618,7424.0,-1.375482561367991,0.6530102131223031,0.07,-14.0076518412243,160.92739762931038,-119.11917534943933,259.85,1159.4,899.5500000000001,44043.9,390.3,-7691.2,6831.1,24.93,2011,86314.29999999999,1498.1,-15882.1,8957.6,32.69,191138.6,105611.6,-25002.6,25414.700000000004,92.74000000000001,391756.0,304648.80000000005,-56952.7,50911.1,185.75,41.93742478941035,1039.05,1049.4,1025.0,1036.5
2011-04-15,1088.0,1088.0,1065.5,1073.6,1078.0577217125383,2616,203,2820199.0,1214.0,46.41,22.5,-14.4,1302805800.0,0.0,2.687709230033475,7527.54,-1.0833142794067774,0.6527287537884479,0.07,-16.258383010432187,157.33838677708783,-118.98198112176033,259.85,1159.4,899.5500000000001,44043.9,390.3,-7691.2,6831.1,24.93,2011,86314.29999999999,1498.1,-15882.1,8957.6,32.69,191138.6,105611.6,-25002.6,25414.700000000004,92.74000000000001,391756.0,304648.80000000005,-56952.7,50911.1,185.75,43.06458082631367,1071.1,1073.6,1031.15,1045.5
2011-04-13,1078.5,1092.0,1061.2,1088.15,1079.8341786108049,4535,224,4897048.0,2473.0,54.53,30.8,9.65,1302633000.0,0.0,1.3552533532041888,7609.98,1.8661226653387877,0.6533475764562607,0.06,-17.378118825529576,154.55060328673662,-118.37418006818459,259.85,1159.4,899.5500000000001,44043.9,390.3,-7691.2,6831.1,24.93,2011,86314.29999999999,1498.1,-15882.1,8957.6,32.69,191138.6,105611.6,-25002.6,25414.700000000004,92.74000000000001,391756.0,304648.80000000005,-56952.7,50911.1,185.75,43.64821500200562,1088.0,1088.0,1065.5,1073.6
2011-04-11,1080.0,1096.0,1071.15,1078.5,1081.1502055327182,9001,274,9731433.0,5107.0,56.74,24.85,-1.5,1302460200.0,0.0,-0.8868262647612979,7470.57,-0.8971637791515219,0.6529599271325311,0.05,-16.638850254983772,159.30082978942704,-120.67326047008316,259.85,1159.4,899.5500000000001,44043.9,390.3,-7691.2,6831.1,24.93,2011,86314.29999999999,1498.1,-15882.1,8957.6,32.69,191138.6,105611.6,-25002.6,25414.700000000004,92.74000000000001,391756.0,304648.80000000005,-56952.7,50911.1,185.75,43.26113116726835,1078.5,1092.0,1061.2,1088.15
2011-04-08,1100.1,1102.0,1082.1,1090.7,1090.483692722372,7420,225,8091389.0,3837.0,51.71,19.9,-9.4,1302201000.0,0.0,1.1312007417709768,7538.2,-0.8889257028508513,0.6528930261391702,0.04,-17.571284496195116,156.97447666551696,-120.0727098719115,259.85,1159.4,899.5500000000001,44043.9,390.3,-7691.2,6831.1,24.93,2011,86314.29999999999,1498.1,-15882.1,8957.6,32.69,191138.6,105611.6,-25002.6,25414.700000000004,92.74000000000001,391756.0,304648.80000000005,-56952.7,50911.1,185.75,43.75050140393101,1080.0,1096.0,1071.15,1078.5
2011-04-07,1120.5,1120.5,1096.0,1101.95,1103.1325471698112,29680,140,32740974.0,27762.0,93.54,24.5,-18.55,1302114600.0,0.0,1.0314476941413853,7605.81,0.1721381214159878,0.6528827205751244,0.04,-18.412813648532158,154.69016449267073,-119.42123377989753,259.85,1159.4,899.5500000000001,44043.9,390.3,-7691.2,6831.1,24.93,2011,86314.29999999999,1498.1,-15882.1,8957.6,32.69,191138.6,105611.6,-25002.6,25414.700000000004,92.74000000000001,391756.0,304648.80000000005,-56952.7,50911.1,185.75,44.20176494183715,1100.1,1102.0,1082.1,1090.7
2011-04-06,1125.0,1134.75,1110.0,1115.55,1119.6708333333331,4080,219,4568257.0,2368.0,58.04,24.75,-9.45,1302028200.0,0.0,1.2341757793003172,7592.74,-0.057258766185475,0.6530046674208022,0.06,-19.407467168661196,155.1285833572597,-120.72797587128352,259.85,1159.4,899.5500000000001,44043.9,390.3,-7691.2,6831.1,24.93,2011,86314.29999999999,1498.1,-15882.1,8957.6,32.69,191138.6,105611.6,-25002.6,25414.700000000004,92.74000000000001,391756.0,304648.80000000005,-56952.7,50911.1,185.75,44.74729241877256,1120.5,1120.5,1096.0,1101.95
2011-04-05,1118.0,1135.9,1118.0,1130.05,1129.7082973206568,4628,341,5228290.0,2690.0,58.12,17.9,12.05,1301941800.0,0.0,1.2998072699565322,7597.09,0.3174414535755065,0.653182140809055,0.07,-20.44157338170878,154.98249987824283,-121.6976516902619,259.85,1159.4,899.5500000000001,44043.9,390.3,-7691.2,6831.1,24.93,2011,86314.29999999999,1498.1,-15882.1,8957.6,32.69,191138.6,105611.6,-25002.6,25414.700000000004,92.74000000000001,391756.0,304648.80000000005,-56952.7,50911.1,185.75,45.32892097874047,1125.0,1134.75,1110.0,1115.55
2011-04-04,1111.0,1129.0,1065.65,1119.95,1118.7738258093937,4386,242,4906942.0,1755.0,40.01,63.35,8.95,1301855400.0,0.0,-0.8937657625768702,7573.05,1.4551680436416523,0.6533686927702658,0.06,-19.724094825661865,155.79192003221948,-121.53445583971667,259.85,1159.4,899.5500000000001,44043.9,390.3,-7691.2,6831.1,24.93,2011,86314.29999999999,1498.1,-15882.1,8957.6,32.69,191138.6,105611.6,-25002.6,25414.700000000004,92.74000000000001,391756.0,304648.80000000005,-56952.7,50911.1,185.75,44.92378660248696,1118.0,1135.9,1118.0,1130.05
2011-04-01,1134.0,1134.0,1105.0,1109.2,1111.9182266009857,3045,215,3385791.0,1353.0,44.43,29.0,-24.8,1301596200.0,0.0,-0.9598642796553425,7464.43,0.3653227129346126,0.653103232468742,0.07,-18.946087270104584,159.51412231074573,-123.14955894939409,259.85,1159.4,899.5500000000001,44043.9,390.3,-7691.2,6831.1,24.93,2011,86314.29999999999,1498.1,-15882.1,8957.6,32.69,191138.6,105611.6,-25002.6,25414.700000000004,92.74000000000001,391756.0,304648.80000000005,-56952.7,50911.1,185.75,44.4925792218211,1111.0,1129.0,1065.65,1119.95
2011-03-31,1128.0,1145.0,1107.0,1133.8,1134.1286117856962,20177,671,22883313.0,14031.0,69.54,38.0,5.8,1301509800.0,0.0,2.217814641182825,7437.26,0.5346249041933371,0.6531961024901071,0.09,-20.70470982536603,160.46218634281982,-125.54919689231312,259.85,1159.4,899.5500000000001,45559.3,658.0,-8205.2,7267.7,26.52,2011,83850.1,1099.0,-15170.7,9620.1,35.11,184273.90000000002,55254.3,-25768.700000000004,24461.9,89.27000000000001,385997.9,255463.7,-56783.8,51016.200000000004,186.14999999999998,42.7526395173454,1134.0,1134.0,1105.0,1109.2
2011-03-30,1095.0,1145.0,1082.0,1126.05,1116.93992943252,34010,1283,37987127.0,18687.0,54.95,63.0,31.05,1301423400.0,0.0,-0.6835420709119799,7397.71,1.0871600062857478,0.6537368579543392,0.1,-20.158962745881624,161.85468205701494,-126.0039603532377,259.85,1159.4,899.5500000000001,45559.3,658.0,-8205.2,7267.7,26.52,2011,83850.1,1099.0,-15170.7,9620.1,35.11,184273.90000000002,55254.3,-25768.700000000004,24461.9,89.27000000000001,385997.9,255463.7,-56783.8,51016.200000000004,186.14999999999998,42.460407239819006,1128.0,1145.0,1107.0,1133.8
2011-03-29,1065.0,1099.9,1061.2,1090.45,1084.2500712995534,21038,669,22810453.0,12734.0,60.53,38.7,25.45,1301337000.0,0.0,-3.161493716975261,7318.15,0.6959685286828998,0.6535950008821071,0.1,-17.552386629373206,164.7014614349255,-125.23507896112945,259.85,1159.4,899.5500000000001,45559.3,658.0,-8205.2,7267.7,26.52,2011,83850.1,1099.0,-15170.7,9620.1,35.11,184273.90000000002,55254.3,-25768.700000000004,24461.9,89.27000000000001,385997.9,255463.7,-56783.8,51016.200000000004,186.14999999999998,41.11802413273002,1095.0,1145.0,1082.0,1126.05
2011-03-28,1040.85,1070.0,1040.0,1066.8,1066.2468974526453,22965,546,24486360.0,19337.0,84.2,30.0,25.95,1301250600.0,0.0,-2.1688293823650895,7267.57,0.5272876913181568,0.6547194893452664,0.11,-15.724596925384326,166.5437003014763,-124.80198419660996,259.85,1159.4,899.5500000000001,45559.3,658.0,-8205.2,7267.7,26.52,2011,83850.1,1099.0,-15170.7,9620.1,35.11,184273.90000000002,55254.3,-25768.700000000004,24461.9,89.27000000000001,385997.9,255463.7,-56783.8,51016.200000000004,186.14999999999998,40.2262443438914,1065.0,1099.9,1061.2,1090.45
2011-03-25,1039.0,1056.0,1037.0,1048.05,1047.9987192921178,8589,647,9001261.0,3870.0,45.06,19.0,9.05,1300991400.0,0.0,-1.7575928008998876,7229.45,1.8827906452362877,0.65524660462461,0.09,-14.216878965698198,167.94915242514992,-124.29601864744257,259.85,1159.4,899.5500000000001,45559.3,658.0,-8205.2,7267.7,26.52,2011,83850.1,1099.0,-15170.7,9620.1,35.11,184273.90000000002,55254.3,-25768.700000000004,24461.9,89.27000000000001,385997.9,255463.7,-56783.8,51016.200000000004,186.14999999999998,39.51923076923077,1040.85,1070.0,1040.0,1066.8
2011-03-24,1025.0,1037.25,1020.9,1031.75,1033.4087825103652,10612,477,10966534.0,6632.0,62.5,16.35,6.75,1300905000.0,0.0,-1.5552693096703374,7095.85,0.7412360654434291,0.6550017334532748,0.09,-12.861642839835241,172.99407400100057,-126.20411103162392,259.85,1159.4,899.5500000000001,45559.3,658.0,-8205.2,7267.7,26.52,2011,83850.1,1099.0,-15170.7,9620.1,35.11,184273.90000000002,55254.3,-25768.700000000004,24461.9,89.27000000000001,385997.9,255463.7,-56783.8,51016.200000000004,186.14999999999998,38.90460030165912,1039.0,1056.0,1037.0,1048.05
2011-03-23,1022.0,1030.0,1017.0,1020.9,1022.919006092462,8371,200,8562855.0,6886.0,82.26,13.0,-1.1,1300818600.0,0.0,-1.051611339956382,7043.64,1.0665331288176372,0.6552078575506648,0.09,-11.935547066314033,175.0176045340193,-126.63948805951878,259.85,1159.4,899.5500000000001,45559.3,658.0,-8205.2,7267.7,26.52,2011,83850.1,1099.0,-15170.7,9620.1,35.11,184273.90000000002,55254.3,-25768.700000000004,24461.9,89.27000000000001,385997.9,255463.7,-56783.8,51016.200000000004,186.14999999999998,38.49547511312217,1025.0,1037.25,1020.9,1031.75
2011-03-22,1013.55,1033.5,1006.05,1022.05,1023.1902092675635,13380,391,13690285.0,10865.0,81.2,27.45,8.5,1300732200.0,0.0,0.11264570477029778,6969.31,0.8190733274600959,0.655151395963917,0.1,-12.034636270241183,177.95075839645529,-128.6538089069202,259.85,1159.4,899.5500000000001,45559.3,658.0,-8205.2,7267.7,26.52,2011,83850.1,1099.0,-15170.7,9620.1,35.11,184273.90000000002,55254.3,-25768.700000000004,24461.9,89.27000000000001,385997.9,255463.7,-56783.8,51016.200000000004,186.14999999999998,38.538838612368025,1022.0,1030.0,1017.0,1020.9
2011-03-21,1045.6,1045.6,1000.1,1016.7,1016.5709882884736,9734,952,9895302.0,5947.0,61.1,45.5,-28.9,1300645800.0,0.0,-0.5234577564698362,6912.69,-0.1894363258593712,0.6550407889554969,0.1,-11.571751745844406,180.2273789219537,-129.66253214736668,259.85,1159.4,899.5500000000001,45559.3,658.0,-8205.2,7267.7,26.52,2011,83850.1,1099.0,-15170.7,9620.1,35.11,184273.90000000002,55254.3,-25768.700000000004,24461.9,89.27000000000001,385997.9,255463.7,-56783.8,51016.200000000004,186.14999999999998,38.33710407239819,1013.55,1033.5,1006.05,1022.05
2011-03-18,1018.5,1047.85,1017.0,1037.6,1039.3057772103416,9399,633,9768435.0,3022.0,32.15,30.85,19.1,1300386600.0,0.0,2.0556703058915993,6925.81,-1.1543253661857378,0.6550662874524782,0.07,-13.35292983808789,179.69652647127194,-131.0902116616083,259.85,1159.4,899.5500000000001,45559.3,658.0,-8205.2,7267.7,26.52,2011,83850.1,1099.0,-15170.7,9620.1,35.11,184273.90000000002,55254.3,-25768.700000000004,24461.9,89.27000000000001,385997.9,255463.7,-56783.8,51016.200000000004,186.14999999999998,39.12518853695324,1045.6,1045.6,1000.1,1016.7
2011-03-17,1015.05,1023.0,1013.05,1021.5,1021.7564791850456,60077,355,61384064.0,56398.0,93.88,9.95,6.45,1300300200.0,0.0,-1.5516576715497221,7006.69,-0.8268802608876635,0.6553053921682546,0.08,-11.987273617229565,176.46791851787364,-127.65522773532687,259.85,1159.4,899.5500000000001,45559.3,658.0,-8205.2,7267.7,26.52,2011,83850.1,1099.0,-15170.7,9620.1,35.11,184273.90000000002,55254.3,-25768.700000000004,24461.9,89.27000000000001,385997.9,255463.7,-56783.8,51016.200000000004,186.14999999999998,38.51809954751131,1018.5,1047.85,1017.0,1037.6
2011-03-16,1023.0,1032.9,1020.05,1026.65,1029.1870749491693,57052,318,58717181.0,54328.0,95.23,12.85,3.65,1300213800.0,0.0,0.5041605482134282,7065.11,1.1793331003786325,0.6554628361378287,0.1,-12.428773194370047,174.18185987196236,-126.63296278619458,259.85,1159.4,899.5500000000001,45559.3,658.0,-8205.2,7267.7,26.52,2011,83850.1,1099.0,-15170.7,9620.1,35.11,184273.90000000002,55254.3,-25768.700000000004,24461.9,89.27000000000001,385997.9,255463.7,-56783.8,51016.200000000004,186.14999999999998,38.71229260935144,1015.05,1023.0,1013.05,1021.5
2011-03-15,1022.0,1029.0,1009.0,1016.7,1019.926448053938,3263,274,3328020.0,1243.0,38.09,20.0,-5.3,1300127400.0,0.0,-0.9691715774606813,6982.76,-1.4326146028161069,0.6552531198305375,0.1,-11.571751745844406,177.4153773006662,-127.85820591603479,259.85,1159.4,899.5500000000001,45559.3,658.0,-8205.2,7267.7,26.52,2011,83850.1,1099.0,-15170.7,9620.1,35.11,184273.90000000002,55254.3,-25768.700000000004,24461.9,89.27000000000001,385997.9,255463.7,-56783.8,51016.200000000004,186.14999999999998,38.33710407239819,1023.0,1032.9,1020.05,1026.65
2011-03-14,1009.8,1035.0,1009.8,1028.2,1027.644767636242,5982,388,6147371.0,2315.0,38.7,25.2,18.4,1300041000.0,0.0,1.1311104553949125,7084.25,1.2330736386032548,0.6549709981109672,0.09,-12.56078583933088,173.44108409499944,-126.19071841265087,259.85,1159.4,899.5500000000001,45559.3,658.0,-8205.2,7267.7,26.52,2011,83850.1,1099.0,-15170.7,9620.1,35.11,184273.90000000002,55254.3,-25768.700000000004,24461.9,89.27000000000001,385997.9,255463.7,-56783.8,51016.200000000004,186.14999999999998,38.77073906485671,1022.0,1029.0,1009.0,1016.7
2011-03-11,1010.2,1020.0,1005.0,1010.7,1015.3534599728628,2948,116,2993262.0,1354.0,45.93,15.0,0.5,1299781800.0,0.0,-1.7020035012643486,6997.96,-0.8877382220308649,0.6548593236991184,0.08,-11.046799248045913,176.81281402008585,-126.8619303126814,259.85,1159.4,899.5500000000001,45559.3,658.0,-8205.2,7267.7,26.52,2011,83850.1,1099.0,-15170.7,9620.1,35.11,184273.90000000002,55254.3,-25768.700000000004,24461.9,89.27000000000001,385997.9,255463.7,-56783.8,51016.200000000004,186.14999999999998,38.11085972850679,1009.8,1035.0,1009.8,1028.2
2011-03-10,1022.0,1023.95,1010.35,1016.0,1017.1335218347472,3183,97,3237536.0,2904.0,91.23,13.6,-6.0,1299695400.0,0.0,0.5243890373008764,7060.64,-0.5165344567652497,0.6550565719722709,0.08,-11.510826771653548,174.35544086655034,-125.75109964465221,259.85,1159.4,899.5500000000001,45559.3,658.0,-8205.2,7267.7,26.52,2011,83850.1,1099.0,-15170.7,9620.1,35.11,184273.90000000002,55254.3,-25768.700000000004,24461.9,89.27000000000001,385997.9,255463.7,-56783.8,51016.200000000004,186.14999999999998,38.31070889894419,1010.2,1020.0,1005.0,1010.7
2011-03-09,1029.9,1034.95,1014.15,1018.7,1021.8393760539632,4744,230,4847606.0,3070.0,64.71,20.8,-11.2,1299609000.0,0.0,0.2657480314960603,7097.3,0.3037108119070542,0.6550302849376095,0.1,-11.745361735545313,172.93830048046442,-125.0596829473961,259.85,1159.4,899.5500000000001,45559.3,658.0,-8205.2,7267.7,26.52,2011,83850.1,1099.0,-15170.7,9620.1,35.11,184273.90000000002,55254.3,-25768.700000000004,24461.9,89.27000000000001,385997.9,255463.7,-56783.8,51016.200000000004,186.14999999999998,38.412518853695325,1022.0,1023.95,1010.35,1016.0
2011-03-08,1020.0,1032.0,1015.0,1024.15,1024.9903451439054,43605,258,44694704.0,41869.0,96.02,17.0,4.15,1299522600.0,0.0,0.5349955826052799,7075.81,1.0750583882694895,0.6550251248948893,0.11,-12.215007567250902,173.7672436088589,-126.07486525104592,259.85,1159.4,899.5500000000001,45559.3,658.0,-8205.2,7267.7,26.52,2011,83850.1,1099.0,-15170.7,9620.1,35.11,184273.90000000002,55254.3,-25768.700000000004,24461.9,89.27000000000001,385997.9,255463.7,-56783.8,51016.200000000004,186.14999999999998,38.61802413273002,1029.9,1034.95,1014.15,1018.7
2011-03-07,1007.5,1017.0,964.3,1005.35,1002.534160435078,5884,447,5898911.0,2569.0,43.66,52.7,-2.15,1299436200.0,0.0,-1.8356686032319547,7000.55,-1.2666493661816824,0.6548607529727607,0.11,-10.573432138061378,176.71040132561012,-126.33210392544214,259.85,1159.4,899.5500000000001,45559.3,658.0,-8205.2,7267.7,26.52,2011,83850.1,1099.0,-15170.7,9620.1,35.11,184273.90000000002,55254.3,-25768.700000000004,24461.9,89.27000000000001,385997.9,255463.7,-56783.8,51016.200000000004,186.14999999999998,37.909125188536954,1020.0,1032.0,1015.0,1024.15
2011-03-04,974.0,1012.9,968.0,1007.05,1004.908908798732,45427,1045,45649997.0,36897.0,81.22,44.9,33.05,1299177000.0,0.0,0.16909533993136883,7090.36,0.037953234278687,0.6549597520462429,0.12,-10.72439302914453,173.20545078106048,-124.20839695552007,259.85,1159.4,899.5500000000001,45559.3,658.0,-8205.2,7267.7,26.52,2011,83850.1,1099.0,-15170.7,9620.1,35.11,184273.90000000002,55254.3,-25768.700000000004,24461.9,89.27000000000001,385997.9,255463.7,-56783.8,51016.200000000004,186.14999999999998,37.97322775263952,1007.5,1017.0,964.3,1005.35
2011-03-03,960.0,985.0,951.05,978.1,969.2406148389006,3383,238,3278941.0,1548.0,45.76,33.95,18.1,1299090600.0,0.0,-2.874733131423457,7087.67,0.161668006834148,0.6549625036130837,0.13,-8.081995705960543,173.30914108585756,-121.63783952511726,259.85,1159.4,899.5500000000001,45559.3,658.0,-8205.2,7267.7,26.52,2011,83850.1,1099.0,-15170.7,9620.1,35.11,184273.90000000002,55254.3,-25768.700000000004,24461.9,89.27000000000001,385997.9,255463.7,-56783.8,51016.200000000004,186.14999999999998,36.8815987933635,974.0,1012.9,968.0,1007.05
2011-03-01,929.0,964.0,929.0,957.2,955.2660578386603,6570,617,6276098.0,2329.0,35.45,35.0,28.2,1298917800.0,0.0,-2.1367958286473754,7076.23,3.2965958192222367,0.6559717535505604,0.14,-6.075010447137497,173.75099452674658,-120.0989189625042,259.85,1159.4,899.5500000000001,45559.3,658.0,-8205.2,7267.7,26.52,2011,83850.1,1099.0,-15170.7,9620.1,35.11,184273.90000000002,55254.3,-25768.700000000004,24461.9,89.27000000000001,385997.9,255463.7,-56783.8,51016.200000000004,186.14999999999998,36.093514328808446,960.0,985.0,951.05,978.1
2011-02-28,958.5,971.0,920.0,929.7,950.510975170925,2779,344,2641470.0,1126.0,40.52,51.0,-28.8,1298831400.0,0.0,-2.87296280819056,6850.4,0.5650397612417146,0.6545783925494432,0.15,-3.296762396471986,182.7754583673946,-122.9894413732064,259.85,1159.4,899.5500000000001,45559.3,658.0,-8205.2,7267.7,26.52,2011,83850.1,1099.0,-15170.7,9620.1,35.11,184273.90000000002,55254.3,-25768.700000000004,24461.9,89.27000000000001,385997.9,255463.7,-56783.8,51016.200000000004,186.14999999999998,35.05656108597285,929.0,964.0,929.0,957.2
2011-02-25,968.0,975.75,955.0,957.3,967.1306141154904,2182,253,2110279.0,839.0,38.45,20.75,-10.7,1298572200.0,0.0,2.968699580509826,6811.91,0.4085970469577038,0.6555434938541487,0.13,-6.084821894912773,184.3732521422039,-126.99428712326399,259.85,1159.4,899.5500000000001,45559.3,658.0,-8205.2,7267.7,26.52,2011,83850.1,1099.0,-15170.7,9620.1,35.11,184273.90000000002,55254.3,-25768.700000000004,24461.9,89.27000000000001,385997.9,255463.7,-56783.8,51016.200000000004,186.14999999999998,36.0972850678733,958.5,971.0,920.0,929.7
2011-02-24,968.0,974.45,956.0,963.4,964.5276865321443,4262,887,4110817.0,2060.0,48.33,18.45,-4.6,1298485800.0,0.0,0.6372088164629641,6784.19,-2.918932996764534,0.6565697156072031,0.13,-6.679468548889355,185.53519285279452,-128.5409032923473,259.85,1159.4,899.5500000000001,45559.3,658.0,-8205.2,7267.7,26.52,2011,83850.1,1099.0,-15170.7,9620.1,35.11,184273.90000000002,55254.3,-25768.700000000004,24461.9,89.27000000000001,385997.9,255463.7,-56783.8,51016.200000000004,186.14999999999998,36.327300150829565,968.0,975.75,955.0,957.3
2011-02-23,957.0,974.0,957.0,966.45,967.2979074889868,3632,249,3513226.0,1133.0,31.19,17.0,9.45,1298399400.0,0.0,0.3165870873988119,6988.17,-0.5684308179143227,0.6549956044203137,0.12,-6.973976925862702,177.20061189123902,-123.0809993426838,259.85,1159.4,899.5500000000001,45559.3,658.0,-8205.2,7267.7,26.52,2011,83850.1,1099.0,-15170.7,9620.1,35.11,184273.90000000002,55254.3,-25768.700000000004,24461.9,89.27000000000001,385997.9,255463.7,-56783.8,51016.200000000004,186.14999999999998,36.44230769230769,968.0,974.45,956.0,963.4
2011-02-22,958.0,967.0,935.0,952.3,951.0716655607168,3014,224,2866530.0,1349.0,44.76,32.0,-5.7,1298313000.0,0.0,-1.4641212685602034,7028.12,-0.863410223533112,0.6549373683566276,0.12,-5.5917252966502184,175.6249181858022,-120.65645454690475,259.85,1159.4,899.5500000000001,45559.3,658.0,-8205.2,7267.7,26.52,2011,83850.1,1099.0,-15170.7,9620.1,35.11,184273.90000000002,55254.3,-25768.700000000004,24461.9,89.27000000000001,385997.9,255463.7,-56783.8,51016.200000000004,186.14999999999998,35.90874811463047,957.0,974.0,957.0,966.45
2011-02-21,948.0,969.4,930.0,960.4,942.9286153846152,3250,240,3064518.0,1676.0,51.57,39.4,12.4,1298226600.0,0.0,0.8505722986453801,7089.33,0.8704993490463497,0.6550541145946648,,-6.387963348604753,173.2451444635812,,259.85,1159.4,899.5500000000001,45559.3,658.0,-8205.2,7267.7,26.52,2011,83850.1,1099.0,-15170.7,9620.1,35.11,184273.90000000002,55254.3,-25768.700000000004,24461.9,89.27000000000001,385997.9,255463.7,-56783.8,51016.200000000004,186.14999999999998,36.21417797888386,958.0,967.0,935.0,952.3
2011-02-18,960.0,975.0,936.05,946.7,960.0035714285714,8120,412,7795229.0,4657.0,57.35,38.95,-13.3,1297967400.0,0.0,-1.4264889629321043,7028.15,-1.6725660002518294,0.655009786109363,0.1,-5.03327347628606,175.62374166743737,-120.1030419629893,259.85,1159.4,899.5500000000001,45559.3,658.0,-8205.2,7267.7,26.52,2011,83850.1,1099.0,-15170.7,9620.1,35.11,184273.90000000002,55254.3,-25768.700000000004,24461.9,89.27000000000001,385997.9,255463.7,-56783.8,51016.200000000004,186.14999999999998,35.697586726998495,948.0,969.4,930.0,960.4
2011-02-17,943.8,949.0,920.0,940.1,940.0734112490868,2738,143,2573921.0,1494.0,54.57,29.0,-3.7,1297881000.0,0.0,-0.6971585507552613,7147.7,1.0348449146157623,0.6547202718738031,0.09,-4.366556749282003,171.0137526756859,-116.36380257079776,259.85,1159.4,899.5500000000001,45559.3,658.0,-8205.2,7267.7,26.52,2011,83850.1,1099.0,-15170.7,9620.1,35.11,184273.90000000002,55254.3,-25768.700000000004,24461.9,89.27000000000001,385997.9,255463.7,-56783.8,51016.200000000004,186.14999999999998,35.44871794871795,960.0,975.0,936.05,946.7
2011-02-16,934.0,947.0,928.0,935.0,938.5619158878504,1712,154,1606818.0,662.0,38.67,19.0,1.0,1297794600.0,0.0,-0.5424954792043413,7074.49,0.2332095499735675,0.6546010771863318,0.12,-3.844919786096257,173.81832471315954,-117.66803024879172,259.85,1159.4,899.5500000000001,45559.3,658.0,-8205.2,7267.7,26.52,2011,83850.1,1099.0,-15170.7,9620.1,35.11,184273.90000000002,55254.3,-25768.700000000004,24461.9,89.27000000000001,385997.9,255463.7,-56783.8,51016.200000000004,186.14999999999998,35.256410256410255,943.8,949.0,920.0,940.1
2011-02-15,960.0,960.0,920.7,942.95,937.692795389049,1735,177,1626897.0,569.0,32.8,39.3,-17.05,1297708200.0,0.0,0.8502673796791482,7058.03,0.3998623028427017,0.6546335180727973,0.13,-4.65560209979321,174.4568951959683,-118.90583079663777,259.85,1159.4,899.5500000000001,45559.3,658.0,-8205.2,7267.7,26.52,2011,83850.1,1099.0,-15170.7,9620.1,35.11,184273.90000000002,55254.3,-25768.700000000004,24461.9,89.27000000000001,385997.9,255463.7,-56783.8,51016.200000000004,186.14999999999998,35.55618401206637,934.0,947.0,928.0,935.0
2011-02-14,925.0,944.0,915.05,938.0,928.4610344827584,2900,214,2692537.0,1954.0,67.38,28.95,13.0,1297621800.0,0.0,-0.5249483005461686,7029.92,2.9203053971553983,0.6546921953547251,0.13,-4.152452025586362,175.55434485740946,-119.13140147894813,259.85,1159.4,899.5500000000001,45559.3,658.0,-8205.2,7267.7,26.52,2011,83850.1,1099.0,-15170.7,9620.1,35.11,184273.90000000002,55254.3,-25768.700000000004,24461.9,89.27000000000001,385997.9,255463.7,-56783.8,51016.200000000004,186.14999999999998,35.36953242835596,960.0,960.0,920.7,942.95
2011-02-11,912.0,922.0,899.0,915.2,910.5040556199305,3452,246,3143060.0,1480.0,42.87,23.0,3.2,1297362600.0,0.0,-2.4307036247334657,6830.45,1.7944751447085183,0.6531903170598605,0.12,-1.764641608391615,183.60137326237657,-121.73289798422198,259.85,1159.4,899.5500000000001,45559.3,658.0,-8205.2,7267.7,26.52,2011,83850.1,1099.0,-15170.7,9620.1,35.11,184273.90000000002,55254.3,-25768.700000000004,24461.9,89.27000000000001,385997.9,255463.7,-56783.8,51016.200000000004,186.14999999999998,34.50980392156863,925.0,944.0,915.05,938.0
2011-02-10,893.0,925.0,890.0,916.6,903.298113207547,11395,403,10293082.0,8469.0,74.32,35.0,23.6,1297276200.0,0.0,0.15297202797202036,6710.04,-0.339674821139746,0.6533496600774331,0.12,-1.91468470434214,188.69052941562197,-125.23717599866035,259.85,1159.4,899.5500000000001,45559.3,658.0,-8205.2,7267.7,26.52,2011,83850.1,1099.0,-15170.7,9620.1,35.11,184273.90000000002,55254.3,-25768.700000000004,24461.9,89.27000000000001,385997.9,255463.7,-56783.8,51016.200000000004,186.14999999999998,34.56259426847662,912.0,922.0,899.0,915.2
2011-02-09,952.0,957.0,890.0,901.35,915.1391171993912,9855,569,9018696.0,3775.0,38.31,67.0,-50.65,1297189800.0,0.0,-1.663757364171936,6732.91,-1.8699325629152883,0.6533252986678553,0.14,-0.2551727963610251,187.70992037618203,-122.93934704723598,259.85,1159.4,899.5500000000001,45559.3,658.0,-8205.2,7267.7,26.52,2011,83850.1,1099.0,-15170.7,9620.1,35.11,184273.90000000002,55254.3,-25768.700000000004,24461.9,89.27000000000001,385997.9,255463.7,-56783.8,51016.200000000004,186.14999999999998,33.987556561085974,893.0,925.0,890.0,916.6
2011-02-08,992.0,998.0,945.0,952.4,963.146848137536,5584,400,5378212.0,2722.0,48.75,53.0,-39.6,1297103400.0,0.0,5.663726632273813,6861.21,-1.795002447535432,0.6529975103108511,0.15,-5.6016379672406575,182.3299388883302,-124.71468448990328,259.85,1159.4,899.5500000000001,45559.3,658.0,-8205.2,7267.7,26.52,2011,83850.1,1099.0,-15170.7,9620.1,35.11,184273.90000000002,55254.3,-25768.700000000004,24461.9,89.27000000000001,385997.9,255463.7,-56783.8,51016.200000000004,186.14999999999998,35.912518853695325,952.0,957.0,890.0,901.35
2011-02-07,1035.0,1035.0,985.0,991.6,1003.8745087029758,3562,261,3575801.0,1659.0,46.57,50.0,-43.4,1297017000.0,0.0,4.115917681646364,6986.62,-0.130222292741422,0.6562444092945788,0.16,-9.333400564743854,177.26210957515937,-125.71566984771809,259.85,1159.4,899.5500000000001,45559.3,658.0,-8205.2,7267.7,26.52,2011,83850.1,1099.0,-15170.7,9620.1,35.11,184273.90000000002,55254.3,-25768.700000000004,24461.9,89.27000000000001,385997.9,255463.7,-56783.8,51016.200000000004,186.14999999999998,37.39064856711916,992.0,998.0,945.0,952.4
2011-02-04,1000.0,1020.0,998.0,1005.55,1005.9861738899232,3761,270,3783514.0,2240.0,59.56,22.0,5.55,1296757800.0,0.0,1.4068172650262056,6995.73,-2.048848651509516,0.6583005181342814,0.15,-10.591218736015119,176.90105249916738,-127.09652817699657,259.85,1159.4,899.5500000000001,45559.3,658.0,-8205.2,7267.7,26.52,2011,83850.1,1099.0,-15170.7,9620.1,35.11,184273.90000000002,55254.3,-25768.700000000004,24461.9,89.27000000000001,385997.9,255463.7,-56783.8,51016.200000000004,186.14999999999998,37.916666666666664,1035.0,1035.0,985.0,991.6
2011-02-03,1000.0,1006.5,999.0,1003.0,1002.905532737376,4139,230,4151026.0,1888.0,45.61,7.5,3.0,1296671400.0,0.0,-0.2535925612848655,7142.06,1.6008182623874043,0.6577185738707525,0.14,-10.363908275174483,171.22776901902253,-123.0315117210947,259.85,1159.4,899.5500000000001,45559.3,658.0,-8205.2,7267.7,26.52,2011,83850.1,1099.0,-15170.7,9620.1,35.11,184273.90000000002,55254.3,-25768.700000000004,24461.9,89.27000000000001,385997.9,255463.7,-56783.8,51016.200000000004,186.14999999999998,37.82051282051282,1000.0,1020.0,998.0,1005.55
2011-02-02,996.0,1011.5,988.0,1000.25,1000.2650190114064,2630,240,2630697.0,981.0,37.3,23.5,4.25,1296585000.0,0.0,-0.2741774675972031,7029.53,0.2518586340020556,0.6572723393344432,0.16,-10.117470632341918,175.56963267814493,-125.56937024450163,259.85,1159.4,899.5500000000001,45559.3,658.0,-8205.2,7267.7,26.52,2011,83850.1,1099.0,-15170.7,9620.1,35.11,184273.90000000002,55254.3,-25768.700000000004,24461.9,89.27000000000001,385997.9,255463.7,-56783.8,51016.200000000004,186.14999999999998,37.71681749622926,1000.0,1006.5,999.0,1003.0
2011-02-01,1019.0,1019.0,991.0,993.1,1002.9304511278194,2660,264,2667795.0,1338.0,50.3,28.0,-25.9,1296498600.0,0.0,-0.7148212946763266,7011.87,-1.6332107700444245,0.6572745854760155,0.15,-9.470345383143696,176.2636785907326,-125.37539047552369,259.85,1159.4,899.5500000000001,45559.3,658.0,-8205.2,7267.7,26.52,2011,83850.1,1099.0,-15170.7,9620.1,35.11,184273.90000000002,55254.3,-25768.700000000004,24461.9,89.27000000000001,385997.9,255463.7,-56783.8,51016.200000000004,186.14999999999998,37.44720965309201,996.0,1011.5,988.0,1000.25
2011-01-31,975.55,1015.0,970.0,999.0,996.5146822204345,4972,341,4954671.0,2325.0,46.76,45.0,23.45,1296412200.0,0.0,0.5940992850669513,7128.29,-0.129596471613469,0.6568145390015457,0.15,-10.005005005005007,171.7517104382678,-122.8655033383926,259.85,1159.4,899.5500000000001,45559.3,658.0,-8205.2,7267.7,26.52,2011,83850.1,1099.0,-15170.7,9620.1,35.11,184273.90000000002,55254.3,-25768.700000000004,24461.9,89.27000000000001,385997.9,255463.7,-56783.8,51016.200000000004,186.14999999999998,37.66968325791855,1019.0,1019.0,991.0,993.1
2011-01-28,1001.0,1003.0,989.0,996.55,994.5899513776336,4936,300,4909296.0,2037.0,41.27,14.0,-4.45,1296153000.0,0.0,-0.24524524524525138,7137.54,-1.9739688268667452,0.6568496576216316,0.15,-9.783753951131402,171.39952980999053,-122.41894897468907,259.85,1159.4,899.5500000000001,45559.3,658.0,-8205.2,7267.7,26.52,2011,83850.1,1099.0,-15170.7,9620.1,35.11,184273.90000000002,55254.3,-25768.700000000004,24461.9,89.27000000000001,385997.9,255463.7,-56783.8,51016.200000000004,186.14999999999998,37.577300150829565,975.55,1015.0,970.0,999.0
2011-01-27,1011.3,1022.25,990.0,1004.35,1003.978374153205,3838,349,3853269.0,1713.0,44.63,32.25,-6.95,1296066600.0,0.0,0.7827003160905122,7281.27,-1.6182860787132602,0.6560941158028687,0.15,-10.484392890924488,166.0421876952784,-119.4752810954617,259.85,1159.4,899.5500000000001,45559.3,658.0,-8205.2,7267.7,26.52,2011,83850.1,1099.0,-15170.7,9620.1,35.11,184273.90000000002,55254.3,-25768.700000000004,24461.9,89.27000000000001,385997.9,255463.7,-56783.8,51016.200000000004,186.14999999999998,37.87141779788839,1001.0,1003.0,989.0,996.55
2011-01-25,1025.0,1037.9,1016.05,1019.3,1027.5027391487567,16611,908,17067848.0,2297.0,13.83,21.85,-5.7,1295893800.0,0.0,1.4885249166127323,7401.04,-0.7681344215125896,0.6556459954593263,0.16,-11.797311880702443,161.73686400830155,-117.8945357266215,259.85,1159.4,899.5500000000001,45559.3,658.0,-8205.2,7267.7,26.52,2011,83850.1,1099.0,-15170.7,9620.1,35.11,184273.90000000002,55254.3,-25768.700000000004,24461.9,89.27000000000001,385997.9,255463.7,-56783.8,51016.200000000004,186.14999999999998,38.43514328808446,1011.3,1022.25,990.0,1004.35
2011-01-24,1020.0,1022.6,1008.0,1017.1,1016.8220509383376,2984,165,3034197.0,2016.0,67.56,14.6,-2.9,1295807400.0,0.0,-0.21583439615421307,7458.33,0.7484884342934928,0.6557872313619709,0.16,-11.606528364959201,159.72637306206616,-116.40811837380295,259.85,1159.4,899.5500000000001,45559.3,658.0,-8205.2,7267.7,26.52,2011,83850.1,1099.0,-15170.7,9620.1,35.11,184273.90000000002,55254.3,-25768.700000000004,24461.9,89.27000000000001,385997.9,255463.7,-56783.8,51016.200000000004,186.14999999999998,38.35218702865762,1025.0,1037.9,1016.05,1019.3
2011-01-21,1028.05,1043.0,1015.1,1018.75,1028.4922001075847,1859,193,1911967.0,717.0,38.57,27.9,-9.3,1295548200.0,0.0,0.1622259364860934,7402.92,-0.0821972166321849,0.6557018799102038,0.16,-11.749693251533744,161.67039492524572,-117.8123628290568,259.85,1159.4,899.5500000000001,45559.3,658.0,-8205.2,7267.7,26.52,2011,83850.1,1099.0,-15170.7,9620.1,35.11,184273.90000000002,55254.3,-25768.700000000004,24461.9,89.27000000000001,385997.9,255463.7,-56783.8,51016.200000000004,186.14999999999998,38.414404223227756,1020.0,1022.6,1008.0,1017.1
2011-01-20,980.0,1050.0,980.0,1032.7,1033.6494202898548,6900,509,7132181.0,2183.0,31.64,70.0,52.7,1295461800.0,0.0,1.3693251533742457,7409.01,0.2831584347239957,0.6557013104217861,0.16,-12.941803040573262,161.4553091438667,-118.86334861109377,259.85,1159.4,899.5500000000001,45559.3,658.0,-8205.2,7267.7,26.52,2011,83850.1,1099.0,-15170.7,9620.1,35.11,184273.90000000002,55254.3,-25768.700000000004,24461.9,89.27000000000001,385997.9,255463.7,-56783.8,51016.200000000004,186.14999999999998,38.94042232277527,1028.05,1043.0,1015.1,1018.75
2011-01-19,1015.0,1018.0,1002.25,1011.4,1010.9554062309102,1637,128,1654934.0,1018.0,62.19,15.75,-3.6,1295375400.0,0.0,-2.0625544688680275,7388.09,-0.2212177238884116,0.6559164037669502,0.16,-11.108364643069013,162.19564190474128,-117.55020016329624,259.85,1159.4,899.5500000000001,45559.3,658.0,-8205.2,7267.7,26.52,2011,83850.1,1099.0,-15170.7,9620.1,35.11,184273.90000000002,55254.3,-25768.700000000004,24461.9,89.27000000000001,385997.9,255463.7,-56783.8,51016.200000000004,186.14999999999998,38.13725490196079,980.0,1050.0,980.0,1032.7
2011-01-18,1013.0,1025.0,1006.0,1017.35,1016.172140120416,3654,260,3713093.0,2027.0,55.47,19.0,4.35,1295289000.0,0.0,0.5882934546173724,7404.47,0.9343055345402584,0.6564352236954093,0.16,-11.628249864844943,161.615618673585,-117.77340502572042,259.85,1159.4,899.5500000000001,45559.3,658.0,-8205.2,7267.7,26.52,2011,83850.1,1099.0,-15170.7,9620.1,35.11,184273.90000000002,55254.3,-25768.700000000004,24461.9,89.27000000000001,385997.9,255463.7,-56783.8,51016.200000000004,186.14999999999998,38.36161387631976,1015.0,1018.0,1002.25,1011.4
2011-01-17,1000.0,1032.0,974.0,1010.95,1010.759983418544,7237,409,7314870.0,1677.0,23.17,58.0,10.95,1295202600.0,0.0,-0.6290853688504461,7335.93,-0.3271734685143079,0.6563277342232606,,-11.0687966763935,164.05990787807406,,259.85,1159.4,899.5500000000001,45559.3,658.0,-8205.2,7267.7,26.52,2011,83850.1,1099.0,-15170.7,9620.1,35.11,184273.90000000002,55254.3,-25768.700000000004,24461.9,89.27000000000001,385997.9,255463.7,-56783.8,51016.200000000004,186.14999999999998,38.12028657616893,1013.0,1025.0,1006.0,1017.35
2011-01-14,1040.0,1040.0,995.0,1019.8,1018.2440609137058,4925,413,5014852.0,1684.0,34.19,45.0,-20.2,1294943400.0,0.0,0.875414214352821,7360.01,-1.6188752486258728,0.6563528878881827,0.15,-11.840556971955285,163.1959739185137,-119.00625281191306,259.85,1159.4,899.5500000000001,45559.3,658.0,-8205.2,7267.7,26.52,2011,83850.1,1099.0,-15170.7,9620.1,35.11,184273.90000000002,55254.3,-25768.700000000004,24461.9,89.27000000000001,385997.9,255463.7,-56783.8,51016.200000000004,186.14999999999998,38.45399698340875,1000.0,1032.0,974.0,1010.95
2011-01-13,1015.0,1047.9,1015.0,1038.0,1031.5596713362063,29696,703,30633196.0,23618.0,79.53,32.9,23.0,1294857000.0,0.0,1.7846636595410859,7481.12,-1.3885264009828036,0.6559214258396787,0.15,-13.38631984585742,158.9351594413671,-117.68690802881964,259.85,1159.4,899.5500000000001,45559.3,658.0,-8205.2,7267.7,26.52,2011,83850.1,1099.0,-15170.7,9620.1,35.11,184273.90000000002,55254.3,-25768.700000000004,24461.9,89.27000000000001,385997.9,255463.7,-56783.8,51016.200000000004,186.14999999999998,39.14027149321267,1040.0,1040.0,995.0,1019.8
2011-01-12,1028.0,1029.0,1000.0,1010.8,1012.8407810739768,2663,273,2697195.0,1185.0,44.5,29.0,-17.2,1294770600.0,0.0,-2.6204238921001988,7586.46,1.6668274797375648,0.6559182392282107,0.15,-11.055599525128612,155.33977639109676,-112.99740440179654,259.85,1159.4,899.5500000000001,45559.3,658.0,-8205.2,7267.7,26.52,2011,83850.1,1099.0,-15170.7,9620.1,35.11,184273.90000000002,55254.3,-25768.700000000004,24461.9,89.27000000000001,385997.9,255463.7,-56783.8,51016.200000000004,186.14999999999998,38.114630467571644,1015.0,1047.9,1015.0,1038.0
2011-01-11,995.0,1032.0,995.0,1018.15,1011.9916678049444,7321,377,7408791.0,4172.0,56.99,37.0,23.15,1294684200.0,0.0,0.7271468144044446,7462.08,-0.1526729814317007,0.656284453434216,0.15,-11.697686981289602,159.595849950684,-116.48951946852829,259.85,1159.4,899.5500000000001,45559.3,658.0,-8205.2,7267.7,26.52,2011,83850.1,1099.0,-15170.7,9620.1,35.11,184273.90000000002,55254.3,-25768.700000000004,24461.9,89.27000000000001,385997.9,255463.7,-56783.8,51016.200000000004,186.14999999999998,38.39177978883861,1028.0,1029.0,1000.0,1010.8
2011-01-10,991.0,1003.95,966.0,993.1,986.6946888237212,6138,380,6056332.0,2859.0,46.58,37.95,2.1,1294597800.0,0.0,-2.460344742916065,7473.49,-2.390129158400256,0.6563390704890447,0.15,-9.470345383143696,159.19951722689132,-114.01075768157285,259.85,1159.4,899.5500000000001,45559.3,658.0,-8205.2,7267.7,26.52,2011,83850.1,1099.0,-15170.7,9620.1,35.11,184273.90000000002,55254.3,-25768.700000000004,24461.9,89.27000000000001,385997.9,255463.7,-56783.8,51016.200000000004,186.14999999999998,37.44720965309201,995.0,1032.0,995.0,1018.15
2011-01-07,1000.0,1019.8,980.1,989.7,994.621558112912,16597,659,16507734.0,9355.0,56.37,39.7,-10.3,1294338600.0,0.0,-0.3423622998690923,7656.49,-2.327233853643107,0.6559759050184285,0.14,-9.159341214509453,153.0043139872187,-109.57464792729647,259.85,1159.4,899.5500000000001,45559.3,658.0,-8205.2,7267.7,26.52,2011,83850.1,1099.0,-15170.7,9620.1,35.11,184273.90000000002,55254.3,-25768.700000000004,24461.9,89.27000000000001,385997.9,255463.7,-56783.8,51016.200000000004,186.14999999999998,37.31900452488688,991.0,1003.95,966.0,993.1
2011-01-06,1072.0,1077.0,1005.0,1010.7,1027.4463476627252,9049,585,9297362.0,4228.0,46.72,72.0,-61.3,1294252200.0,0.0,2.1218551076083614,7838.92,-0.8112078531904765,0.6549235540759502,0.15,-11.046799248045913,147.1163119409306,-107.44849859383493,259.85,1159.4,899.5500000000001,45559.3,658.0,-8205.2,7267.7,26.52,2011,83850.1,1099.0,-15170.7,9620.1,35.11,184273.90000000002,55254.3,-25768.700000000004,24461.9,89.27000000000001,385997.9,255463.7,-56783.8,51016.200000000004,186.14999999999998,38.11085972850679,1000.0,1019.8,980.1,989.7
2011-01-05,1084.95,1089.95,1055.0,1072.35,1068.2233313289237,8315,322,8882277.0,4938.0,59.39,34.95,-12.6,1294165800.0,0.0,6.099732858414941,7903.03,-0.9845131496026504,0.6553282780682997,0.14,-16.160768405837644,145.1116850119511,-111.30481311337951,259.85,1159.4,899.5500000000001,45559.3,658.0,-8205.2,7267.7,26.52,2011,83850.1,1099.0,-15170.7,9620.1,35.11,184273.90000000002,55254.3,-25768.700000000004,24461.9,89.27000000000001,385997.9,255463.7,-56783.8,51016.200000000004,186.14999999999998,40.435520361990946,1072.0,1077.0,1005.0,1010.7
2011-01-04,1089.75,1099.7,1074.95,1085.8,1089.942848818631,106402,354,115972099.0,102761.0,96.58,24.75,-3.95,1294079400.0,0.0,1.2542546743134375,7981.61,-0.2483290591240639,0.659733416132089,0.14,-17.199300055258792,142.69852824179586,-111.38992489098167,259.85,1159.4,899.5500000000001,45559.3,658.0,-8205.2,7267.7,26.52,2011,83850.1,1099.0,-15170.7,9620.1,35.11,184273.90000000002,55254.3,-25768.700000000004,24461.9,89.27000000000001,385997.9,255463.7,-56783.8,51016.200000000004,186.14999999999998,40.94268476621418,1084.95,1089.95,1055.0,1072.35
2011-01-03,1086.0,1094.6,1078.15,1086.6,1086.1980234260614,5464,284,5934986.0,1538.0,28.15,16.45,0.6,1293993000.0,0.0,0.07367839381100527,8001.48,0.5077213335912489,0.6599098578738074,0.15,-17.260261365727956,142.09583727010505,-111.08171866442157,259.85,1159.4,899.5500000000001,45559.3,658.0,-8205.2,7267.7,26.52,2011,83850.1,1099.0,-15170.7,9620.1,35.11,184273.90000000002,55254.3,-25768.700000000004,24461.9,89.27000000000001,385997.9,255463.7,-56783.8,51016.200000000004,186.14999999999998,40.97285067873303,1089.75,1099.7,1074.95,1085.8
2010-12-31,1061.0,1085.5,1060.5,1082.15,1078.5654175928864,6298,304,6792805.0,3624.0,57.54,25.0,21.15,1293733800.0,0.0,-0.40953432725931993,7961.06,0.790900654420601,0.6598718568393672,0.12,-16.920020329898822,143.3250094836617,-111.53697584658185,259.85,1159.4,899.5500000000001,37408.7,256.3,-7284.6,3189.6,11.64,2010,89603.20000000001,1048.3,-15896.400000000001,14098.8,51.45,175917.5,2546.4,-31778.5,23056.4,84.14,376836.8,202229.6,-56708.8,51021.9,186.18,92.96821305841925,1086.0,1094.6,1078.15,1086.6
2010-12-30,1073.0,1074.0,1051.5,1066.15,1062.350922678054,6557,383,6965835.0,3019.0,46.04,22.5,-6.85,1293647400.0,0.0,-1.478538095458115,7898.59,0.6256465396433875,0.6597914009494059,0.12,-15.673216714346028,145.249468576037,-111.54839210517227,259.85,1159.4,899.5500000000001,37408.7,256.3,-7284.6,3189.6,11.64,2010,89603.20000000001,1048.3,-15896.400000000001,14098.8,51.45,175917.5,2546.4,-31778.5,23056.4,84.14,376836.8,202229.6,-56708.8,51021.9,186.18,91.59364261168385,1061.0,1085.5,1060.5,1082.15
2010-12-29,1057.0,1074.0,1051.1,1071.4,1060.66722333556,8982,355,9526913.0,4498.0,50.08,22.9,14.4,1293561000.0,0.0,0.4924260188528873,7849.48,0.9160181686579172,0.6600077191363668,0.13,-16.086428971439247,146.78386338967678,-113.00911084979614,259.85,1159.4,899.5500000000001,37408.7,256.3,-7284.6,3189.6,11.64,2010,89603.20000000001,1048.3,-15896.400000000001,14098.8,51.45,175917.5,2546.4,-31778.5,23056.4,84.14,376836.8,202229.6,-56708.8,51021.9,186.18,92.0446735395189,1073.0,1074.0,1051.5,1066.15
2010-12-28,1051.0,1069.0,1048.3,1054.25,1053.8402000789786,7597,325,8006024.0,3305.0,43.5,20.7,3.25,1293474600.0,0.0,-1.6007093522493965,7778.23,0.0025713451863751,0.6598959179015847,0.15,-14.721365899928863,149.04444841564214,-113.1262046076192,259.85,1159.4,899.5500000000001,37408.7,256.3,-7284.6,3189.6,11.64,2010,89603.20000000001,1048.3,-15896.400000000001,14098.8,51.45,175917.5,2546.4,-31778.5,23056.4,84.14,376836.8,202229.6,-56708.8,51021.9,186.18,90.5713058419244,1057.0,1074.0,1051.1,1071.4
2010-12-27,1053.0,1059.5,1039.0,1055.55,1052.5821638750567,4418,294,4650308.0,2246.0,50.84,20.5,2.55,1293388200.0,0.0,0.12331041024424838,7778.03,-0.265683603141531,0.6602216625996699,0.17,-14.826393823125382,149.05085220807842,-113.29075759719866,259.85,1159.4,899.5500000000001,37408.7,256.3,-7284.6,3189.6,11.64,2010,89603.20000000001,1048.3,-15896.400000000001,14098.8,51.45,175917.5,2546.4,-31778.5,23056.4,84.14,376836.8,202229.6,-56708.8,51021.9,186.18,90.68298969072164,1051.0,1069.0,1048.3,1054.25
2010-12-24,1055.5,1062.0,1041.1,1052.6,1050.042394655704,3892,294,4086765.0,1033.0,26.54,20.9,-2.9,1293129000.0,0.0,-0.2794751551324026,7798.75,0.377764048703888,0.6602036620249521,,-14.58768763062892,148.38916493027727,,259.85,1159.4,899.5500000000001,37408.7,256.3,-7284.6,3189.6,11.64,2010,89603.20000000001,1048.3,-15896.400000000001,14098.8,51.45,175917.5,2546.4,-31778.5,23056.4,84.14,376836.8,202229.6,-56708.8,51021.9,186.18,90.42955326460479,1053.0,1059.5,1039.0,1055.55
2010-12-23,1068.0,1073.0,1050.0,1051.85,1057.8339350180504,3047,231,3223220.0,1515.0,49.72,23.0,-16.15,1293042600.0,0.0,-0.07125213756412618,7769.4,-0.1952573028800586,0.6601945315225124,0.14,-14.526786138707992,149.3274898962597,-113.15955113978872,259.85,1159.4,899.5500000000001,37408.7,256.3,-7284.6,3189.6,11.64,2010,89603.20000000001,1048.3,-15896.400000000001,14098.8,51.45,175917.5,2546.4,-31778.5,23056.4,84.14,376836.8,202229.6,-56708.8,51021.9,186.18,90.36512027491408,1055.5,1062.0,1041.1,1052.6
2010-12-22,1071.3,1071.95,1052.3,1062.05,1064.1492598684208,2432,239,2588011.0,1038.0,42.68,19.65,-9.25,1292956200.0,0.0,0.9697200171127074,7784.6,-0.0795810443086741,0.6601835185976416,0.14,-15.347676663057296,148.8406597641497,-113.65740144394441,259.85,1159.4,899.5500000000001,37408.7,256.3,-7284.6,3189.6,11.64,2010,89603.20000000001,1048.3,-15896.400000000001,14098.8,51.45,175917.5,2546.4,-31778.5,23056.4,84.14,376836.8,202229.6,-56708.8,51021.9,186.18,91.24140893470789,1068.0,1073.0,1050.0,1051.85
2010-12-21,1080.25,1080.25,1065.6,1069.95,1073.7522472477526,9901,335,10631221.0,4946.0,49.95,14.65,-10.3,1292869800.0,0.0,0.7438444517678056,7790.8,0.8261981426071818,0.6602952451730888,0.14,-15.9727090050937,148.64262976844483,-114.16828933689743,259.85,1159.4,899.5500000000001,37408.7,256.3,-7284.6,3189.6,11.64,2010,89603.20000000001,1048.3,-15896.400000000001,14098.8,51.45,175917.5,2546.4,-31778.5,23056.4,84.14,376836.8,202229.6,-56708.8,51021.9,186.18,91.9201030927835,1071.3,1071.95,1052.3,1062.05
2010-12-20,1060.0,1078.0,1040.0,1072.15,1068.4175033150218,5279,267,5640176.0,3480.0,65.92,38.0,12.15,1292783400.0,0.0,0.20561708491051434,7726.96,-0.071128722295366,0.6602494313833055,0.14,-16.145128946509356,150.6969105573214,-115.690243532808,259.85,1159.4,899.5500000000001,37408.7,256.3,-7284.6,3189.6,11.64,2010,89603.20000000001,1048.3,-15896.400000000001,14098.8,51.45,175917.5,2546.4,-31778.5,23056.4,84.14,376836.8,202229.6,-56708.8,51021.9,186.18,92.10910652920963,1080.25,1080.25,1065.6,1069.95
2010-12-16,1060.0,1067.0,1044.45,1060.25,1059.583935699644,18538,546,19642567.0,13794.0,74.41,22.55,0.25,1292437800.0,0.0,-1.1099193209905378,7732.46,0.7256977236460793,0.6602512169333865,0.13,-15.203961329875037,150.518593048008,-114.62821290272215,259.85,1159.4,899.5500000000001,37408.7,256.3,-7284.6,3189.6,11.64,2010,89603.20000000001,1048.3,-15896.400000000001,14098.8,51.45,175917.5,2546.4,-31778.5,23056.4,84.14,376836.8,202229.6,-56708.8,51021.9,186.18,91.08676975945016,1060.0,1078.0,1040.0,1072.15
2010-12-15,1060.0,1077.6,1045.1,1054.5,1060.7046311254717,11142,931,11818371.0,4988.0,44.77,32.5,-5.5,1292351400.0,0.0,-0.5423249233671323,7676.75,-1.0271491229201124,0.6603232690181464,0.14,-14.741583688952108,152.33660077506758,-115.38054064619449,259.85,1159.4,899.5500000000001,37408.7,256.3,-7284.6,3189.6,11.64,2010,89603.20000000001,1048.3,-15896.400000000001,14098.8,51.45,175917.5,2546.4,-31778.5,23056.4,84.14,376836.8,202229.6,-56708.8,51021.9,186.18,90.59278350515463,1060.0,1067.0,1044.45,1060.25
2010-12-14,1078.0,1090.0,1057.15,1066.95,1066.8105197440302,6407,443,6835055.0,1867.0,29.14,32.85,-11.05,1292265000.0,0.0,1.1806543385490809,7756.42,0.8045996431221614,0.6601393371386577,0.15,-15.736445006795075,149.74472759340003,-114.63980931974024,259.85,1159.4,899.5500000000001,37408.7,256.3,-7284.6,3189.6,11.64,2010,89603.20000000001,1048.3,-15896.400000000001,14098.8,51.45,175917.5,2546.4,-31778.5,23056.4,84.14,376836.8,202229.6,-56708.8,51021.9,186.18,91.66237113402062,1060.0,1077.6,1045.1,1054.5
2010-12-13,1105.0,1105.0,1070.6,1075.05,1075.237023404604,103783,267,111591324.0,101470.0,97.77,34.4,-29.95,1292178600.0,0.0,0.7591733445803328,7694.51,1.1747271921600744,0.6602039064132302,0.15,-16.37133156597368,151.75417278033296,-116.6109986640958,259.85,1159.4,899.5500000000001,37408.7,256.3,-7284.6,3189.6,11.64,2010,89603.20000000001,1048.3,-15896.400000000001,14098.8,51.45,175917.5,2546.4,-31778.5,23056.4,84.14,376836.8,202229.6,-56708.8,51021.9,186.18,92.3582474226804,1078.0,1090.0,1057.15,1066.95
2010-12-10,1065.0,1119.0,1048.0,1100.85,1076.5425509472177,23701,1364,25515135.0,11235.0,47.4,71.0,35.85,1291919400.0,0.0,2.3998883772847757,7605.17,1.5886479728141278,0.6600348751214108,0.13,-18.33128945814597,154.7115975053812,-120.49053486367845,259.85,1159.4,899.5500000000001,37408.7,256.3,-7284.6,3189.6,11.64,2010,89603.20000000001,1048.3,-15896.400000000001,14098.8,51.45,175917.5,2546.4,-31778.5,23056.4,84.14,376836.8,202229.6,-56708.8,51021.9,186.18,94.57474226804122,1105.0,1105.0,1070.6,1075.05
2010-12-09,1097.9,1114.0,1065.0,1078.95,1080.9811469746323,10131,420,10951420.0,4362.0,43.06,49.0,-18.95,1291833000.0,0.0,-1.989371849025745,7486.24,-2.8703322880270776,0.6603039427973911,0.14,-16.67361786922472,158.75806813567291,-121.54975365811478,259.85,1159.4,899.5500000000001,37408.7,256.3,-7284.6,3189.6,11.64,2010,89603.20000000001,1048.3,-15896.400000000001,14098.8,51.45,175917.5,2546.4,-31778.5,23056.4,84.14,376836.8,202229.6,-56708.8,51021.9,186.18,92.69329896907216,1065.0,1119.0,1048.0,1100.85
2010-12-08,1123.0,1123.0,1080.2,1098.0,1094.8133350299022,7859,328,8604138.0,3351.0,42.64,42.8,-25.0,1291746600.0,0.0,1.765605449742802,7707.47,-1.4451779875685469,0.6591770137601625,0.15,-18.119307832422592,151.3308517580996,-117.9242502320445,259.85,1159.4,899.5500000000001,37408.7,256.3,-7284.6,3189.6,11.64,2010,89603.20000000001,1048.3,-15896.400000000001,14098.8,51.45,175917.5,2546.4,-31778.5,23056.4,84.14,376836.8,202229.6,-56708.8,51021.9,186.18,94.3298969072165,1097.9,1114.0,1065.0,1078.95
2010-12-07,1118.0,1145.0,1114.1,1122.6,1122.4083539743297,8882,350,9969231.0,4916.0,55.35,30.9,4.6,1291660200.0,0.0,2.2404371584699323,7820.49,-0.4845665305519997,0.6591357318971973,0.14,-19.9135934437912,147.698673612523,-117.31478777316121,259.85,1159.4,899.5500000000001,37408.7,256.3,-7284.6,3189.6,11.64,2010,89603.20000000001,1048.3,-15896.400000000001,14098.8,51.45,175917.5,2546.4,-31778.5,23056.4,84.14,376836.8,202229.6,-56708.8,51021.9,186.18,96.44329896907215,1123.0,1123.0,1080.2,1098.0
2010-12-06,1120.0,1120.0,1103.0,1106.8,1111.3482880755605,5929,332,6589184.0,3051.0,51.46,17.0,-13.2,1291573800.0,0.0,-1.4074469980402626,7858.57,-0.1878486440350713,0.6597084330412597,0.15,-18.770328876039034,146.49840874357548,-115.467608286345,259.85,1159.4,899.5500000000001,37408.7,256.3,-7284.6,3189.6,11.64,2010,89603.20000000001,1048.3,-15896.400000000001,14098.8,51.45,175917.5,2546.4,-31778.5,23056.4,84.14,376836.8,202229.6,-56708.8,51021.9,186.18,95.08591065292096,1118.0,1145.0,1114.1,1122.6
2010-12-03,1102.0,1113.8,1092.25,1105.95,1101.3304881301683,7498,427,8257776.0,2854.0,38.06,21.55,3.95,1291314600.0,0.0,-0.07679797614744688,7873.36,-0.7684328733491119,0.6599488004857942,0.14,-18.707898187078985,146.03536482518265,-115.13136919989562,259.85,1159.4,899.5500000000001,37408.7,256.3,-7284.6,3189.6,11.64,2010,89603.20000000001,1048.3,-15896.400000000001,14098.8,51.45,175917.5,2546.4,-31778.5,23056.4,84.14,376836.8,202229.6,-56708.8,51021.9,186.18,95.01288659793815,1120.0,1120.0,1103.0,1106.8
2010-12-02,1145.6,1148.0,1082.5,1091.4,1107.4133458720269,25521,1215,28262296.0,8790.0,34.44,65.5,-54.2,1291228200.0,0.0,-1.3156110131561038,7934.33,0.755827759653882,0.6598192809165355,0.16,-17.62415246472422,144.14474820180155,-112.78806548618535,259.85,1159.4,899.5500000000001,37408.7,256.3,-7284.6,3189.6,11.64,2010,89603.20000000001,1048.3,-15896.400000000001,14098.8,51.45,175917.5,2546.4,-31778.5,23056.4,84.14,376836.8,202229.6,-56708.8,51021.9,186.18,93.76288659793815,1102.0,1113.8,1092.25,1105.95
2010-12-01,1115.1,1154.5,1115.1,1145.65,1143.5600489406916,15529,617,17758344.0,3429.0,22.08,39.4,30.55,1291141800.0,0.0,4.970679860729343,7874.81,1.9782311691843413,0.6599469234073392,0.16,-21.52489852921923,145.99006198244783,-117.92499927483725,259.85,1159.4,899.5500000000001,37408.7,256.3,-7284.6,3189.6,11.64,2010,89603.20000000001,1048.3,-15896.400000000001,14098.8,51.45,175917.5,2546.4,-31778.5,23056.4,84.14,376836.8,202229.6,-56708.8,51021.9,186.18,98.42353951890034,1145.6,1148.0,1082.5,1091.4
2010-11-30,1155.25,1170.0,1108.0,1125.9,1144.688421896416,202097,4211,231338096.0,93222.0,46.13,62.0,-29.35,1291055400.0,0.0,-1.723912189586696,7722.05,1.0428729382977675,0.6623628340315983,0.17,-20.1483257838174,150.8563140616805,-120.1273398154876,259.85,1159.4,899.5500000000001,37408.7,256.3,-7284.6,3189.6,11.64,2010,89603.20000000001,1048.3,-15896.400000000001,14098.8,51.45,175917.5,2546.4,-31778.5,23056.4,84.14,376836.8,202229.6,-56708.8,51021.9,186.18,96.72680412371135,1115.1,1154.5,1115.1,1145.65
2010-11-29,1120.0,1159.0,1120.0,1153.1,1151.5286095216932,72004,1268,82914666.0,57720.0,80.16,39.0,33.1,1290969000.0,0.0,2.415845101696412,7642.35,1.1948978497400065,0.6625547944982468,0.18,-22.0319139710346,153.47242667504105,-123.77654622485399,259.85,1159.4,899.5500000000001,37408.7,256.3,-7284.6,3189.6,11.64,2010,89603.20000000001,1048.3,-15896.400000000001,14098.8,51.45,175917.5,2546.4,-31778.5,23056.4,84.14,376836.8,202229.6,-56708.8,51021.9,186.18,99.0635738831615,1155.25,1170.0,1108.0,1125.9
2010-11-26,1126.2,1157.0,1104.0,1121.65,1127.0634093590247,10172,694,11464489.0,3610.0,35.49,53.0,-4.55,1290709800.0,0.0,-2.7274304049952125,7552.11,-1.6542216967004195,0.663046170271086,0.16,-19.84576293852807,156.50116325106492,-123.66717248787332,259.85,1159.4,899.5500000000001,37408.7,256.3,-7284.6,3189.6,11.64,2010,89603.20000000001,1048.3,-15896.400000000001,14098.8,51.45,175917.5,2546.4,-31778.5,23056.4,84.14,376836.8,202229.6,-56708.8,51021.9,186.18,96.36168384879726,1120.0,1159.0,1120.0,1153.1
2010-11-25,1130.0,1139.9,1123.0,1135.95,1134.4564845721727,36849,2086,41803587.0,24381.0,66.16,16.9,5.95,1290623400.0,0.0,1.2749075023402945,7679.14,-1.407412733220692,0.6634369478176853,,-20.854791143976414,152.2580653562769,,259.85,1159.4,899.5500000000001,37408.7,256.3,-7284.6,3189.6,11.64,2010,89603.20000000001,1048.3,-15896.400000000001,14098.8,51.45,175917.5,2546.4,-31778.5,23056.4,84.14,376836.8,202229.6,-56708.8,51021.9,186.18,97.59020618556701,1126.2,1157.0,1104.0,1121.65
2010-11-24,1116.0,1139.0,1115.05,1127.45,1133.648503121285,127031,943,144008503.0,105502.0,83.05,23.95,11.45,1290537000.0,0.0,-0.7482723711430994,7788.76,-1.1951079352071623,0.6632311242832036,0.16,-20.258104572264855,148.70775322387644,-118.93959795268032,259.85,1159.4,899.5500000000001,37408.7,256.3,-7284.6,3189.6,11.64,2010,89603.20000000001,1048.3,-15896.400000000001,14098.8,51.45,175917.5,2546.4,-31778.5,23056.4,84.14,376836.8,202229.6,-56708.8,51021.9,186.18,96.85996563573883,1130.0,1139.9,1123.0,1135.95
2010-11-23,1100.0,1120.0,1097.6,1118.65,1113.3244179750948,129290,1702,143941714.0,107935.0,83.48,22.4,18.65,1290450600.0,0.0,-0.780522417845575,7882.97,-1.1686045199581718,0.6630012234911612,0.15,-19.630804988155383,145.73542712962245,-116.30412129757835,259.85,1159.4,899.5500000000001,37408.7,256.3,-7284.6,3189.6,11.64,2010,89603.20000000001,1048.3,-15896.400000000001,14098.8,51.45,175917.5,2546.4,-31778.5,23056.4,84.14,376836.8,202229.6,-56708.8,51021.9,186.18,96.10395189003437,1116.0,1139.0,1115.05,1127.45
2010-11-22,1104.4,1104.4,1085.05,1099.2,1098.412515042118,16620,437,18255616.0,14300.0,86.04,19.35,-5.2,1290364200.0,0.0,-1.7387029008179566,7976.18,1.6838133119159604,0.6627897344555891,0.15,-18.208697234352268,142.86375182104717,-112.94790690698497,259.85,1159.4,899.5500000000001,37408.7,256.3,-7284.6,3189.6,11.64,2010,89603.20000000001,1048.3,-15896.400000000001,14098.8,51.45,175917.5,2546.4,-31778.5,23056.4,84.14,376836.8,202229.6,-56708.8,51021.9,186.18,94.43298969072166,1100.0,1120.0,1097.6,1118.65
2010-11-19,1103.2,1103.2,1080.15,1093.4,1094.5616045845277,4537,372,4966026.0,2322.0,51.18,23.05,-9.8,1290105000.0,0.0,-0.527656477438132,7844.1,-1.8082130048632128,0.6626691954869507,0.14,-17.77483080299983,146.9531240040285,-115.20336557367533,259.85,1159.4,899.5500000000001,37408.7,256.3,-7284.6,3189.6,11.64,2010,89603.20000000001,1048.3,-15896.400000000001,14098.8,51.45,175917.5,2546.4,-31778.5,23056.4,84.14,376836.8,202229.6,-56708.8,51021.9,186.18,93.93470790378007,1104.4,1104.4,1085.05,1099.2
2010-11-18,1080.0,1101.7,1066.0,1097.85,1088.894019471488,10785,649,11743722.0,3525.0,32.68,35.7,17.85,1290018600.0,0.0,0.40698737881834646,7988.55,0.049344927303907,0.6620336537654157,0.15,-18.10812041717903,142.4876854998717,-112.49045841717171,259.85,1159.4,899.5500000000001,37408.7,256.3,-7284.6,3189.6,11.64,2010,89603.20000000001,1048.3,-15896.400000000001,14098.8,51.45,175917.5,2546.4,-31778.5,23056.4,84.14,376836.8,202229.6,-56708.8,51021.9,186.18,94.31701030927834,1103.2,1103.2,1080.15,1093.4
2010-11-16,1098.95,1109.0,1065.6,1074.6,1084.2498182950887,9631,575,10442410.0,4173.0,43.33,43.4,-24.35,1289845800.0,0.0,-2.1177756524115354,7984.61,-2.095395745202633,0.6620540044817332,0.15,-16.336311185557417,142.6073408720025,-110.80076417768598,259.85,1159.4,899.5500000000001,37408.7,256.3,-7284.6,3189.6,11.64,2010,89603.20000000001,1048.3,-15896.400000000001,14098.8,51.45,175917.5,2546.4,-31778.5,23056.4,84.14,376836.8,202229.6,-56708.8,51021.9,186.18,92.31958762886596,1080.0,1101.7,1066.0,1097.85
2010-11-15,1114.5,1114.5,1089.05,1096.95,1097.7878381671949,8206,323,9008447.0,4308.0,52.5,25.45,-17.55,1289759400.0,0.0,2.0798436627582406,8155.5,0.5486376525705827,0.6617343225333724,0.14,-18.040931674187533,137.52375697382132,-109.09247902234867,259.85,1159.4,899.5500000000001,37408.7,256.3,-7284.6,3189.6,11.64,2010,89603.20000000001,1048.3,-15896.400000000001,14098.8,51.45,175917.5,2546.4,-31778.5,23056.4,84.14,376836.8,202229.6,-56708.8,51021.9,186.18,94.23969072164948,1098.95,1109.0,1065.6,1074.6
2010-11-12,1120.0,1140.0,1100.0,1103.6,1117.357040641099,13976,1032,15616182.0,6689.0,47.86,40.0,-16.4,1289500200.0,0.0,0.6062263548930913,8111.0,-2.096517793665187,0.6622371100195416,0.13,-18.53479521565784,138.82690173838,-110.51503059154693,259.85,1159.4,899.5500000000001,37408.7,256.3,-7284.6,3189.6,11.64,2010,89603.20000000001,1048.3,-15896.400000000001,14098.8,51.45,175917.5,2546.4,-31778.5,23056.4,84.14,376836.8,202229.6,-56708.8,51021.9,186.18,94.81099656357387,1114.5,1114.5,1089.05,1096.95
2010-11-11,1144.0,1174.9,1125.5,1134.4,1151.0232993239704,40087,5035,46141071.0,17191.0,42.88,49.4,-9.6,1289413800.0,0.0,2.7908662558898234,8284.69,-1.2402354110812808,0.6613818062693702,,-20.746650211565598,133.81985324737556,,259.85,1159.4,899.5500000000001,37408.7,256.3,-7284.6,3189.6,11.64,2010,89603.20000000001,1048.3,-15896.400000000001,14098.8,51.45,175917.5,2546.4,-31778.5,23056.4,84.14,376836.8,202229.6,-56708.8,51021.9,186.18,97.45704467353953,1120.0,1140.0,1100.0,1103.6
2010-11-10,1150.0,1156.0,1122.0,1130.55,1136.9227506494883,37722,2284,42887000.0,20917.0,55.45,34.0,-19.45,1289327400.0,0.0,-0.33938645980254867,8388.73,-0.2014119057872965,0.6620456255544813,0.13,-20.47675909955332,130.9199366292633,-107.19566451150492,259.85,1159.4,899.5500000000001,37408.7,256.3,-7284.6,3189.6,11.64,2010,89603.20000000001,1048.3,-15896.400000000001,14098.8,51.45,175917.5,2546.4,-31778.5,23056.4,84.14,376836.8,202229.6,-56708.8,51021.9,186.18,97.1262886597938,1144.0,1174.9,1125.5,1134.4
2010-11-09,1123.5,1149.75,1052.65,1146.55,1143.4706267780275,120569,3026,137867110.0,88920.0,73.75,97.1,23.05,1289241000.0,0.0,1.4152403697315519,8405.66,0.432404919307916,0.6620468523250862,0.13,-21.58649862631372,130.4548363840555,-107.99764633415953,259.85,1159.4,899.5500000000001,37408.7,256.3,-7284.6,3189.6,11.64,2010,89603.20000000001,1048.3,-15896.400000000001,14098.8,51.45,175917.5,2546.4,-31778.5,23056.4,84.14,376836.8,202229.6,-56708.8,51021.9,186.18,98.5008591065292,1150.0,1156.0,1122.0,1130.55
2010-11-08,1075.0,1132.9,1075.0,1123.05,1125.2831397781963,76464,1304,86043650.0,59484.0,77.79,57.9,48.05,1289154600.0,0.0,-2.0496271422964507,8369.47,-0.4242647050075376,0.662276597303035,0.13,-19.945683629402076,131.45133443336317,-107.04673015122373,259.85,1159.4,899.5500000000001,37408.7,256.3,-7284.6,3189.6,11.64,2010,89603.20000000001,1048.3,-15896.400000000001,14098.8,51.45,175917.5,2546.4,-31778.5,23056.4,84.14,376836.8,202229.6,-56708.8,51021.9,186.18,96.48195876288659,1123.5,1149.75,1052.65,1146.55
2010-11-05,1115.0,1128.9,1108.0,1113.85,1116.3588370313696,2614,162,2918162.0,1129.0,43.19,20.9,-1.15,1288895400.0,0.0,-0.8191977204933032,8405.13,0.5776092934427268,0.6627709264139057,0.13,-19.284463796741036,130.46936811209346,-105.7996075485963,259.85,1159.4,899.5500000000001,37408.7,256.3,-7284.6,3189.6,11.64,2010,89603.20000000001,1048.3,-15896.400000000001,14098.8,51.45,175917.5,2546.4,-31778.5,23056.4,84.14,376836.8,202229.6,-56708.8,51021.9,186.18,95.69158075601374,1075.0,1132.9,1075.0,1123.05
2010-11-04,1116.15,1130.0,1116.15,1120.65,1124.36413704313,13981,669,15719735.0,9008.0,64.43,13.85,4.5,1288809000.0,0.0,0.6104951295057948,8356.86,1.5566117414874905,0.6628074579416299,0.13,-19.77423816535048,131.80058060084767,-107.17648097909681,259.85,1159.4,899.5500000000001,37408.7,256.3,-7284.6,3189.6,11.64,2010,89603.20000000001,1048.3,-15896.400000000001,14098.8,51.45,175917.5,2546.4,-31778.5,23056.4,84.14,376836.8,202229.6,-56708.8,51021.9,186.18,96.2757731958763,1115.0,1128.9,1108.0,1113.85
2010-11-03,1125.0,1142.1,1110.25,1116.25,1125.376089211618,19280,1269,21697251.0,6930.0,35.94,31.85,-8.75,1288722600.0,0.0,-0.39262927765136846,8228.77,0.5842827928717487,0.6624230972023619,0.13,-19.45800671892498,135.40881565531663,-109.19981877118718,259.85,1159.4,899.5500000000001,37408.7,256.3,-7284.6,3189.6,11.64,2010,89603.20000000001,1048.3,-15896.400000000001,14098.8,51.45,175917.5,2546.4,-31778.5,23056.4,84.14,376836.8,202229.6,-56708.8,51021.9,186.18,95.89776632302404,1116.15,1130.0,1116.15,1120.65
2010-11-02,1080.15,1128.0,1080.15,1119.55,1120.8981331649366,50674,1019,56800392.0,34312.0,67.71,47.85,39.4,1288636200.0,0.0,0.2956326987682001,8180.97,0.1973089556955187,0.6623908233514959,0.13,-19.69541333571524,136.78426885809384,-110.34394699912471,259.85,1159.4,899.5500000000001,37408.7,256.3,-7284.6,3189.6,11.64,2010,89603.20000000001,1048.3,-15896.400000000001,14098.8,51.45,175917.5,2546.4,-31778.5,23056.4,84.14,376836.8,202229.6,-56708.8,51021.9,186.18,96.18127147766322,1125.0,1142.1,1110.25,1116.25
2010-11-01,1090.25,1109.9,1086.25,1101.15,1099.8205963665089,10128,160,11138983.0,8822.0,87.11,23.65,10.9,1288549800.0,0.0,-1.6435174847036604,8164.86,1.5924089945351882,0.6623981702994923,0.13,-18.35353948145122,137.251465426229,-109.31254728857041,259.85,1159.4,899.5500000000001,37408.7,256.3,-7284.6,3189.6,11.64,2010,89603.20000000001,1048.3,-15896.400000000001,14098.8,51.45,175917.5,2546.4,-31778.5,23056.4,84.14,376836.8,202229.6,-56708.8,51021.9,186.18,94.60051546391753,1080.15,1128.0,1080.15,1119.55
2010-10-29,1083.0,1098.95,1077.15,1096.05,1089.4300452488687,5525,285,6019101.0,2995.0,54.21,21.8,13.05,1288290600.0,0.0,-0.46315215910640584,8036.88,0.0047284265538571,0.6622934600929719,0.12,-17.973632589754118,141.02947910134282,-111.41705906368075,259.85,1159.4,899.5500000000001,37408.7,256.3,-7284.6,3189.6,11.64,2010,89603.20000000001,1048.3,-15896.400000000001,14098.8,51.45,175917.5,2546.4,-31778.5,23056.4,84.14,376836.8,202229.6,-56708.8,51021.9,186.18,94.16237113402062,1090.25,1109.9,1086.25,1101.15
2010-10-28,1085.0,1106.0,1080.1,1093.9,1099.4621381107795,42589,764,46824993.0,28881.0,67.81,25.9,8.9,1288204200.0,0.0,-0.19615893435517284,8036.5,-0.4579195810475611,0.6623212695975496,0.13,-17.812414297467782,141.04087600323524,-111.27068459203342,259.85,1159.4,899.5500000000001,37408.7,256.3,-7284.6,3189.6,11.64,2010,89603.20000000001,1048.3,-15896.400000000001,14098.8,51.45,175917.5,2546.4,-31778.5,23056.4,84.14,376836.8,202229.6,-56708.8,51021.9,186.18,93.97766323024055,1083.0,1098.95,1077.15,1096.05
2010-10-27,1099.9,1104.5,1081.25,1099.45,1094.3122010964655,17146,769,18763077.0,9089.0,53.01,23.25,-0.45,1288117800.0,0.0,0.5073589907669707,8073.47,-0.8249975738978454,0.6622742798476153,0.14,-18.227295465914782,139.93710263368789,-110.9513209374236,259.85,1159.4,899.5500000000001,37408.7,256.3,-7284.6,3189.6,11.64,2010,89603.20000000001,1048.3,-15896.400000000001,14098.8,51.45,175917.5,2546.4,-31778.5,23056.4,84.14,376836.8,202229.6,-56708.8,51021.9,186.18,94.45446735395188,1085.0,1106.0,1080.1,1093.9
2010-10-26,1123.0,1123.0,1075.0,1097.2,1093.4814094497194,17482,1079,19116242.0,3384.0,19.36,48.0,-25.8,1288031400.0,0.0,-0.20464777843467452,8140.63,-0.3372844379041617,0.6621536421803673,0.14,-18.059606270506755,137.95762735807915,-109.45605018231552,259.85,1159.4,899.5500000000001,37408.7,256.3,-7284.6,3189.6,11.64,2010,89603.20000000001,1048.3,-15896.400000000001,14098.8,51.45,175917.5,2546.4,-31778.5,23056.4,84.14,376836.8,202229.6,-56708.8,51021.9,186.18,94.26116838487972,1099.9,1104.5,1081.25,1099.45
2010-10-25,1110.0,1115.0,1093.6,1098.95,1100.5230660757452,9928,509,10925993.0,4465.0,44.97,21.4,-11.05,1287945000.0,0.0,0.15949690120307114,8168.18,0.6049961448739039,0.6621283061970962,0.14,-18.19009054097094,137.15503331219438,-109.05162247151293,259.85,1159.4,899.5500000000001,37408.7,256.3,-7284.6,3189.6,11.64,2010,89603.20000000001,1048.3,-15896.400000000001,14098.8,51.45,175917.5,2546.4,-31778.5,23056.4,84.14,376836.8,202229.6,-56708.8,51021.9,186.18,94.41151202749141,1123.0,1123.0,1075.0,1097.2
2010-10-22,1113.0,1126.9,1108.0,1112.0,1118.0449047475054,6614,390,7394749.0,2952.0,44.63,18.9,-1.0,1287685800.0,0.0,1.187497156376538,8119.06,-0.2748899457589715,0.662074312202143,0.13,-19.150179856115113,138.5898121211076,-110.95086473383536,259.85,1159.4,899.5500000000001,37408.7,256.3,-7284.6,3189.6,11.64,2010,89603.20000000001,1048.3,-15896.400000000001,14098.8,51.45,175917.5,2546.4,-31778.5,23056.4,84.14,376836.8,202229.6,-56708.8,51021.9,186.18,95.53264604810997,1110.0,1115.0,1093.6,1098.95
2010-10-21,1116.0,1123.9,1090.15,1112.8,1114.014614509495,11427,448,12729845.0,5037.0,44.08,33.75,-3.2,1287599400.0,0.0,0.07194244604316058,8141.44,1.7280717318452377,0.6622313387077132,0.13,-19.208303378864123,137.9339527159815,-110.59639946518297,259.85,1159.4,899.5500000000001,37408.7,256.3,-7284.6,3189.6,11.64,2010,89603.20000000001,1048.3,-15896.400000000001,14098.8,51.45,175917.5,2546.4,-31778.5,23056.4,84.14,376836.8,202229.6,-56708.8,51021.9,186.18,95.60137457044672,1113.0,1126.9,1108.0,1112.0
2010-10-20,1115.45,1122.65,1111.0,1116.0,1116.8084640642098,2741,248,3061172.0,1109.0,40.46,11.65,0.55,1287513000.0,0.0,0.28756290438534116,8003.14,-0.5133980737005883,0.661693381435021,0.14,-19.4399641577061,142.04562209332835,-113.47797508528076,259.85,1159.4,899.5500000000001,37408.7,256.3,-7284.6,3189.6,11.64,2010,89603.20000000001,1048.3,-15896.400000000001,14098.8,51.45,175917.5,2546.4,-31778.5,23056.4,84.14,376836.8,202229.6,-56708.8,51021.9,186.18,95.87628865979381,1116.0,1123.9,1090.15,1112.8
2010-10-19,1120.0,1132.95,1115.1,1127.1,1124.157828509797,5563,262,6253690.0,3308.0,59.46,17.85,7.1,1287426600.0,0.0,0.9946236559139621,8044.44,-0.5535762409725642,0.6616394821372072,0.14,-20.23334220566054,140.80296453202462,-113.44151321451366,259.85,1159.4,899.5500000000001,37408.7,256.3,-7284.6,3189.6,11.64,2010,89603.20000000001,1048.3,-15896.400000000001,14098.8,51.45,175917.5,2546.4,-31778.5,23056.4,84.14,376836.8,202229.6,-56708.8,51021.9,186.18,96.82989690721648,1115.45,1122.65,1111.0,1116.0
2010-10-18,1128.0,1146.9,1118.15,1126.55,1130.623942992874,10525,687,11899817.0,2920.0,27.74,28.75,-1.45,1287340200.0,0.0,-0.048797799662847474,8089.22,0.0354919092050209,0.6616917289585248,0.15,-20.194398828281034,139.46993653281777,-112.53124851107317,259.85,1159.4,899.5500000000001,37408.7,256.3,-7284.6,3189.6,11.64,2010,89603.20000000001,1048.3,-15896.400000000001,14098.8,51.45,175917.5,2546.4,-31778.5,23056.4,84.14,376836.8,202229.6,-56708.8,51021.9,186.18,96.78264604810995,1120.0,1132.95,1115.1,1127.1
2010-10-15,1089.3,1143.95,1055.5,1128.3,1129.9827586206895,6148,430,6947134.0,2897.0,47.12,88.45,39.0,1287081000.0,0.0,0.15534152944831625,8086.35,-1.6291435682769584,0.6616919460718285,0.14,-20.31817778959497,139.5549289852653,-112.70791346132094,259.85,1159.4,899.5500000000001,37408.7,256.3,-7284.6,3189.6,11.64,2010,89603.20000000001,1048.3,-15896.400000000001,14098.8,51.45,175917.5,2546.4,-31778.5,23056.4,84.14,376836.8,202229.6,-56708.8,51021.9,186.18,96.93298969072164,1128.0,1146.9,1118.15,1126.55
2010-10-14,1118.0,1143.9,1115.1,1140.1,1132.1348221212454,18046,756,20430505.0,10540.0,58.41,28.8,22.1,1286994600.0,0.0,1.0458211468580947,8220.27,-0.7243742640620665,0.6611387465007256,0.14,-21.142882203315494,135.6522352672114,-110.87527156339107,259.85,1159.4,899.5500000000001,37408.7,256.3,-7284.6,3189.6,11.64,2010,89603.20000000001,1048.3,-15896.400000000001,14098.8,51.45,175917.5,2546.4,-31778.5,23056.4,84.14,376836.8,202229.6,-56708.8,51021.9,186.18,97.946735395189,1089.3,1143.95,1055.5,1128.3
2010-10-13,1094.0,1121.85,1093.25,1119.0,1110.5989756586937,18939,749,21033634.0,7739.0,40.86,28.6,25.0,1286908200.0,0.0,-1.8507148495745862,8280.25,1.8291805581005292,0.6611572007639588,0.13,-19.655942806076855,133.94523112224874,-108.258846434445,259.85,1159.4,899.5500000000001,37408.7,256.3,-7284.6,3189.6,11.64,2010,89603.20000000001,1048.3,-15896.400000000001,14098.8,51.45,175917.5,2546.4,-31778.5,23056.4,84.14,376836.8,202229.6,-56708.8,51021.9,186.18,96.13402061855669,1118.0,1143.9,1115.1,1140.1
2010-10-12,1099.9,1099.9,1082.3,1090.1,1090.037903824105,29654,299,32323984.0,26757.0,90.23,17.6,-9.8,1286821800.0,0.0,-2.5826630920464777,8131.51,-0.7004629454369082,0.660994081717134,0.13,-17.525915053664797,138.22451180654025,-108.9355700754048,259.85,1159.4,899.5500000000001,37408.7,256.3,-7284.6,3189.6,11.64,2010,89603.20000000001,1048.3,-15896.400000000001,14098.8,51.45,175917.5,2546.4,-31778.5,23056.4,84.14,376836.8,202229.6,-56708.8,51021.9,186.18,93.65120274914088,1094.0,1121.85,1093.25,1119.0
2010-10-11,1090.0,1113.5,1080.1,1100.3,1104.7514640198513,10075,594,11130371.0,5133.0,50.95,33.4,10.3,1286735400.0,0.0,0.935693973029994,8188.87,0.602345992058817,0.6617423513368574,,-18.290466236480963,136.5558373743874,,259.85,1159.4,899.5500000000001,37408.7,256.3,-7284.6,3189.6,11.64,2010,89603.20000000001,1048.3,-15896.400000000001,14098.8,51.45,175917.5,2546.4,-31778.5,23056.4,84.14,376836.8,202229.6,-56708.8,51021.9,186.18,94.5274914089347,1099.9,1099.9,1082.3,1090.1
2010-10-08,1111.0,1120.0,1082.0,1087.1,1098.4648010494095,4574,448,5024378.0,1665.0,36.4,38.0,-23.9,1286476200.0,0.0,-1.1996728165045933,8139.84,-0.3641553615297721,0.66179686263504,0.12,-17.298316622205867,137.98072197979323,-108.65410990903453,259.85,1159.4,899.5500000000001,37408.7,256.3,-7284.6,3189.6,11.64,2010,89603.20000000001,1048.3,-15896.400000000001,14098.8,51.45,175917.5,2546.4,-31778.5,23056.4,84.14,376836.8,202229.6,-56708.8,51021.9,186.18,93.39347079037799,1090.0,1113.5,1080.1,1100.3
2010-10-07,1106.1,1134.0,1092.25,1101.85,1113.7108212560388,20700,1042,23053814.0,7459.0,36.03,41.75,-4.25,1286389800.0,0.0,1.3568208996412423,8169.59,-0.8963447476065811,0.6619489539961624,0.13,-18.405409084721146,137.11410242129656,-109.21189239660157,259.85,1159.4,899.5500000000001,37408.7,256.3,-7284.6,3189.6,11.64,2010,89603.20000000001,1048.3,-15896.400000000001,14098.8,51.45,175917.5,2546.4,-31778.5,23056.4,84.14,376836.8,202229.6,-56708.8,51021.9,186.18,94.66065292096219,1111.0,1120.0,1082.0,1087.1
2010-10-06,1089.5,1109.0,1086.0,1105.05,1101.026823889464,22219,746,24463715.0,10075.0,45.34,23.0,15.55,1286303400.0,0.0,0.2904206561691769,8243.48,0.7951384431035269,0.6620035784858457,0.13,-18.6416904212479,134.98874261840874,-108.04866062473612,259.85,1159.4,899.5500000000001,37408.7,256.3,-7284.6,3189.6,11.64,2010,89603.20000000001,1048.3,-15896.400000000001,14098.8,51.45,175917.5,2546.4,-31778.5,23056.4,84.14,376836.8,202229.6,-56708.8,51021.9,186.18,94.93556701030927,1106.1,1134.0,1092.25,1101.85
2010-10-05,1085.0,1102.0,1085.0,1086.15,1094.2458555209485,29859,770,32673087.0,15489.0,51.87,17.0,1.15,1286217000.0,0.0,-1.7103298493280739,8178.45,0.1063678737196704,0.661910204340322,0.12,-17.22598167840539,136.8572284479333,-107.85374850130621,259.85,1159.4,899.5500000000001,37408.7,256.3,-7284.6,3189.6,11.64,2010,89603.20000000001,1048.3,-15896.400000000001,14098.8,51.45,175917.5,2546.4,-31778.5,23056.4,84.14,376836.8,202229.6,-56708.8,51021.9,186.18,93.3118556701031,1089.5,1109.0,1086.0,1105.05
2010-10-04,1091.1,1100.0,1080.0,1085.65,1091.3290452711788,22310,752,24347551.0,11741.0,52.63,20.0,-5.45,1286130600.0,0.0,-0.046034157344754245,8169.76,0.4244501999328909,0.6622903620409114,0.13,-17.187859807488614,137.1091684455847,-108.03784286937787,259.85,1159.4,899.5500000000001,37408.7,256.3,-7284.6,3189.6,11.64,2010,89603.20000000001,1048.3,-15896.400000000001,14098.8,51.45,175917.5,2546.4,-31778.5,23056.4,84.14,376836.8,202229.6,-56708.8,51021.9,186.18,93.26890034364261,1085.0,1102.0,1085.0,1086.15
2010-10-01,1067.9,1092.0,1061.0,1089.15,1085.2126761457407,31508,1032,34192881.0,18502.0,58.72,31.0,21.25,1285871400.0,0.0,0.3223875097867701,8135.23,1.8884206175754148,0.6622654927299678,0.16,-17.45397787265299,138.1155787851112,-108.97719723162257,259.85,1159.4,899.5500000000001,37408.7,256.3,-7284.6,3189.6,11.64,2010,89603.20000000001,1048.3,-15896.400000000001,14098.8,51.45,175917.5,2546.4,-31778.5,23056.4,84.14,376836.8,202229.6,-56708.8,51021.9,186.18,93.56958762886599,1091.1,1100.0,1080.0,1085.65
2010-09-30,1077.3,1077.95,1050.0,1066.9,1065.7651433848305,40067,976,42702012.0,25044.0,62.51,27.95,-10.4,1285785000.0,0.0,-2.042877473258964,7984.45,0.1338135739887391,0.6616291405744531,0.16,-15.7324960164964,142.61220246854825,-110.14302430869996,259.85,1159.4,899.5500000000001,32445.0,298.0,-6504.9,1157.7,4.22,2010,82968.0,914.3,-15489.800000000001,10457.3,38.16,166818.09999999998,2013.3,-30660.5,20077.4,73.27,365424.69999999995,153911.89999999997,-56159.0,48203.4,175.89999999999998,252.81990521327018,1067.9,1092.0,1061.0,1089.15
2010-09-29,1051.5,1081.5,1051.5,1074.15,1067.6783545623682,48911,1231,52221216.0,27850.0,56.94,30.0,22.65,1285698600.0,0.0,0.6795388508763711,7973.78,-0.5892004029402709,0.6621715135762742,0.16,-16.301261462551796,142.9368505276042,-111.00402468006894,259.85,1159.4,899.5500000000001,32445.0,298.0,-6504.9,1157.7,4.22,2010,82968.0,914.3,-15489.800000000001,10457.3,38.16,166818.09999999998,2013.3,-30660.5,20077.4,73.27,365424.69999999995,153911.89999999997,-56159.0,48203.4,175.89999999999998,254.53791469194317,1077.3,1077.95,1050.0,1066.9
2010-09-28,1021.0,1059.95,1020.0,1048.4,1042.9727591092576,37407,1892,39014482.0,20643.0,55.18,39.95,27.4,1285612200.0,0.0,-2.397244332728199,8021.04,0.0221965617775099,0.6621465803904084,0.16,-14.245516978252592,141.5054656254052,-107.99693369580467,259.85,1159.4,899.5500000000001,32445.0,298.0,-6504.9,1157.7,4.22,2010,82968.0,914.3,-15489.800000000001,10457.3,38.16,166818.09999999998,2013.3,-30660.5,20077.4,73.27,365424.69999999995,153911.89999999997,-56159.0,48203.4,175.89999999999998,248.43601895734602,1051.5,1081.5,1051.5,1074.15
2010-09-27,1028.0,1040.0,1002.0,1021.0,1016.3818688731,22238,956,22602300.0,7299.0,32.82,38.0,-7.0,1285525800.0,0.0,-2.613506295307144,8019.26,0.351387404613579,0.6628962114432813,0.16,-11.944172380019591,141.5590715352788,-105.83708120235342,259.85,1159.4,899.5500000000001,32445.0,298.0,-6504.9,1157.7,4.22,2010,82968.0,914.3,-15489.800000000001,10457.3,38.16,166818.09999999998,2013.3,-30660.5,20077.4,73.27,365424.69999999995,153911.89999999997,-56159.0,48203.4,175.89999999999998,241.94312796208533,1021.0,1059.95,1020.0,1048.4
2010-09-24,1035.0,1053.85,1020.1,1025.9,1033.7364921030755,12030,500,12435850.0,8146.0,67.71,33.75,-9.1,1285266600.0,0.0,0.47992164544565785,7991.18,0.920272128774946,0.6637749480356916,0.15,-12.364752899892794,142.40787968735532,-106.94196959703474,259.85,1159.4,899.5500000000001,32445.0,298.0,-6504.9,1157.7,4.22,2010,82968.0,914.3,-15489.800000000001,10457.3,38.16,166818.09999999998,2013.3,-30660.5,20077.4,73.27,365424.69999999995,153911.89999999997,-56159.0,48203.4,175.89999999999998,243.10426540284365,1028.0,1040.0,1002.0,1021.0
2010-09-23,1050.0,1053.2,1024.1,1036.9,1036.4742229941978,27059,477,28045956.0,22244.0,82.21,29.1,-13.1,1285180200.0,0.0,1.0722292621113239,7918.31,-0.3884672526383137,0.6636587381364236,0.16,-13.294435336097997,144.63869184207235,-109.33898165160892,259.85,1159.4,899.5500000000001,32445.0,298.0,-6504.9,1157.7,4.22,2010,82968.0,914.3,-15489.800000000001,10457.3,38.16,166818.09999999998,2013.3,-30660.5,20077.4,73.27,365424.69999999995,153911.89999999997,-56159.0,48203.4,175.89999999999998,245.7109004739337,1035.0,1053.85,1020.1,1025.9
2010-09-22,1098.0,1098.0,1042.0,1049.0,1053.6599807959033,9373,467,9875955.0,4927.0,52.57,56.0,-49.0,1285093800.0,0.0,1.16693991706045,7949.19,-0.3243862742098646,0.6637640842020956,0.16,-14.294566253574835,143.68835063698313,-109.72353047116923,259.85,1159.4,899.5500000000001,32445.0,298.0,-6504.9,1157.7,4.22,2010,82968.0,914.3,-15489.800000000001,10457.3,38.16,166818.09999999998,2013.3,-30660.5,20077.4,73.27,365424.69999999995,153911.89999999997,-56159.0,48203.4,175.89999999999998,248.5781990521327,1050.0,1053.2,1024.1,1036.9
2010-09-21,1080.0,1092.0,1061.5,1069.6,1078.887044653349,27232,1205,29380252.0,13096.0,48.09,30.5,-10.4,1285007400.0,0.0,1.9637750238322038,7975.06,-0.0502564835250129,0.6639074426761774,0.17,-15.945213163799544,142.89785907566838,-110.87330108137238,259.85,1159.4,899.5500000000001,32445.0,298.0,-6504.9,1157.7,4.22,2010,82968.0,914.3,-15489.800000000001,10457.3,38.16,166818.09999999998,2013.3,-30660.5,20077.4,73.27,365424.69999999995,153911.89999999997,-56159.0,48203.4,175.89999999999998,253.4597156398104,1098.0,1098.0,1042.0,1049.0
2010-09-20,1050.0,1082.95,1040.0,1078.35,1069.865216802168,73800,1537,78956053.0,52100.0,70.6,42.95,28.35,1284921000.0,0.0,0.8180628272251411,7979.07,1.2344942823756533,0.664399890941091,0.17,-16.627254601938148,142.7757871531394,-111.5445240340524,259.85,1159.4,899.5500000000001,32445.0,298.0,-6504.9,1157.7,4.22,2010,82968.0,914.3,-15489.800000000001,10457.3,38.16,166818.09999999998,2013.3,-30660.5,20077.4,73.27,365424.69999999995,153911.89999999997,-56159.0,48203.4,175.89999999999998,255.53317535545023,1080.0,1092.0,1061.5,1069.6
2010-09-17,1015.1,1060.0,1015.1,1049.5,1047.2192637983858,46346,1284,48534424.0,24532.0,52.93,44.9,34.4,1284661800.0,0.0,-2.67538368804191,7881.77,1.092399250955545,0.6642155113514149,0.16,-14.335397808480232,145.7728403645374,-111.21370503054338,259.85,1159.4,899.5500000000001,32445.0,298.0,-6504.9,1157.7,4.22,2010,82968.0,914.3,-15489.800000000001,10457.3,38.16,166818.09999999998,2013.3,-30660.5,20077.4,73.27,365424.69999999995,153911.89999999997,-56159.0,48203.4,175.89999999999998,248.696682464455,1050.0,1082.95,1040.0,1078.35
2010-09-16,1015.0,1028.0,1006.0,1011.0,1019.1945640473627,18580,1552,18936635.0,6941.0,37.36,22.0,-4.0,1284575400.0,0.0,-3.668413530252501,7796.6,-0.5807088371286406,0.6649463691457134,0.16,-11.07319485657765,148.45766103173176,-109.84318611242944,259.85,1159.4,899.5500000000001,32445.0,298.0,-6504.9,1157.7,4.22,2010,82968.0,914.3,-15489.800000000001,10457.3,38.16,166818.09999999998,2013.3,-30660.5,20077.4,73.27,365424.69999999995,153911.89999999997,-56159.0,48203.4,175.89999999999998,239.5734597156398,1015.1,1060.0,1015.1,1049.5
2010-09-15,1049.0,1056.0,1015.0,1026.3,1031.4410906298003,13020,861,13429363.0,5378.0,41.31,41.0,-22.7,1284489000.0,0.0,1.5133531157270008,7842.14,0.6567859971223111,0.6666390388775797,0.15,-12.398908701159506,147.0148454375974,-110.45474810858371,259.85,1159.4,899.5500000000001,32445.0,298.0,-6504.9,1157.7,4.22,2010,82968.0,914.3,-15489.800000000001,10457.3,38.16,166818.09999999998,2013.3,-30660.5,20077.4,73.27,365424.69999999995,153911.89999999997,-56159.0,48203.4,175.89999999999998,243.19905213270144,1015.0,1028.0,1006.0,1011.0
2010-09-14,1041.0,1065.0,1035.0,1040.6,1048.702822501792,15341,714,16088150.0,5989.0,39.04,30.0,-0.4,1284402600.0,0.0,1.3933547695605508,7790.97,0.3015107723799648,0.666862469676207,0.15,-13.602729194695362,148.63720435324487,-112.77327300501587,259.85,1159.4,899.5500000000001,32445.0,298.0,-6504.9,1157.7,4.22,2010,82968.0,914.3,-15489.800000000001,10457.3,38.16,166818.09999999998,2013.3,-30660.5,20077.4,73.27,365424.69999999995,153911.89999999997,-56159.0,48203.4,175.89999999999998,246.58767772511848,1049.0,1056.0,1015.0,1026.3
2010-09-13,1019.0,1081.0,1017.2,1051.75,1046.03601401245,39679,1712,41505663.0,17590.0,44.33,63.8,32.75,1284316200.0,0.0,1.0714972131462774,7767.55,1.6845423472319876,0.6671000796705776,0.15,-14.518659377228438,149.38687230851423,-114.22458878402611,259.85,1159.4,899.5500000000001,32445.0,298.0,-6504.9,1157.7,4.22,2010,82968.0,914.3,-15489.800000000001,10457.3,38.16,166818.09999999998,2013.3,-30660.5,20077.4,73.27,365424.69999999995,153911.89999999997,-56159.0,48203.4,175.89999999999998,249.22985781990522,1041.0,1065.0,1035.0,1040.6
2010-09-09,999.0,1026.0,991.0,1022.6,1015.0714193046184,30832,1275,31296682.0,13545.0,43.93,35.0,23.6,1283970600.0,0.0,-2.7715711908723573,7638.87,0.5594777505571802,0.6667266403313219,0.14,-12.081947975748097,153.58789978098858,-114.529750662624,259.85,1159.4,899.5500000000001,32445.0,298.0,-6504.9,1157.7,4.22,2010,82968.0,914.3,-15489.800000000001,10457.3,38.16,166818.09999999998,2013.3,-30660.5,20077.4,73.27,365424.69999999995,153911.89999999997,-56159.0,48203.4,175.89999999999998,242.32227488151662,1019.0,1081.0,1017.2,1051.75
2010-09-08,993.0,1016.7,975.05,993.7,1000.3012454592634,38540,1378,38551610.0,16936.0,43.94,41.65,0.7,1283884200.0,0.0,-2.826129473890082,7596.37,0.1260081641691224,0.6676965014609116,0.14,-9.525007547549569,155.0066676583684,-113.06893973595187,259.85,1159.4,899.5500000000001,32445.0,298.0,-6504.9,1157.7,4.22,2010,82968.0,914.3,-15489.800000000001,10457.3,38.16,166818.09999999998,2013.3,-30660.5,20077.4,73.27,365424.69999999995,153911.89999999997,-56159.0,48203.4,175.89999999999998,235.47393364928914,999.0,1026.0,991.0,1022.6
2010-09-07,928.0,999.0,928.0,993.3,977.9394639753637,163985,3760,160367403.0,72528.0,44.23,71.0,65.3,1283797800.0,0.0,-0.04025359766529624,7586.81,0.3633915130156984,0.6687615112957852,0.14,-9.48857344206181,155.32799687879358,-113.41233276968941,259.85,1159.4,899.5500000000001,32445.0,298.0,-6504.9,1157.7,4.22,2010,82968.0,914.3,-15489.800000000001,10457.3,38.16,166818.09999999998,2013.3,-30660.5,20077.4,73.27,365424.69999999995,153911.89999999997,-56159.0,48203.4,175.89999999999998,235.3791469194313,993.0,1016.7,975.05,993.7
2010-09-06,918.0,933.0,910.2,922.25,917.287749706228,6808,323,6244895.0,3010.0,44.21,22.8,4.25,1283711400.0,0.0,-7.152924594785059,7559.34,1.6165977513348473,0.6687433635237332,,-2.5155868799132564,156.25583714980408,,259.85,1159.4,899.5500000000001,32445.0,298.0,-6504.9,1157.7,4.22,2010,82968.0,914.3,-15489.800000000001,10457.3,38.16,166818.09999999998,2013.3,-30660.5,20077.4,73.27,365424.69999999995,153911.89999999997,-56159.0,48203.4,175.89999999999998,218.54265402843603,928.0,999.0,928.0,993.3
2010-09-03,925.0,938.0,913.0,920.0,922.2122675408182,79315,338,73145266.0,56797.0,71.61,25.0,-5.0,1283452200.0,0.0,-0.24396855516399807,7439.08,0.2144639210255539,0.6751257284809814,0.14,-2.2771739130434843,160.3984632508321,-110.6117856605041,259.85,1159.4,899.5500000000001,32445.0,298.0,-6504.9,1157.7,4.22,2010,82968.0,914.3,-15489.800000000001,10457.3,38.16,166818.09999999998,2013.3,-30660.5,20077.4,73.27,365424.69999999995,153911.89999999997,-56159.0,48203.4,175.89999999999998,218.0094786729858,918.0,933.0,910.2,922.25
2010-09-02,914.0,931.6,913.0,925.45,925.7083405683852,17277,567,15993463.0,4826.0,27.93,18.6,11.45,1283365800.0,0.0,0.5923913043478279,7423.16,0.3924729583156372,0.6751306679404471,0.14,-2.8526662704630223,160.95692400541012,-111.56510359036368,259.85,1159.4,899.5500000000001,32445.0,298.0,-6504.9,1157.7,4.22,2010,82968.0,914.3,-15489.800000000001,10457.3,38.16,166818.09999999998,2013.3,-30660.5,20077.4,73.27,365424.69999999995,153911.89999999997,-56159.0,48203.4,175.89999999999998,219.3009478672986,925.0,938.0,913.0,920.0
2010-09-01,904.1,915.0,900.7,908.95,908.7225851844404,9949,381,9040881.0,2458.0,24.71,14.3,4.85,1283279400.0,0.0,-1.782916419039382,7394.14,1.4321498434786584,0.6751503834014161,0.13,-1.0891688211672856,161.9811093649836,-110.4930073628805,259.85,1159.4,899.5500000000001,32445.0,298.0,-6504.9,1157.7,4.22,2010,82968.0,914.3,-15489.800000000001,10457.3,38.16,166818.09999999998,2013.3,-30660.5,20077.4,73.27,365424.69999999995,153911.89999999997,-56159.0,48203.4,175.89999999999998,215.39099526066354,914.0,931.6,913.0,925.45
2010-08-31,918.95,919.0,901.0,904.3,909.0333758891118,5483,235,4984230.0,2849.0,51.96,18.0,-14.65,1283193000.0,0.0,-0.5115792947906983,7289.74,-0.4317509748885229,0.6752134436110513,0.14,-0.5805595488222903,165.73307141269785,-112.53122753552076,259.85,1159.4,899.5500000000001,32445.0,298.0,-6504.9,1157.7,4.22,2010,82968.0,914.3,-15489.800000000001,10457.3,38.16,166818.09999999998,2013.3,-30660.5,20077.4,73.27,365424.69999999995,153911.89999999997,-56159.0,48203.4,175.89999999999998,214.28909952606637,904.1,915.0,900.7,908.95
2010-08-30,920.0,929.0,906.0,916.65,915.1337295690936,8749,449,8006505.0,4114.0,47.02,23.0,-3.35,1283106600.0,0.0,1.365697224372453,7321.35,0.1423893507538132,0.6752066103272262,0.14,-1.920034909725632,164.58576628627233,-113.09490334654284,259.85,1159.4,899.5500000000001,32445.0,298.0,-6504.9,1157.7,4.22,2010,82968.0,914.3,-15489.800000000001,10457.3,38.16,166818.09999999998,2013.3,-30660.5,20077.4,73.27,365424.69999999995,153911.89999999997,-56159.0,48203.4,175.89999999999998,217.21563981042655,918.95,919.0,901.0,904.3
2010-08-27,924.0,929.95,908.0,916.9,917.3915466239848,16869,510,15475478.0,10170.0,60.29,21.95,-7.1,1282847400.0,0.0,0.02727322314950431,7310.94,-1.0901681927398044,0.6754448739120662,0.15,-1.9467771839895343,164.96250824107435,-113.41854103201338,259.85,1159.4,899.5500000000001,32445.0,298.0,-6504.9,1157.7,4.22,2010,82968.0,914.3,-15489.800000000001,10457.3,38.16,166818.09999999998,2013.3,-30660.5,20077.4,73.27,365424.69999999995,153911.89999999997,-56159.0,48203.4,175.89999999999998,217.2748815165877,920.0,929.0,906.0,916.65
2010-08-26,920.0,972.0,920.0,931.3,946.41475899914,24419,1287,23110502.0,10977.0,44.95,52.0,11.3,1282761000.0,0.0,1.5705093248991053,7391.52,0.1311326173420113,0.6751842046499221,0.16,-3.4629013207344572,162.07397125354456,-112.94465722326929,259.85,1159.4,899.5500000000001,32445.0,298.0,-6504.9,1157.7,4.22,2010,82968.0,914.3,-15489.800000000001,10457.3,38.16,166818.09999999998,2013.3,-30660.5,20077.4,73.27,365424.69999999995,153911.89999999997,-56159.0,48203.4,175.89999999999998,220.6872037914692,924.0,929.95,908.0,916.9
2010-08-25,945.0,945.0,915.05,921.8,928.2172640819311,10936,370,10150984.0,8566.0,78.33,29.95,-23.2,1282674600.0,0.0,-1.0200794588209994,7381.84,-0.951593771971726,0.6755031223241965,0.16,-2.467997396398347,162.41763571142153,-112.23353694040564,259.85,1159.4,899.5500000000001,32445.0,298.0,-6504.9,1157.7,4.22,2010,82968.0,914.3,-15489.800000000001,10457.3,38.16,166818.09999999998,2013.3,-30660.5,20077.4,73.27,365424.69999999995,153911.89999999997,-56159.0,48203.4,175.89999999999998,218.43601895734596,920.0,972.0,920.0,931.3
2010-08-24,930.55,946.0,920.15,937.5,932.0513339009508,169128,333,157635978.0,167160.0,98.84,25.85,6.95,1282588200.0,0.0,1.7031894120199675,7452.76,-0.5916938771154734,0.6754497109370458,0.16,-4.101333333333335,159.9204858334362,-112.17150730868981,259.85,1159.4,899.5500000000001,32445.0,298.0,-6504.9,1157.7,4.22,2010,82968.0,914.3,-15489.800000000001,10457.3,38.16,166818.09999999998,2013.3,-30660.5,20077.4,73.27,365424.69999999995,153911.89999999997,-56159.0,48203.4,175.89999999999998,222.1563981042654,945.0,945.0,915.05,921.8
2010-08-23,957.0,957.0,931.0,937.6,938.3785018062846,14671,732,13766951.0,13167.0,89.75,26.0,-19.4,1282501800.0,0.0,0.010666666666669933,7497.12,0.3746080539392737,0.6757445183056724,0.16,-4.1115614334471084,158.38255223339095,-111.18958377749397,259.85,1159.4,899.5500000000001,32445.0,298.0,-6504.9,1157.7,4.22,2010,82968.0,914.3,-15489.800000000001,10457.3,38.16,166818.09999999998,2013.3,-30660.5,20077.4,73.27,365424.69999999995,153911.89999999997,-56159.0,48203.4,175.89999999999998,222.18009478672988,930.55,946.0,920.15,937.5
2010-08-20,932.0,955.0,930.0,947.7,945.5775818524132,65331,1346,61775529.0,43514.0,66.61,25.0,15.7,1282242600.0,0.0,1.0772184300341214,7469.14,-0.0612813966806347,0.6757241845075322,0.15,-5.133481059406996,159.35047408403108,-112.85909158305142,259.85,1159.4,899.5500000000001,32445.0,298.0,-6504.9,1157.7,4.22,2010,82968.0,914.3,-15489.800000000001,10457.3,38.16,166818.09999999998,2013.3,-30660.5,20077.4,73.27,365424.69999999995,153911.89999999997,-56159.0,48203.4,175.89999999999998,224.57345971563984,957.0,957.0,931.0,937.6
2010-08-19,886.5,933.0,886.5,926.4,916.036581697872,26598,1154,24364741.0,10147.0,38.15,46.5,39.9,1282156200.0,0.0,-2.2475466919911424,7473.72,0.9869363355799798,0.6758704278894282,0.16,-2.952288428324701,159.19154049121454,-110.5970037480368,259.85,1159.4,899.5500000000001,32445.0,298.0,-6504.9,1157.7,4.22,2010,82968.0,914.3,-15489.800000000001,10457.3,38.16,166818.09999999998,2013.3,-30660.5,20077.4,73.27,365424.69999999995,153911.89999999997,-56159.0,48203.4,175.89999999999998,219.52606635071092,932.0,955.0,930.0,947.7
2010-08-18,899.5,900.0,890.0,896.7,894.9687667321077,5603,864,5014510.0,3833.0,68.41,10.0,-2.8,1282069800.0,0.0,-3.205958549222787,7400.68,0.975828062151729,0.6763966623279107,0.16,0.2620720419315159,161.74959598307183,-109.19659134793383,259.85,1159.4,899.5500000000001,32445.0,298.0,-6504.9,1157.7,4.22,2010,82968.0,914.3,-15489.800000000001,10457.3,38.16,166818.09999999998,2013.3,-30660.5,20077.4,73.27,365424.69999999995,153911.89999999997,-56159.0,48203.4,175.89999999999998,212.4881516587678,886.5,933.0,886.5,926.4
2010-08-17,887.65,898.5,887.65,896.3,894.108375778155,3534,205,3159779.0,1801.0,50.96,10.85,8.65,1281983400.0,0.0,-0.044608007137292294,7329.16,0.2024786891521302,0.6776475232388662,0.17,0.3068169139796906,164.30382199324342,-111.08806103947067,259.85,1159.4,899.5500000000001,32445.0,298.0,-6504.9,1157.7,4.22,2010,82968.0,914.3,-15489.800000000001,10457.3,38.16,166818.09999999998,2013.3,-30660.5,20077.4,73.27,365424.69999999995,153911.89999999997,-56159.0,48203.4,175.89999999999998,212.39336492890996,899.5,900.0,890.0,896.7
2010-08-16,898.0,900.0,884.1,892.1,890.6985446985448,4810,263,4284260.0,2134.0,44.37,15.9,-5.9,1281897000.0,0.0,-0.46859310498715834,7314.35,-0.4737949999795821,0.677643857919416,0.16,0.7790606434256109,164.8389809073944,-110.97463929689896,259.85,1159.4,899.5500000000001,32445.0,298.0,-6504.9,1157.7,4.22,2010,82968.0,914.3,-15489.800000000001,10457.3,38.16,166818.09999999998,2013.3,-30660.5,20077.4,73.27,365424.69999999995,153911.89999999997,-56159.0,48203.4,175.89999999999998,211.39810426540285,887.65,898.5,887.65,896.3
2010-08-13,880.0,900.05,872.2,890.0,889.1020810730842,10139,357,9014606.0,4113.0,40.57,27.85,10.0,1281637800.0,0.0,-0.23539961887680816,7349.17,0.6505361102323137,0.6776225670395942,0.15,1.0168539325842607,163.58418705785823,-109.87983944359087,259.85,1159.4,899.5500000000001,32445.0,298.0,-6504.9,1157.7,4.22,2010,82968.0,914.3,-15489.800000000001,10457.3,38.16,166818.09999999998,2013.3,-30660.5,20077.4,73.27,365424.69999999995,153911.89999999997,-56159.0,48203.4,175.89999999999998,210.9004739336493,898.0,900.0,884.1,892.1
2010-08-12,862.0,887.9,862.0,877.3,877.7635546535229,6898,290,6054813.0,2078.0,30.12,25.9,15.3,1281551400.0,0.0,-1.4269662921348347,7301.67,0.1602196985181159,0.6775608533051436,0.16,2.4791975379003794,165.2988973755319,-109.57245468173556,259.85,1159.4,899.5500000000001,32445.0,298.0,-6504.9,1157.7,4.22,2010,82968.0,914.3,-15489.800000000001,10457.3,38.16,166818.09999999998,2013.3,-30660.5,20077.4,73.27,365424.69999999995,153911.89999999997,-56159.0,48203.4,175.89999999999998,207.89099526066352,880.0,900.05,872.2,890.0
2010-08-11,885.0,891.95,875.0,878.9,883.2417497231451,9030,474,7975673.0,4744.0,52.54,16.95,-6.1,1281465000.0,0.0,0.1823777499145196,7289.99,-0.6837706977213198,0.6778493478374639,0.15,2.2926385254295134,165.72395846907884,-110.0915612417029,259.85,1159.4,899.5500000000001,32445.0,298.0,-6504.9,1157.7,4.22,2010,82968.0,914.3,-15489.800000000001,10457.3,38.16,166818.09999999998,2013.3,-30660.5,20077.4,73.27,365424.69999999995,153911.89999999997,-56159.0,48203.4,175.89999999999998,208.27014218009478,862.0,887.9,862.0,877.3
2010-08-10,908.8,908.8,883.0,885.9,898.440596229724,13686,396,12296058.0,7372.0,53.87,25.8,-22.9,1281378600.0,0.0,0.7964501080896635,7340.18,-0.4073159480068367,0.6777433904741967,0.15,1.4843661812845577,163.90701590424212,-109.65086899159346,259.85,1159.4,899.5500000000001,32445.0,298.0,-6504.9,1157.7,4.22,2010,82968.0,914.3,-15489.800000000001,10457.3,38.16,166818.09999999998,2013.3,-30660.5,20077.4,73.27,365424.69999999995,153911.89999999997,-56159.0,48203.4,175.89999999999998,209.92890995260663,885.0,891.95,875.0,878.9
2010-08-09,865.0,905.0,865.0,899.7,892.6382012597043,27308,795,24376164.0,15242.0,55.82,40.0,34.7,1281292200.0,0.0,1.5577378936674657,7370.2,0.8977879752813944,0.6777793771965162,0.15,-0.0722463043236754,162.8320805405552,-110.48480553413467,259.85,1159.4,899.5500000000001,32445.0,298.0,-6504.9,1157.7,4.22,2010,82968.0,914.3,-15489.800000000001,10457.3,38.16,166818.09999999998,2013.3,-30660.5,20077.4,73.27,365424.69999999995,153911.89999999997,-56159.0,48203.4,175.89999999999998,213.19905213270144,908.8,908.8,883.0,885.9
2010-08-06,855.45,874.5,855.45,868.6,863.8533627342887,7256,202,6268120.0,5583.0,76.94,19.05,13.15,1281033000.0,0.0,-3.456707791486058,7304.62,-0.0801588951751419,0.6779518971096349,0.15,3.505641261800596,165.19175535483024,-108.53472988331082,259.85,1159.4,899.5500000000001,32445.0,298.0,-6504.9,1157.7,4.22,2010,82968.0,914.3,-15489.800000000001,10457.3,38.16,166818.09999999998,2013.3,-30660.5,20077.4,73.27,365424.69999999995,153911.89999999997,-56159.0,48203.4,175.89999999999998,205.82938388625595,865.0,905.0,865.0,899.7
2010-08-05,858.0,865.0,855.15,861.6,859.9497069792219,9385,279,8070628.0,5924.0,63.12,9.85,3.6,1280946600.0,0.0,-0.8058945429426645,7310.48,-0.1726040266990081,0.6796122978595639,0.15,4.346564531104913,164.97918057364225,-107.82337363285708,259.85,1159.4,899.5500000000001,32445.0,298.0,-6504.9,1157.7,4.22,2010,82968.0,914.3,-15489.800000000001,10457.3,38.16,166818.09999999998,2013.3,-30660.5,20077.4,73.27,365424.69999999995,153911.89999999997,-56159.0,48203.4,175.89999999999998,204.1706161137441,855.45,874.5,855.45,868.6
2010-08-04,861.0,863.9,855.1,857.85,858.511650643637,6137,161,5268686.0,4550.0,74.14,8.8,-3.15,1280860200.0,0.0,-0.4352367688022274,7323.12,0.3112158237904783,0.6796996233976015,0.16,4.802704435507366,164.5218158380581,-107.07395989056666,259.85,1159.4,899.5500000000001,32445.0,298.0,-6504.9,1157.7,4.22,2010,82968.0,914.3,-15489.800000000001,10457.3,38.16,166818.09999999998,2013.3,-30660.5,20077.4,73.27,365424.69999999995,153911.89999999997,-56159.0,48203.4,175.89999999999998,203.28199052132703,858.0,865.0,855.15,861.6
2010-08-03,866.45,869.0,858.0,860.4,860.932053742802,5210,200,4485456.0,2663.0,51.11,11.0,-6.05,1280773800.0,0.0,0.2972547648190105,7300.4,0.2207481274847822,0.6797170697093413,0.16,4.492096699209669,165.34504958632405,-107.94700116539876,259.85,1159.4,899.5500000000001,32445.0,298.0,-6504.9,1157.7,4.22,2010,82968.0,914.3,-15489.800000000001,10457.3,38.16,166818.09999999998,2013.3,-30660.5,20077.4,73.27,365424.69999999995,153911.89999999997,-56159.0,48203.4,175.89999999999998,203.88625592417063,861.0,863.9,855.1,857.85
2010-08-02,860.0,874.75,857.0,859.15,861.8123741007195,3475,204,2994798.0,1991.0,57.29,17.75,-0.85,1280687400.0,0.0,-0.14528126452812984,7284.32,1.0978151950946646,0.6797204605116987,0.16,4.644125007274624,165.93079381465944,-108.19367530381554,259.85,1159.4,899.5500000000001,32445.0,298.0,-6504.9,1157.7,4.22,2010,82968.0,914.3,-15489.800000000001,10457.3,38.16,166818.09999999998,2013.3,-30660.5,20077.4,73.27,365424.69999999995,153911.89999999997,-56159.0,48203.4,175.89999999999998,203.59004739336493,866.45,869.0,858.0,860.4
2010-07-30,867.0,870.0,851.0,864.35,862.7861787107562,10766,410,9288756.0,3922.0,36.43,19.0,-2.65,1280428200.0,0.0,0.6052493743816667,7205.22,-0.4125737553333897,0.6795050320203962,0.15,4.014577428125166,168.8502224775926,-110.76807264835938,259.85,1159.4,899.5500000000001,32445.0,298.0,-6504.9,1157.7,4.22,2010,82968.0,914.3,-15489.800000000001,10457.3,38.16,166818.09999999998,2013.3,-30660.5,20077.4,73.27,365424.69999999995,153911.89999999997,-56159.0,48203.4,175.89999999999998,204.8222748815166,860.0,874.75,857.0,859.15
2010-07-29,855.5,880.0,843.0,872.95,863.0503430973465,60187,2158,51944411.0,19110.0,31.75,37.0,17.45,1280341800.0,0.0,0.9949673164805883,7235.07,0.2052560506907719,0.6795054354585868,0.15,2.9898619623117018,167.74101701849466,-111.03914503578794,259.85,1159.4,899.5500000000001,32445.0,298.0,-6504.9,1157.7,4.22,2010,82968.0,914.3,-15489.800000000001,10457.3,38.16,166818.09999999998,2013.3,-30660.5,20077.4,73.27,365424.69999999995,153911.89999999997,-56159.0,48203.4,175.89999999999998,206.86018957345973,867.0,870.0,851.0,864.35
2010-07-28,844.0,863.95,840.0,856.3,855.5526038531004,13288,525,11368583.0,7707.0,58.0,23.95,12.3,1280255400.0,0.0,-1.9073257345781691,7220.25,-0.4071853313967311,0.6796258369622022,0.15,4.992409202382353,168.2905716561061,-109.4302675367019,259.85,1159.4,899.5500000000001,32445.0,298.0,-6504.9,1157.7,4.22,2010,82968.0,914.3,-15489.800000000001,10457.3,38.16,166818.09999999998,2013.3,-30660.5,20077.4,73.27,365424.69999999995,153911.89999999997,-56159.0,48203.4,175.89999999999998,202.91469194312796,855.5,880.0,843.0,872.95
2010-07-27,838.0,848.0,820.0,844.25,833.4711128452385,35881,444,29905777.0,29370.0,81.85,28.0,6.25,1280169000.0,0.0,-1.4072170968118636,7249.77,0.2555560626112507,0.6801021003188245,0.15,6.490968315072543,167.198131802802,-107.26881697834892,259.85,1159.4,899.5500000000001,32445.0,298.0,-6504.9,1157.7,4.22,2010,82968.0,914.3,-15489.800000000001,10457.3,38.16,166818.09999999998,2013.3,-30660.5,20077.4,73.27,365424.69999999995,153911.89999999997,-56159.0,48203.4,175.89999999999998,200.05924170616115,844.0,863.95,840.0,856.3
2010-07-26,834.0,835.0,823.05,827.15,828.7439769866954,2781,190,2304737.0,1390.0,49.98,11.95,-6.85,1280082600.0,0.0,-2.025466390287245,7231.29,-0.6222712074507641,0.6803814335270444,0.16,8.692498337665477,167.88097282780802,-105.58173758746901,259.85,1159.4,899.5500000000001,32445.0,298.0,-6504.9,1157.7,4.22,2010,82968.0,914.3,-15489.800000000001,10457.3,38.16,166818.09999999998,2013.3,-30660.5,20077.4,73.27,365424.69999999995,153911.89999999997,-56159.0,48203.4,175.89999999999998,196.00710900473933,838.0,848.0,820.0,844.25
2010-07-23,844.85,855.0,825.0,832.35,825.2072386079395,525322,609,433499517.0,520117.0,99.01,30.0,-12.5,1279823400.0,0.0,0.6286646920147465,7276.57,-0.0727835020399969,0.6808772796187029,0.16,8.01345587793596,166.21402666366157,-105.20895806654949,259.85,1159.4,899.5500000000001,32445.0,298.0,-6504.9,1157.7,4.22,2010,82968.0,914.3,-15489.800000000001,10457.3,38.16,166818.09999999998,2013.3,-30660.5,20077.4,73.27,365424.69999999995,153911.89999999997,-56159.0,48203.4,175.89999999999998,197.239336492891,834.0,835.0,823.05,827.15
2010-07-22,842.0,868.0,835.0,842.95,846.8231661204941,7934,421,6718695.0,4069.0,51.29,33.0,0.95,1279737000.0,0.0,1.273502733225218,7281.87,0.6570053384275409,0.6809208950400631,0.16,6.655199003499601,166.02026677213408,-106.44252229856558,259.85,1159.4,899.5500000000001,32445.0,298.0,-6504.9,1157.7,4.22,2010,82968.0,914.3,-15489.800000000001,10457.3,38.16,166818.09999999998,2013.3,-30660.5,20077.4,73.27,365424.69999999995,153911.89999999997,-56159.0,48203.4,175.89999999999998,199.75118483412325,844.85,855.0,825.0,832.35
2010-07-21,845.3,860.0,838.5,853.7,849.4048235172341,9661,438,8206100.0,4746.0,49.13,21.5,8.4,1279650600.0,0.0,1.275283231508384,7234.34,0.5165926559920875,0.6810550486514841,0.16,5.3121705517160445,167.76803412612625,-108.99812728443247,259.85,1159.4,899.5500000000001,32445.0,298.0,-6504.9,1157.7,4.22,2010,82968.0,914.3,-15489.800000000001,10457.3,38.16,166818.09999999998,2013.3,-30660.5,20077.4,73.27,365424.69999999995,153911.89999999997,-56159.0,48203.4,175.89999999999998,202.29857819905214,842.0,868.0,835.0,842.95
2010-07-20,843.5,848.1,832.0,842.55,843.7863221572849,9753,257,8229448.0,5870.0,60.19,16.1,-0.95,1279564200.0,0.0,-1.3060794189996616,7197.16,-0.3340128065938419,0.6812205936754531,0.16,6.705833481692491,169.1513041255162,-108.57452304068069,259.85,1159.4,899.5500000000001,32445.0,298.0,-6504.9,1157.7,4.22,2010,82968.0,914.3,-15489.800000000001,10457.3,38.16,166818.09999999998,2013.3,-30660.5,20077.4,73.27,365424.69999999995,153911.89999999997,-56159.0,48203.4,175.89999999999998,199.6563981042654,845.3,860.0,838.5,853.7
2010-07-19,840.0,844.0,830.0,839.2,836.1195361284568,5605,301,4686450.0,2916.0,52.02,14.0,-0.8,1279477800.0,0.0,-0.39760251617113607,7221.28,-0.0344695359902225,0.6814405096488682,0.17,7.131792183031438,168.25230430062263,-107.576298922541,259.85,1159.4,899.5500000000001,32445.0,298.0,-6504.9,1157.7,4.22,2010,82968.0,914.3,-15489.800000000001,10457.3,38.16,166818.09999999998,2013.3,-30660.5,20077.4,73.27,365424.69999999995,153911.89999999997,-56159.0,48203.4,175.89999999999998,198.86255924170618,843.5,848.1,832.0,842.55
2010-07-16,850.8,859.8,840.0,845.45,846.2032869841696,44661,505,37792285.0,3327.0,7.45,19.8,-5.35,1279218600.0,0.0,0.7447569113441466,7223.77,0.3732157273051983,0.6814657351796889,0.15,6.33981903128511,168.15983897604713,-108.30312940394799,259.85,1159.4,899.5500000000001,32445.0,298.0,-6504.9,1157.7,4.22,2010,82968.0,914.3,-15489.800000000001,10457.3,38.16,166818.09999999998,2013.3,-30660.5,20077.4,73.27,365424.69999999995,153911.89999999997,-56159.0,48203.4,175.89999999999998,200.34360189573462,840.0,844.0,830.0,839.2
2010-07-15,860.0,860.0,837.15,843.8,842.57929059965,18861,518,15891888.0,12563.0,66.61,22.85,-16.2,1279132200.0,0.0,-0.19516233958247753,7196.91,-0.1100649008166754,0.6815126739679922,0.15,6.547760132732883,169.16065366942203,-108.78514237859318,259.85,1159.4,899.5500000000001,32445.0,298.0,-6504.9,1157.7,4.22,2010,82968.0,914.3,-15489.800000000001,10457.3,38.16,166818.09999999998,2013.3,-30660.5,20077.4,73.27,365424.69999999995,153911.89999999997,-56159.0,48203.4,175.89999999999998,199.95260663507108,850.8,859.8,840.0,845.45
2010-07-14,860.0,870.95,850.0,853.85,854.3799634650514,10401,360,8886406.0,5741.0,55.2,20.95,-6.15,1279045800.0,0.0,1.1910405309315086,7204.84,-0.2742001342625477,0.6815151597925233,0.15,5.293669848334015,168.86440226292322,-109.83775296918216,259.85,1159.4,899.5500000000001,32445.0,298.0,-6504.9,1157.7,4.22,2010,82968.0,914.3,-15489.800000000001,10457.3,38.16,166818.09999999998,2013.3,-30660.5,20077.4,73.27,365424.69999999995,153911.89999999997,-56159.0,48203.4,175.89999999999998,202.33412322274884,860.0,860.0,837.15,843.8
2010-07-13,860.0,860.0,847.0,857.85,853.5587004676347,4063,227,3468009.0,1933.0,47.58,13.0,-2.15,1278959400.0,0.0,0.468466358259656,7224.65,0.419209700757106,0.6816753457051229,0.15,4.802704435507366,168.12717571093413,-109.85319488781383,259.85,1159.4,899.5500000000001,32445.0,298.0,-6504.9,1157.7,4.22,2010,82968.0,914.3,-15489.800000000001,10457.3,38.16,166818.09999999998,2013.3,-30660.5,20077.4,73.27,365424.69999999995,153911.89999999997,-56159.0,48203.4,175.89999999999998,203.28199052132703,860.0,870.95,850.0,853.85
2010-07-12,859.15,863.9,851.55,852.8,855.24324864973,4999,251,4275361.0,3099.0,61.99,12.35,-6.35,1278873000.0,0.0,-0.5886810048376878,7194.49,0.4331705628285665,0.6816733112840458,0.16,5.423311444652912,169.25119084188037,-110.00164052549421,259.85,1159.4,899.5500000000001,32445.0,298.0,-6504.9,1157.7,4.22,2010,82968.0,914.3,-15489.800000000001,10457.3,38.16,166818.09999999998,2013.3,-30660.5,20077.4,73.27,365424.69999999995,153911.89999999997,-56159.0,48203.4,175.89999999999998,202.08530805687204,860.0,860.0,847.0,857.85
2010-07-09,863.0,863.0,854.0,857.75,857.7582993593477,5151,333,4418313.0,2240.0,43.49,9.0,-5.25,1278613800.0,0.0,0.5804409005628619,7163.46,0.8511896381810491,0.6816985673096193,0.16,4.81492276304285,170.4175077406728,-111.40937633748021,259.85,1159.4,899.5500000000001,32445.0,298.0,-6504.9,1157.7,4.22,2010,82968.0,914.3,-15489.800000000001,10457.3,38.16,166818.09999999998,2013.3,-30660.5,20077.4,73.27,365424.69999999995,153911.89999999997,-56159.0,48203.4,175.89999999999998,203.25829383886258,859.15,863.9,851.55,852.8
2010-07-08,865.0,875.0,859.0,860.65,864.3987512656092,5926,295,5122427.0,3124.0,52.72,16.0,-4.35,1278527400.0,0.0,0.33809385018943594,7103.0,0.9199730046531408,0.681609235742471,0.15,4.461744030674497,172.71927354638885,-113.31306662391303,259.85,1159.4,899.5500000000001,32445.0,298.0,-6504.9,1157.7,4.22,2010,82968.0,914.3,-15489.800000000001,10457.3,38.16,166818.09999999998,2013.3,-30660.5,20077.4,73.27,365424.69999999995,153911.89999999997,-56159.0,48203.4,175.89999999999998,203.94549763033177,863.0,863.0,854.0,857.75
2010-07-07,866.0,866.0,859.1,863.15,862.4006291635826,5404,190,4660413.0,3644.0,67.43,6.9,-2.85,1278441000.0,0.0,0.29047812699702913,7038.25,-0.6397903881799727,0.6814684362581435,0.16,4.159184382783976,175.2282172415018,-115.3042798592832,259.85,1159.4,899.5500000000001,32445.0,298.0,-6504.9,1157.7,4.22,2010,82968.0,914.3,-15489.800000000001,10457.3,38.16,166818.09999999998,2013.3,-30660.5,20077.4,73.27,365424.69999999995,153911.89999999997,-56159.0,48203.4,175.89999999999998,204.53791469194314,865.0,875.0,859.0,860.65
2010-07-06,856.5,870.0,856.15,859.9,862.6836855452239,5915,288,5102774.0,2973.0,50.26,13.85,3.4,1278354600.0,0.0,-0.37652783409604096,7083.57,0.827708521341064,0.6813809969225644,0.17,4.5528549831375775,173.4673335620316,-113.6986549233817,259.85,1159.4,899.5500000000001,32445.0,298.0,-6504.9,1157.7,4.22,2010,82968.0,914.3,-15489.800000000001,10457.3,38.16,166818.09999999998,2013.3,-30660.5,20077.4,73.27,365424.69999999995,153911.89999999997,-56159.0,48203.4,175.89999999999998,203.76777251184834,866.0,866.0,859.1,863.15
2010-07-05,868.5,874.0,858.0,862.65,863.3671663355607,5537,305,4780464.0,2406.0,43.45,16.0,-5.85,1278268200.0,0.0,0.3198046284451639,7025.42,0.0261974662494113,0.6812826064343602,,4.21955601924302,175.73084598500876,,259.85,1159.4,899.5500000000001,32445.0,298.0,-6504.9,1157.7,4.22,2010,82968.0,914.3,-15489.800000000001,10457.3,38.16,166818.09999999998,2013.3,-30660.5,20077.4,73.27,365424.69999999995,153911.89999999997,-56159.0,48203.4,175.89999999999998,204.41943127962085,856.5,870.0,856.15,859.9
2010-07-02,872.0,881.0,858.0,866.55,864.3011302475778,7432,425,6423486.0,2188.0,29.44,23.0,-5.45,1278009000.0,0.0,0.45209528777603314,7023.58,-0.218356431001776,0.6812932392540395,0.17,3.7505048756563353,175.8030804803249,-116.07712544494964,259.85,1159.4,899.5500000000001,32445.0,298.0,-6504.9,1157.7,4.22,2010,82968.0,914.3,-15489.800000000001,10457.3,38.16,166818.09999999998,2013.3,-30660.5,20077.4,73.27,365424.69999999995,153911.89999999997,-56159.0,48203.4,175.89999999999998,205.3436018957346,868.5,874.0,858.0,862.65
2010-07-01,865.15,874.65,861.5,865.6,865.2007641291812,13872,539,12002065.0,6981.0,50.32,13.15,0.45,1277922600.0,0.0,-0.10963014251917924,7038.95,-0.7508248498350301,0.6813021374053551,0.17,3.8643715341959206,175.20084671719505,-115.55451844609814,259.85,1159.4,899.5500000000001,32445.0,298.0,-6504.9,1157.7,4.22,2010,82968.0,914.3,-15489.800000000001,10457.3,38.16,166818.09999999998,2013.3,-30660.5,20077.4,73.27,365424.69999999995,153911.89999999997,-56159.0,48203.4,175.89999999999998,205.1184834123223,872.0,881.0,858.0,866.55
2010-06-30,871.0,884.0,862.0,878.1,873.313305599127,14663,830,12805393.0,4008.0,27.33,22.0,7.1,1277836200.0,6.0,1.4440850277264383,7092.2,0.8021876812170925,0.6811755977437356,0.18,2.385833048627717,173.13457037308595,-115.6065998077701,259.85,1159.4,899.5500000000001,18096.7,198.3,-3586.1,2427.3,19.5,2010,69853.7,554.3,-13789.5,4347.3,15.86,159456.9,1602.6,-29685.9,18446.1,67.31,350595.5,107214.20000000001,-54688.5,43860.799999999996,160.05,45.03076923076923,865.15,874.65,861.5,865.6
2010-06-29,959.0,959.0,870.0,879.1,888.4601963660987,44305,1746,39363229.0,22390.0,50.54,89.0,-79.9,1277749800.0,6.0,0.1138822457578792,7035.76,-1.0904878587103315,0.6813331279006086,0.15,2.269366397451922,175.32562224976408,-117.2335882419153,259.85,1159.4,899.5500000000001,18096.7,198.3,-3586.1,2427.3,19.5,2010,69853.7,554.3,-13789.5,4347.3,15.86,159456.9,1602.6,-29685.9,18446.1,67.31,350595.5,107214.20000000001,-54688.5,43860.799999999996,160.05,45.08205128205128,871.0,884.0,862.0,878.1
2010-06-28,932.0,932.0,916.2,923.5,922.8183438664722,6171,393,5694712.0,2503.0,40.56,15.8,-8.5,1277663400.0,6.0,5.050619952223867,7113.33,1.1489463962471635,0.68107080624957,0.17,-2.6475365457498734,172.3232297672117,-120.06607554177222,259.85,1159.4,899.5500000000001,18096.7,198.3,-3586.1,2427.3,19.5,2010,69853.7,554.3,-13789.5,4347.3,15.86,159456.9,1602.6,-29685.9,18446.1,67.31,350595.5,107214.20000000001,-54688.5,43860.799999999996,160.05,47.35897435897436,959.0,959.0,870.0,879.1
2010-06-25,945.0,950.1,922.35,933.2,941.0253651037664,3903,245,3672822.0,2190.0,56.11,27.75,-11.8,1277404200.0,6.0,1.0503519220357305,7032.53,-0.6325858731437206,0.6843077547055817,0.13,-3.6594513501928994,175.45207770176594,-123.76370869260587,259.85,1159.4,899.5500000000001,18096.7,198.3,-3586.1,2427.3,19.5,2010,69853.7,554.3,-13789.5,4347.3,15.86,159456.9,1602.6,-29685.9,18446.1,67.31,350595.5,107214.20000000001,-54688.5,43860.799999999996,160.05,47.85641025641026,932.0,932.0,916.2,923.5
2010-06-24,959.95,959.95,940.1,944.6,951.8641728708916,5507,262,5241916.0,3727.0,67.68,19.85,-15.35,1277317800.0,6.0,1.2216030861551541,7077.3,-0.0646720927211408,0.6843577879370639,0.13,-4.822146940503924,173.70960677094374,-123.74270266125238,259.85,1159.4,899.5500000000001,18096.7,198.3,-3586.1,2427.3,19.5,2010,69853.7,554.3,-13789.5,4347.3,15.86,159456.9,1602.6,-29685.9,18446.1,67.31,350595.5,107214.20000000001,-54688.5,43860.799999999996,160.05,48.44102564102564,945.0,950.1,922.35,933.2
2010-06-23,957.0,959.85,950.2,955.55,954.8267889908254,2725,134,2601903.0,2089.0,76.66,9.65,-1.45,1277231400.0,6.0,1.1592208342155352,7081.88,0.3180143439342808,0.6845530987723958,0.13,-5.912825074564387,173.53259304026616,-124.74610747544725,259.85,1159.4,899.5500000000001,18096.7,198.3,-3586.1,2427.3,19.5,2010,69853.7,554.3,-13789.5,4347.3,15.86,159456.9,1602.6,-29685.9,18446.1,67.31,350595.5,107214.20000000001,-54688.5,43860.799999999996,160.05,49.0025641025641,959.95,959.95,940.1,944.6
2010-06-22,969.0,972.0,947.0,956.7,955.2815160670144,7282,304,6956360.0,4214.0,57.87,25.0,-12.3,1277145000.0,6.0,0.12034953691593131,7059.43,-0.4718803310352459,0.6847170152549571,0.13,-6.025922441726783,174.40246592146957,-125.48324514859665,259.85,1159.4,899.5500000000001,18096.7,198.3,-3586.1,2427.3,19.5,2010,69853.7,554.3,-13789.5,4347.3,15.86,159456.9,1602.6,-29685.9,18446.1,67.31,350595.5,107214.20000000001,-54688.5,43860.799999999996,160.05,49.06153846153846,957.0,959.85,950.2,955.55
2010-06-21,955.0,973.0,949.0,969.5,962.5254313578396,6665,326,6415232.0,2419.0,36.29,24.0,14.5,1277058600.0,6.0,1.3379324762203382,7092.9,1.6103454055517608,0.6846627120840361,0.12,-7.266632284682828,173.1076146569104,-125.82480169263125,259.85,1159.4,899.5500000000001,18096.7,198.3,-3586.1,2427.3,19.5,2010,69853.7,554.3,-13789.5,4347.3,15.86,159456.9,1602.6,-29685.9,18446.1,67.31,350595.5,107214.20000000001,-54688.5,43860.799999999996,160.05,49.717948717948715,969.0,972.0,947.0,956.7
2010-06-18,981.0,981.8,950.0,958.2,962.3103858499248,44551,234,42871890.0,42323.0,95.0,31.8,-22.8,1276799400.0,6.0,-1.1655492521918442,6980.49,-0.3814636903080037,0.6844075170196717,0.11,-6.173032769776676,177.50559058175003,-127.69390845007047,259.85,1159.4,899.5500000000001,18096.7,198.3,-3586.1,2427.3,19.5,2010,69853.7,554.3,-13789.5,4347.3,15.86,159456.9,1602.6,-29685.9,18446.1,67.31,350595.5,107214.20000000001,-54688.5,43860.799999999996,160.05,49.13846153846154,955.0,973.0,949.0,969.5
2010-06-17,976.2,993.0,973.0,978.75,983.853748068006,5176,361,5092427.0,1330.0,25.7,20.0,2.55,1276713000.0,6.0,2.144646211646828,7007.22,0.6418643797585055,0.6845671594652906,0.09,-8.14303959131546,176.44700751510584,-128.96125527773037,259.85,1159.4,899.5500000000001,18096.7,198.3,-3586.1,2427.3,19.5,2010,69853.7,554.3,-13789.5,4347.3,15.86,159456.9,1602.6,-29685.9,18446.1,67.31,350595.5,107214.20000000001,-54688.5,43860.799999999996,160.05,50.19230769230769,981.0,981.8,950.0,958.2
2010-06-16,1000.0,1000.0,971.2,979.1,978.2849423631123,13880,149,13578595.0,12906.0,92.98,28.8,-20.9,1276626600.0,6.0,0.03575989782886868,6962.53,0.1765401582098924,0.6851223818187703,0.1,-8.175875804310085,178.22142238525362,-130.31084896184228,259.85,1159.4,899.5500000000001,18096.7,198.3,-3586.1,2427.3,19.5,2010,69853.7,554.3,-13789.5,4347.3,15.86,159456.9,1602.6,-29685.9,18446.1,67.31,350595.5,107214.20000000001,-54688.5,43860.799999999996,160.05,50.21025641025641,976.2,993.0,973.0,978.75
2010-06-15,962.0,996.3,962.0,985.25,981.6025896414344,8032,353,7884232.0,3491.0,43.46,34.3,23.25,1276540200.0,6.0,0.6281278725360107,6950.26,0.4837497108489463,0.6851190709749012,0.09,-8.749048464856635,178.7125949245064,-131.21679475466055,259.85,1159.4,899.5500000000001,18096.7,198.3,-3586.1,2427.3,19.5,2010,69853.7,554.3,-13789.5,4347.3,15.86,159456.9,1602.6,-29685.9,18446.1,67.31,350595.5,107214.20000000001,-54688.5,43860.799999999996,160.05,50.52564102564103,1000.0,1000.0,971.2,979.1
2010-06-14,975.0,984.0,965.0,976.3,971.460918417196,4094,217,3977161.0,2392.0,58.43,19.0,1.3,1276453800.0,6.0,-0.9083988835321022,6916.8,1.3085393396665923,0.6851316317889112,0.07,-7.912526887227289,180.06086629655331,-131.2999628200846,259.85,1159.4,899.5500000000001,18096.7,198.3,-3586.1,2427.3,19.5,2010,69853.7,554.3,-13789.5,4347.3,15.86,159456.9,1602.6,-29685.9,18446.1,67.31,350595.5,107214.20000000001,-54688.5,43860.799999999996,160.05,50.06666666666666,962.0,996.3,962.0,985.25
2010-06-11,970.0,985.0,955.5,974.9,970.7015680323724,11862,447,11514462.0,4736.0,39.93,29.5,4.9,1276194600.0,6.0,-0.14339854552903875,6827.46,0.5083226236690219,0.6849283992158691,0.08,-7.780285157452049,183.72557290705475,-133.64435343176223,259.85,1159.4,899.5500000000001,18096.7,198.3,-3586.1,2427.3,19.5,2010,69853.7,554.3,-13789.5,4347.3,15.86,159456.9,1602.6,-29685.9,18446.1,67.31,350595.5,107214.20000000001,-54688.5,43860.799999999996,160.05,49.99487179487179,975.0,984.0,965.0,976.3
2010-06-10,940.4,987.0,935.0,977.1,962.4517364657816,7832,455,7537922.0,4519.0,57.7,52.0,36.7,1276108200.0,6.0,0.22566417068417,6792.93,1.379297993734796,0.6848886931692548,0.1,-7.987923446934819,185.16781418327585,-134.8387768506091,259.85,1159.4,899.5500000000001,18096.7,198.3,-3586.1,2427.3,19.5,2010,69853.7,554.3,-13789.5,4347.3,15.86,159456.9,1602.6,-29685.9,18446.1,67.31,350595.5,107214.20000000001,-54688.5,43860.799999999996,160.05,50.10769230769231,970.0,985.0,955.5,974.9
2010-06-09,943.2,952.0,936.0,942.25,938.4286026359864,13733,172,12887440.0,12441.0,90.59,16.0,-0.95,1276021800.0,6.0,-3.566676901033672,6700.51,0.4363401984591064,0.6845314359436895,0.1,-4.584770496152835,189.1011281230832,-134.0619841252242,259.85,1159.4,899.5500000000001,18096.7,198.3,-3586.1,2427.3,19.5,2010,69853.7,554.3,-13789.5,4347.3,15.86,159456.9,1602.6,-29685.9,18446.1,67.31,350595.5,107214.20000000001,-54688.5,43860.799999999996,160.05,48.32051282051282,940.4,987.0,935.0,977.1
2010-06-08,957.5,961.9,929.0,943.05,949.2185994217796,6226,274,5909835.0,3366.0,54.06,32.9,-14.45,1275935400.0,6.0,0.08490315733615805,6671.4,-0.8247508503199219,0.6863043034062801,0.12,-4.665712316420123,190.36259255928292,-135.35002228102357,259.85,1159.4,899.5500000000001,18096.7,198.3,-3586.1,2427.3,19.5,2010,69853.7,554.3,-13789.5,4347.3,15.86,159456.9,1602.6,-29685.9,18446.1,67.31,350595.5,107214.20000000001,-54688.5,43860.799999999996,160.05,48.36153846153846,943.2,952.0,936.0,942.25
2010-06-07,921.0,950.0,921.0,947.9,940.8866456361726,4755,159,4473916.0,2699.0,56.76,29.0,26.9,1275849000.0,6.0,0.514288743969038,6726.88,-1.7320994237047915,0.6861507493811513,0.12,-5.153497204346458,187.96782460813927,-134.1654228288403,259.85,1159.4,899.5500000000001,18096.7,198.3,-3586.1,2427.3,19.5,2010,69853.7,554.3,-13789.5,4347.3,15.86,159456.9,1602.6,-29685.9,18446.1,67.31,350595.5,107214.20000000001,-54688.5,43860.799999999996,160.05,48.61025641025641,957.5,961.9,929.0,943.05
2010-06-04,945.4,953.0,939.0,946.5,944.8915415361348,9257,191,8746861.0,8393.0,90.67,14.0,1.1,1275589800.0,6.0,-0.14769490452579692,6845.45,0.3859729906894316,0.6855384908798547,0.14,-5.0132065504490235,182.97993557764647,-130.49702005891865,259.85,1159.4,899.5500000000001,18096.7,198.3,-3586.1,2427.3,19.5,2010,69853.7,554.3,-13789.5,4347.3,15.86,159456.9,1602.6,-29685.9,18446.1,67.31,350595.5,107214.20000000001,-54688.5,43860.799999999996,160.05,48.53846153846154,921.0,950.0,921.0,947.9
2010-06-03,957.0,962.0,940.0,945.3,950.1395793499046,4184,275,3975384.0,1755.0,41.95,22.0,-11.7,1275503400.0,6.0,-0.12678288431062779,6819.13,1.5023369354886684,0.685519260224241,0.14,-4.892626679361046,184.07216169804653,-131.1216660980514,259.85,1159.4,899.5500000000001,18096.7,198.3,-3586.1,2427.3,19.5,2010,69853.7,554.3,-13789.5,4347.3,15.86,159456.9,1602.6,-29685.9,18446.1,67.31,350595.5,107214.20000000001,-54688.5,43860.799999999996,160.05,48.47692307692307,945.4,953.0,939.0,946.5
2010-06-02,925.0,959.0,917.0,938.0,932.1904447016036,6049,335,5638820.0,3720.0,61.5,42.0,13.0,1275417000.0,6.0,-0.7722416164180679,6718.2,0.9533025984408194,0.6850889228064203,0.16,-4.152452025586362,188.33988270667737,-133.23240516294248,259.85,1159.4,899.5500000000001,18096.7,198.3,-3586.1,2427.3,19.5,2010,69853.7,554.3,-13789.5,4347.3,15.86,159456.9,1602.6,-29685.9,18446.1,67.31,350595.5,107214.20000000001,-54688.5,43860.799999999996,160.05,48.1025641025641,957.0,962.0,940.0,945.3
2010-06-01,917.05,927.75,911.05,919.0,919.3813697258048,7987,157,7343099.0,7134.0,89.32,16.7,1.95,1275330600.0,6.0,-2.025586353944564,6654.76,-1.8814957013551288,0.6850095961371754,0.16,-2.1708378672470108,191.0886343008613,-133.11878454070245,259.85,1159.4,899.5500000000001,18096.7,198.3,-3586.1,2427.3,19.5,2010,69853.7,554.3,-13789.5,4347.3,15.86,159456.9,1602.6,-29685.9,18446.1,67.31,350595.5,107214.20000000001,-54688.5,43860.799999999996,160.05,47.12820512820513,925.0,959.0,917.0,938.0
2010-05-31,928.0,934.0,916.25,922.9,923.808476609356,2501,151,2310445.0,1406.0,56.22,17.75,-5.1,1275244200.0,6.0,0.4243743199129568,6782.37,0.7964296648129476,0.6848435554862877,,-2.5842453136851296,185.61181415935727,,259.85,1159.4,899.5500000000001,18096.7,198.3,-3586.1,2427.3,19.5,2010,69853.7,554.3,-13789.5,4347.3,15.86,159456.9,1602.6,-29685.9,18446.1,67.31,350595.5,107214.20000000001,-54688.5,43860.799999999996,160.05,47.32820512820513,917.05,927.75,911.05,919.0
2010-05-28,945.0,945.0,930.0,934.8,934.7000408663666,2447,187,2287211.0,1320.0,53.94,15.0,-10.2,1274985000.0,6.0,1.2894138043124892,6728.78,1.3489536421447124,0.6847497007040256,0.16,-3.8243474540008537,187.8865113735328,-132.5300199312383,259.85,1159.4,899.5500000000001,18096.7,198.3,-3586.1,2427.3,19.5,2010,69853.7,554.3,-13789.5,4347.3,15.86,159456.9,1602.6,-29685.9,18446.1,67.31,350595.5,107214.20000000001,-54688.5,43860.799999999996,160.05,47.93846153846154,928.0,934.0,916.25,922.9
2010-05-27,930.0,941.0,920.0,932.2,930.6362345303309,4929,229,4587106.0,1935.0,39.26,21.0,2.2,1274898600.0,6.0,-0.2781343602909603,6639.22,1.4375573899983785,0.6846230847776509,0.17,-3.5561038403776113,191.7699669539494,-134.8998642596864,259.85,1159.4,899.5500000000001,18096.7,198.3,-3586.1,2427.3,19.5,2010,69853.7,554.3,-13789.5,4347.3,15.86,159456.9,1602.6,-29685.9,18446.1,67.31,350595.5,107214.20000000001,-54688.5,43860.799999999996,160.05,47.805128205128206,945.0,945.0,930.0,934.8
2010-05-26,918.85,947.0,910.0,941.7,933.4931958762888,4850,326,4527442.0,1622.0,33.44,37.0,22.85,1274812200.0,6.0,1.0190946148895152,6545.13,1.9700312213726257,0.684237819859278,0.17,-4.529043219709051,195.9643276756917,-138.66892712933742,259.85,1159.4,899.5500000000001,18096.7,198.3,-3586.1,2427.3,19.5,2010,69853.7,554.3,-13789.5,4347.3,15.86,159456.9,1602.6,-29685.9,18446.1,67.31,350595.5,107214.20000000001,-54688.5,43860.799999999996,160.05,48.292307692307695,930.0,941.0,920.0,932.2
2010-05-25,929.05,947.65,909.5,923.15,926.2260857860732,22288,370,20643727.0,16010.0,71.83,38.15,-5.9,1274725800.0,6.0,-1.969841775512382,6418.68,-2.7838024499884817,0.6836122259627018,0.17,-2.610626658722859,201.7949173350284,-140.61388520766735,259.85,1159.4,899.5500000000001,18096.7,198.3,-3586.1,2427.3,19.5,2010,69853.7,554.3,-13789.5,4347.3,15.86,159456.9,1602.6,-29685.9,18446.1,67.31,350595.5,107214.20000000001,-54688.5,43860.799999999996,160.05,47.34102564102564,918.85,947.0,910.0,941.7
2010-05-24,952.0,963.8,945.0,951.1,951.7619726920724,9814,231,9340592.0,7170.0,73.06,18.8,-0.9,1274639400.0,6.0,3.0276769755727795,6602.48,0.1533591106081644,0.68253963527858,0.17,-5.472610661339505,193.39354303231516,-137.5253372498509,259.85,1159.4,899.5500000000001,18096.7,198.3,-3586.1,2427.3,19.5,2010,69853.7,554.3,-13789.5,4347.3,15.86,159456.9,1602.6,-29685.9,18446.1,67.31,350595.5,107214.20000000001,-54688.5,43860.799999999996,160.05,48.774358974358975,929.05,947.65,909.5,923.15
2010-05-21,940.0,963.3,920.0,946.45,940.9040404040404,7524,283,7079362.0,3737.0,49.67,43.3,6.45,1274380200.0,6.0,-0.4889075806960297,6592.37,-0.6716940763453083,0.6837956061828736,0.17,-5.0081884938454335,193.8434887604913,-137.61126914237755,259.85,1159.4,899.5500000000001,18096.7,198.3,-3586.1,2427.3,19.5,2010,69853.7,554.3,-13789.5,4347.3,15.86,159456.9,1602.6,-29685.9,18446.1,67.31,350595.5,107214.20000000001,-54688.5,43860.799999999996,160.05,48.53589743589744,952.0,963.8,945.0,951.1
2010-05-20,959.0,959.0,940.0,950.0,950.0505474291616,79371,144,75406462.0,78250.0,98.59,19.0,-9.0,1274293800.0,6.0,0.3750858471128993,6636.95,0.3913127658415893,0.6837284690684863,0.17,-5.3631578947368475,191.8697594527607,-136.60374094616998,259.85,1159.4,899.5500000000001,18096.7,198.3,-3586.1,2427.3,19.5,2010,69853.7,554.3,-13789.5,4347.3,15.86,159456.9,1602.6,-29685.9,18446.1,67.31,350595.5,107214.20000000001,-54688.5,43860.799999999996,160.05,48.717948717948715,940.0,963.3,920.0,946.45
2010-05-19,950.0,954.95,932.15,949.05,944.3906967042136,4794,270,4527409.0,1727.0,36.02,22.8,-0.95,1274207400.0,6.0,-0.10000000000000009,6611.08,-2.717004232075493,0.6837204308468013,0.17,-5.268426321057895,193.0118830811305,-137.2883617065969,259.85,1159.4,899.5500000000001,18096.7,198.3,-3586.1,2427.3,19.5,2010,69853.7,554.3,-13789.5,4347.3,15.86,159456.9,1602.6,-29685.9,18446.1,67.31,350595.5,107214.20000000001,-54688.5,43860.799999999996,160.05,48.669230769230765,959.0,959.0,940.0,950.0
2010-05-18,930.0,958.4,930.0,951.95,949.3173996175908,5230,334,4964930.0,2159.0,41.28,28.4,21.95,1274121000.0,6.0,0.3055687266213747,6795.72,0.1551909379103655,0.6821585032122772,0.17,-5.557014549083473,185.05073781733205,-131.84498193133618,259.85,1159.4,899.5500000000001,18096.7,198.3,-3586.1,2427.3,19.5,2010,69853.7,554.3,-13789.5,4347.3,15.86,159456.9,1602.6,-29685.9,18446.1,67.31,350595.5,107214.20000000001,-54688.5,43860.799999999996,160.05,48.81794871794872,950.0,954.95,932.15,949.05
2010-05-17,925.0,950.0,908.2,945.25,928.3045146060784,10167,462,9438072.0,3368.0,33.13,41.8,20.25,1274034600.0,6.0,-0.70381847786124,6785.19,-0.4964041859264689,0.6821668842398791,0.16,-4.887595874107387,185.4931107308712,-131.4757065678703,259.85,1159.4,899.5500000000001,18096.7,198.3,-3586.1,2427.3,19.5,2010,69853.7,554.3,-13789.5,4347.3,15.86,159456.9,1602.6,-29685.9,18446.1,67.31,350595.5,107214.20000000001,-54688.5,43860.799999999996,160.05,48.47435897435897,930.0,958.4,930.0,951.95
2010-05-14,970.0,970.0,931.0,934.5,951.4029472158476,8279,522,7876665.0,3446.0,41.62,39.0,-35.5,1273775400.0,6.0,-1.1372652737371092,6819.04,-1.3601771716473254,0.682181330497191,0.16,-3.7934724451578417,184.07591097867143,-129.41747329619085,259.85,1159.4,899.5500000000001,18096.7,198.3,-3586.1,2427.3,19.5,2010,69853.7,554.3,-13789.5,4347.3,15.86,159456.9,1602.6,-29685.9,18446.1,67.31,350595.5,107214.20000000001,-54688.5,43860.799999999996,160.05,47.92307692307692,925.0,950.0,908.2,945.25
2010-05-13,967.25,978.05,954.8,962.6,962.9857108062027,12317,541,11861095.0,4710.0,38.24,23.25,-4.65,1273689000.0,6.0,3.0069555912252577,6913.07,0.6826192071305748,0.6819648886560717,0.16,-6.601911489715362,180.21197528739043,-129.55103676888635,259.85,1159.4,899.5500000000001,18096.7,198.3,-3586.1,2427.3,19.5,2010,69853.7,554.3,-13789.5,4347.3,15.86,159456.9,1602.6,-29685.9,18446.1,67.31,350595.5,107214.20000000001,-54688.5,43860.799999999996,160.05,49.364102564102566,970.0,970.0,931.0,934.5
2010-05-12,954.95,974.0,943.05,965.1,958.237695993031,9184,552,8800455.0,3316.0,36.11,30.95,10.15,1273602600.0,6.0,0.2597132765427057,6866.2,0.3657263805366906,0.6831265446546445,0.16,-6.843850378199157,182.1247560513821,-131.3088054285051,259.85,1159.4,899.5500000000001,18096.7,198.3,-3586.1,2427.3,19.5,2010,69853.7,554.3,-13789.5,4347.3,15.86,159456.9,1602.6,-29685.9,18446.1,67.31,350595.5,107214.20000000001,-54688.5,43860.799999999996,160.05,49.49230769230769,967.25,978.05,954.8,962.6
2010-05-11,950.0,958.0,935.0,951.1,950.3405141114392,103285,917,98155920.0,91652.0,88.74,23.0,1.1,1273516200.0,6.0,-1.450626878043726,6841.18,-1.1142959150192144,0.6831134709293876,0.16,-5.472610661339505,183.15656071028684,-130.64002641628394,259.85,1159.4,899.5500000000001,18096.7,198.3,-3586.1,2427.3,19.5,2010,69853.7,554.3,-13789.5,4347.3,15.86,159456.9,1602.6,-29685.9,18446.1,67.31,350595.5,107214.20000000001,-54688.5,43860.799999999996,160.05,48.774358974358975,954.95,974.0,943.05,965.1
2010-05-10,950.0,962.0,940.0,945.5,947.7705199828108,18616,604,17643696.0,9002.0,48.36,22.0,-4.5,1273429800.0,6.0,-0.5887919251393092,6918.27,3.0136035783843607,0.6831419450889467,0.16,-4.912744579587525,180.00135872118315,-127.92992018381558,259.85,1159.4,899.5500000000001,18096.7,198.3,-3586.1,2427.3,19.5,2010,69853.7,554.3,-13789.5,4347.3,15.86,159456.9,1602.6,-29685.9,18446.1,67.31,350595.5,107214.20000000001,-54688.5,43860.799999999996,160.05,48.48717948717949,950.0,958.0,935.0,951.1
2010-05-07,928.0,949.0,906.05,943.75,934.3716436355464,8901,544,8316842.0,2758.0,30.99,42.95,15.75,1273170600.0,6.0,-0.18508725542041304,6715.88,-1.8454725488333268,0.6813852022073407,0.13,-4.736423841059612,188.4394896871296,-133.17772354908553,259.85,1159.4,899.5500000000001,18096.7,198.3,-3586.1,2427.3,19.5,2010,69853.7,554.3,-13789.5,4347.3,15.86,159456.9,1602.6,-29685.9,18446.1,67.31,350595.5,107214.20000000001,-54688.5,43860.799999999996,160.05,48.3974358974359,950.0,962.0,940.0,945.5
2010-05-06,946.25,965.0,946.25,950.15,951.8649482664732,16527,704,15731472.0,3822.0,23.13,18.75,3.9,1273084200.0,6.0,0.6781456953642406,6842.15,-0.4896870482356985,0.6806553335427789,0.11,-5.378098195021841,183.1164180849587,-130.05239273710862,259.85,1159.4,899.5500000000001,18096.7,198.3,-3586.1,2427.3,19.5,2010,69853.7,554.3,-13789.5,4347.3,15.86,159456.9,1602.6,-29685.9,18446.1,67.31,350595.5,107214.20000000001,-54688.5,43860.799999999996,160.05,48.725641025641025,928.0,949.0,906.05,943.75
2010-05-05,902.0,973.0,902.0,968.7,950.0717234623188,57164,2237,54309900.0,21767.0,38.08,71.0,66.7,1272997800.0,6.0,1.952323317370941,6875.82,-0.1481262035254116,0.6806549425431118,0.15,-7.19004851863323,181.7300336541678,-130.9333958924871,259.85,1159.4,899.5500000000001,18096.7,198.3,-3586.1,2427.3,19.5,2010,69853.7,554.3,-13789.5,4347.3,15.86,159456.9,1602.6,-29685.9,18446.1,67.31,350595.5,107214.20000000001,-54688.5,43860.799999999996,160.05,49.67692307692308,946.25,965.0,946.25,950.15
2010-05-04,960.0,968.9,905.1,926.6,928.7841157451728,55363,2042,51420275.0,26079.0,47.11,63.8,-33.4,1272911400.0,6.0,-4.346030762878083,6886.02,-1.5341805239578954,0.6811667440846806,0.16,-2.973235484567238,181.312717651125,-126.5284423490755,259.85,1159.4,899.5500000000001,18096.7,198.3,-3586.1,2427.3,19.5,2010,69853.7,554.3,-13789.5,4347.3,15.86,159456.9,1602.6,-29685.9,18446.1,67.31,350595.5,107214.20000000001,-54688.5,43860.799999999996,160.05,47.51794871794872,902.0,973.0,902.0,968.7
2010-05-03,992.7,992.7,952.5,955.4,966.424159392492,25547,1310,24689238.0,9416.0,36.86,40.2,-37.3,1272825000.0,6.0,3.1081372760630277,6993.31,-0.7010115467407263,0.6833420931213638,0.17,-5.898053171446516,176.99687272550477,-126.90129849979796,259.85,1159.4,899.5500000000001,18096.7,198.3,-3586.1,2427.3,19.5,2010,69853.7,554.3,-13789.5,4347.3,15.86,159456.9,1602.6,-29685.9,18446.1,67.31,350595.5,107214.20000000001,-54688.5,43860.799999999996,160.05,48.99487179487179,960.0,968.9,905.1,926.6
2010-04-30,1020.05,1024.8,962.0,972.35,980.21096243972,58892,2625,57726584.0,24574.0,41.73,62.8,-47.7,1272565800.0,6.0,1.7741260205149656,7042.68,0.5890216869672615,0.6845663629727997,0.16,-7.538437805317022,175.05509266358828,-127.42573529182043,259.85,1159.4,899.5500000000001,18096.7,198.3,-3586.1,2427.3,19.5,2010,69853.7,554.3,-13789.5,4347.3,15.86,159456.9,1602.6,-29685.9,18446.1,67.31,350595.5,107214.20000000001,-54688.5,43860.799999999996,160.05,49.864102564102566,992.7,992.7,952.5,955.4
2010-04-29,1073.9,1082.95,1005.6,1018.6,1037.6693572018437,37539,1803,38953070.0,10584.0,28.19,77.35,-55.3,1272479400.0,6.0,4.756517714814623,7001.44,0.6842243013232885,0.6849403116002546,0.17,-11.736697427842147,176.6752268104847,-132.80224247848918,259.85,1159.4,899.5500000000001,18096.7,198.3,-3586.1,2427.3,19.5,2010,69853.7,554.3,-13789.5,4347.3,15.86,159456.9,1602.6,-29685.9,18446.1,67.31,350595.5,107214.20000000001,-54688.5,43860.799999999996,160.05,52.235897435897435,1020.05,1024.8,962.0,972.35
2010-04-28,1119.0,1119.0,1070.15,1074.4,1080.8968541468064,5245,339,5669304.0,2182.0,41.6,48.85,-44.6,1272393000.0,6.0,5.478107205968974,6953.86,-1.5583371319688455,0.6880551624486856,0.16,-16.320737155621757,178.5683059480634,-139.23549308691133,259.85,1159.4,899.5500000000001,18096.7,198.3,-3586.1,2427.3,19.5,2010,69853.7,554.3,-13789.5,4347.3,15.86,159456.9,1602.6,-29685.9,18446.1,67.31,350595.5,107214.20000000001,-54688.5,43860.799999999996,160.05,55.0974358974359,1073.9,1082.95,1005.6,1018.6
2010-04-27,1093.4,1122.0,1092.0,1094.55,1106.9743187610272,5101,296,5646676.0,1877.0,36.8,30.0,1.15,1272306600.0,6.0,1.8754653760238105,7063.94,-0.2111913025912404,0.6918172224824456,0.16,-17.861221506555204,174.22727259857817,-138.44395856079825,259.85,1159.4,899.5500000000001,18096.7,198.3,-3586.1,2427.3,19.5,2010,69853.7,554.3,-13789.5,4347.3,15.86,159456.9,1602.6,-29685.9,18446.1,67.31,350595.5,107214.20000000001,-54688.5,43860.799999999996,160.05,56.130769230769225,1119.0,1119.0,1070.15,1074.4
2010-04-26,1097.25,1109.9,1091.35,1097.8,1099.3078108941415,5838,145,6417759.0,4791.0,82.07,18.55,0.55,1272220200.0,6.0,0.296925677218951,7078.89,0.4151996845220163,0.6923085602022283,0.16,-18.104390599380583,173.64812844951678,-138.3717070184448,259.85,1159.4,899.5500000000001,18096.7,198.3,-3586.1,2427.3,19.5,2010,69853.7,554.3,-13789.5,4347.3,15.86,159456.9,1602.6,-29685.9,18446.1,67.31,350595.5,107214.20000000001,-54688.5,43860.799999999996,160.05,56.297435897435896,1093.4,1122.0,1092.0,1094.55
2010-04-23,924.8,1118.0,924.8,1094.45,1098.490812830894,3211,268,3527254.0,1346.0,41.92,193.2,169.65,1271961000.0,6.0,-0.30515576607760275,7049.62,0.4064901696035461,0.6922933478199286,0.16,-17.85371647859656,174.7843146155396,-138.90496785454897,259.85,1159.4,899.5500000000001,18096.7,198.3,-3586.1,2427.3,19.5,2010,69853.7,554.3,-13789.5,4347.3,15.86,159456.9,1602.6,-29685.9,18446.1,67.31,350595.5,107214.20000000001,-54688.5,43860.799999999996,160.05,56.12564102564103,1097.25,1109.9,1091.35,1097.8
2010-04-22,1104.0,1128.0,1104.0,1115.9,1115.075309446254,7675,392,8558203.0,2697.0,35.14,24.0,11.9,1271874600.0,6.0,1.9598885284846324,7021.08,0.2830919006007404,0.6922811527345356,0.16,-19.432744869611984,175.9012858420642,-141.2551248154057,259.85,1159.4,899.5500000000001,18096.7,198.3,-3586.1,2427.3,19.5,2010,69853.7,554.3,-13789.5,4347.3,15.86,159456.9,1602.6,-29685.9,18446.1,67.31,350595.5,107214.20000000001,-54688.5,43860.799999999996,160.05,57.22564102564103,924.8,1118.0,924.8,1094.45
2010-04-21,1129.0,1129.0,1095.0,1104.6,1119.2944434032147,224094,376,250827169.0,218882.0,97.67,34.0,-24.4,1271788200.0,6.0,-1.0126355408190846,7001.26,0.5201700495188089,0.6928251722973194,0.15,-18.608546080028965,176.6823400359364,-141.06459498147558,259.85,1159.4,899.5500000000001,18096.7,198.3,-3586.1,2427.3,19.5,2010,69853.7,554.3,-13789.5,4347.3,15.86,159456.9,1602.6,-29685.9,18446.1,67.31,350595.5,107214.20000000001,-54688.5,43860.799999999996,160.05,56.646153846153844,1104.0,1128.0,1104.0,1115.9
2010-04-20,1095.1,1114.9,1090.0,1101.15,1101.7963969116383,3497,258,3852982.0,2213.0,63.28,24.9,6.05,1271701800.0,6.0,-0.31233025529602276,6965.03,0.7844221090984815,0.6929294469205842,0.16,-18.35353948145122,178.12155870111113,-141.82834392533724,259.85,1159.4,899.5500000000001,18096.7,198.3,-3586.1,2427.3,19.5,2010,69853.7,554.3,-13789.5,4347.3,15.86,159456.9,1602.6,-29685.9,18446.1,67.31,350595.5,107214.20000000001,-54688.5,43860.799999999996,160.05,56.469230769230776,1129.0,1129.0,1095.0,1104.6
2010-04-19,1099.0,1104.9,1091.0,1099.65,1098.728780487805,3075,191,3378591.0,1471.0,47.84,13.9,0.65,1271615400.0,6.0,-0.13622122326658603,6910.82,-1.070771098342027,0.6928311216386936,0.16,-18.24216796253354,180.303205697732,-143.21098722168313,259.85,1159.4,899.5500000000001,18096.7,198.3,-3586.1,2427.3,19.5,2010,69853.7,554.3,-13789.5,4347.3,15.86,159456.9,1602.6,-29685.9,18446.1,67.31,350595.5,107214.20000000001,-54688.5,43860.799999999996,160.05,56.392307692307696,1095.1,1114.9,1090.0,1101.15
2010-04-16,1121.0,1122.9,1098.1,1103.65,1104.4498808578237,6295,306,6952512.0,3551.0,56.41,24.8,-17.35,1271356200.0,6.0,0.3637521029418389,6985.62,-0.3120946301742866,0.6925699190377953,0.16,-18.53848593304037,177.3017999833945,-141.38156800574922,259.85,1159.4,899.5500000000001,18096.7,198.3,-3586.1,2427.3,19.5,2010,69853.7,554.3,-13789.5,4347.3,15.86,159456.9,1602.6,-29685.9,18446.1,67.31,350595.5,107214.20000000001,-54688.5,43860.799999999996,160.05,56.5974358974359,1099.0,1104.9,1091.0,1099.65
2010-04-15,1142.0,1146.95,1115.0,1117.6,1126.8326124567477,4624,245,5210474.0,3371.0,72.9,31.95,-24.4,1271269800.0,6.0,1.2639876772527314,7007.49,-0.7097333646944204,0.6925607430496377,0.16,-19.555297065139587,176.4363559562697,-141.79738112829614,259.85,1159.4,899.5500000000001,18096.7,198.3,-3586.1,2427.3,19.5,2010,69853.7,554.3,-13789.5,4347.3,15.86,159456.9,1602.6,-29685.9,18446.1,67.31,350595.5,107214.20000000001,-54688.5,43860.799999999996,160.05,57.31282051282051,1121.0,1122.9,1098.1,1103.65
2010-04-13,1130.0,1145.0,1130.0,1136.35,1136.4677601809954,5304,180,6027825.0,3348.0,63.12,15.0,6.35,1271097000.0,6.0,1.6777022190407997,7057.58,-0.2170246277002685,0.6926693934792777,0.16,-20.882650591807096,174.4743949059026,-141.78489678598595,259.85,1159.4,899.5500000000001,18096.7,198.3,-3586.1,2427.3,19.5,2010,69853.7,554.3,-13789.5,4347.3,15.86,159456.9,1602.6,-29685.9,18446.1,67.31,350595.5,107214.20000000001,-54688.5,43860.799999999996,160.05,58.27435897435897,1142.0,1146.95,1115.0,1117.6
2010-04-12,1150.0,1166.0,1128.0,1135.15,1142.1253285378336,7229,325,8256424.0,4917.0,68.02,38.0,-14.85,1271010600.0,6.0,-0.10560126721519403,7072.93,-0.3791629400621166,0.6930626426362331,0.16,-20.799013346253815,173.8787178722255,-141.35696703015662,259.85,1159.4,899.5500000000001,18096.7,198.3,-3586.1,2427.3,19.5,2010,69853.7,554.3,-13789.5,4347.3,15.86,159456.9,1602.6,-29685.9,18446.1,67.31,350595.5,107214.20000000001,-54688.5,43860.799999999996,160.05,58.21282051282052,1130.0,1145.0,1130.0,1136.35
2010-04-09,1135.0,1172.2,1135.0,1158.5,1163.5546657381617,5744,372,6683458.0,2270.0,39.52,37.2,23.5,1270751400.0,6.0,2.0569968726599885,7099.85,0.9571221777622264,0.693024815562057,0.16,-22.395338800172638,172.84027127333675,-142.2270519505828,259.85,1159.4,899.5500000000001,18096.7,198.3,-3586.1,2427.3,19.5,2010,69853.7,554.3,-13789.5,4347.3,15.86,159456.9,1602.6,-29685.9,18446.1,67.31,350595.5,107214.20000000001,-54688.5,43860.799999999996,160.05,59.41025641025641,1150.0,1166.0,1128.0,1135.15
2010-04-08,1157.0,1165.0,1137.0,1159.4,1149.8030149480614,7894,379,9076545.0,5650.0,71.57,28.0,2.4,1270665000.0,6.0,0.07768666378940026,7032.54,-1.0467248164819476,0.6934703302947974,0.17,-22.455580472658276,175.45168601956053,-144.1782291712719,259.85,1159.4,899.5500000000001,18096.7,198.3,-3586.1,2427.3,19.5,2010,69853.7,554.3,-13789.5,4347.3,15.86,159456.9,1602.6,-29685.9,18446.1,67.31,350595.5,107214.20000000001,-54688.5,43860.799999999996,160.05,59.45641025641026,1135.0,1172.2,1135.0,1158.5
2010-04-07,1125.25,1162.0,1125.25,1149.55,1151.2500721084511,6934,356,7982768.0,3297.0,47.55,36.75,24.3,1270578600.0,6.0,-0.8495773676039486,7106.93,0.3081113886889364,0.6932164478366629,0.17,-21.791135661780704,172.56846486457582,-141.4705870876957,259.85,1156.3,896.4499999999999,18096.7,198.3,-3586.1,2427.3,19.5,2010,69853.7,554.3,-13789.5,4347.3,15.86,159456.9,1602.6,-29685.9,18446.1,67.31,350595.5,107214.20000000001,-54688.5,43860.799999999996,160.05,58.95128205128205,1157.0,1165.0,1137.0,1159.4
2010-04-06,1145.0,1157.0,1136.0,1145.75,1146.4238114587563,4922,281,5642698.0,2331.0,47.36,21.0,0.75,1270492200.0,6.0,-0.33056413379147775,7085.1,0.1567710534760458,0.6933077391308791,0.17,-21.531747763473707,173.4082793467982,-141.80918754832604,259.85,1156.3,896.4499999999999,18096.7,198.3,-3586.1,2427.3,19.5,2010,69853.7,554.3,-13789.5,4347.3,15.86,159456.9,1602.6,-29685.9,18446.1,67.31,350595.5,107214.20000000001,-54688.5,43860.799999999996,160.05,58.756410256410255,1125.25,1162.0,1125.25,1149.55
2010-04-05,1147.0,1166.0,1140.55,1149.0,1149.9492577859708,10307,409,11852527.0,5094.0,49.42,25.45,2.0,1270405800.0,6.0,0.2836569932358701,7074.01,1.344089487535438,0.6933213879558573,0.18,-21.753698868581385,173.8369043866209,-142.33374484603098,259.85,1156.3,896.4499999999999,18096.7,198.3,-3586.1,2427.3,19.5,2010,69853.7,554.3,-13789.5,4347.3,15.86,159456.9,1602.6,-29685.9,18446.1,67.31,350595.5,107214.20000000001,-54688.5,43860.799999999996,160.05,58.92307692307692,1145.0,1157.0,1136.0,1145.75
2010-04-01,1152.0,1152.0,1135.5,1144.2,1141.1917591125198,4417,201,5040644.0,2484.0,56.24,16.5,-7.8,1270060200.0,6.0,-0.41775456919059817,6980.19,0.8763575666047574,0.6929828243719008,0.16,-21.425450096137045,177.51751743147395,-144.4911634493885,259.85,1156.3,896.4499999999999,18096.7,198.3,-3586.1,2427.3,19.5,2010,69853.7,554.3,-13789.5,4347.3,15.86,159456.9,1602.6,-29685.9,18446.1,67.31,350595.5,107214.20000000001,-54688.5,43860.799999999996,160.05,58.67692307692308,1147.0,1166.0,1140.55,1149.0
2010-03-31,1135.0,1161.7,1134.0,1156.3,1148.9267085138365,11311,439,12995510.0,4316.0,38.16,27.7,21.3,1269973800.0,0.0,1.057507428771176,6919.55,-0.0963007239157875,0.6928651658304701,0.16,-22.247686586525994,179.94956319413836,-146.97761210362046,259.85,1156.3,896.4499999999999,19225.3,131.8,-3485.4,2285.4,18.36,2010,50541.7,496.3,-10091.0,3585.0,23.72,133509.7,1410.6,-25580.8,14042.3,61.879999999999995,317783.6,56664.9,-51349.5,38504.2,151.14999999999998,62.97930283224401,1152.0,1152.0,1135.5,1144.2
2010-03-30,1122.0,1149.0,1122.0,1141.6,1142.5333059548254,12175,476,13910343.0,6177.0,50.74,27.0,19.6,1269887400.0,0.0,-1.2712963763729213,6926.22,-0.3583590006229209,0.6930239715132199,0.16,-21.24649614576033,179.67996973818333,-145.8181385396492,259.85,1141.6,881.7499999999999,19225.3,131.8,-3485.4,2285.4,18.36,2010,50541.7,496.3,-10091.0,3585.0,23.72,133509.7,1410.6,-25580.8,14042.3,61.879999999999995,317783.6,56664.9,-51349.5,38504.2,151.14999999999998,62.17864923747276,1135.0,1161.7,1134.0,1156.3
2010-03-29,1112.0,1141.8,1106.05,1137.85,1130.819057990743,18365,784,20767492.0,9006.0,49.04,35.75,25.85,1269801000.0,0.0,-0.3284863349684697,6951.13,0.2882638523188818,0.6932239082632093,0.15,-20.986949070615633,178.67771139368705,-144.89662689623364,259.85,1141.0,881.15,19225.3,131.8,-3485.4,2285.4,18.36,2010,50541.7,496.3,-10091.0,3585.0,23.72,133509.7,1410.6,-25580.8,14042.3,61.879999999999995,317783.6,56664.9,-51349.5,38504.2,151.14999999999998,61.97440087145969,1122.0,1149.0,1122.0,1141.6
2010-03-26,1092.0,1116.0,1091.0,1114.35,1104.2925480769231,12480,424,13781571.0,6102.0,48.89,25.0,22.35,1269541800.0,0.0,-2.065298589445008,6931.15,0.5426662450281006,0.6932279015292965,0.14,-19.320680217166952,179.4810385001046,-143.78489199467924,259.85,1141.0,881.15,19225.3,131.8,-3485.4,2285.4,18.36,2010,50541.7,496.3,-10091.0,3585.0,23.72,133509.7,1410.6,-25580.8,14042.3,61.879999999999995,317783.6,56664.9,-51349.5,38504.2,151.14999999999998,60.69444444444444,1112.0,1141.8,1106.05,1137.85
2010-03-25,1090.55,1111.0,1073.0,1082.5,1087.0732426303855,8820,458,9587986.0,3845.0,43.59,38.0,-8.05,1269455400.0,0.0,-2.858168439000308,6893.74,0.4243504000955633,0.6938011059799799,0.14,-16.946882217090074,180.99768775729865,-142.56614600808575,259.85,1141.0,881.15,19225.3,131.8,-3485.4,2285.4,18.36,2010,50541.7,496.3,-10091.0,3585.0,23.72,133509.7,1410.6,-25580.8,14042.3,61.879999999999995,317783.6,56664.9,-51349.5,38504.2,151.14999999999998,58.95969498910676,1092.0,1116.0,1091.0,1114.35
2010-03-23,1124.5,1124.5,1105.0,1110.4,1111.0962110960754,7390,210,8211001.0,4540.0,61.43,19.5,-14.1,1269282600.0,0.0,2.5773672055427355,6864.61,0.2952778914148801,0.6949724319464567,0.14,-19.03368155619598,182.19010256955605,-145.69348407506226,259.85,1141.0,881.15,19225.3,131.8,-3485.4,2285.4,18.36,2010,50541.7,496.3,-10091.0,3585.0,23.72,133509.7,1410.6,-25580.8,14042.3,61.879999999999995,317783.6,56664.9,-51349.5,38504.2,151.14999999999998,60.47930283224402,1090.55,1111.0,1073.0,1082.5
2010-03-22,1080.0,1124.9,1080.0,1120.75,1119.9207268896498,7594,307,8504678.0,3515.0,46.29,44.9,40.75,1269196200.0,0.0,0.9320965417867422,6844.4,-0.9919036246360148,0.6959306596641452,0.15,-19.781396386348426,183.0233475542049,-147.19856578473673,259.85,1141.0,881.15,19225.3,131.8,-3485.4,2285.4,18.36,2010,50541.7,496.3,-10091.0,3585.0,23.72,133509.7,1410.6,-25580.8,14042.3,61.879999999999995,317783.6,56664.9,-51349.5,38504.2,151.14999999999998,61.04302832244009,1124.5,1124.5,1105.0,1110.4
2010-03-19,1100.05,1125.0,1100.05,1121.6,1120.197774707837,26783,663,30002257.0,16249.0,60.67,24.95,21.55,1268937000.0,0.0,0.07584207004236454,6912.97,0.2902961862538022,0.6958277824413184,0.16,-19.842189728958626,180.21602871124853,-145.29017690229705,259.85,1141.0,881.15,19225.3,131.8,-3485.4,2285.4,18.36,2010,50541.7,496.3,-10091.0,3585.0,23.72,133509.7,1410.6,-25580.8,14042.3,61.879999999999995,317783.6,56664.9,-51349.5,38504.2,151.14999999999998,61.08932461873638,1080.0,1124.9,1080.0,1120.75
2010-03-18,1098.0,1110.0,1091.7,1102.65,1099.995747928261,501873,205,552058166.0,498291.0,99.29,18.3,4.65,1268850600.0,0.0,-1.689550641940074,6892.96,0.2134254493856069,0.6958165066793285,0.16,-18.464607989842662,181.0294851558692,-144.4765813158882,259.85,1141.0,881.15,19225.3,131.8,-3485.4,2285.4,18.36,2010,50541.7,496.3,-10091.0,3585.0,23.72,133509.7,1410.6,-25580.8,14042.3,61.879999999999995,317783.6,56664.9,-51349.5,38504.2,151.14999999999998,60.05718954248367,1100.05,1125.0,1100.05,1121.6
2010-03-17,1119.0,1128.6,1090.5,1102.25,1112.037880961947,17423,543,19375036.0,7480.0,42.93,38.1,-16.75,1268764200.0,0.0,-0.036276243594979274,6878.28,0.5086600803393626,0.6962328609831026,0.15,-18.435019278748022,181.6292735974692,-144.93685314464923,259.85,1141.0,881.15,19225.3,131.8,-3485.4,2285.4,18.36,2010,50541.7,496.3,-10091.0,3585.0,23.72,133509.7,1410.6,-25580.8,14042.3,61.879999999999995,317783.6,56664.9,-51349.5,38504.2,151.14999999999998,60.03540305010893,1098.0,1110.0,1091.7,1102.65
2010-03-16,1112.45,1119.9,1090.3,1114.2,1105.7951120911423,5442,293,6017737.0,1963.0,36.07,29.6,1.75,1268677800.0,0.0,1.0841460648673307,6843.47,1.1369178339299069,0.6961887368709537,0.16,-19.30981870400288,183.0618092868092,-146.80399828279866,259.85,1141.0,881.15,19225.3,131.8,-3485.4,2285.4,18.36,2010,50541.7,496.3,-10091.0,3585.0,23.72,133509.7,1410.6,-25580.8,14042.3,61.879999999999995,317783.6,56664.9,-51349.5,38504.2,151.14999999999998,60.68627450980392,1119.0,1128.6,1090.5,1102.25
2010-03-15,1100.0,1120.0,1090.5,1106.75,1105.3985291194592,5031,260,5561260.0,2518.0,50.05,29.5,6.75,1268591400.0,0.0,-0.6686411775264856,6766.54,-0.331563326238582,0.6961102516583142,0.17,-18.766659137113173,186.27998947763555,-148.48973074851628,259.85,1141.0,881.15,19225.3,131.8,-3485.4,2285.4,18.36,2010,50541.7,496.3,-10091.0,3585.0,23.72,133509.7,1410.6,-25580.8,14042.3,61.879999999999995,317783.6,56664.9,-51349.5,38504.2,151.14999999999998,60.28050108932462,1112.45,1119.9,1090.3,1114.2
2010-03-12,1109.0,1114.0,1093.0,1102.45,1098.7697038355725,12358,286,13578596.0,8216.0,66.48,21.0,-6.55,1268332200.0,0.0,-0.3885249604698382,6789.05,-0.0582952181727991,0.6961462771375524,0.15,-18.449816318200384,185.33079002216803,-147.51273388952347,259.85,1141.0,881.15,19225.3,131.8,-3485.4,2285.4,18.36,2010,50541.7,496.3,-10091.0,3585.0,23.72,133509.7,1410.6,-25580.8,14042.3,61.879999999999995,317783.6,56664.9,-51349.5,38504.2,151.14999999999998,60.0462962962963,1100.0,1120.0,1090.5,1106.75
2010-03-11,1109.0,1122.4,1100.0,1111.85,1109.528847024726,11041,354,12250308.0,8000.0,72.46,22.4,2.85,1268245800.0,0.0,0.8526463785205607,6793.01,0.1298605583561762,0.6961666237049215,0.16,-19.139272383864725,185.16445581561044,-148.0931997593846,259.85,1141.0,881.15,19225.3,131.8,-3485.4,2285.4,18.36,2010,50541.7,496.3,-10091.0,3585.0,23.72,133509.7,1410.6,-25580.8,14042.3,61.879999999999995,317783.6,56664.9,-51349.5,38504.2,151.14999999999998,60.558278867102395,1109.0,1114.0,1093.0,1102.45
2010-03-10,1098.0,1113.0,1090.1,1107.35,1104.969391611034,7939,381,8772352.0,3871.0,48.76,22.9,9.35,1268159400.0,0.0,-0.40473085398210484,6784.2,0.0920630986314341,0.6962712021572087,0.15,-18.8106741319366,185.534771970166,-148.0387521732441,259.85,1141.0,881.15,19225.3,131.8,-3485.4,2285.4,18.36,2010,50541.7,496.3,-10091.0,3585.0,23.72,133509.7,1410.6,-25580.8,14042.3,61.879999999999995,317783.6,56664.9,-51349.5,38504.2,151.14999999999998,60.313180827886704,1109.0,1122.4,1100.0,1111.85
2010-03-09,1104.0,1114.35,1089.5,1091.45,1097.9582236562792,11777,374,12930654.0,6990.0,59.35,24.85,-12.55,1268073000.0,0.0,-1.4358603874113807,6777.96,-0.5712273907494514,0.6962954437354868,0.16,-17.627926153282335,185.79764412891197,-147.04657194603348,259.85,1141.0,881.15,19225.3,131.8,-3485.4,2285.4,18.36,2010,50541.7,496.3,-10091.0,3585.0,23.72,133509.7,1410.6,-25580.8,14042.3,61.879999999999995,317783.6,56664.9,-51349.5,38504.2,151.14999999999998,59.44716775599129,1098.0,1113.0,1090.1,1107.35
2010-03-08,1101.0,1122.4,1097.15,1113.8,1112.24989010989,13650,587,15182211.0,8043.0,58.92,25.25,12.8,1267986600.0,0.0,2.0477346648953176,6816.9,0.6162225190586179,0.6965201245945591,0.16,-19.280840366313523,184.16508970353092,-147.60408837264993,259.85,1141.0,881.15,19225.3,131.8,-3485.4,2285.4,18.36,2010,50541.7,496.3,-10091.0,3585.0,23.72,133509.7,1410.6,-25580.8,14042.3,61.879999999999995,317783.6,56664.9,-51349.5,38504.2,151.14999999999998,60.66448801742919,1104.0,1114.35,1089.5,1091.45
2010-03-05,1099.0,1112.0,1090.1,1095.55,1099.2686926104066,9148,590,10056110.0,4117.0,45.0,21.9,-3.45,1267727400.0,0.0,-1.638534745914888,6775.15,0.3385518098304452,0.6970677937938533,0.15,-17.936196431016384,185.9161789775872,-147.5778169724372,259.85,1141.0,881.15,19225.3,131.8,-3485.4,2285.4,18.36,2010,50541.7,496.3,-10091.0,3585.0,23.72,133509.7,1410.6,-25580.8,14042.3,61.879999999999995,317783.6,56664.9,-51349.5,38504.2,151.14999999999998,59.67047930283224,1101.0,1122.4,1097.15,1113.8
2010-03-04,1078.0,1099.0,1073.55,1092.0,1087.782236708087,9818,607,10679846.0,3409.0,34.72,25.45,14.0,1267641000.0,0.0,-0.32403815435169125,6752.29,0.1899253504345388,0.697449090305309,0.14,-17.669413919413923,186.88415337611391,-148.05395381141966,259.85,1141.0,881.15,19225.3,131.8,-3485.4,2285.4,18.36,2010,50541.7,496.3,-10091.0,3585.0,23.72,133509.7,1410.6,-25580.8,14042.3,61.879999999999995,317783.6,56664.9,-51349.5,38504.2,151.14999999999998,59.47712418300654,1099.0,1112.0,1090.1,1095.55
2010-03-03,1080.0,1088.0,1062.6,1075.7,1077.280919825979,11263,470,12133415.0,3910.0,34.72,25.4,-4.3,1267554600.0,0.0,-1.4926739926739874,6739.49,1.4250240789790425,0.6974609987520891,0.14,-16.421864832202292,187.4290191097546,-147.18865115579084,259.85,1141.0,881.15,19225.3,131.8,-3485.4,2285.4,18.36,2010,50541.7,496.3,-10091.0,3585.0,23.72,133509.7,1410.6,-25580.8,14042.3,61.879999999999995,317783.6,56664.9,-51349.5,38504.2,151.14999999999998,58.589324618736384,1078.0,1099.0,1073.55,1092.0
2010-03-02,1040.0,1085.0,1028.05,1074.3,1071.393095427557,32674,1073,35006698.0,15192.0,46.5,56.95,34.3,1267468200.0,0.0,-0.1301478107279097,6644.8,1.939438940350202,0.6973915342654087,0.14,-16.312947966117473,191.52495184204187,-149.9231931665504,259.85,1141.0,881.15,19225.3,131.8,-3485.4,2285.4,18.36,2010,50541.7,496.3,-10091.0,3585.0,23.72,133509.7,1410.6,-25580.8,14042.3,61.879999999999995,317783.6,56664.9,-51349.5,38504.2,151.14999999999998,58.51307189542484,1080.0,1088.0,1062.6,1075.7
2010-02-26,1024.5,1048.85,1024.0,1038.1,1035.2720415481635,24261,566,25116735.0,5901.0,24.32,24.85,13.6,1267122600.0,0.0,-3.369636042073909,6518.38,1.3309994465827923,0.6966330575229096,0.13,-13.394663327232436,197.17890027890363,-150.795441210052,259.85,1141.0,881.15,19225.3,131.8,-3485.4,2285.4,18.36,2010,50541.7,496.3,-10091.0,3585.0,23.72,133509.7,1410.6,-25580.8,14042.3,61.879999999999995,317783.6,56664.9,-51349.5,38504.2,151.14999999999998,56.54139433551198,1040.0,1085.0,1028.05,1074.3
2010-02-25,1022.2,1031.05,998.2,1023.5,1015.9214289720152,17831,429,18114895.0,2494.0,13.99,32.85,1.3,1267036200.0,0.0,-1.4064155669010647,6432.76,-0.1001675671394419,0.6979735997623776,0.13,-12.15925744992673,201.13434979697672,-152.5849870456187,259.85,1141.0,881.15,19225.3,131.8,-3485.4,2285.4,18.36,2010,50541.7,496.3,-10091.0,3585.0,23.72,133509.7,1410.6,-25580.8,14042.3,61.879999999999995,317783.6,56664.9,-51349.5,38504.2,151.14999999999998,55.74618736383442,1024.5,1048.85,1024.0,1038.1
2010-02-24,1023.0,1034.0,992.6,1023.3,1013.6599080832656,14796,475,14998112.0,9340.0,63.13,41.4,0.3,1266949800.0,0.0,-0.019540791402061775,6439.21,-0.1920453840907776,0.69826959518428,0.12,-12.142089318870319,200.8327108449639,-152.41367266892271,259.85,1141.0,881.15,19225.3,131.8,-3485.4,2285.4,18.36,2010,50541.7,496.3,-10091.0,3585.0,23.72,133509.7,1410.6,-25580.8,14042.3,61.879999999999995,317783.6,56664.9,-51349.5,38504.2,151.14999999999998,55.73529411764706,1022.2,1031.05,998.2,1023.5
2010-02-23,1020.0,1035.0,1018.0,1021.75,1025.5364859355889,7359,319,7546923.0,3916.0,53.21,17.0,1.75,1266863400.0,0.0,-0.15147073194565763,6451.6,-0.0054247165585552,0.6982581732404417,0.12,-12.008808416931737,200.254975509951,-151.87469081803067,259.85,1141.0,881.15,19225.3,131.8,-3485.4,2285.4,18.36,2010,50541.7,496.3,-10091.0,3585.0,23.72,133509.7,1410.6,-25580.8,14042.3,61.879999999999995,317783.6,56664.9,-51349.5,38504.2,151.14999999999998,55.65087145969499,1023.0,1034.0,992.6,1023.3
2010-02-22,1027.1,1044.0,1007.65,1033.85,1024.5056054568784,29614,1043,30339709.0,13038.0,44.03,36.35,6.75,1266777000.0,0.0,1.1842427208221151,6451.95,-0.0950745499056271,0.6982619141567219,0.11,-13.038641969337906,200.23868752857663,-152.8908824007143,259.85,1141.0,881.15,19225.3,131.8,-3485.4,2285.4,18.36,2010,50541.7,496.3,-10091.0,3585.0,23.72,133509.7,1410.6,-25580.8,14042.3,61.879999999999995,317783.6,56664.9,-51349.5,38504.2,151.14999999999998,56.3099128540305,1020.0,1035.0,1018.0,1021.75
2010-02-19,1020.0,1039.7,1011.0,1027.1,1025.1654425132715,13751,498,14097050.0,3145.0,22.87,28.7,7.1,1266517800.0,0.0,-0.6528993567732289,6458.09,-0.9973709020948408,0.6984605927879042,0.11,-12.467140492649198,199.9532369477663,-152.15976623583967,259.85,1141.0,881.15,19225.3,131.8,-3485.4,2285.4,18.36,2010,50541.7,496.3,-10091.0,3585.0,23.72,133509.7,1410.6,-25580.8,14042.3,61.879999999999995,317783.6,56664.9,-51349.5,38504.2,151.14999999999998,55.94226579520697,1027.1,1044.0,1007.65,1033.85
2010-02-18,1045.1,1045.1,1018.0,1025.6,1028.709646670056,15736,460,16187775.0,8606.0,54.69,27.1,-19.5,1266431400.0,0.0,-0.14604225489242006,6523.15,-0.5793182912777639,0.6982967515128374,0.1,-12.339118564742591,196.9615906425577,-149.90692780809061,259.85,1141.0,881.15,19225.3,131.8,-3485.4,2285.4,18.36,2010,50541.7,496.3,-10091.0,3585.0,23.72,133509.7,1410.6,-25580.8,14042.3,61.879999999999995,317783.6,56664.9,-51349.5,38504.2,151.14999999999998,55.86056644880174,1020.0,1039.7,1011.0,1027.1
2010-02-17,1058.0,1060.05,1036.1,1042.4,1045.1908880593091,38038,1147,39756971.0,11671.0,30.68,23.95,-15.6,1266345000.0,0.0,1.6380655226209129,6561.16,1.058617497608738,0.698217919953617,0.1,-13.751918649270923,195.241237829896,-150.103027824035,259.85,1141.0,881.15,19225.3,131.8,-3485.4,2285.4,18.36,2010,50541.7,496.3,-10091.0,3585.0,23.72,133509.7,1410.6,-25580.8,14042.3,61.879999999999995,317783.6,56664.9,-51349.5,38504.2,151.14999999999998,56.775599128540314,1045.1,1045.1,1018.0,1025.6
2010-02-16,997.1,1061.0,995.5,1048.2,1047.82553484317,685902,2621,718705630.0,629623.0,91.79,65.5,51.1,1266258600.0,0.0,0.5564082885648469,6492.43,1.0095619786107957,0.6983901908520473,0.1,-14.229154741461558,198.36671323371985,-152.79668243636732,259.85,1141.0,881.15,19225.3,131.8,-3485.4,2285.4,18.36,2010,50541.7,496.3,-10091.0,3585.0,23.72,133509.7,1410.6,-25580.8,14042.3,61.879999999999995,317783.6,56664.9,-51349.5,38504.2,151.14999999999998,57.09150326797386,1058.0,1060.05,1036.1,1042.4
2010-02-15,1005.0,1008.5,991.15,996.25,999.6390539871225,8076,417,8073085.0,3174.0,39.3,17.35,-8.75,1266172200.0,0.0,-4.956115245182224,6427.54,-0.5638931990922025,0.698234842838405,,-9.756587202007527,201.3789101273582,,259.85,1141.0,881.15,19225.3,131.8,-3485.4,2285.4,18.36,2010,50541.7,496.3,-10091.0,3585.0,23.72,133509.7,1410.6,-25580.8,14042.3,61.879999999999995,317783.6,56664.9,-51349.5,38504.2,151.14999999999998,54.261982570806104,997.1,1061.0,995.5,1048.2
2010-02-11,985.0,1002.0,980.0,998.65,994.0176720218252,32990,1039,32792643.0,13735.0,41.63,22.0,13.65,1265826600.0,0.0,0.24090338770388353,6463.99,1.171519171594282,0.701852786903983,0.11,-9.973464176638469,199.67945494965184,-150.1518423139605,259.85,1141.0,881.15,19225.3,131.8,-3485.4,2285.4,18.36,2010,50541.7,496.3,-10091.0,3585.0,23.72,133509.7,1410.6,-25580.8,14042.3,61.879999999999995,317783.6,56664.9,-51349.5,38504.2,151.14999999999998,54.39270152505447,1005.0,1008.5,991.15,996.25
2010-02-10,970.0,988.35,957.5,984.85,974.8638798862358,15119,704,14738967.0,4215.0,27.88,30.85,14.85,1265740200.0,0.0,-1.3818655184498985,6389.14,-0.5527149338874437,0.7015868204624985,0.11,-8.7119865969437,203.1902572177163,-151.30041855702763,259.85,1141.0,881.15,19225.3,131.8,-3485.4,2285.4,18.36,2010,50541.7,496.3,-10091.0,3585.0,23.72,133509.7,1410.6,-25580.8,14042.3,61.879999999999995,317783.6,56664.9,-51349.5,38504.2,151.14999999999998,53.641067538126364,985.0,1002.0,980.0,998.65
2010-02-09,923.05,960.0,921.1,955.05,945.7273857202048,7241,426,6848012.0,2428.0,33.53,38.9,32.0,1265653800.0,0.0,-3.025841498705395,6424.65,0.6689167591147571,0.7018073348818201,0.12,-5.863567352494636,201.51447938798225,-147.32369019168613,259.85,1141.0,881.15,19225.3,131.8,-3485.4,2285.4,18.36,2010,50541.7,496.3,-10091.0,3585.0,23.72,133509.7,1410.6,-25580.8,14042.3,61.879999999999995,317783.6,56664.9,-51349.5,38504.2,151.14999999999998,52.01797385620915,970.0,988.35,957.5,984.85
2010-02-08,934.1,941.55,917.0,927.85,925.0996766483904,7113,252,6580234.0,4078.0,57.33,24.55,-6.25,1265567400.0,0.0,-2.8480184283545262,6381.96,0.057382061050748,0.7031248781993136,0.12,-3.103949991916799,203.5313602717661,-146.24753790735903,259.85,1141.0,881.15,19225.3,131.8,-3485.4,2285.4,18.36,2010,50541.7,496.3,-10091.0,3585.0,23.72,133509.7,1410.6,-25580.8,14042.3,61.879999999999995,317783.6,56664.9,-51349.5,38504.2,151.14999999999998,50.53649237472767,923.05,960.0,921.1,955.05
2010-02-06,937.0,950.0,921.15,932.5,931.5548712206048,1786,70,1663757.0,984.0,55.1,28.85,-4.5,1265394600.0,0.0,0.5011585924449058,6378.3,1.0066938728971797,0.7043769584627019,,-3.587131367292229,203.7055328222253,,259.85,1141.0,881.15,19225.3,131.8,-3485.4,2285.4,18.36,2010,50541.7,496.3,-10091.0,3585.0,23.72,133509.7,1410.6,-25580.8,14042.3,61.879999999999995,317783.6,56664.9,-51349.5,38504.2,151.14999999999998,50.78976034858388,934.1,941.55,917.0,927.85
2010-02-05,945.0,945.0,918.0,936.3,932.063382261965,17781,648,16573019.0,8148.0,45.82,27.0,-8.7,1265308200.0,0.0,0.40750670241287423,6314.73,-2.62019171457476,0.7042093365451864,0.1,-3.9784257182526983,206.76291781279645,-149.61238195969446,259.85,1141.0,881.15,19225.3,131.8,-3485.4,2285.4,18.36,2010,50541.7,496.3,-10091.0,3585.0,23.72,133509.7,1410.6,-25580.8,14042.3,61.879999999999995,317783.6,56664.9,-51349.5,38504.2,151.14999999999998,50.99673202614379,937.0,950.0,921.15,932.5
2010-02-04,963.0,968.8,950.7,956.95,959.7376871730112,5543,273,5319826.0,1628.0,29.37,18.1,-6.05,1265221800.0,0.0,2.2054896934743162,6484.64,-1.7273308661507891,0.7027080046023522,0.09,-6.05047285647109,198.7251412568778,-145.72297661299805,259.85,1141.0,881.15,19225.3,131.8,-3485.4,2285.4,18.36,2010,50541.7,496.3,-10091.0,3585.0,23.72,133509.7,1410.6,-25580.8,14042.3,61.879999999999995,317783.6,56664.9,-51349.5,38504.2,151.14999999999998,52.12145969498911,945.0,945.0,918.0,936.3
2010-02-03,964.9,977.0,953.05,973.6,965.2092576791808,14064,559,13574703.0,5798.0,41.23,23.95,8.7,1265135400.0,0.0,1.7399028162390806,6598.62,1.9088744127431223,0.7027481220589243,0.1,-7.65714872637634,193.56516968699515,-143.7144334077233,259.85,1141.0,881.15,19225.3,131.8,-3485.4,2285.4,18.36,2010,50541.7,496.3,-10091.0,3585.0,23.72,133509.7,1410.6,-25580.8,14042.3,61.879999999999995,317783.6,56664.9,-51349.5,38504.2,151.14999999999998,53.02832244008715,963.0,968.8,950.7,956.95
2010-02-02,940.0,973.0,935.5,961.2,957.7698630136986,17155,587,16430542.0,9191.0,53.58,37.5,21.2,1265049000.0,0.0,-1.2736236647493793,6475.02,-1.3143816888829265,0.7024442584392697,0.1,-6.465875988347902,199.16896009587612,-146.40072404117217,259.85,1141.0,881.15,19225.3,131.8,-3485.4,2285.4,18.36,2010,50541.7,496.3,-10091.0,3585.0,23.72,133509.7,1410.6,-25580.8,14042.3,61.879999999999995,317783.6,56664.9,-51349.5,38504.2,151.14999999999998,52.352941176470594,964.9,977.0,953.05,973.6
2010-02-01,913.15,938.85,913.15,932.9,933.1762259194396,4568,186,4262749.0,2307.0,50.5,25.7,19.75,1264962600.0,0.0,-2.9442363712026687,6561.26,0.7889522112474845,0.7023021219187313,0.1,-3.6284703612391445,195.23673806555445,-140.7734155689777,259.85,1141.0,881.15,19225.3,131.8,-3485.4,2285.4,18.36,2010,50541.7,496.3,-10091.0,3585.0,23.72,133509.7,1410.6,-25580.8,14042.3,61.879999999999995,317783.6,56664.9,-51349.5,38504.2,151.14999999999998,50.811546840958606,940.0,973.0,935.5,961.2
2010-01-29,902.1,936.0,900.1,929.4,919.5393626607682,12207,459,11224817.0,5640.0,46.2,35.9,27.3,1264703400.0,0.0,-0.3751741880158699,6509.9,0.4991069181807361,0.7035229519425545,0.08,-3.2655476651603177,197.56601483893763,-142.28149179202086,259.85,1141.0,881.15,19225.3,131.8,-3485.4,2285.4,18.36,2010,50541.7,496.3,-10091.0,3585.0,23.72,133509.7,1410.6,-25580.8,14042.3,61.879999999999995,317783.6,56664.9,-51349.5,38504.2,151.14999999999998,50.62091503267974,913.15,938.85,913.15,932.9
2010-01-28,915.0,937.0,895.0,921.65,915.6554841114528,21462,845,19651798.0,6401.0,29.82,42.0,6.65,1264617000.0,0.0,-0.8338713148267729,6477.57,0.4152986150512072,0.70350344323138,0.08,-2.4521239082081037,199.05118740515348,-142.50903935156978,259.85,1141.0,881.15,19225.3,131.8,-3485.4,2285.4,18.36,2010,50541.7,496.3,-10091.0,3585.0,23.72,133509.7,1410.6,-25580.8,14042.3,61.879999999999995,317783.6,56664.9,-51349.5,38504.2,151.14999999999998,50.19880174291939,902.1,936.0,900.1,929.4
2010-01-27,898.5,921.2,882.0,907.45,898.6772859922178,12336,615,11086083.0,3692.0,29.93,39.2,8.95,1264530600.0,0.0,-1.5407150219714616,6450.78,-3.3753138050244824,0.7035877586407879,0.08,-0.9256708358587384,200.29314284474128,-141.87318726041818,259.85,1141.0,881.15,19225.3,131.8,-3485.4,2285.4,18.36,2010,50541.7,496.3,-10091.0,3585.0,23.72,133509.7,1410.6,-25580.8,14042.3,61.879999999999995,317783.6,56664.9,-51349.5,38504.2,151.14999999999998,49.425381263616565,915.0,937.0,895.0,921.65
2010-01-25,909.1,910.85,885.05,904.15,900.0768097255476,10858,596,9773034.0,2579.0,23.75,25.8,-4.95,1264357800.0,0.0,-0.36365639980164843,6676.12,-0.8140058327922972,0.7014375246058984,0.06,-0.5640656970635427,190.15730693876085,-133.96545011043563,259.85,1141.0,881.15,19225.3,131.8,-3485.4,2285.4,18.36,2010,50541.7,496.3,-10091.0,3585.0,23.72,133509.7,1410.6,-25580.8,14042.3,61.879999999999995,317783.6,56664.9,-51349.5,38504.2,151.14999999999998,49.24564270152506,898.5,921.2,882.0,907.45
2010-01-22,860.0,925.0,860.0,913.15,904.9061146717478,57730,1005,52240230.0,34141.0,59.14,65.0,53.15,1264098600.0,0.0,0.9954100536415433,6730.91,-1.0614247580521874,0.7013008722413974,0.06,-1.544105568636045,187.79540953600628,-133.2631120268332,259.85,1141.0,881.15,19225.3,131.8,-3485.4,2285.4,18.36,2010,50541.7,496.3,-10091.0,3585.0,23.72,133509.7,1410.6,-25580.8,14042.3,61.879999999999995,317783.6,56664.9,-51349.5,38504.2,151.14999999999998,49.735838779956424,909.1,910.85,885.05,904.15
2010-01-21,969.8,975.0,934.0,948.6,946.7723409831156,53422,1206,50578472.0,38803.0,72.63,41.0,-21.2,1264012200.0,0.0,3.8821661282374187,6803.12,-2.446606842239596,0.7011729017399895,0.06,-5.223487244360115,184.74067780665345,-134.77657399735938,259.85,1141.0,881.15,19225.3,131.8,-3485.4,2285.4,18.36,2010,50541.7,496.3,-10091.0,3585.0,23.72,133509.7,1410.6,-25580.8,14042.3,61.879999999999995,317783.6,56664.9,-51349.5,38504.2,151.14999999999998,51.66666666666667,860.0,925.0,860.0,913.15
2010-01-20,995.0,1017.0,975.0,977.75,990.4848903687882,15917,688,15765548.0,6257.0,39.31,42.0,-17.25,1263925800.0,0.0,3.072949609951503,6973.74,-0.1301764470852062,0.702069836904104,0.05,-8.04909230375863,177.7741929007964,-132.87388742753427,259.85,1141.0,881.15,19225.3,131.8,-3485.4,2285.4,18.36,2010,50541.7,496.3,-10091.0,3585.0,23.72,133509.7,1410.6,-25580.8,14042.3,61.879999999999995,317783.6,56664.9,-51349.5,38504.2,151.14999999999998,53.25435729847495,969.8,975.0,934.0,948.6
2010-01-19,1000.0,1034.8,988.0,995.45,995.707545773084,20263,720,20176022.0,7784.0,38.41,46.8,-4.55,1263839400.0,0.0,1.8102787010994659,6982.83,-0.8075651165962094,0.7034769200930786,0.06,-9.68406248430359,177.41259632555858,-134.5075207179186,259.85,1141.0,881.15,19225.3,131.8,-3485.4,2285.4,18.36,2010,50541.7,496.3,-10091.0,3585.0,23.72,133509.7,1410.6,-25580.8,14042.3,61.879999999999995,317783.6,56664.9,-51349.5,38504.2,151.14999999999998,54.21840958605665,995.0,1017.0,975.0,977.75
2010-01-18,1020.0,1025.0,992.5,1002.05,1005.3478595299983,37702,1137,37903625.0,13230.0,35.09,32.5,-17.95,1263753000.0,0.0,0.6630167261037601,7039.68,0.4912016239202676,0.7038029080546486,,-10.278928197195746,175.17230896858948,,259.85,1141.0,881.15,19225.3,131.8,-3485.4,2285.4,18.36,2010,50541.7,496.3,-10091.0,3585.0,23.72,133509.7,1410.6,-25580.8,14042.3,61.879999999999995,317783.6,56664.9,-51349.5,38504.2,151.14999999999998,54.57788671023965,1000.0,1034.8,988.0,995.45
2010-01-15,1045.9,1059.4,1015.1,1036.75,1038.4873208823055,24844,1044,25800179.0,9957.0,40.08,44.3,-9.15,1263493800.0,0.0,3.4629010528416826,7005.27,-0.013131245370157,0.7038250822572586,0.06,-13.281890523269835,176.5239598188221,-137.54165155819388,259.85,1141.0,881.15,19225.3,131.8,-3485.4,2285.4,18.36,2010,50541.7,496.3,-10091.0,3585.0,23.72,133509.7,1410.6,-25580.8,14042.3,61.879999999999995,317783.6,56664.9,-51349.5,38504.2,151.14999999999998,56.46786492374728,1020.0,1025.0,992.5,1002.05
2010-01-14,1039.9,1049.0,1028.0,1042.65,1040.7896665908345,39561,1105,41174680.0,10466.0,26.46,21.0,2.75,1263407400.0,0.0,0.5690860863274638,7006.19,0.5863309094302327,0.7056444979302281,0.05,-13.772598666858492,176.48764877915104,-138.32485475561245,259.85,1141.0,881.15,19225.3,131.8,-3485.4,2285.4,18.36,2010,50541.7,496.3,-10091.0,3585.0,23.72,133509.7,1410.6,-25580.8,14042.3,61.879999999999995,317783.6,56664.9,-51349.5,38504.2,151.14999999999998,56.78921568627452,1045.9,1059.4,1015.1,1036.75
2010-01-13,977.0,1039.4,977.0,1032.55,1017.8091586145794,36119,1284,36762249.0,15034.0,41.62,62.4,55.55,1263321000.0,0.0,-0.9686855608305844,6965.35,0.5228658184589063,0.705630725170882,0.06,-12.929155973076368,178.10878132470012,-138.62584665501632,259.85,1141.0,881.15,19225.3,131.8,-3485.4,2285.4,18.36,2010,50541.7,496.3,-10091.0,3585.0,23.72,133509.7,1410.6,-25580.8,14042.3,61.879999999999995,317783.6,56664.9,-51349.5,38504.2,151.14999999999998,56.239106753812635,1039.9,1049.0,1028.0,1042.65
2010-01-12,988.0,1005.0,973.4,982.15,989.1962305519248,23717,718,23460767.0,11885.0,50.11,31.6,-5.85,1263234600.0,0.0,-4.881119558374891,6929.12,-0.8403168933461602,0.7057318319822978,0.05,-8.46102937433183,179.56291708037963,-135.19900920995445,259.85,1141.0,881.15,19225.3,131.8,-3485.4,2285.4,18.36,2010,50541.7,496.3,-10091.0,3585.0,23.72,133509.7,1410.6,-25580.8,14042.3,61.879999999999995,317783.6,56664.9,-51349.5,38504.2,151.14999999999998,53.49400871459695,977.0,1039.4,977.0,1032.55
2010-01-11,985.0,1005.0,985.0,991.55,994.0319980318994,121945,552,121217232.0,114931.0,94.25,20.0,6.55,1263148200.0,0.0,0.957083948480375,6987.84,0.4386746620825388,0.7092688727436737,0.04,-9.328828601684236,177.2137026606219,-135.03262096760636,259.85,1141.0,881.15,19225.3,131.8,-3485.4,2285.4,18.36,2010,50541.7,496.3,-10091.0,3585.0,23.72,133509.7,1410.6,-25580.8,14042.3,61.879999999999995,317783.6,56664.9,-51349.5,38504.2,151.14999999999998,54.00599128540305,988.0,1005.0,973.4,982.15
2010-01-08,984.0,994.8,980.0,990.1,989.840541149762,248434,876,245910045.0,238133.0,95.85,14.8,6.1,1262889000.0,0.0,-0.14623569159396554,6957.32,-0.2022543470340365,0.7093725917379212,0.05,-9.196040803959205,178.42976893401485,-135.78375980629284,259.85,1141.0,881.15,19225.3,131.8,-3485.4,2285.4,18.36,2010,50541.7,496.3,-10091.0,3585.0,23.72,133509.7,1410.6,-25580.8,14042.3,61.879999999999995,317783.6,56664.9,-51349.5,38504.2,151.14999999999998,53.92701525054466,985.0,1005.0,985.0,991.55
2010-01-07,993.0,1001.25,976.0,977.85,985.1602524262562,20917,727,20606597.0,7421.0,35.48,25.25,-15.15,1262802600.0,0.0,-1.2372487627512418,6971.42,-0.3249858810577377,0.7093623196186928,0.05,-8.058495679296417,177.86663262290892,-134.244914663468,259.85,1141.0,881.15,19225.3,131.8,-3485.4,2285.4,18.36,2010,50541.7,496.3,-10091.0,3585.0,23.72,133509.7,1410.6,-25580.8,14042.3,61.879999999999995,317783.6,56664.9,-51349.5,38504.2,151.14999999999998,53.25980392156863,984.0,994.8,980.0,990.1
2010-01-06,990.0,1002.0,976.25,985.35,990.4684147221552,41570,1119,41173772.0,20796.0,50.03,25.75,-4.65,1262716200.0,0.0,0.7669888019634863,6994.15,0.2818844101862616,0.7095773817424225,0.06,-8.758309230222771,176.96360529871393,-134.34510629887913,259.85,1141.0,881.15,19225.3,131.8,-3485.4,2285.4,18.36,2010,50541.7,496.3,-10091.0,3585.0,23.72,133509.7,1410.6,-25580.8,14042.3,61.879999999999995,317783.6,56664.9,-51349.5,38504.2,151.14999999999998,53.66830065359478,993.0,1001.25,976.0,977.85
2010-01-05,974.4,989.95,970.0,985.4,983.6939260264676,85463,1480,84069434.0,52443.0,61.36,19.95,11.0,1262629800.0,0.0,0.005074339067334677,6974.49,1.0264165373868428,0.7096522683838912,0.07,-8.762938908057649,177.74432252394084,-134.91992492074337,259.85,1141.0,881.15,19225.3,131.8,-3485.4,2285.4,18.36,2010,50541.7,496.3,-10091.0,3585.0,23.72,133509.7,1410.6,-25580.8,14042.3,61.879999999999995,317783.6,56664.9,-51349.5,38504.2,151.14999999999998,53.671023965141615,990.0,1002.0,976.25,985.35
2010-01-04,915.0,975.0,915.0,964.55,947.8496419226,58088,1589,55058690.0,25314.0,43.58,60.0,49.55,1262543400.0,0.0,-2.1158920235437417,6903.63,0.8970733311410628,0.7094459367395072,0.08,-6.790731429163854,180.59513618197963,-134.9364613134481,259.85,1141.0,881.15,19225.3,131.8,-3485.4,2285.4,18.36,2010,50541.7,496.3,-10091.0,3585.0,23.72,133509.7,1410.6,-25580.8,14042.3,61.879999999999995,317783.6,56664.9,-51349.5,38504.2,151.14999999999998,52.53540305010893,974.4,989.95,970.0,985.4
2009-12-31,901.0,919.9,901.0,915.1,912.6892444354716,19813,630,18083112.0,10364.0,52.31,18.9,14.1,1262197800.0,0.0,-5.126743040796223,6842.25,0.5174062696947201,0.7100037086551804,0.06,-1.753906676865924,183.1122803171471,-131.78170457982804,259.85,1141.0,881.15,16693.0,16518.1,-2929.9,1960.3,15.75,2009,37322.0,330.1,-7071.5,4712.700000000001,37.86,107175.7,884.4000000000001,-20861.0,9060.0,53.72,283093.2,3430.7999999999997,-52639.5,32116.4,137.86,58.1015873015873,915.0,975.0,915.0,964.55
2009-12-30,905.9,911.9,896.95,900.65,902.0642660053788,28631,603,25827002.0,16042.0,56.03,14.95,-5.25,1262111400.0,0.0,-1.579062397552189,6807.03,-0.1294042562556496,0.7141256328566014,0.05,-0.17764947537889375,184.5771210057837,-132.00319654284084,259.85,1141.0,881.15,16693.0,16518.1,-2929.9,1960.3,15.75,2009,37322.0,330.1,-7071.5,4712.700000000001,37.86,107175.7,884.4000000000001,-20861.0,9060.0,53.72,283093.2,3430.7999999999997,-52639.5,32116.4,137.86,57.18412698412698,901.0,919.9,901.0,915.1
2009-12-29,902.0,922.0,895.0,898.25,907.1474135425746,27528,744,24971954.0,16769.0,60.92,27.0,-3.75,1262025000.0,0.0,-0.2664742130683351,6815.85,0.2560881614017463,0.7145300668674593,0.1,0.08906206512662163,184.20886609887245,-131.56225833939283,259.85,1141.0,881.15,16693.0,16518.1,-2929.9,1960.3,15.75,2009,37322.0,330.1,-7071.5,4712.700000000001,37.86,107175.7,884.4000000000001,-20861.0,9060.0,53.72,283093.2,3430.7999999999997,-52639.5,32116.4,137.86,57.03174603174603,905.9,911.9,896.95,900.65
2009-12-24,913.3,913.3,895.0,898.5,899.3614488031081,47874,498,43056030.0,41168.0,85.99,18.3,-14.8,1261593000.0,0.0,0.027831895352070646,6798.44,0.6408443927966134,0.7145356489001994,0.05,0.061213132999449194,184.93669135860583,-132.09691884993285,259.85,1141.0,881.15,16693.0,16518.1,-2929.9,1960.3,15.75,2009,37322.0,330.1,-7071.5,4712.700000000001,37.86,107175.7,884.4000000000001,-20861.0,9060.0,53.72,283093.2,3430.7999999999997,-52639.5,32116.4,137.86,57.04761904761905,902.0,922.0,895.0,898.25
2009-12-23,876.0,905.0,874.0,898.15,897.0886995070125,26167,713,23474120.0,14223.0,54.35,31.0,22.15,1261506600.0,0.0,-0.03895381190873737,6755.15,2.5667694082992965,0.7144592414271849,0.07,0.10020597895674666,186.7626921681976,-133.35411324753264,259.85,1141.0,881.15,16693.0,16518.1,-2929.9,1960.3,15.75,2009,37322.0,330.1,-7071.5,4712.700000000001,37.86,107175.7,884.4000000000001,-20861.0,9060.0,53.72,283093.2,3430.7999999999997,-52639.5,32116.4,137.86,57.025396825396825,913.3,913.3,895.0,898.5
2009-12-22,893.0,902.0,871.0,873.35,880.5428601665022,28348,1135,24961629.0,15942.0,56.24,31.0,-19.65,1261420200.0,0.0,-2.7612314201413968,6586.1,0.7626697265251448,0.7130610993679387,0.08,2.942691933360053,194.12322922518635,-135.50198642285625,259.85,1141.0,881.15,16693.0,16518.1,-2929.9,1960.3,15.75,2009,37322.0,330.1,-7071.5,4712.700000000001,37.86,107175.7,884.4000000000001,-20861.0,9060.0,53.72,283093.2,3430.7999999999997,-52639.5,32116.4,137.86,55.45079365079365,876.0,905.0,874.0,898.15
2009-12-21,892.0,906.9,889.0,891.7,896.0116906474818,6672,402,5978190.0,1847.0,27.68,17.9,-0.3,1261333800.0,0.0,2.101104940745402,6536.25,-0.6200367034968624,0.7141868966559629,0.08,0.8242682516541366,196.36641805316503,-139.44091951345078,259.85,1141.0,881.15,16693.0,16518.1,-2929.9,1960.3,15.75,2009,37322.0,330.1,-7071.5,4712.700000000001,37.86,107175.7,884.4000000000001,-20861.0,9060.0,53.72,283093.2,3430.7999999999997,-52639.5,32116.4,137.86,56.61587301587302,893.0,902.0,871.0,873.35
2009-12-18,903.5,909.95,893.5,899.6,899.7936162749912,14255,463,12826558.0,7330.0,51.42,16.45,-3.9,1261074600.0,0.0,0.8859481888527476,6577.03,-0.8481462441714438,0.7147590689189108,0.05,-0.06113828368163876,194.52883748439643,-139.116651088461,259.85,1141.0,881.15,16693.0,16518.1,-2929.9,1960.3,15.75,2009,37322.0,330.1,-7071.5,4712.700000000001,37.86,107175.7,884.4000000000001,-20861.0,9060.0,53.72,283093.2,3430.7999999999997,-52639.5,32116.4,137.86,57.11746031746032,892.0,906.9,889.0,891.7
2009-12-17,907.0,917.0,902.0,912.85,911.0797351209052,36847,1147,33570555.0,16387.0,44.47,15.0,5.85,1260988200.0,0.0,1.4728768341485177,6633.29,0.2439116538086594,0.7146944615883504,0.04,-1.5117489182231547,192.03080221127072,-138.76651193452275,259.85,1141.0,881.15,16693.0,16518.1,-2929.9,1960.3,15.75,2009,37322.0,330.1,-7071.5,4712.700000000001,37.86,107175.7,884.4000000000001,-20861.0,9060.0,53.72,283093.2,3430.7999999999997,-52639.5,32116.4,137.86,57.95873015873016,903.5,909.95,893.5,899.6
2009-12-16,880.0,909.9,880.0,905.8,898.5256097386937,70071,1687,62960588.0,36127.0,51.56,29.9,25.8,1260901800.0,0.0,-0.7723065125705308,6617.15,0.2029150104107424,0.71501242922833,0.04,-0.7451976153676321,192.74309937057492,-138.57030881615066,259.85,1141.0,881.15,16693.0,16518.1,-2929.9,1960.3,15.75,2009,37322.0,330.1,-7071.5,4712.700000000001,37.86,107175.7,884.4000000000001,-20861.0,9060.0,53.72,283093.2,3430.7999999999997,-52639.5,32116.4,137.86,57.511111111111106,907.0,917.0,902.0,912.85
2009-12-15,902.0,909.8,886.0,887.55,895.7299586088777,84076,1470,75309392.0,45273.0,53.85,23.8,-14.45,1260815400.0,0.0,-2.014793552660632,6603.75,-1.4246498457276102,0.7151109180667066,0.05,1.2957016506112362,193.33711906113948,-136.97602751166903,259.85,1141.0,881.15,16693.0,16518.1,-2929.9,1960.3,15.75,2009,37322.0,330.1,-7071.5,4712.700000000001,37.86,107175.7,884.4000000000001,-20861.0,9060.0,53.72,283093.2,3430.7999999999997,-52639.5,32116.4,137.86,56.35238095238095,880.0,909.9,880.0,905.8
2009-12-14,870.0,903.0,861.0,898.75,888.776950168959,84044,2580,74696370.0,32556.0,38.74,42.0,28.75,1260729000.0,0.0,1.2619007379865987,6699.19,-0.2303914122234074,0.7152978768151349,0.04,0.03337969401946417,189.15809224697315,-135.28239015756927,259.85,1141.0,881.15,16693.0,16518.1,-2929.9,1960.3,15.75,2009,37322.0,330.1,-7071.5,4712.700000000001,37.86,107175.7,884.4000000000001,-20861.0,9060.0,53.72,283093.2,3430.7999999999997,-52639.5,32116.4,137.86,57.06349206349206,902.0,909.8,886.0,887.55
2009-12-11,851.5,864.5,850.2,860.3,857.9713711793555,55259,613,47410640.0,47271.0,85.54,14.3,8.8,1260469800.0,0.0,-4.278164116828931,6714.66,-0.4738662117234837,0.7155172515112863,0.03,4.504242706032779,188.4918968346871,-130.37349573172614,259.85,1141.0,881.15,16693.0,16518.1,-2929.9,1960.3,15.75,2009,37322.0,330.1,-7071.5,4712.700000000001,37.86,107175.7,884.4000000000001,-20861.0,9060.0,53.72,283093.2,3430.7999999999997,-52639.5,32116.4,137.86,54.62222222222222,870.0,903.0,861.0,898.75
2009-12-10,847.0,855.0,841.0,851.05,850.4305782014299,7973,346,6780483.0,4246.0,53.25,14.0,4.05,1260383400.0,0.0,-1.075206323375566,6746.63,0.3553610581399802,0.7184323988817665,0.02,5.640091651489332,187.1248312120273,-128.80208107853545,259.85,1141.0,881.15,16693.0,16518.1,-2929.9,1960.3,15.75,2009,37322.0,330.1,-7071.5,4712.700000000001,37.86,107175.7,884.4000000000001,-20861.0,9060.0,53.72,283093.2,3430.7999999999997,-52639.5,32116.4,137.86,54.03492063492063,851.5,864.5,850.2,860.3
2009-12-09,812.9,855.0,812.9,852.1,846.272126605211,18767,500,15881989.0,11087.0,59.08,42.1,39.2,1260297000.0,0.0,0.12337700487634606,6722.74,-0.5869191991636269,0.7186137352173131,0.03,5.509916676446425,188.14516105040505,-129.70222185699154,259.85,1141.0,881.15,16693.0,16518.1,-2929.9,1960.3,15.75,2009,37322.0,330.1,-7071.5,4712.700000000001,37.86,107175.7,884.4000000000001,-20861.0,9060.0,53.72,283093.2,3430.7999999999997,-52639.5,32116.4,137.86,54.1015873015873,847.0,855.0,841.0,851.05
2009-12-08,845.0,848.0,805.0,845.3,840.6494377589266,10138,530,8522504.0,5325.0,52.53,43.0,0.3,1260210600.0,0.0,-0.7980284004224902,6762.43,1.4450728311906411,0.7185234605476115,0.03,6.358689222761149,186.4539817787393,-127.62131529396348,259.85,1141.0,881.15,16693.0,16518.1,-2929.9,1960.3,15.75,2009,37322.0,330.1,-7071.5,4712.700000000001,37.86,107175.7,884.4000000000001,-20861.0,9060.0,53.72,283093.2,3430.7999999999997,-52639.5,32116.4,137.86,53.669841269841264,812.9,855.0,812.9,852.1
2009-12-07,836.0,845.0,829.0,835.5,838.5756645008861,8465,402,7098543.0,3976.0,46.97,16.0,-0.5,1260124200.0,0.0,-1.159351709452261,6666.1,-0.8059211994773996,0.7182057151080274,0.04,7.60622381807301,190.59345044328765,-129.29035332385047,259.85,1141.0,881.15,16693.0,16518.1,-2929.9,1960.3,15.75,2009,37322.0,330.1,-7071.5,4712.700000000001,37.86,107175.7,884.4000000000001,-20861.0,9060.0,53.72,283093.2,3430.7999999999997,-52639.5,32116.4,137.86,53.04761904761905,845.0,848.0,805.0,845.3
2009-12-04,841.0,852.0,832.0,836.05,840.4482632731824,19174,532,16114755.0,9266.0,48.33,20.0,-4.95,1259865000.0,0.0,0.06582884500299091,6720.26,-0.3116623425556297,0.7182762779969051,0.06,7.535434483583514,188.25149622187237,-127.69805297333158,259.85,1141.0,881.15,16693.0,16518.1,-2929.9,1960.3,15.75,2009,37322.0,330.1,-7071.5,4712.700000000001,37.86,107175.7,884.4000000000001,-20861.0,9060.0,53.72,283093.2,3430.7999999999997,-52639.5,32116.4,137.86,53.08253968253968,836.0,845.0,829.0,835.5
2009-12-03,836.65,859.0,831.0,841.4,848.0120395911082,30815,1049,26131491.0,9588.0,31.11,28.0,4.75,1259778600.0,0.0,0.6399138807487548,6741.27,0.3571386037205748,0.7182467199429727,0.06,6.851675778464461,187.3531248562956,-127.73099681743952,259.85,1141.0,881.15,16693.0,16518.1,-2929.9,1960.3,15.75,2009,37322.0,330.1,-7071.5,4712.700000000001,37.86,107175.7,884.4000000000001,-20861.0,9060.0,53.72,283093.2,3430.7999999999997,-52639.5,32116.4,137.86,53.422222222222224,841.0,852.0,832.0,836.05
2009-12-02,840.1,846.4,831.25,834.6,835.6480901690669,22358,431,18683420.0,15388.0,68.83,15.15,-5.5,1259692200.0,0.0,-0.8081768481102869,6717.28,0.2010799844863964,0.7182815567908182,0.05,7.7222621615144815,188.3793737941548,-127.60125363679093,259.85,1141.0,881.15,16693.0,16518.1,-2929.9,1960.3,15.75,2009,37322.0,330.1,-7071.5,4712.700000000001,37.86,107175.7,884.4000000000001,-20861.0,9060.0,53.72,283093.2,3430.7999999999997,-52639.5,32116.4,137.86,52.990476190476194,836.65,859.0,831.0,841.4
2009-12-01,840.0,848.85,834.0,839.15,845.0685394257266,33747,669,28518528.0,21580.0,63.95,14.85,-0.85,1259605800.0,0.0,0.5451713395638658,6703.8,1.804409428730236,0.7183950178490455,0.06,7.1381755347673215,188.95924699424205,-128.62610238133243,259.85,1141.0,881.15,16693.0,16518.1,-2929.9,1960.3,15.75,2009,37322.0,330.1,-7071.5,4712.700000000001,37.86,107175.7,884.4000000000001,-20861.0,9060.0,53.72,283093.2,3430.7999999999997,-52639.5,32116.4,137.86,53.27936507936508,840.1,846.4,831.25,834.6
2009-11-30,837.9,845.0,813.2,836.5,833.665394178366,39817,1160,33194055.0,13384.0,33.61,31.8,-1.4,1259519400.0,0.0,-0.31579574569504665,6584.98,1.7639131859233048,0.7177478607023056,0.06,7.477585176329948,194.17325489219408,-131.90678825650372,259.85,1141.0,881.15,16693.0,16518.1,-2929.9,1960.3,15.75,2009,37322.0,330.1,-7071.5,4712.700000000001,37.86,107175.7,884.4000000000001,-20861.0,9060.0,53.72,283093.2,3430.7999999999997,-52639.5,32116.4,137.86,53.111111111111114,840.0,848.85,834.0,839.15
2009-11-27,824.7,835.0,795.0,817.3,811.7759945364522,17571,791,14263716.0,6176.0,35.15,40.0,-7.4,1259260200.0,0.0,-2.295277943813512,6470.84,-1.3013715345568055,0.7171122885486051,0.03,10.002447081854893,199.36221572469725,-132.97113431794702,259.85,1141.0,881.15,16693.0,16518.1,-2929.9,1960.3,15.75,2009,37322.0,330.1,-7071.5,4712.700000000001,37.86,107175.7,884.4000000000001,-20861.0,9060.0,53.72,283093.2,3430.7999999999997,-52639.5,32116.4,137.86,51.89206349206349,837.9,845.0,813.2,836.5
2009-11-26,839.0,845.0,821.05,824.95,835.3571665652485,36154,1154,30201503.0,16689.0,46.16,23.95,-14.05,1259173800.0,0.0,0.9360088094946928,6556.16,-1.6899440084212292,0.7175901179973414,,8.982362567428325,195.46640106403748,,259.85,1141.0,881.15,16693.0,16518.1,-2929.9,1960.3,15.75,2009,37322.0,330.1,-7071.5,4712.700000000001,37.86,107175.7,884.4000000000001,-20861.0,9060.0,53.72,283093.2,3430.7999999999997,-52639.5,32116.4,137.86,52.37777777777778,824.7,835.0,795.0,817.3
2009-11-25,822.0,841.7,817.2,827.9,829.3434704830053,48633,1337,40333461.0,26474.0,54.44,24.5,5.9,1259087400.0,0.0,0.35759743014727174,6668.86,0.3047258069367897,0.7170381769281334,0.05,8.594033095784503,190.473184322358,-127.996659835569,259.85,1141.0,881.15,16693.0,16518.1,-2929.9,1960.3,15.75,2009,37322.0,330.1,-7071.5,4712.700000000001,37.86,107175.7,884.4000000000001,-20861.0,9060.0,53.72,283093.2,3430.7999999999997,-52639.5,32116.4,137.86,52.56507936507936,839.0,845.0,821.05,824.95
2009-11-24,821.0,825.0,804.3,818.4,814.1870450198408,35029,952,28520158.0,14502.0,41.4,20.7,-2.6,1259001000.0,0.0,-1.1474815799009552,6648.6,-0.1461327389901012,0.7170385591070274,0.05,9.85459433040079,191.35833107721925,-127.37085573037866,259.85,1141.0,881.15,16693.0,16518.1,-2929.9,1960.3,15.75,2009,37322.0,330.1,-7071.5,4712.700000000001,37.86,107175.7,884.4000000000001,-20861.0,9060.0,53.72,283093.2,3430.7999999999997,-52639.5,32116.4,137.86,51.96190476190476,822.0,841.7,817.2,827.9
2009-11-23,792.4,822.7,780.0,817.85,810.7188922296087,36253,1495,29390992.0,14411.0,39.75,42.7,25.45,1258914600.0,0.0,-0.0672043010752632,6658.33,0.7921586436572703,0.7172615935954635,0.05,9.928470991013016,190.93256116774023,-127.03425902174389,259.85,1141.0,881.15,16693.0,16518.1,-2929.9,1960.3,15.75,2009,37322.0,330.1,-7071.5,4712.700000000001,37.86,107175.7,884.4000000000001,-20861.0,9060.0,53.72,283093.2,3430.7999999999997,-52639.5,32116.4,137.86,51.92698412698413,821.0,825.0,804.3,818.4
2009-11-20,760.0,798.0,747.0,791.0,787.4890270812438,74775,1673,58884492.0,40373.0,53.99,51.0,31.0,1258655400.0,0.0,-3.2829981047869494,6606.0,1.1124512499005146,0.7171411830950525,0.02,13.659924146649804,193.237208598244,-124.92409342181845,259.85,1141.0,881.15,16693.0,16518.1,-2929.9,1960.3,15.75,2009,37322.0,330.1,-7071.5,4712.700000000001,37.86,107175.7,884.4000000000001,-20861.0,9060.0,53.72,283093.2,3430.7999999999997,-52639.5,32116.4,137.86,50.22222222222222,792.4,822.7,780.0,817.85
2009-11-19,758.0,773.5,757.45,761.4,763.5802036919159,21994,790,16794183.0,8533.0,38.8,16.05,3.4,1258569000.0,0.0,-3.742098609355249,6533.32,-1.3458765260590866,0.7186826837700303,0.02,18.07853953244023,196.4993295904686,-123.14775236297407,259.85,1141.0,881.15,16693.0,16518.1,-2929.9,1960.3,15.75,2009,37322.0,330.1,-7071.5,4712.700000000001,37.86,107175.7,884.4000000000001,-20861.0,9060.0,53.72,283093.2,3430.7999999999997,-52639.5,32116.4,137.86,48.34285714285714,760.0,798.0,747.0,791.0
2009-11-18,755.0,772.0,749.8,757.15,758.6103206952242,39009,1005,29592630.0,21845.0,56.0,22.2,2.15,1258482600.0,0.0,-0.5581822957709481,6622.45,0.0350446290329653,0.720587198587368,0.04,18.741332628937467,192.50881471358787,-119.98923138095799,259.85,1141.0,881.15,16693.0,16518.1,-2929.9,1960.3,15.75,2009,37322.0,330.1,-7071.5,4712.700000000001,37.86,107175.7,884.4000000000001,-20861.0,9060.0,53.72,283093.2,3430.7999999999997,-52639.5,32116.4,137.86,48.07301587301587,758.0,773.5,757.45,761.4
2009-11-17,755.0,755.0,743.3,749.05,750.5244024479426,51962,808,38998749.0,38381.0,73.86,11.7,-5.95,1258396200.0,0.0,-1.0698012282903013,6620.13,0.1119053703992234,0.7206509765480343,0.06,20.02536546291971,192.61132334259293,-118.79693373953621,259.85,1141.0,881.15,16693.0,16518.1,-2929.9,1960.3,15.75,2009,37322.0,330.1,-7071.5,4712.700000000001,37.86,107175.7,884.4000000000001,-20861.0,9060.0,53.72,283093.2,3430.7999999999997,-52639.5,32116.4,137.86,47.55873015873016,755.0,772.0,749.8,757.15
2009-11-16,742.0,789.8,699.8,740.3,739.0842573047437,45005,1621,33262487.0,13244.0,29.43,90.0,-1.7,1258309800.0,0.0,-1.1681463186703156,6612.73,1.1391427369708884,0.7208610706771471,0.07,21.44400918546536,192.9387711278096,-117.65757966991309,259.85,1141.0,881.15,16693.0,16518.1,-2929.9,1960.3,15.75,2009,37322.0,330.1,-7071.5,4712.700000000001,37.86,107175.7,884.4000000000001,-20861.0,9060.0,53.72,283093.2,3430.7999999999997,-52639.5,32116.4,137.86,47.0031746031746,755.0,755.0,743.3,749.05
2009-11-13,722.0,737.4,722.0,729.4,729.23867636705,17044,662,12429144.0,6962.0,40.85,15.4,7.4,1258050600.0,0.0,-1.4723760637579297,6538.25,0.6798478619054249,0.7208439360740665,0.06,23.258842884562657,196.27576186288377,-118.24209921645019,259.85,1141.0,881.15,16693.0,16518.1,-2929.9,1960.3,15.75,2009,37322.0,330.1,-7071.5,4712.700000000001,37.86,107175.7,884.4000000000001,-20861.0,9060.0,53.72,283093.2,3430.7999999999997,-52639.5,32116.4,137.86,46.31111111111111,742.0,789.8,699.8,740.3
2009-11-12,750.0,752.0,726.0,729.5,741.0247048279623,76989,1013,57050751.0,60493.0,78.57,26.0,-20.5,1257964200.0,0.0,0.013709898546743204,6494.1,-1.054347660475674,0.721142917658055,0.07,23.241946538725156,198.28998629525265,-119.77299271637301,259.85,1141.0,881.15,16693.0,16518.1,-2929.9,1960.3,15.75,2009,37322.0,330.1,-7071.5,4712.700000000001,37.86,107175.7,884.4000000000001,-20861.0,9060.0,53.72,283093.2,3430.7999999999997,-52639.5,32116.4,137.86,46.317460317460316,722.0,737.4,722.0,729.4
2009-11-11,738.0,759.0,738.0,747.3,751.1377618192698,16710,1008,12551512.0,5817.0,34.81,21.0,9.3,1257877800.0,0.0,2.4400274160383706,6563.3,2.325168065654748,0.7208698540054528,,20.306436504750437,195.1449728033154,,259.85,1141.0,881.15,16693.0,16518.1,-2929.9,1960.3,15.75,2009,37322.0,330.1,-7071.5,4712.700000000001,37.86,107175.7,884.4000000000001,-20861.0,9060.0,53.72,283093.2,3430.7999999999997,-52639.5,32116.4,137.86,47.44761904761904,750.0,752.0,726.0,729.5
2009-11-10,748.9,758.9,720.05,736.1,749.2244946118144,25426,933,19049782.0,12306.0,48.4,38.85,-12.8,1257791400.0,0.0,-1.4987287568580143,6414.16,-0.2267940529559475,0.7206092629914597,0.07,22.13693791604401,202.00758945832345,-123.45115959379042,259.85,1141.0,881.15,16693.0,16518.1,-2929.9,1960.3,15.75,2009,37322.0,330.1,-7071.5,4712.700000000001,37.86,107175.7,884.4000000000001,-20861.0,9060.0,53.72,283093.2,3430.7999999999997,-52639.5,32116.4,137.86,46.73650793650794,738.0,759.0,738.0,747.3
2009-11-09,740.1,750.0,728.15,744.05,739.5855953022949,16689,505,12342944.0,10887.0,65.23,21.85,3.95,1257705000.0,0.0,1.080016302132858,6428.74,2.132655492890612,0.7209946120968028,0.07,20.831933337813325,201.3226542059564,-124.3401460148622,259.85,1141.0,881.15,16693.0,16518.1,-2929.9,1960.3,15.75,2009,37322.0,330.1,-7071.5,4712.700000000001,37.86,107175.7,884.4000000000001,-20861.0,9060.0,53.72,283093.2,3430.7999999999997,-52639.5,32116.4,137.86,47.24126984126984,748.9,758.9,720.05,736.1
2009-11-06,759.0,759.0,719.2,734.95,735.4669202951567,191356,768,140736008.0,180823.0,94.5,39.8,-24.05,1257445800.0,0.0,-1.2230360862845124,6294.5,1.1957968656553186,0.7201750650758931,0.06,22.328049527178706,207.7488283422035,-127.3042659397037,259.85,1141.0,881.15,16693.0,16518.1,-2929.9,1960.3,15.75,2009,37322.0,330.1,-7071.5,4712.700000000001,37.86,107175.7,884.4000000000001,-20861.0,9060.0,53.72,283093.2,3430.7999999999997,-52639.5,32116.4,137.86,46.663492063492065,740.1,750.0,728.15,744.05
2009-11-05,735.0,743.0,712.0,736.55,725.4453904604961,21846,971,15848080.0,8540.0,39.09,31.0,1.55,1257359400.0,0.0,0.21770188448193561,6220.12,1.4264656004591814,0.7201480865522271,0.04,22.06231756160477,211.42887918561055,-130.20897930233258,259.85,1141.0,881.15,16693.0,16518.1,-2929.9,1960.3,15.75,2009,37322.0,330.1,-7071.5,4712.700000000001,37.86,107175.7,884.4000000000001,-20861.0,9060.0,53.72,283093.2,3430.7999999999997,-52639.5,32116.4,137.86,46.76507936507936,759.0,759.0,719.2,734.95
2009-11-04,749.0,754.0,710.0,734.3,730.6801575689364,44425,1124,32460466.0,27164.0,61.15,44.0,-14.7,1257273000.0,0.0,-0.30547824316068395,6132.64,3.1500195110136358,0.719716908167155,0.05,22.436333923464534,215.8713050170889,-132.9439084400352,259.85,1141.0,881.15,16693.0,16518.1,-2929.9,1960.3,15.75,2009,37322.0,330.1,-7071.5,4712.700000000001,37.86,107175.7,884.4000000000001,-20861.0,9060.0,53.72,283093.2,3430.7999999999997,-52639.5,32116.4,137.86,46.62222222222222,735.0,743.0,712.0,736.55
2009-11-03,774.0,774.0,734.0,739.6,754.3868854673149,14808,527,11170961.0,7999.0,54.02,40.0,-34.4,1257186600.0,0.0,0.7217758409369557,5945.36,-3.208339370574853,0.7175510429752933,0.06,21.558950784207664,225.82131275482055,-140.4963146464852,259.85,1141.0,881.15,16693.0,16518.1,-2929.9,1960.3,15.75,2009,37322.0,330.1,-7071.5,4712.700000000001,37.86,107175.7,884.4000000000001,-20861.0,9060.0,53.72,283093.2,3430.7999999999997,-52639.5,32116.4,137.86,46.95873015873016,749.0,754.0,710.0,734.3
2009-10-30,789.0,798.5,762.0,768.75,782.890873169598,25814,1052,20209545.0,12024.0,46.58,36.5,-20.25,1256841000.0,0.0,3.941319632233631,6142.43,-0.7267996250444386,0.7152453250604661,0.05,16.949593495934945,215.36785929998388,-137.10549877040572,259.85,1141.0,881.15,16693.0,16518.1,-2929.9,1960.3,15.75,2009,37322.0,330.1,-7071.5,4712.700000000001,37.86,107175.7,884.4000000000001,-20861.0,9060.0,53.72,283093.2,3430.7999999999997,-52639.5,32116.4,137.86,48.80952380952381,774.0,774.0,734.0,739.6
2009-10-29,760.0,769.9,751.5,760.05,758.8087115443193,16415,878,12455845.0,7538.0,45.92,18.4,0.05,1256754600.0,0.0,-1.1317073170731717,6187.4,-1.6214634828870311,0.7175368871457785,0.06,18.288270508519176,213.0757668810809,-134.61839977230244,259.85,1141.0,881.15,16693.0,16518.1,-2929.9,1960.3,15.75,2009,37322.0,330.1,-7071.5,4712.700000000001,37.86,107175.7,884.4000000000001,-20861.0,9060.0,53.72,283093.2,3430.7999999999997,-52639.5,32116.4,137.86,48.25714285714285,789.0,798.5,762.0,768.75
2009-10-28,769.0,775.0,765.15,767.9,768.5193115029388,21438,755,16475517.0,10433.0,48.67,9.85,-1.1,1256668200.0,0.0,1.0328267877113273,6289.38,-0.2705171221798585,0.7171457787601516,0.07,17.079046750879012,207.99935764733567,-132.10661436621763,259.85,1141.0,881.15,16693.0,16518.1,-2929.9,1960.3,15.75,2009,37322.0,330.1,-7071.5,4712.700000000001,37.86,107175.7,884.4000000000001,-20861.0,9060.0,53.72,283093.2,3430.7999999999997,-52639.5,32116.4,137.86,48.75555555555555,760.0,769.9,751.5,760.05
2009-10-27,771.5,781.0,768.0,774.75,775.703712671509,24780,739,19221938.0,15986.0,64.51,13.0,3.25,1256581800.0,0.0,0.8920432347961915,6306.44,-2.814275103019559,0.7172742039477693,0.08,16.043885124233626,207.16616664869565,-132.57368020730462,259.85,1141.0,881.15,16693.0,16518.1,-2929.9,1960.3,15.75,2009,37322.0,330.1,-7071.5,4712.700000000001,37.86,107175.7,884.4000000000001,-20861.0,9060.0,53.72,283093.2,3430.7999999999997,-52639.5,32116.4,137.86,49.19047619047619,769.0,775.0,765.15,767.9
2009-10-26,785.0,785.0,764.0,782.8,781.0248615482687,75297,914,58808829.0,61030.0,81.05,21.0,-2.2,1256495400.0,0.0,1.039044853178428,6489.06,-0.8812005957154256,0.7155318502384639,0.08,14.850536535513537,198.52166569580183,-127.22079568420627,259.85,1141.0,881.15,16693.0,16518.1,-2929.9,1960.3,15.75,2009,37322.0,330.1,-7071.5,4712.700000000001,37.86,107175.7,884.4000000000001,-20861.0,9060.0,53.72,283093.2,3430.7999999999997,-52639.5,32116.4,137.86,49.701587301587296,771.5,781.0,768.0,774.75
2009-10-23,804.0,804.0,767.0,772.85,773.4119009501911,299203,1589,231407161.0,267614.0,89.44,37.0,-31.15,1256236200.0,0.0,-1.271078180889107,6546.75,0.3680968427378639,0.7154891602905922,0.07,16.329171249272157,195.8910909993508,-123.84869671704101,259.85,1141.0,881.15,16693.0,16518.1,-2929.9,1960.3,15.75,2009,37322.0,330.1,-7071.5,4712.700000000001,37.86,107175.7,884.4000000000001,-20861.0,9060.0,53.72,283093.2,3430.7999999999997,-52639.5,32116.4,137.86,49.06984126984127,785.0,785.0,764.0,782.8
2009-10-22,803.0,805.0,773.0,776.75,787.8509049079278,322519,1342,254096886.0,299275.0,92.79,32.0,-26.25,1256149800.0,0.0,0.5046257359125228,6522.74,-1.4894221126777518,0.7157565327578684,0.06,15.74509172835532,196.9802567632621,-125.26186848230635,259.85,1141.0,881.15,16693.0,16518.1,-2929.9,1960.3,15.75,2009,37322.0,330.1,-7071.5,4712.700000000001,37.86,107175.7,884.4000000000001,-20861.0,9060.0,53.72,283093.2,3430.7999999999997,-52639.5,32116.4,137.86,49.317460317460316,804.0,804.0,767.0,772.85
2009-10-21,826.0,826.0,802.0,805.55,813.3949427480915,20960,924,17048758.0,10382.0,49.53,24.0,-20.45,1256063400.0,0.0,3.707756678467966,6621.36,-1.112037061928184,0.7152498991747158,0.07,11.606976599838625,192.55696714874287,-126.13930724574655,259.85,1141.0,881.15,16693.0,16518.1,-2929.9,1960.3,15.75,2009,37322.0,330.1,-7071.5,4712.700000000001,37.86,107175.7,884.4000000000001,-20861.0,9060.0,53.72,283093.2,3430.7999999999997,-52639.5,32116.4,137.86,51.146031746031746,803.0,805.0,773.0,776.75
2009-10-20,840.0,844.95,745.0,824.1,829.1873695329592,39761,1044,32969319.0,18080.0,45.47,99.95,-15.9,1255977000.0,0.0,2.3027745018931345,6695.82,-0.4620255987155985,0.7171005006931886,0.08,9.094770052178136,189.30362524679572,-126.67758635527936,259.85,1141.0,881.15,16693.0,16518.1,-2929.9,1960.3,15.75,2009,37322.0,330.1,-7071.5,4712.700000000001,37.86,107175.7,884.4000000000001,-20861.0,9060.0,53.72,283093.2,3430.7999999999997,-52639.5,32116.4,137.86,52.32380952380952,826.0,826.0,802.0,805.55
2009-10-17,840.0,858.0,832.0,839.5,842.1593979900947,20797,747,17514389.0,11202.0,53.86,26.0,-0.5,1255717800.0,0.0,1.8687052542167182,6726.9,0.2427499139422417,0.7178618586578766,,7.093508040500285,187.9669684401433,,259.85,1141.0,881.15,16693.0,16518.1,-2929.9,1960.3,15.75,2009,37322.0,330.1,-7071.5,4712.700000000001,37.86,107175.7,884.4000000000001,-20861.0,9060.0,53.72,283093.2,3430.7999999999997,-52639.5,32116.4,137.86,53.301587301587304,840.0,844.95,745.0,824.1
2009-10-16,854.9,870.0,821.3,824.75,837.5031155966234,150212,3807,125803018.0,38168.0,25.41,48.7,-30.15,1255631400.0,0.0,-1.7569982132221607,6710.61,0.6737476934155495,0.7183918276229788,0.07,9.008790542588653,188.66600800821388,-126.54704033283005,259.85,1141.0,881.15,16693.0,16518.1,-2929.9,1960.3,15.75,2009,37322.0,330.1,-7071.5,4712.700000000001,37.86,107175.7,884.4000000000001,-20861.0,9060.0,53.72,283093.2,3430.7999999999997,-52639.5,32116.4,137.86,52.36507936507937,840.0,858.0,832.0,839.5
2009-10-15,819.8,852.0,817.5,844.75,836.4418798237438,110521,2725,92444393.0,55251.0,49.99,34.5,24.95,1255545000.0,0.0,2.424977265838124,6665.7,0.1618349103596816,0.718842001182722,0.07,6.427937259544247,190.610888578844,-130.610856393606,259.85,1141.0,881.15,16693.0,16518.1,-2929.9,1960.3,15.75,2009,37322.0,330.1,-7071.5,4712.700000000001,37.86,107175.7,884.4000000000001,-20861.0,9060.0,53.72,283093.2,3430.7999999999997,-52639.5,32116.4,137.86,53.63492063492063,854.9,870.0,821.3,824.75
2009-10-14,864.8,865.0,806.0,811.05,822.4964659924187,120826,3087,99378958.0,59718.0,49.42,59.0,-53.75,1255458600.0,0.0,-3.9893459603433046,6654.93,1.4627252061674143,0.7197614720610399,0.07,10.850132544232792,191.08119844987095,-126.70236883218973,259.85,1141.0,881.15,16693.0,16518.1,-2929.9,1960.3,15.75,2009,37322.0,330.1,-7071.5,4712.700000000001,37.86,107175.7,884.4000000000001,-20861.0,9060.0,53.72,283093.2,3430.7999999999997,-52639.5,32116.4,137.86,51.49523809523809,819.8,852.0,817.5,844.75
2009-10-12,875.0,885.0,841.05,847.05,859.5635655897237,77070,2100,66246564.0,31014.0,40.24,43.95,-27.95,1255285800.0,0.0,4.438690586277039,6558.99,1.9098611419701816,0.7220043410285029,,6.138952836314271,195.33891651001144,,259.85,1141.0,881.15,16693.0,16518.1,-2929.9,1960.3,15.75,2009,37322.0,330.1,-7071.5,4712.700000000001,37.86,107175.7,884.4000000000001,-20861.0,9060.0,53.72,283093.2,3430.7999999999997,-52639.5,32116.4,137.86,53.78095238095238,864.8,865.0,806.0,811.05
2009-10-09,850.0,874.0,842.0,866.7,861.4114311577187,117101,3229,100872140.0,47325.0,40.41,32.0,16.7,1255026600.0,0.0,2.3198158314149175,6436.07,-0.923177812944509,0.7243996219851734,0.07,3.732548748125053,200.9794797135519,-141.87620240960982,259.85,1141.0,881.15,16693.0,16518.1,-2929.9,1960.3,15.75,2009,37322.0,330.1,-7071.5,4712.700000000001,37.86,107175.7,884.4000000000001,-20861.0,9060.0,53.72,283093.2,3430.7999999999997,-52639.5,32116.4,137.86,55.02857142857143,875.0,885.0,841.05,847.05
2009-10-08,838.0,848.0,823.0,837.65,835.0405682483891,54624,1419,45613256.0,31610.0,57.87,25.0,-0.35,1254940200.0,0.0,-3.351794161763022,6496.04,0.4976894646705476,0.7250425987793865,0.06,7.330030442308844,198.2009039353206,-136.3905654714528,259.85,1141.0,881.15,16693.0,16518.1,-2929.9,1960.3,15.75,2009,37322.0,330.1,-7071.5,4712.700000000001,37.86,107175.7,884.4000000000001,-20861.0,9060.0,53.72,283093.2,3430.7999999999997,-52639.5,32116.4,137.86,53.18412698412698,850.0,874.0,842.0,866.7
2009-10-07,825.0,838.9,815.0,822.9,828.9443593946866,147626,2667,122373740.0,74921.0,50.75,23.9,-2.1,1254853800.0,0.0,-1.7608786486002503,6463.87,-0.1330247447655308,0.7269350802701734,0.09,9.253858305991013,199.68501841775904,-135.9287624290494,259.85,1141.0,881.15,16693.0,16518.1,-2929.9,1960.3,15.75,2009,37322.0,330.1,-7071.5,4712.700000000001,37.86,107175.7,884.4000000000001,-20861.0,9060.0,53.72,283093.2,3430.7999999999997,-52639.5,32116.4,137.86,52.24761904761905,838.0,848.0,823.0,837.65
2009-10-06,815.0,827.0,790.1,812.85,808.5664002338315,88953,2750,71924407.0,26520.0,29.81,36.9,-2.15,1254767400.0,0.0,-1.2212905577834388,6472.48,0.3306387233283914,0.7274819264163911,0.08,10.604662606877024,199.28636318690823,-134.39436623873826,259.85,1141.0,881.15,16693.0,16518.1,-2929.9,1960.3,15.75,2009,37322.0,330.1,-7071.5,4712.700000000001,37.86,107175.7,884.4000000000001,-20861.0,9060.0,53.72,283093.2,3430.7999999999997,-52639.5,32116.4,137.86,51.609523809523814,825.0,838.9,815.0,822.9
2009-10-05,870.0,886.25,801.0,804.85,831.9239622695251,421304,9235,350492893.0,178700.0,42.42,85.25,-65.15,1254681000.0,0.0,-0.9841914252322059,6451.15,-1.6036508452188736,0.7277389905255722,0.08,11.704044231844435,200.27591979724545,-134.0663323487414,259.85,1141.0,881.15,16693.0,16518.1,-2929.9,1960.3,15.75,2009,37322.0,330.1,-7071.5,4712.700000000001,37.86,107175.7,884.4000000000001,-20861.0,9060.0,53.72,283093.2,3430.7999999999997,-52639.5,32116.4,137.86,51.1015873015873,815.0,827.0,790.1,812.85
2009-10-01,810.0,872.0,810.0,848.9,852.8645130598956,336335,4991,286848186.0,204441.0,60.78,62.0,38.9,1254335400.0,0.0,5.473069516058882,6556.29,0.0540231200640839,0.727290386997353,0.1,5.907645187890198,195.4605424714282,-136.27619935016762,259.85,1141.0,881.15,16693.0,16518.1,-2929.9,1960.3,15.75,2009,37322.0,330.1,-7071.5,4712.700000000001,37.86,107175.7,884.4000000000001,-20861.0,9060.0,53.72,283093.2,3430.7999999999997,-52639.5,32116.4,137.86,53.8984126984127,870.0,886.25,801.0,804.85
2009-09-30,775.0,805.9,775.0,798.1,795.3778030446591,47493,1600,37774878.0,21718.0,45.73,30.9,23.1,1254249000.0,5.0,-5.984214866297554,6552.75,1.3336405572712318,0.7322611728712966,0.14,12.648790878336037,195.6201594750296,-130.63373997191724,259.85,1141.0,881.15,15578.3,170.2,-2860.8,2509.0,20.15,2009,35918.3,16649.899999999998,-6415.3,4245.7,34.11,86460.0,17146.199999999997,-16506.3,7830.7,57.83,253278.1,19159.499999999996,-47166.8,27908.100000000002,131.1,39.607940446650126,810.0,872.0,810.0,848.9
2009-09-29,769.0,780.4,757.1,772.5,771.3274168194919,15268,586,11776627.0,8063.0,52.81,23.3,3.5,1254162600.0,5.0,-3.20761809297081,6466.51,0.740774206413497,0.7381525532675102,0.13,16.381877022653725,199.56266981725844,-130.9598574079119,259.85,1141.0,881.15,15578.3,170.2,-2860.8,2509.0,20.15,2009,35918.3,16649.899999999998,-6415.3,4245.7,34.11,86460.0,17146.199999999997,-16506.3,7830.7,57.83,253278.1,19159.499999999996,-47166.8,27908.100000000002,131.1,38.33746898263028,775.0,805.9,775.0,798.1
2009-09-25,744.45,764.8,742.0,750.6,751.2002650452135,12828,564,9636397.0,6765.0,52.74,22.8,6.15,1253817000.0,5.0,-2.834951456310675,6418.96,-0.1258742346799901,0.7399023601833641,0.1,19.7775113242739,201.78175280730835,-129.54729358377136,259.85,1141.0,881.15,15578.3,170.2,-2860.8,2509.0,20.15,2009,35918.3,16649.899999999998,-6415.3,4245.7,34.11,86460.0,17146.199999999997,-16506.3,7830.7,57.83,253278.1,19159.499999999996,-47166.8,27908.100000000002,131.1,37.250620347394545,769.0,780.4,757.1,772.5
2009-09-24,750.0,769.55,746.6,759.65,758.2891436354352,17621,534,13361813.0,6528.0,37.05,22.95,9.65,1253730600.0,5.0,1.2057021049826755,6427.05,0.3870502181257507,0.7413703750591868,0.1,18.35055617718686,201.4018873355583,-130.98869953689817,259.85,1141.0,881.15,15578.3,170.2,-2860.8,2509.0,20.15,2009,35918.3,16649.899999999998,-6415.3,4245.7,34.11,86460.0,17146.199999999997,-16506.3,7830.7,57.83,253278.1,19159.499999999996,-47166.8,27908.100000000002,131.1,37.69975186104219,744.45,764.8,742.0,750.6
2009-09-23,779.9,785.0,761.0,767.85,775.2984532336758,9633,284,7468450.0,5304.0,55.06,24.0,-12.05,1253644200.0,5.0,1.0794444810110049,6402.27,-1.0044485815410842,0.7415676043303208,0.11,17.08667057367974,202.56846399792573,-133.15996754965852,259.85,1141.0,881.15,15578.3,170.2,-2860.8,2509.0,20.15,2009,35918.3,16649.899999999998,-6415.3,4245.7,34.11,86460.0,17146.199999999997,-16506.3,7830.7,57.83,253278.1,19159.499999999996,-47166.8,27908.100000000002,131.1,38.10669975186104,750.0,769.55,746.6,759.65
2009-09-22,785.0,791.0,776.5,783.15,785.9229292530065,17711,452,13919481.0,12146.0,68.58,14.5,-1.85,1253557800.0,5.0,1.992576675131863,6467.23,0.7876334995145395,0.7414840251675244,0.11,14.79920832535273,199.52931935310795,-133.17703128475776,259.85,1141.0,881.15,15578.3,170.2,-2860.8,2509.0,20.15,2009,35918.3,16649.899999999998,-6415.3,4245.7,34.11,86460.0,17146.199999999997,-16506.3,7830.7,57.83,253278.1,19159.499999999996,-47166.8,27908.100000000002,131.1,38.86600496277916,779.9,785.0,761.0,767.85
2009-09-18,754.0,804.95,668.6,783.25,778.6535422909021,178218,1973,138770077.0,131789.0,73.95,136.35,29.25,1253212200.0,5.0,0.012768945923524733,6416.69,0.3699335527385994,0.7420036761398678,0.08,14.784551548037017,201.88851261320087,-135.03810668727692,259.85,1141.0,881.15,15578.3,170.2,-2860.8,2509.0,20.15,2009,35918.3,16649.899999999998,-6415.3,4245.7,34.11,86460.0,17146.199999999997,-16506.3,7830.7,57.83,253278.1,19159.499999999996,-47166.8,27908.100000000002,131.1,38.87096774193549,785.0,791.0,776.5,783.15
2009-09-17,762.05,803.7,740.25,757.7,777.555590163679,64211,1816,49927622.0,20491.0,31.91,63.45,-4.35,1253125800.0,5.0,-3.2620491541653363,6393.04,0.0823447269630461,0.7419795942890067,0.1,18.65514055694866,203.00529951322065,-131.9964512549602,259.85,1141.0,881.15,15578.3,170.2,-2860.8,2509.0,20.15,2009,35918.3,16649.899999999998,-6415.3,4245.7,34.11,86460.0,17146.199999999997,-16506.3,7830.7,57.83,253278.1,19159.499999999996,-47166.8,27908.100000000002,131.1,37.6029776674938,754.0,804.95,668.6,783.25
2009-09-16,735.1,769.9,735.1,755.8,740.2933094475655,591147,598,437622169.0,583915.0,98.78,34.8,20.7,1253039400.0,5.0,-0.2507588755444212,6387.78,1.259285327043247,0.7439311488236194,0.1,18.953426832495367,203.25480839978837,-132.27976316940146,259.85,1141.0,881.15,15578.3,170.2,-2860.8,2509.0,20.15,2009,35918.3,16649.899999999998,-6415.3,4245.7,34.11,86460.0,17146.199999999997,-16506.3,7830.7,57.83,253278.1,19159.499999999996,-47166.8,27908.100000000002,131.1,37.50868486352358,762.05,803.7,740.25,757.7
2009-09-15,738.85,741.95,725.1,729.65,735.820485175202,9275,243,6824735.0,6906.0,74.46,16.85,-9.2,1252953000.0,5.0,-3.4599100291082263,6308.34,1.6980465935086286,0.743600745085909,0.13,23.216610703762086,207.07365170552,-130.79684289526142,259.85,1141.0,881.15,15578.3,170.2,-2860.8,2509.0,20.15,2009,35918.3,16649.899999999998,-6415.3,4245.7,34.11,86460.0,17146.199999999997,-16506.3,7830.7,57.83,253278.1,19159.499999999996,-47166.8,27908.100000000002,131.1,36.21091811414392,735.1,769.9,735.1,755.8
2009-09-14,733.9,734.0,715.0,730.15,724.8267441860464,7740,296,5610159.0,5261.0,67.97,19.0,-3.75,1252866600.0,5.0,0.06852600561912947,6203.01,-0.0502728753667747,0.7451606815648053,0.14,23.13223310278709,212.2879053878681,-135.09204466858253,259.85,1141.0,881.15,15578.3,170.2,-2860.8,2509.0,20.15,2009,35918.3,16649.899999999998,-6415.3,4245.7,34.11,86460.0,17146.199999999997,-16506.3,7830.7,57.83,253278.1,19159.499999999996,-47166.8,27908.100000000002,131.1,36.23573200992556,738.85,741.95,725.1,729.65
2009-09-11,750.0,753.95,725.0,738.4,738.2845334062029,14638,355,10807009.0,11709.0,79.99,28.95,-11.6,1252607400.0,5.0,1.1299048140793078,6206.13,0.0590087497400304,0.745158701341924,0.14,21.75650054171181,212.130909278407,-136.35037011247957,259.85,1141.0,881.15,15578.3,170.2,-2860.8,2509.0,20.15,2009,35918.3,16649.899999999998,-6415.3,4245.7,34.11,86460.0,17146.199999999997,-16506.3,7830.7,57.83,253278.1,19159.499999999996,-47166.8,27908.100000000002,131.1,36.645161290322584,733.9,734.0,715.0,730.15
2009-09-10,769.0,769.0,741.5,745.2,746.9527390695274,13563,351,10130920.0,10661.0,78.6,27.5,-23.8,1252521000.0,5.0,0.9209100758396538,6202.47,0.0148350009271824,0.7453541075658311,0.14,20.645464304884587,212.31509382552431,-137.64011340113555,259.85,1141.0,881.15,15578.3,170.2,-2860.8,2509.0,20.15,2009,35918.3,16649.899999999998,-6415.3,4245.7,34.11,86460.0,17146.199999999997,-16506.3,7830.7,57.83,253278.1,19159.499999999996,-47166.8,27908.100000000002,131.1,36.98263027295286,750.0,753.95,725.0,738.4
2009-09-09,767.0,767.0,750.35,758.1,758.4134840218238,2566,178,1946089.0,1542.0,60.09,16.65,-8.9,1252434600.0,5.0,1.7310789049919562,6201.55,0.1058920191961743,0.7454799673681572,0.14,18.592533966495182,212.36142577258912,-139.75428759327835,259.85,1141.0,881.15,15578.3,170.2,-2860.8,2509.0,20.15,2009,35918.3,16649.899999999998,-6415.3,4245.7,34.11,86460.0,17146.199999999997,-16506.3,7830.7,57.83,253278.1,19159.499999999996,-47166.8,27908.100000000002,131.1,37.62282878411911,769.0,769.0,741.5,745.2
2009-09-08,766.0,777.0,752.0,758.3,764.3109012670332,8366,403,6394225.0,4050.0,48.41,25.0,-7.7,1252348200.0,5.0,0.026381743833248095,6194.99,0.2125577294822545,0.7459653121409057,0.14,18.561255439799563,212.69219159352963,-140.13530650850134,259.85,1141.0,881.15,15578.3,170.2,-2860.8,2509.0,20.15,2009,35918.3,16649.899999999998,-6415.3,4245.7,34.11,86460.0,17146.199999999997,-16506.3,7830.7,57.83,253278.1,19159.499999999996,-47166.8,27908.100000000002,131.1,37.63275434243176,767.0,767.0,750.35,758.1
2009-09-07,756.0,766.45,747.0,759.1,759.9868358248849,104754,315,79611661.0,102888.0,98.22,19.45,3.1,1252261800.0,5.0,0.10549914281947625,6181.85,2.2635160843140323,0.7459587388107582,,18.43630615202212,213.3568430162492,,259.85,1141.0,881.15,15578.3,170.2,-2860.8,2509.0,20.15,2009,35918.3,16649.899999999998,-6415.3,4245.7,34.11,86460.0,17146.199999999997,-16506.3,7830.7,57.83,253278.1,19159.499999999996,-47166.8,27908.100000000002,131.1,37.67245657568239,766.0,777.0,752.0,758.3
2009-09-04,742.0,755.0,739.15,749.9,745.4868951612902,2976,158,2218569.0,1806.0,60.69,15.85,7.9,1252002600.0,5.0,-1.211961533394812,6045.02,1.5438989032623418,0.7447816357662207,0.14,19.889318575810112,220.44972555922064,-144.3333192013934,259.85,1141.0,881.15,15578.3,170.2,-2860.8,2509.0,20.15,2009,35918.3,16649.899999999998,-6415.3,4245.7,34.11,86460.0,17146.199999999997,-16506.3,7830.7,57.83,253278.1,19159.499999999996,-47166.8,27908.100000000002,131.1,37.21588089330025,756.0,766.45,747.0,759.1
2009-09-03,749.95,756.9,739.0,740.05,742.1618852459017,1952,150,1448700.0,1117.0,57.22,17.9,-9.9,1251916200.0,5.0,-1.3135084677957098,5953.11,-0.1561446526745946,0.744533605596691,0.15,21.48503479494628,225.39714535763665,-146.3690344885369,259.85,1141.0,881.15,15578.3,170.2,-2860.8,2509.0,20.15,2009,35918.3,16649.899999999998,-6415.3,4245.7,34.11,86460.0,17146.199999999997,-16506.3,7830.7,57.83,253278.1,19159.499999999996,-47166.8,27908.100000000002,131.1,36.727047146401986,742.0,755.0,739.15,749.9
2009-09-02,715.15,750.0,685.0,737.15,739.4470314318974,2577,240,1905555.0,772.0,29.96,65.0,22.0,1251829800.0,5.0,-0.39186541449901524,5962.42,-0.3637919250558452,0.7448680226040254,0.14,21.962965475140738,224.8890551152049,-145.58541879064506,259.85,1141.0,881.15,15578.3,170.2,-2860.8,2509.0,20.15,2009,35918.3,16649.899999999998,-6415.3,4245.7,34.11,86460.0,17146.199999999997,-16506.3,7830.7,57.83,253278.1,19159.499999999996,-47166.8,27908.100000000002,131.1,36.583126550868485,749.95,756.9,739.0,740.05
2009-09-01,765.0,770.0,744.0,750.7,753.9650482666793,21029,475,15855131.0,12519.0,59.53,26.0,-14.3,1251743400.0,5.0,1.8381604829410758,5984.19,-0.9995682103560056,0.7448695763206502,0.14,19.76155588117756,223.70713496730556,-146.90680122114094,259.85,1141.0,881.15,15578.3,170.2,-2860.8,2509.0,20.15,2009,35918.3,16649.899999999998,-6415.3,4245.7,34.11,86460.0,17146.199999999997,-16506.3,7830.7,57.83,253278.1,19159.499999999996,-47166.8,27908.100000000002,131.1,37.255583126550874,715.15,750.0,685.0,737.15
2009-08-31,755.0,768.0,751.05,760.6,760.5401472650772,5704,353,4338121.0,1626.0,28.51,16.95,5.6,1251657000.0,5.0,1.318769148794452,6044.61,-0.8213734295704378,0.7451638769321307,0.15,18.202734683144882,220.47146135151812,-146.12285962890496,259.85,1141.0,881.15,15578.3,170.2,-2860.8,2509.0,20.15,2009,35918.3,16649.899999999998,-6415.3,4245.7,34.11,86460.0,17146.199999999997,-16506.3,7830.7,57.83,253278.1,19159.499999999996,-47166.8,27908.100000000002,131.1,37.7468982630273,765.0,770.0,744.0,750.7
2009-08-28,747.95,765.0,741.0,756.85,754.845024187975,11576,515,8738086.0,4695.0,40.56,24.0,8.9,1251397800.0,5.0,-0.4930318169865888,6094.67,0.8597121825932641,0.74526257969889,0.15,18.788399286516476,217.8391939186207,-143.5972109458467,259.85,1141.0,881.15,15578.3,170.2,-2860.8,2509.0,20.15,2009,35918.3,16649.899999999998,-6415.3,4245.7,34.11,86460.0,17146.199999999997,-16506.3,7830.7,57.83,253278.1,19159.499999999996,-47166.8,27908.100000000002,131.1,37.560794044665016,755.0,768.0,751.05,760.6
2009-08-27,710.1,751.6,710.1,736.0,747.7922944686015,9889,288,7394918.0,8099.0,81.9,41.5,25.9,1251311400.0,5.0,-2.754839135892184,6042.72,0.1891794651576406,0.7451588300415165,0.15,22.153532608695635,220.5716961897953,-142.24564063985883,259.85,1141.0,881.15,15578.3,170.2,-2860.8,2509.0,20.15,2009,35918.3,16649.899999999998,-6415.3,4245.7,34.11,86460.0,17146.199999999997,-16506.3,7830.7,57.83,253278.1,19159.499999999996,-47166.8,27908.100000000002,131.1,36.52605459057072,747.95,765.0,741.0,756.85
2009-08-26,750.0,767.5,721.15,750.6,752.4903313049356,7395,439,5564666.0,3184.0,43.06,46.35,0.6,1251225000.0,5.0,1.9836956521739113,6031.31,0.7239527318151806,0.746581558869,0.15,19.7775113242739,221.178152010094,-145.3880309573564,259.85,1141.0,881.15,15578.3,170.2,-2860.8,2509.0,20.15,2009,35918.3,16649.899999999998,-6415.3,4245.7,34.11,86460.0,17146.199999999997,-16506.3,7830.7,57.83,253278.1,19159.499999999996,-47166.8,27908.100000000002,131.1,37.250620347394545,710.1,751.6,710.1,736.0
2009-08-25,725.0,742.0,723.05,740.5,736.0077609623593,2577,176,1896692.0,1697.0,65.85,18.95,15.5,1251138600.0,5.0,-1.3455901945110593,5987.96,0.4089832097216916,0.7471162653854531,0.17,21.411208642808898,223.5033300155646,-145.61475481451663,259.85,1141.0,881.15,15578.3,170.2,-2860.8,2509.0,20.15,2009,35918.3,16649.899999999998,-6415.3,4245.7,34.11,86460.0,17146.199999999997,-16506.3,7830.7,57.83,253278.1,19159.499999999996,-47166.8,27908.100000000002,131.1,36.74937965260546,750.0,767.5,721.15,750.6
2009-08-24,715.05,735.0,715.0,729.75,725.3848290227389,5761,284,4178942.0,2666.0,46.28,20.0,14.7,1251052200.0,5.0,-1.4517218095881135,5963.57,2.4224906054423068,0.7474451389475701,0.17,23.199725933538872,224.8264043182188,-144.88861140755367,259.85,1141.0,881.15,15578.3,170.2,-2860.8,2509.0,20.15,2009,35918.3,16649.899999999998,-6415.3,4245.7,34.11,86460.0,17146.199999999997,-16506.3,7830.7,57.83,253278.1,19159.499999999996,-47166.8,27908.100000000002,131.1,36.21588089330025,725.0,742.0,723.05,740.5
2009-08-21,708.0,714.0,705.1,710.55,708.7466339727532,112967,322,80064981.0,109079.0,96.56,8.9,2.55,1250793000.0,5.0,-2.6310380267214883,5822.52,1.5073064089287769,0.7464983344001255,0.17,26.528745338118355,232.69529344682368,-147.22099892583594,259.85,1141.0,881.15,15578.3,170.2,-2860.8,2509.0,20.15,2009,35918.3,16649.899999999998,-6415.3,4245.7,34.11,86460.0,17146.199999999997,-16506.3,7830.7,57.83,253278.1,19159.499999999996,-47166.8,27908.100000000002,131.1,35.26302729528536,715.05,735.0,715.0,729.75
2009-08-20,705.0,720.0,705.0,711.5,714.9973251028807,4860,282,3474887.0,2158.0,44.4,15.0,6.5,1250706600.0,5.0,0.13369924706214675,5736.06,1.227744159082622,0.7472947577783824,0.17,26.35980323260716,237.71003092715208,-151.3226166417684,259.85,1141.0,881.15,15578.3,170.2,-2860.8,2509.0,20.15,2009,35918.3,16649.899999999998,-6415.3,4245.7,34.11,86460.0,17146.199999999997,-16506.3,7830.7,57.83,253278.1,19159.499999999996,-47166.8,27908.100000000002,131.1,35.31017369727047,708.0,714.0,705.1,710.55
2009-08-19,703.45,728.0,700.1,702.75,709.2969164456232,6032,373,4278479.0,2902.0,48.11,27.9,-0.7,1250620200.0,5.0,-1.2297962052002842,5666.49,-1.467598928165914,0.7469488644049989,0.17,27.933119886161496,241.8562461064963,-152.76414718539297,259.85,1141.0,881.15,15578.3,170.2,-2860.8,2509.0,20.15,2009,35918.3,16649.899999999998,-6415.3,4245.7,34.11,86460.0,17146.199999999997,-16506.3,7830.7,57.83,253278.1,19159.499999999996,-47166.8,27908.100000000002,131.1,34.87593052109182,705.0,720.0,705.0,711.5
2009-08-18,721.0,730.95,708.1,714.0,716.7638219449957,7054,450,5056052.0,2363.0,33.5,22.85,-7.0,1250533800.0,5.0,1.6008537886873064,5750.89,1.703760688295275,0.7467252929819077,0.18,25.917366946778706,236.8391675027691,-150.9820192435809,259.85,1141.0,881.15,15578.3,170.2,-2860.8,2509.0,20.15,2009,35918.3,16649.899999999998,-6415.3,4245.7,34.11,86460.0,17146.199999999997,-16506.3,7830.7,57.83,253278.1,19159.499999999996,-47166.8,27908.100000000002,131.1,35.43424317617866,703.45,728.0,700.1,702.75
2009-08-17,740.0,750.0,713.5,719.75,723.0293102404165,16513,385,11939383.0,9818.0,59.46,36.5,-20.25,1250447400.0,5.0,0.8053221288515378,5654.55,-3.9609291139584446,0.7464594094150799,0.18,24.911427579020497,242.57810082146236,-156.20891560350532,259.85,1141.0,881.15,15578.3,170.2,-2860.8,2509.0,20.15,2009,35918.3,16649.899999999998,-6415.3,4245.7,34.11,86460.0,17146.199999999997,-16506.3,7830.7,57.83,253278.1,19159.499999999996,-47166.8,27908.100000000002,131.1,35.7196029776675,721.0,730.95,708.1,714.0
2009-08-14,742.25,766.0,742.25,744.95,749.8115854120858,13189,334,9889265.0,9279.0,70.35,23.75,2.7,1250188200.0,5.0,3.50121569989581,5887.76,-0.4524458451404367,0.742731993018978,0.18,20.6859520773206,229.00882508797912,-149.45253724046523,259.85,1141.0,881.15,15578.3,170.2,-2860.8,2509.0,20.15,2009,35918.3,16649.899999999998,-6415.3,4245.7,34.11,86460.0,17146.199999999997,-16506.3,7830.7,57.83,253278.1,19159.499999999996,-47166.8,27908.100000000002,131.1,36.97022332506204,740.0,750.0,713.5,719.75
2009-08-13,750.0,759.9,725.65,752.15,744.0419825548217,12267,557,9127163.0,5191.0,42.32,34.25,2.15,1250101800.0,5.0,0.9665078193167309,5914.52,3.3849746629446287,0.7447645007764683,0.17,19.530678720999806,227.5202383287232,-149.9617080293028,259.85,1141.0,881.15,15578.3,170.2,-2860.8,2509.0,20.15,2009,35918.3,16649.899999999998,-6415.3,4245.7,34.11,86460.0,17146.199999999997,-16506.3,7830.7,57.83,253278.1,19159.499999999996,-47166.8,27908.100000000002,131.1,37.32754342431762,742.25,766.0,742.25,744.95
2009-08-12,705.0,727.0,705.0,718.5,714.8762905270784,33126,570,23680992.0,22394.0,67.6,22.0,13.5,1250015400.0,5.0,-4.473841653925414,5720.87,-0.1501011437358146,0.742196147006771,0.17,25.12874043145441,238.60671541216635,-152.0080710524054,259.85,1141.0,881.15,15578.3,170.2,-2860.8,2509.0,20.15,2009,35918.3,16649.899999999998,-6415.3,4245.7,34.11,86460.0,17146.199999999997,-16506.3,7830.7,57.83,253278.1,19159.499999999996,-47166.8,27908.100000000002,131.1,35.6575682382134,750.0,759.9,725.65,752.15
2009-08-11,720.05,729.0,713.0,718.55,720.2916034395547,31632,702,22784264.0,16030.0,50.68,16.0,-1.5,1249929000.0,5.0,0.006958942240764543,5729.47,0.7653954044618771,0.7459159178430504,0.18,25.12003340059843,238.0984628595664,-152.52713519510277,259.85,1141.0,881.15,15578.3,170.2,-2860.8,2509.0,20.15,2009,35918.3,16649.899999999998,-6415.3,4245.7,34.11,86460.0,17146.199999999997,-16506.3,7830.7,57.83,253278.1,19159.499999999996,-47166.8,27908.100000000002,131.1,35.660049627791565,705.0,727.0,705.0,718.5
2009-08-10,775.0,778.0,714.0,718.85,736.0642895732035,9255,449,6812275.0,5096.0,55.06,64.0,-56.15,1249842600.0,5.0,0.041750748034252716,5685.95,-1.2711923266587544,0.7457848765964287,0.19,25.067816651596296,240.68625295684976,-154.4806516817314,259.85,1141.0,881.15,15578.3,170.2,-2860.8,2509.0,20.15,2009,35918.3,16649.899999999998,-6415.3,4245.7,34.11,86460.0,17146.199999999997,-16506.3,7830.7,57.83,253278.1,19159.499999999996,-47166.8,27908.100000000002,131.1,35.67493796526055,720.05,729.0,713.0,718.55
2009-08-07,789.8,789.8,761.4,768.95,769.6366325369738,52740,427,40590636.0,47091.0,89.29,28.4,-20.85,1249583400.0,5.0,6.969465117896645,5759.16,-2.2862581885369826,0.7453775991003473,0.19,16.919175499057147,236.3554754512811,-159.30327958321078,259.85,1141.0,881.15,15578.3,170.2,-2860.8,2509.0,20.15,2009,35918.3,16649.899999999998,-6415.3,4245.7,34.11,86460.0,17146.199999999997,-16506.3,7830.7,57.83,253278.1,19159.499999999996,-47166.8,27908.100000000002,131.1,38.16129032258065,775.0,778.0,714.0,718.85
2009-08-06,800.0,810.0,787.0,792.45,793.8287854813185,30967,490,24582496.0,22297.0,72.0,23.0,-7.55,1249497000.0,5.0,3.0561154821509895,5893.91,-2.276977868564345,0.7527235887058018,0.17,13.451952804593347,228.6655208511837,-158.71201565371098,259.85,1141.0,881.15,15578.3,170.2,-2860.8,2509.0,20.15,2009,35918.3,16649.899999999998,-6415.3,4245.7,34.11,86460.0,17146.199999999997,-16506.3,7830.7,57.83,253278.1,19159.499999999996,-47166.8,27908.100000000002,131.1,39.327543424317625,789.8,789.8,761.4,768.95
2009-08-05,820.0,850.4,793.1,797.45,806.8627613330573,9662,396,7795908.0,2936.0,30.39,57.3,-22.55,1249410600.0,5.0,0.63095463436178,6031.24,0.3447289086468297,0.7530587085578696,0.18,12.740610696595379,221.1818796798005,-153.86677940393685,259.85,1141.0,881.15,15578.3,170.2,-2860.8,2509.0,20.15,2009,35918.3,16649.899999999998,-6415.3,4245.7,34.11,86460.0,17146.199999999997,-16506.3,7830.7,57.83,253278.1,19159.499999999996,-47166.8,27908.100000000002,131.1,39.575682382134,800.0,810.0,787.0,792.45
2009-08-04,805.0,810.0,790.05,802.8,802.683734674076,22674,420,18200051.0,16110.0,71.05,19.95,-2.2,1249324200.0,5.0,0.670888456956531,6010.52,-0.4561067627681714,0.7530943895344656,0.18,11.989287493771794,222.28908646839204,-155.45981939019975,259.85,1141.0,881.15,15578.3,170.2,-2860.8,2509.0,20.15,2009,35918.3,16649.899999999998,-6415.3,4245.7,34.11,86460.0,17146.199999999997,-16506.3,7830.7,57.83,253278.1,19159.499999999996,-47166.8,27908.100000000002,131.1,39.84119106699752,820.0,850.4,793.1,797.45
2009-08-03,818.9,818.9,795.0,800.6,803.6524036995628,19678,506,15814272.0,12333.0,62.67,23.9,-18.3,1249237800.0,5.0,-0.2740408570004904,6038.06,1.6443392510243404,0.753102429594377,0.19,12.297027229577818,220.81910414934595,-154.04928714452547,259.85,1141.0,881.15,15578.3,170.2,-2860.8,2509.0,20.15,2009,35918.3,16649.899999999998,-6415.3,4245.7,34.11,86460.0,17146.199999999997,-16506.3,7830.7,57.83,253278.1,19159.499999999996,-47166.8,27908.100000000002,131.1,39.732009925558316,805.0,810.0,790.05,802.8
2009-07-31,809.0,823.0,787.05,798.35,809.5924520561994,29253,835,23683008.0,20438.0,69.87,35.95,-10.65,1248978600.0,5.0,-0.2810392205845669,5940.38,1.3898394763566913,0.752489186935454,0.18,12.613515375461892,226.09445860365835,-157.56467189616825,259.85,1141.0,881.15,15578.3,170.2,-2860.8,2509.0,20.15,2009,35918.3,16649.899999999998,-6415.3,4245.7,34.11,86460.0,17146.199999999997,-16506.3,7830.7,57.83,253278.1,19159.499999999996,-47166.8,27908.100000000002,131.1,39.62034739454095,818.9,818.9,795.0,800.6
2009-07-30,800.95,831.0,793.0,801.45,814.7452689065653,42115,1461,34312997.0,15859.0,37.66,38.0,0.5,1248892200.0,5.0,0.38830087054551043,5858.95,1.0672614488673515,0.752059809303023,0.18,12.177927506394637,230.62664811954363,-161.3117347329102,259.85,1141.0,881.15,15578.3,170.2,-2860.8,2509.0,20.15,2009,35918.3,16649.899999999998,-6415.3,4245.7,34.11,86460.0,17146.199999999997,-16506.3,7830.7,57.83,253278.1,19159.499999999996,-47166.8,27908.100000000002,131.1,39.7741935483871,809.0,823.0,787.05,798.35
2009-07-29,806.75,815.5,780.6,790.75,813.340104244491,113771,503,92534517.0,106420.0,93.54,34.9,-16.0,1248805800.0,5.0,-1.3350801671969559,5797.08,-1.157213616484365,0.7518154194254738,0.19,13.695858362314262,234.15529887460585,-162.39286094210388,259.85,1141.0,881.15,15578.3,170.2,-2860.8,2509.0,20.15,2009,35918.3,16649.899999999998,-6415.3,4245.7,34.11,86460.0,17146.199999999997,-16506.3,7830.7,57.83,253278.1,19159.499999999996,-47166.8,27908.100000000002,131.1,39.24317617866005,800.95,831.0,793.0,801.45
2009-07-28,768.0,813.0,768.0,806.75,804.4642418076222,23589,722,18976507.0,11178.0,47.39,45.0,38.75,1248719400.0,5.0,2.0233955105912083,5864.95,0.2164968183340443,0.751831561204659,0.19,11.440966842268363,230.2884082558249,-161.74427866741547,259.85,1141.0,881.15,15578.3,170.2,-2860.8,2509.0,20.15,2009,35918.3,16649.899999999998,-6415.3,4245.7,34.11,86460.0,17146.199999999997,-16506.3,7830.7,57.83,253278.1,19159.499999999996,-47166.8,27908.100000000002,131.1,40.03722084367246,806.75,815.5,780.6,790.75
2009-07-27,782.0,814.0,781.95,796.25,800.9398823507987,54909,1613,43978808.0,25112.0,45.73,32.05,14.25,1248633000.0,5.0,-1.3015184381778733,5852.28,0.467291324037844,0.7525308503191618,0.19,12.910518053375197,231.0034721510249,-160.97374040955376,259.85,1141.0,881.15,15578.3,170.2,-2860.8,2509.0,20.15,2009,35918.3,16649.899999999998,-6415.3,4245.7,34.11,86460.0,17146.199999999997,-16506.3,7830.7,57.83,253278.1,19159.499999999996,-47166.8,27908.100000000002,131.1,39.516129032258064,768.0,813.0,768.0,806.75
2009-07-24,784.95,784.95,766.25,771.6,776.0443689417408,20014,742,15531752.0,7472.0,37.33,18.7,-13.35,1248373800.0,5.0,-3.095761381475659,5825.06,1.1061681938024703,0.7528298575141156,0.18,16.517625712804552,232.5502226586507,-158.59761590183078,259.85,1141.0,881.15,15578.3,170.2,-2860.8,2509.0,20.15,2009,35918.3,16649.899999999998,-6415.3,4245.7,34.11,86460.0,17146.199999999997,-16506.3,7830.7,57.83,253278.1,19159.499999999996,-47166.8,27908.100000000002,131.1,38.29280397022333,782.0,814.0,781.95,796.25
2009-07-23,760.0,772.45,736.6,763.55,747.5020876472386,88377,1154,66061992.0,15930.0,18.03,35.85,3.55,1248287400.0,5.0,-1.0432866770347382,5761.33,2.503825214389921,0.7544038937788782,0.19,17.746054613319373,236.22878745012,-160.51252572189617,259.85,1141.0,881.15,15578.3,170.2,-2860.8,2509.0,20.15,2009,35918.3,16649.899999999998,-6415.3,4245.7,34.11,86460.0,17146.199999999997,-16506.3,7830.7,57.83,253278.1,19159.499999999996,-47166.8,27908.100000000002,131.1,37.89330024813896,784.95,784.95,766.25,771.6
2009-07-22,785.0,808.6,747.0,750.25,769.1356447860447,106167,1799,81656824.0,65434.0,61.63,61.6,-34.75,1248201000.0,5.0,-1.7418636631523765,5620.6,-1.3687572386200109,0.7531229462746448,0.19,19.833388870376535,244.6473686083336,-164.46306481447854,259.85,1141.0,881.15,15578.3,170.2,-2860.8,2509.0,20.15,2009,35918.3,16649.899999999998,-6415.3,4245.7,34.11,86460.0,17146.199999999997,-16506.3,7830.7,57.83,253278.1,19159.499999999996,-47166.8,27908.100000000002,131.1,37.2332506203474,760.0,772.45,736.6,763.55
2009-07-21,779.0,785.5,762.0,775.7,778.3478076127034,72957,1802,56785921.0,18071.0,24.77,23.5,-3.3,1248114600.0,5.0,3.39220259913362,5698.6,-0.6260353997732948,0.7532588774073409,0.19,15.901766146706198,239.9299828027937,-164.8745041689814,259.85,1141.0,881.15,15578.3,170.2,-2860.8,2509.0,20.15,2009,35918.3,16649.899999999998,-6415.3,4245.7,34.11,86460.0,17146.199999999997,-16506.3,7830.7,57.83,253278.1,19159.499999999996,-47166.8,27908.100000000002,131.1,38.49627791563276,785.0,808.6,747.0,750.25
2009-07-20,755.0,775.0,750.1,770.5,759.5805827838175,112220,545,85240133.0,106025.0,94.48,24.9,15.5,1248028200.0,5.0,-0.6703622534485087,5734.5,2.736044774247648,0.755202412333185,0.19,16.683971447112267,237.80190077600489,-162.951109218,259.85,1141.0,881.15,15578.3,170.2,-2860.8,2509.0,20.15,2009,35918.3,16649.899999999998,-6415.3,4245.7,34.11,86460.0,17146.199999999997,-16506.3,7830.7,57.83,253278.1,19159.499999999996,-47166.8,27908.100000000002,131.1,38.23821339950373,779.0,785.5,762.0,775.7
2009-07-17,752.45,763.0,740.4,745.1,743.7951131475509,221083,655,164440455.0,211443.0,95.64,22.6,-7.35,1247769000.0,5.0,-3.2965606748864396,5581.78,3.039812741480241,0.7534872803138478,0.17,20.661656153536434,247.044312029496,-165.52499779692076,259.85,1141.0,881.15,15578.3,170.2,-2860.8,2509.0,20.15,2009,35918.3,16649.899999999998,-6415.3,4245.7,34.11,86460.0,17146.199999999997,-16506.3,7830.7,57.83,253278.1,19159.499999999996,-47166.8,27908.100000000002,131.1,36.97766749379653,755.0,775.0,750.1,770.5
2009-07-16,750.0,750.0,732.0,740.45,739.9604007633588,12576,305,9305742.0,8220.0,65.36,18.0,-9.55,1247682600.0,5.0,-0.6240773050597226,5417.11,0.1293873876871298,0.753351729966711,0.19,21.41940711729353,257.593809245151,-172.68619787756225,259.85,1141.0,881.15,15578.3,170.2,-2860.8,2509.0,20.15,2009,35918.3,16649.899999999998,-6415.3,4245.7,34.11,86460.0,17146.199999999997,-16506.3,7830.7,57.83,253278.1,19159.499999999996,-47166.8,27908.100000000002,131.1,36.7468982630273,752.45,763.0,740.4,745.1
2009-07-15,730.0,742.0,726.6,740.4,736.5314408241271,42906,459,31601618.0,37681.0,87.82,15.4,10.4,1247596200.0,5.0,-0.006752650415298156,5410.11,3.315974310938463,0.7534417198325849,0.18,21.42760669908157,258.0564905334642,-173.047299832843,259.85,1141.0,881.15,15578.3,170.2,-2860.8,2509.0,20.15,2009,35918.3,16649.899999999998,-6415.3,4245.7,34.11,86460.0,17146.199999999997,-16506.3,7830.7,57.83,253278.1,19159.499999999996,-47166.8,27908.100000000002,131.1,36.74441687344913,750.0,750.0,732.0,740.45
2009-07-14,739.95,740.0,717.0,724.6,725.6063829787233,15228,381,11049534.0,3905.0,25.64,23.0,-15.35,1247509800.0,5.0,-2.133981631550508,5236.47,3.754111353279188,0.7507346243765698,0.18,24.07535191829975,269.9295517782017,-178.61497651165655,259.85,1141.0,881.15,15578.3,170.2,-2860.8,2509.0,20.15,2009,35918.3,16649.899999999998,-6415.3,4245.7,34.11,86460.0,17146.199999999997,-16506.3,7830.7,57.83,253278.1,19159.499999999996,-47166.8,27908.100000000002,131.1,35.960297766749385,730.0,742.0,726.6,740.4
2009-07-13,721.0,724.0,695.1,720.45,710.4704174228674,11020,483,7829384.0,3386.0,30.73,28.9,-0.55,1247423400.0,5.0,-0.5727297819486554,5047.0,-1.4708121678764008,0.7481605805040855,0.18,24.790061766951197,283.817119080642,-187.59604989692835,259.85,1141.0,881.15,15578.3,170.2,-2860.8,2509.0,20.15,2009,35918.3,16649.899999999998,-6415.3,4245.7,34.11,86460.0,17146.199999999997,-16506.3,7830.7,57.83,253278.1,19159.499999999996,-47166.8,27908.100000000002,131.1,35.75434243176179,739.95,740.0,717.0,724.6
2009-07-10,741.0,741.6,720.1,726.2,728.2874336283187,8475,416,6172236.0,3211.0,37.89,21.5,-14.8,1247164200.0,5.0,0.7981122909292759,5122.34,-1.905646466290689,0.7477025726660275,0.18,23.80198292481408,278.1718901908112,-184.2332685511473,259.85,1141.0,881.15,15578.3,170.2,-2860.8,2509.0,20.15,2009,35918.3,16649.899999999998,-6415.3,4245.7,34.11,86460.0,17146.199999999997,-16506.3,7830.7,57.83,253278.1,19159.499999999996,-47166.8,27908.100000000002,131.1,36.03970223325062,721.0,724.0,695.1,720.45
2009-07-09,725.0,734.0,712.05,729.4,723.2807552927713,10486,387,7584322.0,3338.0,31.83,21.95,4.4,1247077800.0,5.0,0.44064995868906554,5221.85,0.2382213827206047,0.7468881733841659,0.19,23.258842884562657,270.96527092888533,-179.17000461711515,259.85,1141.0,881.15,15578.3,170.2,-2860.8,2509.0,20.15,2009,35918.3,16649.899999999998,-6415.3,4245.7,34.11,86460.0,17146.199999999997,-16506.3,7830.7,57.83,253278.1,19159.499999999996,-47166.8,27908.100000000002,131.1,36.198511166253105,741.0,741.6,720.1,726.2
2009-07-08,701.5,746.9,680.15,722.8,734.9209016630931,34514,1063,25365060.0,16832.0,48.77,66.75,21.3,1246991400.0,5.0,-0.9048533040855511,5209.44,-2.986511627040822,0.746898165958527,0.18,24.38433868289984,271.8489895267054,-178.70473134240268,259.85,1141.0,881.15,15578.3,170.2,-2860.8,2509.0,20.15,2009,35918.3,16649.899999999998,-6415.3,4245.7,34.11,86460.0,17146.199999999997,-16506.3,7830.7,57.83,253278.1,19159.499999999996,-47166.8,27908.100000000002,131.1,35.87096774193549,725.0,734.0,712.05,729.4
2009-07-07,696.0,725.5,690.0,718.25,714.3937484245021,11901,569,8502000.0,5145.0,43.23,35.5,22.25,1246905000.0,5.0,-0.6294964028776939,5369.81,0.7227157455620636,0.7448482443246016,0.19,25.172293769578836,260.7436762194565,-169.09065451480407,259.85,1141.0,881.15,15578.3,170.2,-2860.8,2509.0,20.15,2009,35918.3,16649.899999999998,-6415.3,4245.7,34.11,86460.0,17146.199999999997,-16506.3,7830.7,57.83,253278.1,19159.499999999996,-47166.8,27908.100000000002,131.1,35.645161290322584,701.5,746.9,680.15,722.8
2009-07-06,706.0,711.0,676.0,693.2,695.8502196595276,14568,547,10137146.0,8699.0,59.71,35.0,-12.8,1246818600.0,5.0,-3.4876435781413084,5331.28,-5.584579801722089,0.7448187764889147,0.19,29.69561454125791,263.3508275686139,-166.50151106820738,259.85,1141.0,881.15,15578.3,170.2,-2860.8,2509.0,20.15,2009,35918.3,16649.899999999998,-6415.3,4245.7,34.11,86460.0,17146.199999999997,-16506.3,7830.7,57.83,253278.1,19159.499999999996,-47166.8,27908.100000000002,131.1,34.40198511166253,696.0,725.5,690.0,718.25
2009-07-03,676.0,715.0,675.0,705.25,688.8221278359059,9653,477,6649200.0,4998.0,51.78,40.0,29.25,1246559400.0,5.0,1.7383150605885689,5646.62,1.5002264899805162,0.7393728760695425,,27.479617157036508,243.05921064282705,,259.85,1141.0,881.15,15578.3,170.2,-2860.8,2509.0,20.15,2009,35918.3,16649.899999999998,-6415.3,4245.7,34.11,86460.0,17146.199999999997,-16506.3,7830.7,57.83,253278.1,19159.499999999996,-47166.8,27908.100000000002,131.1,35.0,706.0,711.0,676.0,693.2
2009-07-02,690.0,693.95,677.0,684.65,686.4213149522801,9430,223,6472953.0,7065.0,74.92,16.95,-5.35,1246473000.0,5.0,-2.920950017724211,5563.16,0.2307962560919474,0.7393255567463882,0.17,31.31527057620682,248.2058757972088,-152.23399139064256,259.85,1141.0,881.15,15578.3,170.2,-2860.8,2509.0,20.15,2009,35918.3,16649.899999999998,-6415.3,4245.7,34.11,86460.0,17146.199999999997,-16506.3,7830.7,57.83,253278.1,19159.499999999996,-47166.8,27908.100000000002,131.1,33.977667493796524,676.0,715.0,675.0,705.25
2009-07-01,685.2,688.5,673.0,681.45,681.6195721839448,24964,373,17015951.0,20477.0,82.03,15.5,-3.75,1246386600.0,5.0,-0.4673920981523305,5550.35,1.0619024295206003,0.7409996345583333,0.17,31.93190989801158,249.0095219220409,-152.6280849098911,259.85,1141.0,881.15,15578.3,170.2,-2860.8,2509.0,20.15,2009,35918.3,16649.899999999998,-6415.3,4245.7,34.11,86460.0,17146.199999999997,-16506.3,7830.7,57.83,253278.1,19159.499999999996,-47166.8,27908.100000000002,131.1,33.81885856079405,690.0,693.95,677.0,684.65
2009-06-30,701.35,705.0,679.0,689.95,686.9880609752015,119524,398,82111561.0,107519.0,89.96,26.0,-11.4,1246300200.0,0.0,1.2473402303910808,5492.03,-2.4601504293541576,0.7407877819348001,0.19,30.30654395246031,252.71566251458933,-156.9513814633382,259.85,1141.0,881.15,19688.6,160.8,-3049.0,4177.7,33.56,2009,32271.3,16688.3,-5790.700000000001,4469.3,35.9,69593.3,17018.399999999998,-12862.2,9182.0,73.75999999999999,229050.2,18620.999999999996,-42548.100000000006,27628.1,141.07,20.55870083432658,685.2,688.5,673.0,681.45
2009-06-29,656.0,719.0,656.0,701.25,706.6012931034481,3248,269,2295041.0,1898.0,58.44,63.0,45.25,1246213800.0,0.0,1.6377998405681549,5630.55,0.7915751486217371,0.7394909278845667,0.2,28.206773618538318,244.03832662883727,-152.3094567940406,259.85,1141.0,881.15,19688.6,160.8,-3049.0,4177.7,33.56,2009,32271.3,16688.3,-5790.700000000001,4469.3,35.9,69593.3,17018.399999999998,-12862.2,9182.0,73.75999999999999,229050.2,18620.999999999996,-42548.100000000006,27628.1,141.07,20.895411203814064,701.35,705.0,679.0,689.95
2009-06-26,709.0,725.35,704.4,714.4,711.8955884857776,11742,322,8359078.0,1667.0,14.2,20.95,5.4,1245954600.0,0.0,1.8752228163992912,5586.33,2.7393707999073147,0.7397819794705525,0.2,25.846864501679722,246.7616485241652,-156.7549999050498,259.85,1141.0,881.15,19688.6,160.8,-3049.0,4177.7,33.56,2009,32271.3,16688.3,-5790.700000000001,4469.3,35.9,69593.3,17018.399999999998,-12862.2,9182.0,73.75999999999999,229050.2,18620.999999999996,-42548.100000000006,27628.1,141.07,21.287246722288437,656.0,719.0,656.0,701.25
2009-06-25,704.2,724.0,690.0,710.75,707.2652088233423,31462,644,22251978.0,23181.0,73.68,34.0,6.55,1245868200.0,0.0,-0.5109182530795064,5437.38,-0.5019387682279941,0.7385155356762988,0.18,26.49314104818852,256.26073586911343,-162.80646077857057,259.85,1141.0,881.15,19688.6,160.8,-3049.0,4177.7,33.56,2009,32271.3,16688.3,-5790.700000000001,4469.3,35.9,69593.3,17018.399999999998,-12862.2,9182.0,73.75999999999999,229050.2,18620.999999999996,-42548.100000000006,27628.1,141.07,21.178486293206195,709.0,725.35,704.4,714.4
2009-06-24,660.0,698.95,660.0,687.95,668.3277582650388,17937,454,11987795.0,8669.0,48.33,38.95,27.95,1245781800.0,0.0,-3.207879001055214,5464.81,1.2440576101495848,0.7385156575328753,0.19,30.68536957627732,254.472525119812,-157.2962566617005,259.85,1141.0,881.15,19688.6,160.8,-3049.0,4177.7,33.56,2009,32271.3,16688.3,-5790.700000000001,4469.3,35.9,69593.3,17018.399999999998,-12862.2,9182.0,73.75999999999999,229050.2,18620.999999999996,-42548.100000000006,27628.1,141.07,20.49910607866508,704.2,724.0,690.0,710.75
2009-06-23,649.0,668.0,635.0,658.1,653.7126624529508,14081,498,9204928.0,8486.0,60.27,33.0,9.1,1245695400.0,0.0,-4.338978123410131,5397.66,-0.0183379178127829,0.7401641290179192,0.2,36.61297675125359,258.88236754445444,-155.05443251458075,259.85,1141.0,881.15,19688.6,160.8,-3049.0,4177.7,33.56,2009,32271.3,16688.3,-5790.700000000001,4469.3,35.9,69593.3,17018.399999999998,-12862.2,9182.0,73.75999999999999,229050.2,18620.999999999996,-42548.100000000006,27628.1,141.07,19.609654350417163,660.0,698.95,660.0,687.95
2009-06-22,684.45,684.45,653.0,656.6,669.0460640705014,41985,379,28089899.0,36110.0,86.01,31.45,-27.85,1245609000.0,0.0,-0.22792888618751173,5398.65,-1.238125030870807,0.7438567613131185,0.2,36.92506853487663,258.8165559908496,-155.64860522642954,259.85,1141.0,881.15,19688.6,160.8,-3049.0,4177.7,33.56,2009,32271.3,16688.3,-5790.700000000001,4469.3,35.9,69593.3,17018.399999999998,-12862.2,9182.0,73.75999999999999,229050.2,18620.999999999996,-42548.100000000006,27628.1,141.07,19.564958283671036,649.0,668.0,635.0,658.1
2009-06-19,689.45,689.45,666.0,669.9,674.6712920135678,9729,451,6563877.0,4899.0,50.35,23.45,-19.55,1245349800.0,0.0,2.025586353944564,5466.33,1.733042259654849,0.7434810633914317,0.19,34.20659799970145,254.3739583962183,-154.96436168576238,259.85,1141.0,881.15,19688.6,160.8,-3049.0,4177.7,33.56,2009,32271.3,16688.3,-5790.700000000001,4469.3,35.9,69593.3,17018.399999999998,-12862.2,9182.0,73.75999999999999,229050.2,18620.999999999996,-42548.100000000006,27628.1,141.07,19.96126340882002,684.45,684.45,653.0,656.6
2009-06-18,713.1,718.95,655.2,676.95,680.1816886745931,18251,823,12413996.0,7983.0,43.74,63.75,-36.15,1245263400.0,0.0,1.0523958799820932,5373.21,-2.198758284022051,0.7434256169122253,0.18,32.808922372405625,260.51540885243645,-160.91108955781334,259.85,1141.0,881.15,19688.6,160.8,-3049.0,4177.7,33.56,2009,32271.3,16688.3,-5790.700000000001,4469.3,35.9,69593.3,17018.399999999998,-12862.2,9182.0,73.75999999999999,229050.2,18620.999999999996,-42548.100000000006,27628.1,141.07,20.171334922526817,689.45,689.45,666.0,669.9
2009-06-17,705.1,721.95,705.1,711.95,715.0511825994371,13149,458,9402208.0,8710.0,66.24,16.85,6.85,1245177000.0,0.0,5.170248910554687,5494.01,-3.364812121062888,0.742353566214117,0.17,26.27993538872111,252.5885464351175,-161.27387273597205,259.85,1141.0,881.15,19688.6,160.8,-3049.0,4177.7,33.56,2009,32271.3,16688.3,-5790.700000000001,4469.3,35.9,69593.3,17018.399999999998,-12862.2,9182.0,73.75999999999999,229050.2,18620.999999999996,-42548.100000000006,27628.1,141.07,21.2142431466031,713.1,718.95,655.2,676.95
2009-06-16,690.15,733.95,690.15,713.65,715.7478338147079,13503,638,9664743.0,3760.0,27.85,43.8,23.5,1245090600.0,0.0,0.23878081325934275,5685.31,1.2145078679529853,0.7442917666400787,0.17,25.979121418062068,240.72460428718924,-153.23368998025504,259.85,1141.0,881.15,19688.6,160.8,-3049.0,4177.7,33.56,2009,32271.3,16688.3,-5790.700000000001,4469.3,35.9,69593.3,17018.399999999998,-12862.2,9182.0,73.75999999999999,229050.2,18620.999999999996,-42548.100000000006,27628.1,141.07,21.264898688915373,705.1,721.95,705.1,711.95
2009-06-15,739.95,745.0,711.0,728.05,727.5328518173346,12876,565,9367713.0,4096.0,31.81,34.0,-11.9,1245004200.0,0.0,2.017795838296088,5617.09,-1.996332554597302,0.7439354012785281,0.17,23.487397843554692,244.8627314143088,-158.7181874910882,259.85,1141.0,881.15,19688.6,160.8,-3049.0,4177.7,33.56,2009,32271.3,16688.3,-5790.700000000001,4469.3,35.9,69593.3,17018.399999999998,-12862.2,9182.0,73.75999999999999,229050.2,18620.999999999996,-42548.100000000006,27628.1,141.07,21.693980929678187,690.15,733.95,690.15,713.65
2009-06-12,766.0,766.0,725.05,731.4,735.5185137595032,93390,1314,68690074.0,49834.0,53.36,40.95,-34.6,1244745000.0,0.0,0.46013323260765127,5731.51,-1.3337946872003514,0.7435971762340431,0.19,22.92179382007109,237.9781244384115,-154.08678405432096,259.85,1141.0,881.15,19688.6,160.8,-3049.0,4177.7,33.56,2009,32271.3,16688.3,-5790.700000000001,4469.3,35.9,69593.3,17018.399999999998,-12862.2,9182.0,73.75999999999999,229050.2,18620.999999999996,-42548.100000000006,27628.1,141.07,21.793802145411203,739.95,745.0,711.0,728.05
2009-06-11,764.0,764.0,708.0,735.2,730.3291413066139,292619,4723,213708183.0,77796.0,26.59,56.0,-28.8,1244658600.0,0.0,0.5195515449822441,5808.99,-0.4006954303232279,0.7431499533005747,0.19,22.286452665941226,233.4701901707526,-151.26570976540273,259.85,1141.0,881.15,19688.6,160.8,-3049.0,4177.7,33.56,2009,32271.3,16688.3,-5790.700000000001,4469.3,35.9,69593.3,17018.399999999998,-12862.2,9182.0,73.75999999999999,229050.2,18620.999999999996,-42548.100000000006,27628.1,141.07,21.907032181168056,766.0,766.0,725.05,731.4
2009-06-10,730.0,767.8,725.0,763.15,748.6661658927433,21966,809,16445201.0,8066.0,36.72,42.8,33.15,1244572200.0,0.0,3.8016866158868234,5832.36,1.9969675613001887,0.7431376564624903,0.18,17.807770425211288,232.13399035724825,-154.74597437599726,259.85,1141.0,881.15,19688.6,160.8,-3049.0,4177.7,33.56,2009,32271.3,16688.3,-5790.700000000001,4469.3,35.9,69593.3,17018.399999999998,-12862.2,9182.0,73.75999999999999,229050.2,18620.999999999996,-42548.100000000006,27628.1,141.07,22.739868891537544,764.0,764.0,708.0,735.2
2009-06-09,719.65,734.0,697.05,729.2,718.4002648811713,13591,581,9763778.0,5057.0,37.21,36.95,9.55,1244485800.0,0.0,-4.448666710345273,5718.17,3.044943415267065,0.7447745487282658,0.19,23.292649478880946,238.7665984047344,-154.5831289351298,259.85,1141.0,881.15,19688.6,160.8,-3049.0,4177.7,33.56,2009,32271.3,16688.3,-5790.700000000001,4469.3,35.9,69593.3,17018.399999999998,-12862.2,9182.0,73.75999999999999,229050.2,18620.999999999996,-42548.100000000006,27628.1,141.07,21.72824791418355,730.0,767.8,725.0,763.15
2009-06-08,745.0,765.0,700.0,715.7,733.9825611888112,22880,757,16793521.0,13801.0,60.32,65.0,-29.3,1244399400.0,0.0,-1.8513439385628105,5549.2,-3.7771608609630913,0.7463626348693433,0.19,25.61827581388849,249.0818496359836,-160.33530087792863,259.85,1141.0,881.15,19688.6,160.8,-3049.0,4177.7,33.56,2009,32271.3,16688.3,-5790.700000000001,4469.3,35.9,69593.3,17018.399999999998,-12862.2,9182.0,73.75999999999999,229050.2,18620.999999999996,-42548.100000000006,27628.1,141.07,21.325983313468413,719.65,734.0,697.05,729.2
2009-06-05,801.0,801.0,732.8,740.0,759.8975141411133,94052,2621,71469881.0,35629.0,37.88,68.2,-61.0,1244140200.0,0.0,3.395277350845327,5767.03,0.2953017799845137,0.743368605372862,0.2,21.493243243243242,235.8964666388072,-153.91611045335816,259.85,1141.0,881.15,19688.6,160.8,-3049.0,4177.7,33.56,2009,32271.3,16688.3,-5790.700000000001,4469.3,35.9,69593.3,17018.399999999998,-12862.2,9182.0,73.75999999999999,229050.2,18620.999999999996,-42548.100000000006,27628.1,141.07,22.05005959475566,745.0,765.0,700.0,715.7
2009-06-04,720.1,799.0,712.5,776.7,747.5793244140812,42156,791,31514954.0,26309.0,62.41,86.5,56.6,1244053800.0,0.0,4.959459459459459,5750.05,1.3808837867811177,0.7454452982285509,0.14,15.75254280932148,236.88837488369663,-160.87042011098052,259.85,1141.0,881.15,19688.6,160.8,-3049.0,4177.7,33.56,2009,32271.3,16688.3,-5790.700000000001,4469.3,35.9,69593.3,17018.399999999998,-12862.2,9182.0,73.75999999999999,229050.2,18620.999999999996,-42548.100000000006,27628.1,141.07,23.14362336114422,801.0,801.0,732.8,740.0
2009-06-03,752.0,752.0,718.8,724.05,735.6107303877369,11090,532,8157923.0,4577.0,41.27,33.2,-27.95,1243967400.0,0.0,-6.778679026651224,5671.73,0.5643717087182365,0.7495747268040213,0.14,24.1696015468545,241.540411832016,-156.9180462025071,259.85,1141.0,881.15,19688.6,160.8,-3049.0,4177.7,33.56,2009,32271.3,16688.3,-5790.700000000001,4469.3,35.9,69593.3,17018.399999999998,-12862.2,9182.0,73.75999999999999,229050.2,18620.999999999996,-42548.100000000006,27628.1,141.07,21.574791418355183,720.1,799.0,712.5,776.7
2009-06-02,745.0,755.0,705.5,740.1,737.0493528544882,62428,781,46012517.0,48631.0,77.9,49.5,-4.9,1243881000.0,0.0,2.216697741868656,5639.9,0.1521842974927745,0.7587737486894534,0.14,21.476827455749216,243.4679692902357,-163.29404796359512,259.85,1141.0,881.15,19688.6,160.8,-3049.0,4177.7,33.56,2009,32271.3,16688.3,-5790.700000000001,4469.3,35.9,69593.3,17018.399999999998,-12862.2,9182.0,73.75999999999999,229050.2,18620.999999999996,-42548.100000000006,27628.1,141.07,22.053039332538734,752.0,752.0,718.8,724.05
2009-06-01,730.0,761.0,711.5,755.35,737.2081691374242,47961,1284,35357241.0,26938.0,56.17,49.5,25.35,1243794600.0,0.0,2.060532360491818,5631.33,2.0122277070784733,0.7596736125372533,0.13,19.02429337393261,243.9906736064127,-166.36022550041895,259.85,1141.0,881.15,19688.6,160.8,-3049.0,4177.7,33.56,2009,32271.3,16688.3,-5790.700000000001,4469.3,35.9,69593.3,17018.399999999998,-12862.2,9182.0,73.75999999999999,229050.2,18620.999999999996,-42548.100000000006,27628.1,141.07,22.507449344457687,745.0,755.0,705.5,740.1
2009-05-29,692.0,730.0,665.0,721.75,709.0001942090396,56640,1497,40157771.0,26163.0,46.19,65.0,29.75,1243535400.0,0.0,-4.448269014364204,5520.25,2.332405833424467,0.7594117917968523,0.14,24.565292691375127,250.91254925048685,-166.01433826840145,259.85,1141.0,881.15,19688.6,160.8,-3049.0,4177.7,33.56,2009,32271.3,16688.3,-5790.700000000001,4469.3,35.9,69593.3,17018.399999999998,-12862.2,9182.0,73.75999999999999,229050.2,18620.999999999996,-42548.100000000006,27628.1,141.07,21.506257449344456,730.0,761.0,711.5,755.35
2009-05-28,694.0,698.9,687.5,690.9,692.7217422606193,5556,237,3848762.0,2668.0,48.02,11.4,-3.1,1243449000.0,0.0,-4.274333217873227,5394.43,0.9134615384615464,0.7621281853304545,0.15,30.12737009697495,259.0972540194237,-167.3736307051527,259.85,1141.0,881.15,19688.6,160.8,-3049.0,4177.7,33.56,2009,32271.3,16688.3,-5790.700000000001,4469.3,35.9,69593.3,17018.399999999998,-12862.2,9182.0,73.75999999999999,229050.2,18620.999999999996,-42548.100000000006,27628.1,141.07,20.58700834326579,692.0,730.0,665.0,721.75
2009-05-27,699.9,705.0,665.0,687.65,685.1589454824673,19535,574,13384580.0,11962.0,61.23,40.0,-12.25,1243362600.0,0.0,-0.47040092632797403,5345.6,3.830316214746343,0.7657884650506268,0.17,30.742383479968005,262.3774693205627,-170.22307197583498,259.85,1141.0,881.15,19688.6,160.8,-3049.0,4177.7,33.56,2009,32271.3,16688.3,-5790.700000000001,4469.3,35.9,69593.3,17018.399999999998,-12862.2,9182.0,73.75999999999999,229050.2,18620.999999999996,-42548.100000000006,27628.1,141.07,20.49016686531585,694.0,698.9,687.5,690.9
2009-05-26,672.0,705.0,642.05,681.6,673.7922965417272,9658,450,6507486.0,5289.0,54.76,62.95,9.6,1243276200.0,0.0,-0.8798080418817689,5148.4,-2.6791402101649764,0.7619662472588012,0.18,31.90287558685445,276.25767228653564,-178.63899231726225,259.85,1141.0,881.15,19688.6,160.8,-3049.0,4177.7,33.56,2009,32271.3,16688.3,-5790.700000000001,4469.3,35.9,69593.3,17018.399999999998,-12862.2,9182.0,73.75999999999999,229050.2,18620.999999999996,-42548.100000000006,27628.1,141.07,20.30989272943981,699.9,705.0,665.0,687.65
2009-05-25,680.0,697.0,666.0,673.8,674.6418259455063,9836,335,6635777.0,4821.0,49.01,31.0,-6.2,1243189800.0,0.0,-1.144366197183111,5290.13,1.039786541983978,0.7602419811509269,,33.42980112793115,266.1772016944763,,259.85,1141.0,881.15,19688.6,160.8,-3049.0,4177.7,33.56,2009,32271.3,16688.3,-5790.700000000001,4469.3,35.9,69593.3,17018.399999999998,-12862.2,9182.0,73.75999999999999,229050.2,18620.999999999996,-42548.100000000006,27628.1,141.07,20.07747318235995,672.0,705.0,642.05,681.6
2009-05-22,691.0,695.0,652.25,660.8,668.8347649539278,19209,467,12847647.0,11982.0,62.38,42.75,-30.2,1242930600.0,0.0,-1.929355891956075,5235.69,1.2482740749621746,0.7602756737893728,0.18,36.054782082324465,269.984662957509,-169.2511398392103,259.85,1141.0,881.15,19688.6,160.8,-3049.0,4177.7,33.56,2009,32271.3,16688.3,-5790.700000000001,4469.3,35.9,69593.3,17018.399999999998,-12862.2,9182.0,73.75999999999999,229050.2,18620.999999999996,-42548.100000000006,27628.1,141.07,19.690107270560187,680.0,697.0,666.0,673.8
2009-05-21,661.0,704.95,661.0,689.9,684.1642470413492,20871,638,14279192.0,9362.0,44.86,43.95,28.9,1242844200.0,0.0,4.403753026634383,5171.14,-1.327303604480312,0.7607076737405573,0.19,30.315987824322367,274.6030855865437,-178.62215215618573,259.85,1141.0,881.15,19688.6,160.8,-3049.0,4177.7,33.56,2009,32271.3,16688.3,-5790.700000000001,4469.3,35.9,69593.3,17018.399999999998,-12862.2,9182.0,73.75999999999999,229050.2,18620.999999999996,-42548.100000000006,27628.1,141.07,20.55721096543504,691.0,695.0,652.25,660.8
2009-05-20,630.0,661.0,630.0,656.25,652.3338225017472,14310,476,9334897.0,4649.0,32.49,31.0,26.25,1242757800.0,0.0,-4.877518480939258,5240.7,0.7137421303876401,0.763993321216817,0.18,36.99809523809523,269.6309653290591,-169.04064266873004,259.85,1141.0,881.15,19688.6,160.8,-3049.0,4177.7,33.56,2009,32271.3,16688.3,-5790.700000000001,4469.3,35.9,69593.3,17018.399999999998,-12862.2,9182.0,73.75999999999999,229050.2,18620.999999999996,-42548.100000000006,27628.1,141.07,19.554529201430274,661.0,704.95,661.0,689.9
2009-05-19,641.0,650.0,590.15,631.65,627.0532560573131,62115,1033,38949413.0,49405.0,79.54,59.85,-9.35,1242671400.0,0.0,-3.7485714285714344,5203.56,1.1517579617091434,0.7689827983833364,0.18,42.333570806617594,272.26917725557115,-167.07832612919117,259.85,1141.0,881.15,19688.6,160.8,-3049.0,4177.7,33.56,2009,32271.3,16688.3,-5790.700000000001,4469.3,35.9,69593.3,17018.399999999998,-12862.2,9182.0,73.75999999999999,229050.2,18620.999999999996,-42548.100000000006,27628.1,141.07,18.8215137067938,630.0,661.0,630.0,656.25
2009-05-18,567.0,640.0,567.0,636.8,633.5181102362204,1270,16,804568.0,1255.0,98.82,73.0,69.8,1242585000.0,0.0,0.815324942610629,5144.31,15.740319931603942,0.7717417313844877,0.19,41.182474874371856,276.55681714360134,-172.29133108525116,259.85,1141.0,881.15,19688.6,160.8,-3049.0,4177.7,33.56,2009,32271.3,16688.3,-5790.700000000001,4469.3,35.9,69593.3,17018.399999999998,-12862.2,9182.0,73.75999999999999,229050.2,18620.999999999996,-42548.100000000006,27628.1,141.07,18.974970202622167,641.0,650.0,590.15,631.65
2009-05-15,570.0,579.0,560.05,567.3,568.1011554392849,4587,266,2605880.0,1987.0,43.32,18.95,-2.7,1242325800.0,0.0,-10.913944723618096,4444.7,2.010979830528692,0.7045969286562643,0.17,58.4787590340208,335.82806488626903,-178.1948825635494,259.85,1141.0,881.15,19688.6,160.8,-3049.0,4177.7,33.56,2009,32271.3,16688.3,-5790.700000000001,4469.3,35.9,69593.3,17018.399999999998,-12862.2,9182.0,73.75999999999999,229050.2,18620.999999999996,-42548.100000000006,27628.1,141.07,16.90405244338498,567.0,640.0,567.0,636.8
2009-05-14,557.0,574.0,557.0,569.85,567.8246388443017,2492,192,1415019.0,1044.0,41.89,17.0,12.85,1242239400.0,0.0,0.4494976203067269,4357.08,-0.5355504115930887,0.7275203115447171,0.16,57.76958848819864,344.5924793669155,-192.972036206939,259.85,1141.0,881.15,19688.6,160.8,-3049.0,4177.7,33.56,2009,32271.3,16688.3,-5790.700000000001,4469.3,35.9,69593.3,17018.399999999998,-12862.2,9182.0,73.75999999999999,229050.2,18620.999999999996,-42548.100000000006,27628.1,141.07,16.980035756853397,570.0,579.0,560.05,567.3
2009-05-13,576.0,584.0,558.3,572.45,570.0552753681663,4957,364,2825764.0,1575.0,31.77,25.7,-3.55,1242153000.0,0.0,0.45626041940862727,4380.54,-0.7524214103653337,0.727469356540851,0.17,57.053017730806154,342.21146251375404,-191.9416649143661,259.85,1141.0,881.15,19688.6,160.8,-3049.0,4177.7,33.56,2009,32271.3,16688.3,-5790.700000000001,4469.3,35.9,69593.3,17018.399999999998,-12862.2,9182.0,73.75999999999999,229050.2,18620.999999999996,-42548.100000000006,27628.1,141.07,17.05750893921335,557.0,574.0,557.0,569.85
2009-05-12,543.0,588.0,543.0,563.4,555.190075604302,9391,484,5213790.0,3078.0,32.78,45.0,20.4,1242066600.0,0.0,-1.5809240981745298,4413.75,3.2067455297537077,0.7273449962590282,0.19,59.575789847355345,338.8841687907108,-186.96171908467886,259.85,1141.0,881.15,19688.6,160.8,-3049.0,4177.7,33.56,2009,32271.3,16688.3,-5790.700000000001,4469.3,35.9,69593.3,17018.399999999998,-12862.2,9182.0,73.75999999999999,229050.2,18620.999999999996,-42548.100000000006,27628.1,141.07,16.787842669845052,576.0,584.0,558.3,572.45
2009-05-11,551.05,564.9,550.05,559.0,556.3841614906831,3220,176,1791557.0,785.0,24.38,14.85,7.95,1241980200.0,0.0,-0.7809726659566918,4276.61,-1.612261283873473,0.7250011089848566,0.19,60.831842576028606,352.95806725420374,-195.11539739771356,259.85,1141.0,881.15,19688.6,160.8,-3049.0,4177.7,33.56,2009,32271.3,16688.3,-5790.700000000001,4469.3,35.9,69593.3,17018.399999999998,-12862.2,9182.0,73.75999999999999,229050.2,18620.999999999996,-42548.100000000006,27628.1,141.07,16.65673420738975,543.0,588.0,543.0,563.4
2009-05-08,579.75,579.75,548.0,556.65,554.2503813466985,9178,324,5086910.0,2250.0,24.52,31.75,-23.1,1241721000.0,0.0,-0.42039355992844474,4346.69,-1.4434228575963548,0.7244845863035747,0.19,61.51082367735561,345.65519970368257,-188.96338861224868,259.85,1141.0,881.15,19688.6,160.8,-3049.0,4177.7,33.56,2009,32271.3,16688.3,-5790.700000000001,4469.3,35.9,69593.3,17018.399999999998,-12862.2,9182.0,73.75999999999999,229050.2,18620.999999999996,-42548.100000000006,27628.1,141.07,16.586710369487484,551.05,564.9,550.05,559.0
2009-05-07,572.0,584.0,551.0,559.05,560.1574094895436,8894,475,4982040.0,3528.0,39.67,33.0,-12.95,1241634600.0,0.0,0.43115063325249725,4410.35,1.776681374268474,0.7239963488475711,0.18,60.81745818799751,339.22251068509297,-184.82808165212342,259.85,1141.0,881.15,19688.6,160.8,-3049.0,4177.7,33.56,2009,32271.3,16688.3,-5790.700000000001,4469.3,35.9,69593.3,17018.399999999998,-12862.2,9182.0,73.75999999999999,229050.2,18620.999999999996,-42548.100000000006,27628.1,141.07,16.658224076281286,579.75,579.75,548.0,556.65
2009-05-06,588.25,600.0,562.1,567.05,582.062932697764,17622,636,10257113.0,7011.0,39.79,37.9,-21.2,1241548200.0,0.0,1.4309990161881725,4333.36,-1.3652483076657007,0.7230888977703263,0.19,58.548628868706466,347.0260952240294,-192.43470093380088,259.85,1141.0,881.15,19688.6,160.8,-3049.0,4177.7,33.56,2009,32271.3,16688.3,-5790.700000000001,4469.3,35.9,69593.3,17018.399999999998,-12862.2,9182.0,73.75999999999999,229050.2,18620.999999999996,-42548.100000000006,27628.1,141.07,16.89660309892729,572.0,584.0,551.0,559.05
2009-05-05,591.3,605.2,584.0,586.85,596.5697782275063,11859,383,7074721.0,6250.0,52.7,21.2,-4.45,1241461800.0,0.0,3.491755577109612,4393.34,0.6109932992264255,0.7229270414221735,0.19,53.19928431456078,340.9230790241593,-193.31587241904234,259.85,1141.0,881.15,19688.6,160.8,-3049.0,4177.7,33.56,2009,32271.3,16688.3,-5790.700000000001,4469.3,35.9,69593.3,17018.399999999998,-12862.2,9182.0,73.75999999999999,229050.2,18620.999999999996,-42548.100000000006,27628.1,141.07,17.486591179976163,588.25,600.0,562.1,567.05
2009-05-04,583.0,604.0,576.0,591.3,591.8750757116899,19812,814,11726229.0,9732.0,49.12,28.0,8.3,1241375400.0,0.0,0.7582857629717887,4366.66,5.464179962419258,0.7250877787331189,0.19,52.04633857601895,343.6170894917397,-197.15844690032665,259.85,1141.0,881.15,19688.6,160.8,-3049.0,4177.7,33.56,2009,32271.3,16688.3,-5790.700000000001,4469.3,35.9,69593.3,17018.399999999998,-12862.2,9182.0,73.75999999999999,229050.2,18620.999999999996,-42548.100000000006,27628.1,141.07,17.619189511323,591.3,605.2,584.0,586.85
2009-04-29,571.25,590.0,545.05,567.6,562.2564530189894,26383,697,14834012.0,13272.0,50.31,44.95,-3.65,1240943400.0,0.0,-4.0081177067478375,4140.42,3.012947463750093,0.7166215306337421,0.11,58.39499647639181,367.8571256056149,-205.25051156126298,259.85,1141.0,881.15,19688.6,160.8,-3049.0,4177.7,33.56,2009,32271.3,16688.3,-5790.700000000001,4469.3,35.9,69593.3,17018.399999999998,-12862.2,9182.0,73.75999999999999,229050.2,18620.999999999996,-42548.100000000006,27628.1,141.07,16.912991656734206,583.0,604.0,576.0,591.3
2009-04-28,577.9,579.5,557.0,569.6,564.8116597809693,15249,372,8612813.0,11363.0,74.52,22.5,-8.3,1240857000.0,0.0,0.35236081747709314,4019.32,-3.3387443935403827,0.7174565677956125,0.13,57.8388342696629,381.9534150055233,-216.23288256419963,259.85,1141.0,881.15,19688.6,160.8,-3049.0,4177.7,33.56,2009,32271.3,16688.3,-5790.700000000001,4469.3,35.9,69593.3,17018.399999999998,-12862.2,9182.0,73.75999999999999,229050.2,18620.999999999996,-42548.100000000006,27628.1,141.07,16.97258641239571,571.25,590.0,545.05,567.6
2009-04-27,567.0,595.0,562.0,570.8,580.2184659648204,15293,527,8873281.0,9527.0,62.3,33.0,3.8,1240770600.0,0.0,0.2106741573033588,4158.15,-0.0800196084085436,0.714412544497311,0.13,57.50700770847934,365.86222238255,-203.9066798884946,259.85,1141.0,881.15,19688.6,160.8,-3049.0,4177.7,33.56,2009,32271.3,16688.3,-5790.700000000001,4469.3,35.9,69593.3,17018.399999999998,-12862.2,9182.0,73.75999999999999,229050.2,18620.999999999996,-42548.100000000006,27628.1,141.07,17.008343265792607,577.9,579.5,557.0,569.6
2009-04-24,570.0,575.0,563.0,566.75,568.7853335363995,13132,374,7469289.0,8084.0,61.56,12.0,-3.25,1240511400.0,0.0,-0.7095304835318728,4161.48,1.740712127287103,0.7144130556726606,0.1,58.632554036171136,365.4894412564761,-202.50643320239402,259.85,1141.0,881.15,19688.6,160.8,-3049.0,4177.7,33.56,2009,32271.3,16688.3,-5790.700000000001,4469.3,35.9,69593.3,17018.399999999998,-12862.2,9182.0,73.75999999999999,229050.2,18620.999999999996,-42548.100000000006,27628.1,141.07,16.887663885578068,567.0,595.0,562.0,570.8
2009-04-23,582.0,582.0,549.0,559.95,559.7117628045017,34031,324,19047551.0,31536.0,92.67,33.0,-22.05,1240425000.0,0.0,-1.1998235553595027,4090.28,2.449605257884824,0.7136525653618053,0.1,60.55897848022143,373.5922724116686,-206.08473986917613,259.85,1141.0,881.15,19688.6,160.8,-3049.0,4177.7,33.56,2009,32271.3,16688.3,-5790.700000000001,4469.3,35.9,69593.3,17018.399999999998,-12862.2,9182.0,73.75999999999999,229050.2,18620.999999999996,-42548.100000000006,27628.1,141.07,16.685041716328964,570.0,575.0,563.0,566.75
2009-04-22,573.0,578.0,557.05,567.95,568.9846074468999,11629,457,6616722.0,5349.0,46.0,20.95,-5.05,1240338600.0,0.0,1.4286989909813474,3992.48,-0.9398664139183666,0.7122425124036453,0.14,58.297385333215935,385.1934136176011,-216.0940253913843,259.85,1141.0,881.15,19688.6,160.8,-3049.0,4177.7,33.56,2009,32271.3,16688.3,-5790.700000000001,4469.3,35.9,69593.3,17018.399999999998,-12862.2,9182.0,73.75999999999999,229050.2,18620.999999999996,-42548.100000000006,27628.1,141.07,16.923420738974972,582.0,582.0,549.0,559.95
2009-04-21,551.0,588.95,551.0,565.8,571.7549277266753,19786,438,11312743.0,14317.0,72.36,37.95,14.8,1240252200.0,0.0,-0.3785544502157068,4030.36,-0.6284749189442329,0.7123512987658678,0.15,58.89890420643338,380.6332436804652,-212.2888285879962,259.85,1141.0,881.15,19688.6,160.8,-3049.0,4177.7,33.56,2009,32271.3,16688.3,-5790.700000000001,4469.3,35.9,69593.3,17018.399999999998,-12862.2,9182.0,73.75999999999999,229050.2,18620.999999999996,-42548.100000000006,27628.1,141.07,16.859356376638853,573.0,578.0,557.05,567.95
2009-04-20,570.0,579.7,555.0,569.85,571.2592223330009,10030,301,5729730.0,7385.0,73.63,24.7,-0.15,1240165800.0,0.0,0.7158006362672387,4055.85,0.4460305509876416,0.7123158477703482,0.14,57.76958848819864,377.6125842918254,-211.25011540169717,259.85,1141.0,881.15,19688.6,160.8,-3049.0,4177.7,33.56,2009,32271.3,16688.3,-5790.700000000001,4469.3,35.9,69593.3,17018.399999999998,-12862.2,9182.0,73.75999999999999,229050.2,18620.999999999996,-42548.100000000006,27628.1,141.07,16.980035756853397,551.0,588.95,551.0,565.8
2009-04-17,548.1,585.0,545.0,563.95,571.5287278218196,13245,890,7569898.0,2690.0,20.31,40.0,15.85,1239906600.0,0.0,-1.0353601825041636,4037.84,0.9356540954552184,0.7123081019953272,0.14,59.42016136182284,379.7428823331286,-211.11404726484355,259.85,1141.0,881.15,19688.6,160.8,-3049.0,4177.7,33.56,2009,32271.3,16688.3,-5790.700000000001,4469.3,35.9,69593.3,17018.399999999998,-12862.2,9182.0,73.75999999999999,229050.2,18620.999999999996,-42548.100000000006,27628.1,141.07,16.804231227651968,570.0,579.7,555.0,569.85
2009-04-16,565.0,595.0,541.0,544.7,563.5869305748956,10054,613,5666303.0,2311.0,22.99,54.0,-20.3,1239820200.0,0.0,-3.413423175813457,4000.41,-3.5150681957961005,0.712312456619698,0.13,65.05415825224891,384.2316162593335,-208.67620761703347,259.85,1141.0,881.15,19688.6,160.8,-3049.0,4177.7,33.56,2009,32271.3,16688.3,-5790.700000000001,4469.3,35.9,69593.3,17018.399999999998,-12862.2,9182.0,73.75999999999999,229050.2,18620.999999999996,-42548.100000000006,27628.1,141.07,16.230631704410012,548.1,585.0,545.0,563.95
2009-04-15,539.85,561.95,526.05,559.7,550.0435435435436,16650,619,9158225.0,8420.0,50.57,35.9,19.85,1239733800.0,0.0,2.7538094363870114,4146.15,3.4380815998642733,0.7114950439337123,0.15,60.630695015186674,367.21054472221215,-200.681063378276,259.85,1141.0,881.15,19688.6,160.8,-3049.0,4177.7,33.56,2009,32271.3,16688.3,-5790.700000000001,4469.3,35.9,69593.3,17018.399999999998,-12862.2,9182.0,73.75999999999999,229050.2,18620.999999999996,-42548.100000000006,27628.1,141.07,16.677592371871274,565.0,595.0,541.0,544.7
2009-04-13,534.0,544.0,529.0,533.6,535.1239699032604,5582,298,2987062.0,1821.0,32.62,15.0,-0.4,1239561000.0,0.0,-4.6632124352331665,4008.34,1.9565449633974552,0.7093789462556668,0.18,68.48763118440777,383.2736244929322,-203.45092047565257,259.85,1141.0,881.15,19688.6,160.8,-3049.0,4177.7,33.56,2009,32271.3,16688.3,-5790.700000000001,4469.3,35.9,69593.3,17018.399999999998,-12862.2,9182.0,73.75999999999999,229050.2,18620.999999999996,-42548.100000000006,27628.1,141.07,15.899880810488677,539.85,561.95,526.05,559.7
2009-04-09,534.0,549.0,526.05,529.6,535.1755745590592,3742,302,2002627.0,1592.0,42.54,22.95,-4.4,1239215400.0,0.0,-0.7496251874062998,3931.42,0.7826419099231208,0.7129481147901305,0.18,69.76019637462234,392.729090252377,-210.2869374833906,259.85,1141.0,881.15,19688.6,160.8,-3049.0,4177.7,33.56,2009,32271.3,16688.3,-5790.700000000001,4469.3,35.9,69593.3,17018.399999999998,-12862.2,9182.0,73.75999999999999,229050.2,18620.999999999996,-42548.100000000006,27628.1,141.07,15.780691299165673,534.0,544.0,529.0,533.6
2009-04-08,531.9,549.0,527.0,544.0,540.4105830475256,4082,259,2205956.0,2331.0,57.1,22.0,12.1,1239129000.0,0.0,2.7190332326283873,3900.89,2.387982918231657,0.7129138844991669,0.18,65.26654411764706,396.5853946150751,-217.51636559381126,259.85,1141.0,881.15,19688.6,160.8,-3049.0,4177.7,33.56,2009,32271.3,16688.3,-5790.700000000001,4469.3,35.9,69593.3,17018.399999999998,-12862.2,9182.0,73.75999999999999,229050.2,18620.999999999996,-42548.100000000006,27628.1,141.07,16.209773539928484,534.0,549.0,526.05,529.6
2009-04-06,551.3,558.0,535.0,538.6,544.7892857142857,7000,297,3813525.0,3779.0,53.99,23.0,-12.7,1238956200.0,0.0,-0.9926470588235259,3809.91,1.933300335772481,0.7125104169766959,0.2,66.92350538432972,408.4437690129163,-224.15443270320122,259.85,1141.0,881.15,19688.6,160.8,-3049.0,4177.7,33.56,2009,32271.3,16688.3,-5790.700000000001,4469.3,35.9,69593.3,17018.399999999998,-12862.2,9182.0,73.75999999999999,229050.2,18620.999999999996,-42548.100000000006,27628.1,141.07,16.048867699642432,531.9,549.0,527.0,544.0
2009-04-02,553.8,555.0,538.0,548.6,546.5213938738013,79462,955,43427683.0,60875.0,76.61,17.0,-5.2,1238610600.0,0.0,1.8566654288897144,3737.65,4.251331155881211,0.711623960662679,0.22,63.88078745898649,418.2735141064573,-233.83611001840177,259.85,1141.0,881.15,19688.6,160.8,-3049.0,4177.7,33.56,2009,32271.3,16688.3,-5790.700000000001,4469.3,35.9,69593.3,17018.399999999998,-12862.2,9182.0,73.75999999999999,229050.2,18620.999999999996,-42548.100000000006,27628.1,141.07,16.34684147794994,551.3,558.0,535.0,538.6
2009-04-01,568.0,568.0,528.1,534.4,536.5698193255797,13671,716,7335446.0,3740.0,27.36,39.9,-33.6,1238524200.0,0.0,-2.5884068538097105,3585.23,1.751084849568474,0.706799888388102,0.22,68.23540419161675,440.3070374843455,-243.03806478336918,259.85,1141.0,881.15,19688.6,160.8,-3049.0,4177.7,33.56,2009,32271.3,16688.3,-5790.700000000001,4469.3,35.9,69593.3,17018.399999999998,-12862.2,9182.0,73.75999999999999,229050.2,18620.999999999996,-42548.100000000006,27628.1,141.07,15.923718712753276,553.8,555.0,538.0,548.6
2009-03-31,520.15,562.0,520.15,551.0,544.2022431790973,47611,843,25910013.0,37091.0,77.9,41.85,30.85,1238437800.0,0.0,3.106287425149712,3523.53,1.7623053796234522,0.707367874353785,0.21,63.16696914700544,449.7682721588861,-255.0461102281862,259.85,1141.0,881.15,18750.1,148.8,-3108.7,3094.6,24.86,2009,35266.899999999994,331.0,-5909.8,6686.7,53.71,71185.2,16980.899999999998,-12325.1,10932.4,87.82000000000001,204694.90000000002,18391.499999999996,-37905.9,24974.699999999997,149.7,22.164119066773935,568.0,568.0,528.1,534.4
2009-03-30,520.15,543.0,516.0,530.8,529.6077340920848,7732,592,4094927.0,2310.0,29.88,27.0,10.65,1238351400.0,0.0,-3.666061705989121,3462.51,-3.974141732370806,0.7081377855313479,0.18,69.37641296156744,459.456867994605,-256.0348912859053,259.85,1141.0,881.15,18750.1,148.8,-3108.7,3094.6,24.86,2009,35266.899999999994,331.0,-5909.8,6686.7,53.71,71185.2,16980.899999999998,-12325.1,10932.4,87.82000000000001,204694.90000000002,18391.499999999996,-37905.9,24974.699999999997,149.7,21.351568785197102,520.15,562.0,520.15,551.0
2009-03-27,518.0,536.85,514.3,529.0,531.321973582679,110155,492,58527772.0,102026.0,92.62,22.55,11.0,1238092200.0,0.0,-0.33911077618687946,3605.81,1.225095938711518,0.7067858333913454,0.14,69.95274102079394,437.2232591290168,-239.11151454411356,259.85,1141.0,881.15,18750.1,148.8,-3108.7,3094.6,24.86,2009,35266.899999999994,331.0,-5909.8,6686.7,53.71,71185.2,16980.899999999998,-12325.1,10932.4,87.82000000000001,204694.90000000002,18391.499999999996,-37905.9,24974.699999999997,149.7,21.279163314561544,520.15,543.0,516.0,530.8
2009-03-26,500.0,525.0,500.0,519.85,515.0840102286402,13296,584,6848557.0,8766.0,65.93,25.0,19.85,1238005800.0,0.0,-1.7296786389413898,3562.17,2.7645874322772768,0.7063369550935782,0.15,72.9441184957199,443.80475945842,-240.57563341291433,259.85,1141.0,881.15,18750.1,148.8,-3108.7,3094.6,24.86,2009,35266.899999999994,331.0,-5909.8,6686.7,53.71,71185.2,16980.899999999998,-12325.1,10932.4,87.82000000000001,204694.90000000002,18391.499999999996,-37905.9,24974.699999999997,149.7,20.91110217216412,518.0,536.85,514.3,529.0
2009-03-25,515.0,532.0,493.0,513.45,515.0126367129765,27064,1267,13938302.0,8743.0,32.3,39.0,-1.55,1237919400.0,0.0,-1.2311243627969537,3466.34,1.823896599838437,0.7047038406436517,0.19,75.09981497711557,458.8387174945331,-248.30169774756712,259.85,1141.0,881.15,18750.1,148.8,-3108.7,3094.6,24.86,2009,35266.899999999994,331.0,-5909.8,6686.7,53.71,71185.2,16980.899999999998,-12325.1,10932.4,87.82000000000001,204694.90000000002,18391.499999999996,-37905.9,24974.699999999997,149.7,20.653660498793244,500.0,525.0,500.0,519.85
2009-03-24,529.0,529.0,480.1,510.0,508.2719155604175,33823,1220,17191281.0,20556.0,60.78,48.9,-19.0,1237833000.0,0.0,-0.6719252118025265,3404.25,0.0579023478373352,0.7040333899773006,0.21,76.28431372549018,469.03135786149664,-253.99157614350048,259.85,1141.0,881.15,18750.1,148.8,-3108.7,3094.6,24.86,2009,35266.899999999994,331.0,-5909.8,6686.7,53.71,71185.2,16980.899999999998,-12325.1,10932.4,87.82000000000001,204694.90000000002,18391.499999999996,-37905.9,24974.699999999997,149.7,20.514883346741755,515.0,532.0,493.0,513.45
2009-03-23,476.0,519.95,475.1,507.9,490.1845100938886,29077,808,14253095.0,17507.0,60.21,44.85,31.9,1237746600.0,0.0,-0.4117647058823559,3402.28,4.3797859807579,0.7041753015548895,0.22,77.01319157314433,469.3608403776291,-253.56420117148693,259.85,1141.0,881.15,18750.1,148.8,-3108.7,3094.6,24.86,2009,35266.899999999994,331.0,-5909.8,6686.7,53.71,71185.2,16980.899999999998,-12325.1,10932.4,87.82000000000001,204694.90000000002,18391.499999999996,-37905.9,24974.699999999997,149.7,20.430410297666935,529.0,529.0,480.1,510.0
2009-03-20,468.0,479.8,460.25,474.5,468.6558352402744,4370,261,2048026.0,1968.0,45.03,19.55,6.5,1237487400.0,0.0,-6.576097657019098,3259.52,-0.3543139790468719,0.6983816604539871,0.22,89.4731296101159,494.2976266444139,-255.80162367897498,259.85,1141.0,881.15,18750.1,148.8,-3108.7,3094.6,24.86,2009,35266.899999999994,331.0,-5909.8,6686.7,53.71,71185.2,16980.899999999998,-12325.1,10932.4,87.82000000000001,204694.90000000002,18391.499999999996,-37905.9,24974.699999999997,149.7,19.086886564762672,476.0,519.95,475.1,507.9
2009-03-19,462.0,480.0,455.1,470.55,468.21699544764806,5272,460,2468440.0,1832.0,34.75,24.9,8.55,1237401000.0,0.0,-0.8324552160168586,3271.11,0.3417209360822459,0.7078053749339148,0.2,91.06364892147485,492.19194707606897,-257.3708956431689,259.85,1141.0,881.15,18750.1,148.8,-3108.7,3094.6,24.86,2009,35266.899999999994,331.0,-5909.8,6686.7,53.71,71185.2,16980.899999999998,-12325.1,10932.4,87.82000000000001,204694.90000000002,18391.499999999996,-37905.9,24974.699999999997,149.7,18.927996781979083,468.0,479.8,460.25,474.5
2009-03-18,482.5,488.8,462.1,464.7,474.3304605820852,14156,433,6714622.0,6757.0,47.73,26.7,-17.8,1237314600.0,0.0,-1.2432260121134853,3259.97,1.4321984853481906,0.7079676991923799,0.21,93.46890466967936,494.215590941021,-256.48109693700724,259.85,1141.0,881.15,18750.1,148.8,-3108.7,3094.6,24.86,2009,35266.899999999994,331.0,-5909.8,6686.7,53.71,71185.2,16980.899999999998,-12325.1,10932.4,87.82000000000001,204694.90000000002,18391.499999999996,-37905.9,24974.699999999997,149.7,18.692679002413517,462.0,480.0,455.1,470.55
2009-03-17,472.0,490.0,468.35,477.1,470.74489320840377,34366,418,16177619.0,30618.0,89.09,21.65,5.1,1237228200.0,0.0,2.668388207445682,3213.94,-0.6632873833219977,0.7076974328027048,0.24,88.44057849507439,502.7259376341811,-267.4074295880956,259.85,1141.0,881.15,18750.1,148.8,-3108.7,3094.6,24.86,2009,35266.899999999994,331.0,-5909.8,6686.7,53.71,71185.2,16980.899999999998,-12325.1,10932.4,87.82000000000001,204694.90000000002,18391.499999999996,-37905.9,24974.699999999997,149.7,19.191472244569592,482.5,488.8,462.1,464.7
2009-03-16,478.0,486.0,468.35,481.5,478.6546786182772,9148,609,4378733.0,3421.0,37.4,17.65,3.5,1237141800.0,0.0,0.9222385244183506,3235.4,2.343001205188955,0.7088802101609653,0.24,86.71858774662513,498.7281325338444,-266.8897844067136,259.85,1141.0,881.15,18750.1,148.8,-3108.7,3094.6,24.86,2009,35266.899999999994,331.0,-5909.8,6686.7,53.71,71185.2,16980.899999999998,-12325.1,10932.4,87.82000000000001,204694.90000000002,18391.499999999996,-37905.9,24974.699999999997,149.7,19.368463395012068,472.0,490.0,468.35,477.1
2009-03-13,464.9,475.0,455.0,470.4,464.9584918713248,23128,645,10753560.0,16930.0,73.2,20.0,5.5,1236882600.0,0.0,-2.3052959501557724,3161.33,4.154888278279678,0.7071924383330565,0.2,91.12457482993197,512.7563398949176,-271.55139296342156,259.85,1141.0,881.15,18750.1,148.8,-3108.7,3094.6,24.86,2009,35266.899999999994,331.0,-5909.8,6686.7,53.71,71185.2,16980.899999999998,-12325.1,10932.4,87.82000000000001,204694.90000000002,18391.499999999996,-37905.9,24974.699999999997,149.7,18.921962992759454,478.0,486.0,468.35,481.5
2009-03-12,470.0,471.0,449.05,452.6,457.6241547298771,13753,816,6293705.0,5713.0,41.54,21.95,-17.4,1236796200.0,0.0,-3.7840136054421714,3035.22,1.749904459239282,0.7030694329496912,0.22,98.64118426866987,538.2156812356271,-279.8271342670453,259.85,1141.0,881.15,18750.1,148.8,-3108.7,3094.6,24.86,2009,35266.899999999994,331.0,-5909.8,6686.7,53.71,71185.2,16980.899999999998,-12325.1,10932.4,87.82000000000001,204694.90000000002,18391.499999999996,-37905.9,24974.699999999997,149.7,18.205953338696702,464.9,475.0,455.0,470.4
2009-03-09,485.0,498.0,462.15,467.4,482.5574300493769,17012,986,8209267.0,6344.0,37.29,35.85,-17.6,1236537000.0,0.0,3.2699955810870485,2983.02,-1.8045716693440128,0.7053504254906864,0.23,92.3513050919983,549.3838459011338,-295.22459377421325,259.85,1141.0,881.15,18750.1,148.8,-3108.7,3094.6,24.86,2009,35266.899999999994,331.0,-5909.8,6686.7,53.71,71185.2,16980.899999999998,-12325.1,10932.4,87.82000000000001,204694.90000000002,18391.499999999996,-37905.9,24974.699999999997,149.7,18.801287208366855,470.0,471.0,449.05,452.6
2009-03-06,467.0,497.85,465.0,495.75,486.7080931994072,24292,1314,11823113.0,8025.0,33.04,32.85,28.75,1236277800.0,0.0,6.065468549422337,3037.84,0.8736423014215289,0.7064901639525679,0.21,81.35148764498234,537.6652489927053,-298.5653593330422,259.85,1141.0,881.15,18750.1,148.8,-3108.7,3094.6,24.86,2009,35266.899999999994,331.0,-5909.8,6686.7,53.71,71185.2,16980.899999999998,-12325.1,10932.4,87.82000000000001,204694.90000000002,18391.499999999996,-37905.9,24974.699999999997,149.7,19.94167337087691,485.0,498.0,462.15,467.4
2009-03-05,485.0,485.0,468.0,475.95,475.2922103995181,9962,646,4734861.0,2441.0,24.5,17.0,-9.05,1236191400.0,0.0,-3.993948562783667,3011.53,-2.530650026539605,0.7135124618342917,0.2,88.89589242567497,543.2361623493706,-298.76717663727055,259.85,1141.0,881.15,18750.1,148.8,-3108.7,3094.6,24.86,2009,35266.899999999994,331.0,-5909.8,6686.7,53.71,71185.2,16980.899999999998,-12325.1,10932.4,87.82000000000001,204694.90000000002,18391.499999999996,-37905.9,24974.699999999997,149.7,19.14521319388576,467.0,497.85,465.0,495.75
2009-03-04,455.1,489.0,442.75,474.0,473.88609024189,23027,1645,10912175.0,2893.0,12.56,46.25,18.9,1236105000.0,0.0,-0.409706901985496,3089.72,0.2592699555119981,0.7155776694867428,0.26,89.67299578059071,526.9581062361638,-287.48040760296425,259.85,1141.0,881.15,18750.1,148.8,-3108.7,3094.6,24.86,2009,35266.899999999994,331.0,-5909.8,6686.7,53.71,71185.2,16980.899999999998,-12325.1,10932.4,87.82000000000001,204694.90000000002,18391.499999999996,-37905.9,24974.699999999997,149.7,19.06677393403057,485.0,485.0,468.0,475.95
2009-03-03,453.0,461.8,441.5,457.85,457.3745862778424,22358,451,10225981.0,13493.0,60.35,20.3,4.85,1236018600.0,0.0,-3.407172995780583,3081.73,-1.8272811547295544,0.7156130870092725,0.27,96.36343780714205,528.5836202392811,-281.97470288133434,259.85,1141.0,881.15,18750.1,148.8,-3108.7,3094.6,24.86,2009,35266.899999999994,331.0,-5909.8,6686.7,53.71,71185.2,16980.899999999998,-12325.1,10932.4,87.82000000000001,204694.90000000002,18391.499999999996,-37905.9,24974.699999999997,149.7,18.41713596138375,455.1,489.0,442.75,474.0
2009-03-02,451.0,463.0,450.1,451.75,455.8719409761634,44050,479,20081159.0,40296.0,91.48,12.9,0.75,1235932200.0,0.0,-1.3323140766626662,3139.09,-2.877996107805736,0.7175898652396439,0.28,99.01494189263973,517.097630204932,-272.1281517195895,259.85,1141.0,881.15,18750.1,148.8,-3108.7,3094.6,24.86,2009,35266.899999999994,331.0,-5909.8,6686.7,53.71,71185.2,16980.899999999998,-12325.1,10932.4,87.82000000000001,204694.90000000002,18391.499999999996,-37905.9,24974.699999999997,149.7,18.171761866452133,453.0,461.8,441.5,457.85
2009-02-27,476.0,487.9,457.1,470.4,472.54550313330935,74841,2743,35365778.0,32740.0,43.75,30.8,-5.6,1235673000.0,0.0,4.1283895960154915,3232.11,-0.3874033803025201,0.7158059662898918,0.26,91.12457482993197,499.3375844262726,-266.3781377439411,259.85,1141.0,881.15,18750.1,148.8,-3108.7,3094.6,24.86,2009,35266.899999999994,331.0,-5909.8,6686.7,53.71,71185.2,16980.899999999998,-12325.1,10932.4,87.82000000000001,204694.90000000002,18391.499999999996,-37905.9,24974.699999999997,149.7,18.921962992759454,451.0,463.0,450.1,451.75
2009-02-26,439.9,481.0,439.9,475.55,452.552482139586,81885,2368,37057260.0,43170.0,52.72,41.1,35.65,1235586600.0,0.0,1.0948129251700855,3244.68,0.2899267455877208,0.719142676331427,0.27,89.054778677321,497.01573036478175,-268.4462753134176,259.85,1141.0,881.15,18750.1,148.8,-3108.7,3094.6,24.86,2009,35266.899999999994,331.0,-5909.8,6686.7,53.71,71185.2,16980.899999999998,-12325.1,10932.4,87.82000000000001,204694.90000000002,18391.499999999996,-37905.9,24974.699999999997,149.7,19.12912308930008,476.0,487.9,457.1,470.4
2009-02-25,428.0,448.7,427.3,438.85,436.4078543220711,13674,780,5967441.0,5604.0,40.98,21.4,10.85,1235500200.0,0.0,-7.717379875933128,3235.3,0.7404593463531395,0.7192639406587369,0.3,104.86498803691467,498.7466386424752,-253.9497054811735,259.85,1141.0,881.15,18750.1,148.8,-3108.7,3094.6,24.86,2009,35266.899999999994,331.0,-5909.8,6686.7,53.71,71185.2,16980.899999999998,-12325.1,10932.4,87.82000000000001,204694.90000000002,18391.499999999996,-37905.9,24974.699999999997,149.7,17.65285599356396,439.9,481.0,439.9,475.55
2009-02-24,405.15,429.0,405.15,421.95,419.21791994014205,5346,404,2241139.0,1891.0,35.37,23.85,16.8,1235413800.0,0.0,-3.850974136948848,3211.52,-0.6941932052554556,0.7331739925075922,0.32,113.07026898921673,503.1801140892786,-255.93368853044296,259.85,1141.0,881.15,18750.1,148.8,-3108.7,3094.6,24.86,2009,35266.899999999994,331.0,-5909.8,6686.7,53.71,71185.2,16980.899999999998,-12325.1,10932.4,87.82000000000001,204694.90000000002,18391.499999999996,-37905.9,24974.699999999997,149.7,16.973049074818988,428.0,448.7,427.3,438.85
2009-02-20,411.0,422.0,410.0,419.1,419.7496326606528,53765,265,22567839.0,51880.0,96.49,12.0,8.1,1235068200.0,0.0,-0.6754354781372096,3233.97,-2.024660688317992,0.7369107271048483,0.27,114.51920782629443,498.9928787218187,-253.2650313564241,259.85,1141.0,881.15,18750.1,148.8,-3108.7,3094.6,24.86,2009,35266.899999999994,331.0,-5909.8,6686.7,53.71,71185.2,16980.899999999998,-12325.1,10932.4,87.82000000000001,204694.90000000002,18391.499999999996,-37905.9,24974.699999999997,149.7,16.858407079646017,405.15,429.0,405.15,421.95
2009-02-19,420.0,425.25,416.0,418.9,420.1405499781754,6873,254,2887626.0,2917.0,42.44,9.25,-1.1,1234981800.0,0.0,-0.04772130756384163,3300.8,0.1659924802675405,0.7359658963705151,0.3,114.6216280735259,486.8653053805138,-243.77384304363736,259.85,1141.0,881.15,18750.1,148.8,-3108.7,3094.6,24.86,2009,35266.899999999994,331.0,-5909.8,6686.7,53.71,71185.2,16980.899999999998,-12325.1,10932.4,87.82000000000001,204694.90000000002,18391.499999999996,-37905.9,24974.699999999997,149.7,16.850362027353178,411.0,422.0,410.0,419.1
2009-02-18,391.25,428.0,391.25,418.7,414.9362471245482,9129,485,3787953.0,2514.0,27.54,36.75,27.45,1234895400.0,0.0,-0.047744091668655564,3295.33,-0.1953491752933356,0.7359597008106381,0.31,114.72414616670648,487.83945765674457,-244.3878876267239,259.85,1141.0,881.15,18750.1,148.8,-3108.7,3094.6,24.86,2009,35266.899999999994,331.0,-5909.8,6686.7,53.71,71185.2,16980.899999999998,-12325.1,10932.4,87.82000000000001,204694.90000000002,18391.499999999996,-37905.9,24974.699999999997,149.7,16.84231697506034,420.0,425.25,416.0,418.9
2009-02-17,412.05,422.0,403.05,410.15,418.23585241676966,47729,464,19961979.0,45186.0,94.67,18.95,-1.9,1234809000.0,0.0,-2.0420348698352075,3301.78,-2.7157147276771765,0.7359772071225047,0.32,119.20029257588686,486.6911181241633,-239.07776456618467,259.85,1141.0,881.15,18750.1,148.8,-3108.7,3094.6,24.86,2009,35266.899999999994,331.0,-5909.8,6686.7,53.71,71185.2,16980.899999999998,-12325.1,10932.4,87.82000000000001,204694.90000000002,18391.499999999996,-37905.9,24974.699999999997,149.7,16.49839098954143,391.25,428.0,391.25,418.7
2009-02-16,434.0,437.0,418.35,422.5,426.4346494213751,5876,449,2505730.0,1202.0,20.46,18.65,-11.5,1234722600.0,0.0,3.0110935023771823,3393.95,-3.277884963393818,0.7350609476430802,,112.79289940828403,470.7582610232914,,259.85,1141.0,881.15,18750.1,148.8,-3108.7,3094.6,24.86,2009,35266.899999999994,331.0,-5909.8,6686.7,53.71,71185.2,16980.899999999998,-12325.1,10932.4,87.82000000000001,204694.90000000002,18391.499999999996,-37905.9,24974.699999999997,149.7,16.995172968624296,412.05,422.0,403.05,410.15
2009-02-13,417.0,429.0,414.0,420.25,422.66199671841474,7923,436,3348751.0,1612.0,20.35,15.0,3.25,1234463400.0,0.0,-0.5325443786982298,3508.97,1.656237325453369,0.7336663018789562,0.29,113.93218322427128,452.04946180788096,-217.79851045914432,259.85,1141.0,881.15,18750.1,148.8,-3108.7,3094.6,24.86,2009,35266.899999999994,331.0,-5909.8,6686.7,53.71,71185.2,16980.899999999998,-12325.1,10932.4,87.82000000000001,204694.90000000002,18391.499999999996,-37905.9,24974.699999999997,149.7,16.904666130329847,434.0,437.0,418.35,422.5
2009-02-12,419.9,420.95,411.15,412.45,415.8877323420073,1345,143,559369.0,656.0,48.77,9.8,-7.45,1234377000.0,0.0,-1.8560380725758496,3451.8,-0.9978230878881612,0.7328256391834904,0.29,117.97793671960237,461.1927110493076,-220.07338710651004,259.85,1141.0,881.15,18750.1,148.8,-3108.7,3094.6,24.86,2009,35266.899999999994,331.0,-5909.8,6686.7,53.71,71185.2,16980.899999999998,-12325.1,10932.4,87.82000000000001,204694.90000000002,18391.499999999996,-37905.9,24974.699999999997,149.7,16.59090909090909,417.0,429.0,414.0,420.25
2009-02-11,405.25,423.5,405.25,419.95,417.1479654747226,2433,189,1014921.0,700.0,28.77,18.25,14.7,1234290600.0,0.0,1.8184022305734127,3486.59,-0.1008564199982187,0.7335972080857517,0.3,114.0850101202524,455.593000610912,-220.21666398889707,259.85,1141.0,881.15,18750.1,148.8,-3108.7,3094.6,24.86,2009,35266.899999999994,331.0,-5909.8,6686.7,53.71,71185.2,16980.899999999998,-12325.1,10932.4,87.82000000000001,204694.90000000002,18391.499999999996,-37905.9,24974.699999999997,149.7,16.892598551890586,419.9,420.95,411.15,412.45
2009-02-10,409.0,419.95,409.0,417.35,416.77114293434215,3701,166,1542470.0,2719.0,73.47,10.95,8.35,1234204200.0,0.0,-0.6191213239671312,3490.11,0.6854472283525981,0.7341703994443721,0.31,115.41871331017131,455.0326494007352,-218.7351958367696,259.85,1141.0,881.15,18750.1,148.8,-3108.7,3094.6,24.86,2009,35266.899999999994,331.0,-5909.8,6686.7,53.71,71185.2,16980.899999999998,-12325.1,10932.4,87.82000000000001,204694.90000000002,18391.499999999996,-37905.9,24974.699999999997,149.7,16.78801287208367,405.25,423.5,405.25,419.95
2009-02-09,420.0,422.0,410.0,411.85,415.0401942723161,5971,344,2478205.0,2264.0,37.92,12.0,-8.15,1234117800.0,0.0,-1.3178387444590878,3466.35,2.6051255942267426,0.7341452996855045,0.32,118.29549593298529,458.83710531250455,-218.64268175759335,259.85,1141.0,881.15,18750.1,148.8,-3108.7,3094.6,24.86,2009,35266.899999999994,331.0,-5909.8,6686.7,53.71,71185.2,16980.899999999998,-12325.1,10932.4,87.82000000000001,204694.90000000002,18391.499999999996,-37905.9,24974.699999999997,149.7,16.56677393403057,409.0,419.95,409.0,417.35
2009-02-06,410.0,422.0,410.0,416.6,416.716805111821,7825,381,3260809.0,3164.0,40.43,12.0,6.6,1233858600.0,0.0,1.1533325239771797,3378.34,2.0384493408037274,0.7323798539866916,0.28,115.8065290446471,473.3955137730365,-230.9737418512879,259.85,1141.0,881.15,18750.1,148.8,-3108.7,3094.6,24.86,2009,35266.899999999994,331.0,-5909.8,6686.7,53.71,71185.2,16980.899999999998,-12325.1,10932.4,87.82000000000001,204694.90000000002,18391.499999999996,-37905.9,24974.699999999997,149.7,16.75784392598552,420.0,422.0,410.0,411.85
2009-02-05,409.0,414.75,402.25,410.1,409.6823282956756,6683,332,2737907.0,3221.0,48.2,12.5,1.1,1233772200.0,0.0,-1.5602496399423904,3310.85,-0.8947119500469891,0.7310973280795937,0.29,119.22701780053644,485.083890843741,-235.49450046463284,259.85,1141.0,881.15,18750.1,148.8,-3108.7,3094.6,24.86,2009,35266.899999999994,331.0,-5909.8,6686.7,53.71,71185.2,16980.899999999998,-12325.1,10932.4,87.82000000000001,204694.90000000002,18391.499999999996,-37905.9,24974.699999999997,149.7,16.496379726468223,410.0,422.0,410.0,416.6
2009-02-04,415.0,418.0,407.0,411.25,412.5386815171583,6644,409,2740907.0,1508.0,22.7,11.0,-3.75,1233685800.0,0.0,0.28041940990002345,3340.74,0.3399991590126827,0.7316666698696194,0.3,118.61398176291793,479.84907535456216,-232.55609324080973,259.85,1141.0,881.15,18750.1,148.8,-3108.7,3094.6,24.86,2009,35266.899999999994,331.0,-5909.8,6686.7,53.71,71185.2,16980.899999999998,-12325.1,10932.4,87.82000000000001,204694.90000000002,18391.499999999996,-37905.9,24974.699999999997,149.7,16.542638777152053,409.0,414.75,402.25,410.1
2009-02-03,392.25,416.65,392.0,411.7,407.215114265928,11552,943,4704149.0,3219.0,27.87,24.65,19.45,1233599400.0,0.0,0.10942249240122326,3329.42,0.3130432686658357,0.7315999338033368,0.32,118.37503036191399,481.8205573343104,-234.2107455101373,259.85,1141.0,881.15,18750.1,148.8,-3108.7,3094.6,24.86,2009,35266.899999999994,331.0,-5909.8,6686.7,53.71,71185.2,16980.899999999998,-12325.1,10932.4,87.82000000000001,204694.90000000002,18391.499999999996,-37905.9,24974.699999999997,149.7,16.560740144810943,415.0,418.0,407.0,411.25
2009-02-02,396.0,402.85,386.05,389.8,393.1496786042241,3267,318,1284420.0,715.0,21.89,16.8,-6.2,1233513000.0,0.0,-5.31940733543842,3319.03,-3.143785966919188,0.731545095432839,0.27,130.6439199589533,483.6419074247596,-223.23442818764585,259.85,1141.0,881.15,18750.1,148.8,-3108.7,3094.6,24.86,2009,35266.899999999994,331.0,-5909.8,6686.7,53.71,71185.2,16980.899999999998,-12325.1,10932.4,87.82000000000001,204694.90000000002,18391.499999999996,-37905.9,24974.699999999997,149.7,15.679806918744973,392.25,416.65,392.0,411.7
2009-01-30,410.0,416.7,390.5,396.4,402.6971271834848,6927,562,2789483.0,3127.0,45.14,26.2,-13.6,1233253800.0,0.0,1.6931759876859909,3426.76,1.8641221147129183,0.7359030642793102,0.24,126.80373360242179,465.2934550420805,-215.67052901672565,259.85,1141.0,881.15,18750.1,148.8,-3108.7,3094.6,24.86,2009,35266.899999999994,331.0,-5909.8,6686.7,53.71,71185.2,16980.899999999998,-12325.1,10932.4,87.82000000000001,204694.90000000002,18391.499999999996,-37905.9,24974.699999999997,149.7,15.945293644408688,396.0,402.85,386.05,389.8
2009-01-29,409.95,426.3,403.1,416.45,417.03866935924026,36644,1094,15281965.0,14688.0,40.08,23.2,6.5,1233167400.0,0.0,5.0580221997981845,3364.05,-0.4857312740535913,0.7351274955172743,0.23,115.88425981510385,475.8312153505447,-233.97327049051393,259.85,1141.0,881.15,18750.1,148.8,-3108.7,3094.6,24.86,2009,35266.899999999994,331.0,-5909.8,6686.7,53.71,71185.2,16980.899999999998,-12325.1,10932.4,87.82000000000001,204694.90000000002,18391.499999999996,-37905.9,24974.699999999997,149.7,16.75181013676589,410.0,416.7,390.5,396.4
2009-01-28,391.5,419.8,385.0,416.3,415.12950569235807,109972,673,45652622.0,104213.0,94.76,34.8,24.8,1233081000.0,0.0,-0.036018729739462074,3380.47,2.669647114563989,0.7405473820677688,0.19,115.96204660100886,473.0342230518242,-234.3915049058877,259.85,1141.0,881.15,18750.1,148.8,-3108.7,3094.6,24.86,2009,35266.899999999994,331.0,-5909.8,6686.7,53.71,71185.2,16980.899999999998,-12325.1,10932.4,87.82000000000001,204694.90000000002,18391.499999999996,-37905.9,24974.699999999997,149.7,16.74577634754626,409.95,426.3,403.1,416.45
2009-01-27,400.0,407.0,386.15,389.55,395.7618597618598,5291,423,2093976.0,1792.0,33.87,20.85,-10.45,1232994600.0,0.0,-6.425654576026907,3292.57,2.748963950469352,0.7380544539282085,0.13,130.79193941727632,488.3322146529914,-229.65787952497928,259.85,1141.0,881.15,18750.1,148.8,-3108.7,3094.6,24.86,2009,35266.899999999994,331.0,-5909.8,6686.7,53.71,71185.2,16980.899999999998,-12325.1,10932.4,87.82000000000001,204694.90000000002,18391.499999999996,-37905.9,24974.699999999997,149.7,15.669750603378922,391.5,419.8,385.0,416.3
2009-01-23,390.0,399.0,383.2,395.2,393.5257018209408,10544,539,4149335.0,5268.0,49.96,15.8,5.2,1232649000.0,0.0,1.4503914773456472,3204.48,-1.7585166654403683,0.7461451292279947,0.11,127.4924089068826,504.50525514280014,-248.96965392362938,259.85,1141.0,881.15,18750.1,148.8,-3108.7,3094.6,24.86,2009,35266.899999999994,331.0,-5909.8,6686.7,53.71,71185.2,16980.899999999998,-12325.1,10932.4,87.82000000000001,204694.90000000002,18391.499999999996,-37905.9,24974.699999999997,149.7,15.897023330651649,400.0,407.0,386.15,389.55
2009-01-22,403.0,405.0,381.9,389.75,388.5532497478024,20817,763,8088513.0,11269.0,54.13,23.1,-13.25,1232562600.0,0.0,-1.3790485829959453,3261.84,-0.4273713001855972,0.7456186366172106,0.1,130.67350865939704,493.8749294876511,-237.5942810609447,259.85,1141.0,881.15,18750.1,148.8,-3108.7,3094.6,24.86,2009,35266.899999999994,331.0,-5909.8,6686.7,53.71,71185.2,16980.899999999998,-12325.1,10932.4,87.82000000000001,204694.90000000002,18391.499999999996,-37905.9,24974.699999999997,149.7,15.677795655671762,390.0,399.0,383.2,395.2
2009-01-21,389.0,394.7,384.8,389.85,390.2606475032714,23691,774,9245665.0,9583.0,40.45,9.9,0.85,1232476200.0,0.0,0.02565747273894914,3275.84,-2.994696429047328,0.7462534244705321,0.11,130.61433884827497,491.3368784800234,-236.07540140941242,259.85,1141.0,881.15,18750.1,148.8,-3108.7,3094.6,24.86,2009,35266.899999999994,331.0,-5909.8,6686.7,53.71,71185.2,16980.899999999998,-12325.1,10932.4,87.82000000000001,204694.90000000002,18391.499999999996,-37905.9,24974.699999999997,149.7,15.681818181818183,403.0,405.0,381.9,389.75
2009-01-20,378.0,395.0,373.0,389.45,384.45858363369376,29964,1277,11519917.0,9134.0,30.48,22.0,11.45,1232389800.0,0.0,-0.10260356547391325,3376.97,-1.915240305439292,0.743566967414836,0.13,130.8512004108358,473.6281340965422,-221.35637123591343,259.85,1141.0,881.15,18750.1,148.8,-3108.7,3094.6,24.86,2009,35266.899999999994,331.0,-5909.8,6686.7,53.71,71185.2,16980.899999999998,-12325.1,10932.4,87.82000000000001,204694.90000000002,18391.499999999996,-37905.9,24974.699999999997,149.7,15.665728077232503,389.0,394.7,384.8,389.85
2009-01-19,395.0,415.0,360.0,380.9,389.25360928756805,150653,4412,58642224.0,41262.0,27.39,55.0,-14.1,1232303400.0,0.0,-2.1954037745538613,3442.91,0.3289991316054896,0.7425418736767074,,136.0330795484379,462.64177686898586,,259.85,1141.0,881.15,18750.1,148.8,-3108.7,3094.6,24.86,2009,35266.899999999994,331.0,-5909.8,6686.7,53.71,71185.2,16980.899999999998,-12325.1,10932.4,87.82000000000001,204694.90000000002,18391.499999999996,-37905.9,24974.699999999997,149.7,15.321802091713595,378.0,395.0,373.0,389.45
2009-01-16,365.0,378.0,354.0,373.1,370.7375154684444,50102,653,18574691.0,41730.0,83.29,24.0,8.1,1232044200.0,0.0,-2.0477815699658564,3431.62,2.298086468149041,0.7439675703810986,0.12,140.96756901634947,464.49286342893447,-204.63078193978865,259.85,1141.0,881.15,18750.1,148.8,-3108.7,3094.6,24.86,2009,35266.899999999994,331.0,-5909.8,6686.7,53.71,71185.2,16980.899999999998,-12325.1,10932.4,87.82000000000001,204694.90000000002,18391.499999999996,-37905.9,24974.699999999997,149.7,15.008045052292841,395.0,415.0,360.0,380.9
2009-01-15,343.0,361.95,343.0,356.85,355.7496339677892,3415,294,1214885.0,1091.0,31.95,18.95,13.85,1231957800.0,0.0,-4.355400696864109,3354.53,-3.0406997077806586,0.7433750977788038,0.11,151.94059128485353,477.4653975370618,-203.02352403449956,259.85,1141.0,881.15,18750.1,148.8,-3108.7,3094.6,24.86,2009,35266.899999999994,331.0,-5909.8,6686.7,53.71,71185.2,16980.899999999998,-12325.1,10932.4,87.82000000000001,204694.90000000002,18391.499999999996,-37905.9,24974.699999999997,149.7,14.3543845534996,365.0,378.0,354.0,373.1
2009-01-14,374.0,378.8,357.0,361.55,372.048844744572,33023,419,12286169.0,30209.0,91.48,21.8,-12.45,1231871400.0,0.0,1.3170800056045984,3459.73,2.907512834698611,0.7458690582372217,0.12,148.66546812335773,459.906408881618,-194.39498765944884,259.85,1141.0,881.15,18750.1,148.8,-3108.7,3094.6,24.86,2009,35266.899999999994,331.0,-5909.8,6686.7,53.71,71185.2,16980.899999999998,-12325.1,10932.4,87.82000000000001,204694.90000000002,18391.499999999996,-37905.9,24974.699999999997,149.7,14.543443282381336,343.0,361.95,343.0,356.85
2009-01-13,376.0,376.0,363.0,365.05,369.1678240740741,12960,509,4784415.0,5069.0,39.11,13.0,-10.95,1231785000.0,0.0,0.968054211035807,3361.98,-0.9028447124780016,0.7430896844544135,0.11,146.2813313244761,476.1857595821509,-207.59565463981963,259.85,1141.0,881.15,18750.1,148.8,-3108.7,3094.6,24.86,2009,35266.899999999994,331.0,-5909.8,6686.7,53.71,71185.2,16980.899999999998,-12325.1,10932.4,87.82000000000001,204694.90000000002,18391.499999999996,-37905.9,24974.699999999997,149.7,14.684231697506034,374.0,378.8,357.0,361.55
2009-01-12,393.65,396.95,375.0,379.05,381.88045075943165,4082,277,1558836.0,2917.0,71.46,21.95,-14.6,1231698600.0,0.0,3.8350910834132224,3392.61,-2.851783975717304,0.7429988415415806,0.12,137.18506793299036,470.9836969177123,-212.78611340085575,259.85,1141.0,881.15,18750.1,148.8,-3108.7,3094.6,24.86,2009,35266.899999999994,331.0,-5909.8,6686.7,53.71,71185.2,16980.899999999998,-12325.1,10932.4,87.82000000000001,204694.90000000002,18391.499999999996,-37905.9,24974.699999999997,149.7,15.247385358004827,376.0,376.0,363.0,365.05
2009-01-09,394.8,405.85,385.0,393.65,397.3725832750989,8586,399,3411841.0,5271.0,61.39,20.85,-1.15,1231439400.0,0.0,3.8517345996570196,3492.2,-2.1367820762515977,0.7436177009482732,0.07,128.3881620729074,454.7004753450548,-209.75310678420288,259.85,1141.0,881.15,18750.1,148.8,-3108.7,3094.6,24.86,2009,35266.899999999994,331.0,-5909.8,6686.7,53.71,71185.2,16980.899999999998,-12325.1,10932.4,87.82000000000001,204694.90000000002,18391.499999999996,-37905.9,24974.699999999997,149.7,15.834674175382139,393.65,396.95,375.0,379.05
2009-01-07,428.0,437.75,390.0,410.15,421.2594776283888,18148,1045,7645017.0,5595.0,30.83,47.75,-17.85,1231266600.0,0.0,4.191540708751429,3568.45,-7.03723772853504,0.7454163857757274,0.11,119.20029257588686,442.8477350109992,-210.9336697025439,259.85,1141.0,881.15,18750.1,148.8,-3108.7,3094.6,24.86,2009,35266.899999999994,331.0,-5909.8,6686.7,53.71,71185.2,16980.899999999998,-12325.1,10932.4,87.82000000000001,204694.90000000002,18391.499999999996,-37905.9,24974.699999999997,149.7,16.49839098954143,394.8,405.85,385.0,393.65
2009-01-06,381.2,434.9,380.0,428.65,400.3243566590395,219829,1631,88002903.0,196754.0,89.5,54.9,47.45,1231180200.0,0.0,4.510544922589288,3838.58,0.387839163125192,0.733086169407084,0.14,109.73988102181265,404.6462493943073,-186.9380558478867,259.85,1141.0,881.15,18750.1,148.8,-3108.7,3094.6,24.86,2009,35266.899999999994,331.0,-5909.8,6686.7,53.71,71185.2,16980.899999999998,-12325.1,10932.4,87.82000000000001,204694.90000000002,18391.499999999996,-37905.9,24974.699999999997,149.7,17.242558326629123,428.0,437.75,390.0,410.15
2009-01-05,395.95,403.5,380.0,383.4,393.7066214196259,24753,379,9745420.0,22953.0,92.73,23.5,-12.55,1231093800.0,0.0,-10.55639799370115,3823.75,2.6405359990121724,0.7374919885973714,0.14,134.4940010432968,406.6034651847008,-165.4095481879466,259.85,1141.0,881.15,18750.1,148.8,-3108.7,3094.6,24.86,2009,35266.899999999994,331.0,-5909.8,6686.7,53.71,71185.2,16980.899999999998,-12325.1,10932.4,87.82000000000001,204694.90000000002,18391.499999999996,-37905.9,24974.699999999997,149.7,15.422365245374094,381.2,434.9,380.0,428.65
2009-01-02,399.3,405.0,383.0,389.05,393.8598146588037,5935,347,2337558.0,1330.0,22.41,22.0,-10.25,1230834600.0,0.0,1.473656755346897,3725.38,0.9109500914200596,0.7652783699276398,0.08,131.08854902968767,419.980512055146,-190.3322303676557,259.85,1141.0,881.15,18750.1,148.8,-3108.7,3094.6,24.86,2009,35266.899999999994,331.0,-5909.8,6686.7,53.71,71185.2,16980.899999999998,-12325.1,10932.4,87.82000000000001,204694.90000000002,18391.499999999996,-37905.9,24974.699999999997,149.7,15.649637972646824,395.95,403.5,380.0,383.4
2009-01-01,389.25,398.95,385.1,396.55,392.85588235294114,3060,257,1202139.0,1479.0,48.33,13.85,7.3,1230748200.0,0.0,1.9277727798483468,3691.75,2.6384197283734423,0.7653029490922579,,126.7179422519228,424.7172750050789,,259.85,1141.0,881.15,18750.1,148.8,-3108.7,3094.6,24.86,2009,35266.899999999994,331.0,-5909.8,6686.7,53.71,71185.2,16980.899999999998,-12325.1,10932.4,87.82000000000001,204694.90000000002,18391.499999999996,-37905.9,24974.699999999997,149.7,15.95132743362832,399.3,405.0,383.0,389.05
2008-12-31,394.0,397.0,381.0,383.1,388.2781201848998,10384,577,4031880.0,2839.0,27.34,16.0,-10.9,1230661800.0,0.0,-3.391753877190773,3596.85,-0.3256110402926393,0.7633870477062499,0.11,134.6776298616549,438.5615191069964,-200.1405808717555,259.85,1141.0,881.15,16371.4,63.8,-2707.7,2383.6,19.15,2008,38438.7,309.6,-6157.7,7272.299999999999,58.42,70710.0,16997.899999999998,-11948.4,11741.599999999999,94.32,177885.7,17882.3,-32809.4,20801.6,148.04,20.005221932114885,389.25,398.95,385.1,396.55
2008-12-30,370.2,385.0,370.0,382.2,377.7562945368172,12630,458,4771062.0,8429.0,66.74,15.0,12.0,1230575400.0,0.0,-0.2349256068911565,3608.6,1.8961159976845776,0.7670156819760452,0.1,135.23024594453165,436.8079033420164,-199.83156436167388,259.85,1141.0,881.15,16371.4,63.8,-2707.7,2383.6,19.15,2008,38438.7,309.6,-6157.7,7272.299999999999,58.42,70710.0,16997.899999999998,-11948.4,11741.599999999999,94.32,177885.7,17882.3,-32809.4,20801.6,148.04,19.95822454308094,394.0,397.0,381.0,383.1
2008-12-29,351.0,373.0,351.0,370.8,367.3079541383016,5582,380,2050313.0,3506.0,62.81,22.0,19.8,1230489000.0,0.0,-2.982731554160123,3541.45,2.0752568850970654,0.7656635228673618,0.06,142.46224379719524,446.9864038741194,-199.79300105550436,259.85,1141.0,881.15,16371.4,63.8,-2707.7,2383.6,19.15,2008,38438.7,309.6,-6157.7,7272.299999999999,58.42,70710.0,16997.899999999998,-11948.4,11741.599999999999,94.32,177885.7,17882.3,-32809.4,20801.6,148.04,19.362924281984338,370.2,385.0,370.0,382.2
2008-12-26,373.9,373.9,360.1,361.85,364.81478991596646,2975,249,1085324.0,1517.0,50.99,13.8,-12.05,1230229800.0,0.0,-2.413700107874861,3469.45,-1.99598317566404,0.7668745623790015,0.03,148.45930634240702,458.3377768810618,-203.0352694881503,259.85,1141.0,881.15,16371.4,63.8,-2707.7,2383.6,19.15,2008,38438.7,309.6,-6157.7,7272.299999999999,58.42,70710.0,16997.899999999998,-11948.4,11741.599999999999,94.32,177885.7,17882.3,-32809.4,20801.6,148.04,18.895561357702352,351.0,373.0,351.0,370.8
2008-12-24,347.75,378.0,325.0,358.0,355.2908854320696,33814,1252,12013806.0,22155.0,65.52,53.0,10.25,1230057000.0,0.0,-1.0639767859610405,3540.11,-1.0169216659956182,0.7676284788112533,,151.1312849162011,447.1934487911393,,259.85,1141.0,881.15,16371.4,63.8,-2707.7,2383.6,19.15,2008,38438.7,309.6,-6157.7,7272.299999999999,58.42,70710.0,16997.899999999998,-11948.4,11741.599999999999,94.32,177885.7,17882.3,-32809.4,20801.6,148.04,18.694516971279374,373.9,373.9,360.1,361.85
2008-12-23,356.05,364.0,348.1,358.05,357.5026527468765,11686,911,4177776.0,2107.0,18.03,15.9,2.0,1229970600.0,0.0,0.01396648044693638,3576.48,-2.541058878991098,0.7678504723086788,0.02,151.09621561234462,441.6289200554736,-188.01340222797631,259.85,1141.0,881.15,16371.4,63.8,-2707.7,2383.6,19.15,2008,38438.7,309.6,-6157.7,7272.299999999999,58.42,70710.0,16997.899999999998,-11948.4,11741.599999999999,94.32,177885.7,17882.3,-32809.4,20801.6,148.04,18.697127937336816,347.75,378.0,325.0,358.0
2008-12-22,365.0,369.8,354.0,358.85,360.2162094763092,8020,421,2888934.0,2064.0,25.74,15.8,-6.15,1229884200.0,0.0,0.22343248149701012,3669.73,-1.1941045965622732,0.7657611796081639,0.01,150.53643583670055,427.8658102912203,-177.10893415411113,259.85,1141.0,881.15,16371.4,63.8,-2707.7,2383.6,19.15,2008,38438.7,309.6,-6157.7,7272.299999999999,58.42,70710.0,16997.899999999998,-11948.4,11741.599999999999,94.32,177885.7,17882.3,-32809.4,20801.6,148.04,18.73890339425588,356.05,364.0,348.1,358.05
2008-12-19,360.0,371.0,352.8,359.0,364.369070750943,8749,517,3187865.0,4086.0,46.7,18.2,-1.0,1229625000.0,0.0,0.04180019506756505,3714.08,0.7954363501656792,0.7653379484760512,0.02,150.4317548746518,421.5625403868522,-172.2107481804046,259.85,1141.0,881.15,16371.4,63.8,-2707.7,2383.6,19.15,2008,38438.7,309.6,-6157.7,7272.299999999999,58.42,70710.0,16997.899999999998,-11948.4,11741.599999999999,94.32,177885.7,17882.3,-32809.4,20801.6,148.04,18.7467362924282,365.0,369.8,354.0,358.85
2008-12-18,365.0,383.0,352.25,359.35,368.3080219295482,15869,646,5844680.0,5386.0,33.94,30.75,-5.65,1229538600.0,0.0,0.09749303621171546,3684.77,3.4704788862118807,0.765069970162293,,150.18783915402807,425.7112384219368,,259.85,1141.0,881.15,16371.4,63.8,-2707.7,2383.6,19.15,2008,38438.7,309.6,-6157.7,7272.299999999999,58.42,70710.0,16997.899999999998,-11948.4,11741.599999999999,94.32,177885.7,17882.3,-32809.4,20801.6,148.04,18.76501305483029,360.0,371.0,352.8,359.0
2008-12-17,372.0,380.0,363.0,367.15,368.1722537390408,21329,709,7852746.0,10191.0,47.78,17.0,-4.85,1229452200.0,0.0,2.1705857798803185,3561.18,-2.81179299221388,0.7605108436693816,0.05,144.87266784692906,443.9559359538131,-192.77261001515183,259.85,1141.0,881.15,16371.4,63.8,-2707.7,2383.6,19.15,2008,38438.7,309.6,-6157.7,7272.299999999999,58.42,70710.0,16997.899999999998,-11948.4,11741.599999999999,94.32,177885.7,17882.3,-32809.4,20801.6,148.04,19.172323759791123,365.0,383.0,352.25,359.35
2008-12-16,348.1,380.0,340.0,371.95,364.4781216648881,29984,961,10928512.0,12837.0,42.81,40.0,23.85,1229365800.0,0.0,1.3073675609424074,3664.21,1.906748432133276,0.7588460014167435,0.04,141.71259577900256,428.6610210659324,-183.58475218004205,259.85,1141.0,881.15,16371.4,63.8,-2707.7,2383.6,19.15,2008,38438.7,309.6,-6157.7,7272.299999999999,58.42,70710.0,16997.899999999998,-11948.4,11741.599999999999,94.32,177885.7,17882.3,-32809.4,20801.6,148.04,19.422976501305484,372.0,380.0,363.0,367.15
2008-12-15,346.75,361.05,339.0,347.85,352.4889090947537,47291,949,16669553.0,30993.0,65.54,22.05,1.1,1229279400.0,0.0,-6.479365506116408,3595.65,2.2525622504578457,0.7576671387991208,0.03,158.45910593646684,438.74125679640673,-173.96799675943302,259.85,1141.0,881.15,16371.4,63.8,-2707.7,2383.6,19.15,2008,38438.7,309.6,-6157.7,7272.299999999999,58.42,70710.0,16997.899999999998,-11948.4,11741.599999999999,94.32,177885.7,17882.3,-32809.4,20801.6,148.04,18.164490861618802,348.1,380.0,340.0,371.95
2008-12-12,329.5,355.0,328.0,341.15,340.8985374280573,223442,1073,76171051.0,206504.0,92.42,27.0,11.65,1229020200.0,0.0,-1.926117579416431,3516.44,0.6356192923762993,0.7683279803934587,0.02,163.5351018613513,450.8767389746448,-182.8907458418183,259.85,1141.0,881.15,16371.4,63.8,-2707.7,2383.6,19.15,2008,38438.7,309.6,-6157.7,7272.299999999999,58.42,70710.0,16997.899999999998,-11948.4,11741.599999999999,94.32,177885.7,17882.3,-32809.4,20801.6,148.04,17.81462140992167,346.75,361.05,339.0,347.85
2008-12-11,327.75,352.9,321.55,344.4,341.8809587753458,59576,2104,20367900.0,15195.0,25.51,31.35,16.65,1228933800.0,0.0,0.9526601201817364,3494.23,0.4187190702539922,0.7695378255747857,0.01,161.04819976771196,454.37821780478106,-188.6153305720699,259.85,1141.0,881.15,16371.4,63.8,-2707.7,2383.6,19.15,2008,38438.7,309.6,-6157.7,7272.299999999999,58.42,70710.0,16997.899999999998,-11948.4,11741.599999999999,94.32,177885.7,17882.3,-32809.4,20801.6,148.04,17.984334203655354,329.5,355.0,328.0,341.15
2008-12-10,299.0,342.95,295.2,326.7,313.44651289299907,224269,2949,70296336.0,156648.0,69.85,47.75,27.7,1228847400.0,0.0,-5.139372822299649,3479.66,4.421857510255656,0.7695408013560631,,175.1913070094888,456.6995051240639,,259.85,1141.0,881.15,16371.4,63.8,-2707.7,2383.6,19.15,2008,38438.7,309.6,-6157.7,7272.299999999999,58.42,70710.0,16997.899999999998,-11948.4,11741.599999999999,94.32,177885.7,17882.3,-32809.4,20801.6,148.04,17.06005221932115,327.75,352.9,321.55,344.4
2008-12-08,300.0,305.0,291.3,298.45,296.01251274044205,46113,905,13650025.0,33307.0,72.23,13.7,-1.55,1228674600.0,0.0,-8.647076828895006,3332.31,1.6313795816787602,0.7704038674301327,0.03,201.23973864969008,481.3159640009483,-169.5748293564801,259.85,1141.0,881.15,16371.4,63.8,-2707.7,2383.6,19.15,2008,38438.7,309.6,-6157.7,7272.299999999999,58.42,70710.0,16997.899999999998,-11948.4,11741.599999999999,94.32,177885.7,17882.3,-32809.4,20801.6,148.04,15.584856396866842,299.0,342.95,295.2,326.7
2008-12-05,280.0,292.0,280.0,290.05,285.62170291372803,145621,531,41592518.0,139312.0,95.67,12.0,10.05,1228415400.0,0.0,-2.814541799296355,3278.82,-2.232174804990328,0.792912654708749,0.02,209.9637993449405,490.7994339426989,-179.201424499022,259.85,1141.0,881.15,16371.4,63.8,-2707.7,2383.6,19.15,2008,38438.7,309.6,-6157.7,7272.299999999999,58.42,70710.0,16997.899999999998,-11948.4,11741.599999999999,94.32,177885.7,17882.3,-32809.4,20801.6,148.04,15.146214099216712,300.0,305.0,291.3,298.45
2008-12-04,278.0,299.0,276.0,279.75,286.3252944475603,14264,862,4084144.0,5941.0,41.65,23.0,1.75,1228329000.0,0.0,-3.551111877262547,3353.68,4.6589210426945415,0.794315312342258,0.02,221.3762287756926,477.61175783020445,-158.0022175172943,259.85,1141.0,881.15,16371.4,63.8,-2707.7,2383.6,19.15,2008,38438.7,309.6,-6157.7,7272.299999999999,58.42,70710.0,16997.899999999998,-11948.4,11741.599999999999,94.32,177885.7,17882.3,-32809.4,20801.6,148.04,14.608355091383814,280.0,292.0,280.0,290.05
2008-12-03,259.75,279.4,259.75,275.5,264.0725497577837,321407,827,84874766.0,308628.0,96.02,19.65,15.75,1228242600.0,0.0,-1.5192135835567444,3204.39,0.4416512553678142,0.7901970432475338,0.02,226.33393829401086,504.52223356083374,-172.3422349775367,259.85,1141.0,881.15,16371.4,63.8,-2707.7,2383.6,19.15,2008,38438.7,309.6,-6157.7,7272.299999999999,58.42,70710.0,16997.899999999998,-11948.4,11741.599999999999,94.32,177885.7,17882.3,-32809.4,20801.6,148.04,14.386422976501306,278.0,299.0,276.0,279.75
2008-12-02,261.05,266.0,260.0,265.05,262.6914986853637,2282,212,599462.0,1096.0,48.03,6.0,4.0,1228156200.0,0.0,-3.7931034482758585,3190.3,-1.0210318285187705,0.7911724935495248,0.06,239.20015091492166,507.19211359433285,-162.0888279565475,259.85,1141.0,881.15,16371.4,63.8,-2707.7,2383.6,19.15,2008,38438.7,309.6,-6157.7,7272.299999999999,58.42,70710.0,16997.899999999998,-11948.4,11741.599999999999,94.32,177885.7,17882.3,-32809.4,20801.6,148.04,13.840731070496085,259.75,279.4,259.75,275.5
2008-12-01,271.0,274.05,268.0,270.25,270.8509882300688,4503,308,1219642.0,2008.0,44.59,6.05,-0.75,1228069800.0,0.0,1.961893982267493,3223.21,-2.19656511712586,0.7962628063316574,0.07,232.67345050878814,500.9924888542788,-166.26249622095824,259.85,1141.0,881.15,16371.4,63.8,-2707.7,2383.6,19.15,2008,38438.7,309.6,-6157.7,7272.299999999999,58.42,70710.0,16997.899999999998,-11948.4,11741.599999999999,94.32,177885.7,17882.3,-32809.4,20801.6,148.04,14.112271540469974,261.05,266.0,260.0,265.05
2008-11-28,279.4,279.4,263.2,270.65,271.94912868307364,20601,589,5602424.0,11412.0,55.4,16.2,-8.75,1227810600.0,0.0,0.14801110083255686,3295.6,0.4321299925032384,0.7953808359819411,0.01,232.18178459264735,487.7912974875592,-155.80011157936335,259.85,1141.0,881.15,16371.4,63.8,-2707.7,2383.6,19.15,2008,38438.7,309.6,-6157.7,7272.299999999999,58.42,70710.0,16997.899999999998,-11948.4,11741.599999999999,94.32,177885.7,17882.3,-32809.4,20801.6,148.04,14.133159268929504,271.0,274.05,268.0,270.25
2008-11-26,262.0,283.5,255.1,279.4,275.51406897473595,29924,1472,8244483.0,7354.0,24.58,28.4,17.4,1227637800.0,0.0,3.23295769443932,3281.42,2.564246822821925,0.7952729633816844,0.05,221.77881173944166,490.33131997732687,-168.17866648961092,259.85,1141.0,881.15,16371.4,63.8,-2707.7,2383.6,19.15,2008,38438.7,309.6,-6157.7,7272.299999999999,58.42,70710.0,16997.899999999998,-11948.4,11741.599999999999,94.32,177885.7,17882.3,-32809.4,20801.6,148.04,14.590078328981724,279.4,279.4,263.2,270.65
2008-11-25,279.0,286.0,250.0,259.85,265.5021376468255,90754,2110,24095381.0,45702.0,50.36,36.0,-19.15,1227551400.0,0.0,-6.99713672154616,3199.38,-1.8366244891447003,0.7948908402025768,0.1,245.98807004040788,505.4688720939682,-155.82501731059506,259.85,1141.0,881.15,16371.4,63.8,-2707.7,2383.6,19.15,2008,38438.7,309.6,-6157.7,7272.299999999999,58.42,70710.0,16997.899999999998,-11948.4,11741.599999999999,94.32,177885.7,17882.3,-32809.4,20801.6,148.04,13.569190600522196,262.0,283.5,255.1,279.4
2008-11-24,287.0,287.0,259.1,265.4,265.64556017441964,530674,2469,140971192.0,476073.0,89.71,27.9,-21.6,1227465000.0,0.0,2.13584760438712,3259.24,-0.0937988535695821,0.8110429489690348,0.13,238.75282592313488,494.3486825149422,-162.20975177937504,265.4,1141.0,875.6,16371.4,63.8,-2707.7,2383.6,19.15,2008,38438.7,309.6,-6157.7,7272.299999999999,58.42,70710.0,16997.899999999998,-11948.4,11741.599999999999,94.32,177885.7,17882.3,-32809.4,20801.6,148.04,13.859007832898172,279.0,286.0,250.0,259.85
2008-11-21,305.45,308.95,280.15,294.55,296.0756689392272,68205,819,20193841.0,57227.0,83.9,28.8,-10.9,1227205800.0,0.0,10.983421250941984,3262.3,3.7914435610362895,0.8119923403384562,0.02,205.2283143778645,493.7911902645373,-195.7301099967423,294.55,1141.0,846.45,16371.4,63.8,-2707.7,2383.6,19.15,2008,38438.7,309.6,-6157.7,7272.299999999999,58.42,70710.0,16997.899999999998,-11948.4,11741.599999999999,94.32,177885.7,17882.3,-32809.4,20801.6,148.04,15.381201044386424,287.0,287.0,259.1,265.4
2008-11-20,300.0,323.0,282.0,314.9,285.5036961453968,416515,796,118916572.0,410216.0,98.49,41.0,14.9,1227119400.0,0.0,6.9088439993209905,3143.13,-3.5047539519048043,0.8433096609593207,0.03,185.50333439187042,516.3044481138228,-249.9058954089579,310.1,1141.0,830.9,16371.4,63.8,-2707.7,2383.6,19.15,2008,38438.7,309.6,-6157.7,7272.299999999999,58.42,70710.0,16997.899999999998,-11948.4,11741.599999999999,94.32,177885.7,17882.3,-32809.4,20801.6,148.04,16.443864229765012,305.45,308.95,280.15,294.55
2008-11-19,318.05,325.0,307.0,310.1,315.40618576881667,10217,386,3222505.0,6288.0,61.54,18.0,-7.95,1227033000.0,0.0,-1.5242934264845798,3257.29,-1.8252784182527848,0.8538009660472844,0.07,189.92260561109316,494.70449361278855,-232.466802875815,310.1,1141.0,830.9,16371.4,63.8,-2707.7,2383.6,19.15,2008,38438.7,309.6,-6157.7,7272.299999999999,58.42,70710.0,16997.899999999998,-11948.4,11741.599999999999,94.32,177885.7,17882.3,-32809.4,20801.6,148.04,16.193211488250654,300.0,323.0,282.0,314.9
2008-11-18,317.05,327.95,314.95,323.65,322.2255489021956,5511,228,1775785.0,4052.0,73.53,13.0,6.6,1226946600.0,0.0,4.369558207029978,3317.85,-3.436062062161116,0.8538986017552254,0.12,177.78464390545344,483.8494808384948,-235.39128341031835,322.8,1141.0,818.2,16371.4,63.8,-2707.7,2383.6,19.15,2008,38438.7,309.6,-6157.7,7272.299999999999,58.42,70710.0,16997.899999999998,-11948.4,11741.599999999999,94.32,177885.7,17882.3,-32809.4,20801.6,148.04,16.900783289817234,318.05,325.0,307.0,310.1
2008-11-17,316.3,333.9,309.0,324.5,320.4898358680921,6641,382,2128373.0,3605.0,54.28,24.9,8.2,1226860200.0,0.0,0.2626293835934046,3435.91,-1.6726954292059282,0.8551136312773167,0.12,177.05701078582433,463.7880503272787,-219.55185943680857,322.8,1141.0,818.2,16371.4,63.8,-2707.7,2383.6,19.15,2008,38438.7,309.6,-6157.7,7272.299999999999,58.42,70710.0,16997.899999999998,-11948.4,11741.599999999999,94.32,177885.7,17882.3,-32809.4,20801.6,148.04,16.945169712793735,317.05,327.95,314.95,323.65
2008-11-14,349.5,349.5,316.0,322.8,328.54035528877347,24656,353,8100491.0,16189.0,65.66,33.5,-26.7,1226601000.0,0.0,-0.5238828967642495,3494.36,-1.697470953948288,0.8541045756791654,0.15,178.5161090458488,454.3575933790451,-209.57467476741544,322.8,1141.0,818.2,16371.4,63.8,-2707.7,2383.6,19.15,2008,38438.7,309.6,-6157.7,7272.299999999999,58.42,70710.0,16997.899999999998,-11948.4,11741.599999999999,94.32,177885.7,17882.3,-32809.4,20801.6,148.04,16.856396866840733,316.3,333.9,309.0,324.5
2008-11-12,340.0,347.9,325.0,344.15,334.9322710820818,24037,531,8050767.0,10586.0,44.04,22.9,4.15,1226428200.0,0.0,6.61400247831474,3554.7,-2.769989906919368,0.8533352524431753,0.18,161.23783234054918,444.947534250429,-218.47798377756925,323.55,1141.0,817.45,16371.4,63.8,-2707.7,2383.6,19.15,2008,38438.7,309.6,-6157.7,7272.299999999999,58.42,70710.0,16997.899999999998,-11948.4,11741.599999999999,94.32,177885.7,17882.3,-32809.4,20801.6,148.04,17.971279373368148,349.5,349.5,316.0,322.8
2008-11-11,350.1,353.9,344.0,346.85,349.90816168499305,51656,159,18074856.0,50195.0,97.17,9.9,-3.25,1226341800.0,0.0,0.7845416242917569,3655.97,-5.684515210302566,0.8648200528218145,,159.2042669741963,429.8525425536863,,323.55,1141.0,817.45,16371.4,63.8,-2707.7,2383.6,19.15,2008,38438.7,309.6,-6157.7,7272.299999999999,58.42,70710.0,16997.899999999998,-11948.4,11741.599999999999,94.32,177885.7,17882.3,-32809.4,20801.6,148.04,18.112271540469976,340.0,347.9,325.0,344.15
2008-11-10,335.0,356.0,330.0,351.05,354.5069760717126,13833,158,4903895.0,11960.0,86.46,26.0,16.05,1226255400.0,0.0,1.2108980827447047,3876.32,5.043059763374558,0.8514027489383342,0.29,156.10311921378718,399.732994180047,-184.2737440752639,323.55,1141.0,817.45,16371.4,63.8,-2707.7,2383.6,19.15,2008,38438.7,309.6,-6157.7,7272.299999999999,58.42,70710.0,16997.899999999998,-11948.4,11741.599999999999,94.32,177885.7,17882.3,-32809.4,20801.6,148.04,18.33159268929504,350.1,353.9,344.0,346.85
2008-11-07,341.0,355.0,336.05,349.3,346.07227082540896,2629,217,909824.0,1386.0,52.72,18.95,8.3,1225996200.0,0.0,-0.49850448654037427,3690.22,2.205739798037976,0.8401784401138942,0.31,157.3862009733753,424.9348277338479,-199.68442442568005,323.55,1141.0,817.45,16371.4,63.8,-2707.7,2383.6,19.15,2008,38438.7,309.6,-6157.7,7272.299999999999,58.42,70710.0,16997.899999999998,-11948.4,11741.599999999999,94.32,177885.7,17882.3,-32809.4,20801.6,148.04,18.240208877284598,335.0,356.0,330.0,351.05
2008-11-06,349.8,349.8,339.0,343.1,344.28833208676144,2674,231,920627.0,1813.0,67.8,10.8,-6.7,1225909800.0,0.0,-1.774978528485538,3610.58,-3.2184739924678074,0.8380873957152029,0.32,162.0373069076071,436.5135241429355,-203.8509877691822,323.55,1141.0,817.45,16371.4,63.8,-2707.7,2383.6,19.15,2008,38438.7,309.6,-6157.7,7272.299999999999,58.42,70710.0,16997.899999999998,-11948.4,11741.599999999999,94.32,177885.7,17882.3,-32809.4,20801.6,148.04,17.916449086161883,341.0,355.0,336.05,349.3
2008-11-05,385.0,385.0,352.0,357.15,368.4576436222006,3081,262,1135218.0,2035.0,66.05,33.0,-27.85,1225823400.0,0.0,4.09501603031186,3730.65,-3.838817603967437,0.8355359383660105,0.4,151.72896542069162,419.2459759023226,-198.6319000856829,323.55,1141.0,817.45,16371.4,63.8,-2707.7,2383.6,19.15,2008,38438.7,309.6,-6157.7,7272.299999999999,58.42,70710.0,16997.899999999998,-11948.4,11741.599999999999,94.32,177885.7,17882.3,-32809.4,20801.6,148.04,18.650130548302872,349.8,349.8,339.0,343.1
2008-11-04,355.0,377.0,345.0,374.55,359.494810523775,8286,289,2978774.0,6545.0,78.99,32.0,19.55,1225737000.0,0.0,4.87190256194876,3879.58,3.236055636420732,0.8346013446224563,0.48,140.03470831664663,399.3130699714918,-193.3119081614626,323.55,1141.0,817.45,16371.4,63.8,-2707.7,2383.6,19.15,2008,38438.7,309.6,-6157.7,7272.299999999999,58.42,70710.0,16997.899999999998,-11948.4,11741.599999999999,94.32,177885.7,17882.3,-32809.4,20801.6,148.04,19.55874673629243,385.0,385.0,352.0,357.15
2008-11-03,360.0,362.5,351.0,354.9,357.484631384331,12981,286,4640508.0,9101.0,70.11,11.5,-5.1,1225650600.0,0.0,-5.246295554665603,3757.97,5.2632021220872405,0.8372908245391691,0.49,153.32488024795717,415.4711187156896,-194.62500280968945,323.55,1141.0,817.45,16371.4,63.8,-2707.7,2383.6,19.15,2008,38438.7,309.6,-6157.7,7272.299999999999,58.42,70710.0,16997.899999999998,-11948.4,11741.599999999999,94.32,177885.7,17882.3,-32809.4,20801.6,148.04,18.532637075718014,355.0,377.0,345.0,374.55
2008-10-31,349.0,357.0,345.1,354.65,353.01360473569423,28887,374,10197504.0,21972.0,76.06,11.9,5.65,1225391400.0,0.0,-0.07044237813468301,3570.07,6.549534116074041,0.835958029723813,0.46,153.50345410968563,442.6014055746806,-216.56820415384166,323.55,1141.0,817.45,16371.4,63.8,-2707.7,2383.6,19.15,2008,38438.7,309.6,-6157.7,7272.299999999999,58.42,70710.0,16997.899999999998,-11948.4,11741.599999999999,94.32,177885.7,17882.3,-32809.4,20801.6,148.04,18.519582245430808,360.0,362.5,351.0,354.9
2008-10-29,354.0,355.05,325.0,336.2,346.26281936939307,95305,363,33000578.0,89383.0,93.79,30.05,-17.8,1225218600.0,0.0,-5.202312138728315,3350.62,-0.1376950680130106,0.8159878978184417,0.62,167.4152290303391,478.1392697470916,-222.85471605838757,323.55,1141.0,817.45,16371.4,63.8,-2707.7,2383.6,19.15,2008,38438.7,309.6,-6157.7,7272.299999999999,58.42,70710.0,16997.899999999998,-11948.4,11741.599999999999,94.32,177885.7,17882.3,-32809.4,20801.6,148.04,17.556135770234988,349.0,357.0,345.1,354.65
2008-10-28,330.0,355.0,330.0,345.65,344.078962536023,1735,92,596977.0,1405.0,80.98,25.0,15.65,1225132200.0,0.0,2.81082688875669,3355.24,6.099577845589521,0.8273892360671719,0.77,160.10415159843774,477.3432004864034,-234.97738468209474,323.55,1141.0,817.45,16371.4,63.8,-2707.7,2383.6,19.15,2008,38438.7,309.6,-6157.7,7272.299999999999,58.42,70710.0,16997.899999999998,-11948.4,11741.599999999999,94.32,177885.7,17882.3,-32809.4,20801.6,148.04,18.049608355091383,354.0,355.05,325.0,336.2
2008-10-27,350.0,350.0,297.0,323.55,322.9429442508711,32144,420,10380678.0,27713.0,86.22,53.0,-26.45,1225045800.0,0.0,-6.393750904093731,3162.35,-2.929593374649686,0.8118302393858442,0.84,177.87049915005406,512.5586984362894,-238.3982142996914,323.55,1141.0,817.45,16371.4,63.8,-2707.7,2383.6,19.15,2008,38438.7,309.6,-6157.7,7272.299999999999,58.42,70710.0,16997.899999999998,-11948.4,11741.599999999999,94.32,177885.7,17882.3,-32809.4,20801.6,148.04,16.895561357702352,330.0,355.0,330.0,345.65
2008-10-24,350.0,350.0,320.05,334.85,333.803862150921,16830,329,5617919.0,12135.0,72.1,29.95,-15.15,1224786600.0,0.0,3.492505022407677,3257.79,-10.502733441388967,0.8254810440794805,0.89,168.49335523368669,494.61321939105954,-239.95580339552757,334.85,1141.0,806.15,16371.4,63.8,-2707.7,2383.6,19.15,2008,38438.7,309.6,-6157.7,7272.299999999999,58.42,70710.0,16997.899999999998,-11948.4,11741.599999999999,94.32,177885.7,17882.3,-32809.4,20801.6,148.04,17.485639686684074,350.0,350.0,297.0,323.55
2008-10-23,351.0,355.0,330.0,350.7,347.2336706531738,3261,239,1132329.0,1823.0,55.9,25.0,-0.3,1224700200.0,0.0,4.733462744512451,3640.1,-3.962747012109869,0.7791486970344015,0.98,156.3587111491303,432.1625779511552,-180.5766326454465,350.7,1141.0,790.3,16371.4,63.8,-2707.7,2383.6,19.15,2008,38438.7,309.6,-6157.7,7272.299999999999,58.42,70710.0,16997.899999999998,-11948.4,11741.599999999999,94.32,177885.7,17882.3,-32809.4,20801.6,148.04,18.31331592689295,350.0,350.0,320.05,334.85
2008-10-22,384.0,384.0,350.0,356.1,362.4629269074832,43657,454,15824044.0,34603.0,79.26,34.0,-27.9,1224613800.0,0.0,1.5397775876817787,3790.3,-4.459305153999916,0.7792465515446617,1.05,152.47121595057567,411.074321293829,-168.08882246708097,356.1,1141.0,784.9,16371.4,63.8,-2707.7,2383.6,19.15,2008,38438.7,309.6,-6157.7,7272.299999999999,58.42,70710.0,16997.899999999998,-11948.4,11741.599999999999,94.32,177885.7,17882.3,-32809.4,20801.6,148.04,18.595300261096607,351.0,355.0,330.0,350.7
2008-10-21,370.25,380.0,365.0,375.55,369.94716242661445,4088,261,1512344.0,1906.0,46.62,15.0,5.3,1224527400.0,0.0,5.461948890761015,3967.21,3.679689317140622,0.7708445102110411,1.1,139.3955531886566,388.2839577436032,-160.1630750797836,368.15,1141.0,772.85,16371.4,63.8,-2707.7,2383.6,19.15,2008,38438.7,309.6,-6157.7,7272.299999999999,58.42,70710.0,16997.899999999998,-11948.4,11741.599999999999,94.32,177885.7,17882.3,-32809.4,20801.6,148.04,19.610966057441257,384.0,384.0,350.0,356.1
2008-10-20,388.0,388.0,360.0,368.15,367.79498095451487,4463,225,1641469.0,2759.0,61.82,28.0,-19.85,1224441000.0,0.0,-1.9704433497537033,3826.41,1.451077503923992,0.7736868591735344,1.24,144.20752410702158,406.251290374006,-170.38438907226345,368.15,1141.0,772.85,16371.4,63.8,-2707.7,2383.6,19.15,2008,38438.7,309.6,-6157.7,7272.299999999999,58.42,70710.0,16997.899999999998,-11948.4,11741.599999999999,94.32,177885.7,17882.3,-32809.4,20801.6,148.04,19.22454308093995,370.25,380.0,365.0,375.55
2008-10-17,401.25,406.9,365.0,375.8,381.74579261672096,7368,256,2812703.0,5271.0,71.54,41.9,-25.45,1224181800.0,0.0,2.077957354339266,3771.68,-4.891253640638993,0.7744661128885216,0.83,139.23629590207557,413.597388961948,-181.2680593544288,375.8,1141.0,765.2,16371.4,63.8,-2707.7,2383.6,19.15,2008,38438.7,309.6,-6157.7,7272.299999999999,58.42,70710.0,16997.899999999998,-11948.4,11741.599999999999,94.32,177885.7,17882.3,-32809.4,20801.6,148.04,19.624020887728463,388.0,388.0,360.0,368.15
2008-10-16,398.0,470.0,383.0,397.9,401.2779308882765,9434,422,3785656.0,6307.0,66.85,87.0,-0.1,1224095400.0,0.0,5.8807876530069025,3965.65,-1.7123779970952158,0.7646460411598975,0.46,125.9487308368937,388.4760379761199,-171.20619650809485,397.9,1141.0,743.1,16371.4,63.8,-2707.7,2383.6,19.15,2008,38438.7,309.6,-6157.7,7272.299999999999,58.42,70710.0,16997.899999999998,-11948.4,11741.599999999999,94.32,177885.7,17882.3,-32809.4,20801.6,148.04,20.778067885117494,401.25,406.9,365.0,375.8
2008-10-15,439.95,442.9,415.0,423.6,430.13066439523,11740,225,5049734.0,10268.0,87.46,27.9,-16.35,1224009000.0,0.0,6.458909273686864,4034.74,-5.169143552848999,0.7749053614667922,0.22,112.2403210576015,380.1114817807344,-182.35962494985378,423.6,1141.0,717.4,16371.4,63.8,-2707.7,2383.6,19.15,2008,38438.7,309.6,-6157.7,7272.299999999999,58.42,70710.0,16997.899999999998,-11948.4,11741.599999999999,94.32,177885.7,17882.3,-32809.4,20801.6,148.04,22.1201044386423,398.0,470.0,383.0,397.9
2008-10-14,465.0,465.0,430.15,442.9,445.7322666273411,13562,331,6045021.0,10149.0,74.83,34.85,-22.1,1223922600.0,0.0,4.5561850802643855,4254.67,1.4901483707838503,0.7767001875369546,0.34,102.99164596974487,355.2938300737777,-173.0410604155186,442.9,1141.0,698.1,16371.4,63.8,-2707.7,2383.6,19.15,2008,38438.7,309.6,-6157.7,7272.299999999999,58.42,70710.0,16997.899999999998,-11948.4,11741.599999999999,94.32,177885.7,17882.3,-32809.4,20801.6,148.04,23.12793733681462,439.95,442.9,415.0,423.6
2008-10-13,455.1,463.0,440.0,451.75,448.9064381658176,8636,271,3876756.0,5320.0,61.6,23.0,-3.35,1223836200.0,0.0,1.9981937231880798,4192.2,6.544336289933161,0.782573582421367,,99.01494189263973,362.0783836649016,,446.55,1141.0,694.45,16371.4,63.8,-2707.7,2383.6,19.15,2008,38438.7,309.6,-6157.7,7272.299999999999,58.42,70710.0,16997.899999999998,-11948.4,11741.599999999999,94.32,177885.7,17882.3,-32809.4,20801.6,148.04,23.590078328981726,465.0,465.0,430.15,442.9
2008-10-10,470.0,505.55,440.0,446.55,462.1068634026381,31311,643,14469028.0,20728.0,66.2,65.55,-23.45,1223577000.0,0.0,-1.151079136690647,3934.7,-7.471727929677863,0.761649103641313,0.25,101.33243757697903,392.3183470150202,-197.53606749314235,446.55,1141.0,694.45,16371.4,63.8,-2707.7,2383.6,19.15,2008,38438.7,309.6,-6157.7,7272.299999999999,58.42,70710.0,16997.899999999998,-11948.4,11741.599999999999,94.32,177885.7,17882.3,-32809.4,20801.6,148.04,23.318537859007836,455.1,463.0,440.0,451.75
2008-10-08,450.0,508.0,439.95,477.15,450.0569194551875,11894,329,5352977.0,7300.0,61.38,68.05,27.15,1223404200.0,0.0,6.85253611017802,4252.43,-3.861431578281016,0.7351256411525219,0.68,88.42083202347271,355.53365957817056,-173.12119198924864,461.55,1141.0,679.45,16371.4,63.8,-2707.7,2383.6,19.15,2008,38438.7,309.6,-6157.7,7272.299999999999,58.42,70710.0,16997.899999999998,-11948.4,11741.599999999999,94.32,177885.7,17882.3,-32809.4,20801.6,148.04,24.91644908616188,470.0,505.55,440.0,446.55
2008-10-07,477.55,480.0,446.0,461.55,450.2870062244599,115994,245,52230591.0,114074.0,98.34,34.0,-16.0,1223317800.0,0.0,-3.269412134548877,4423.23,-1.2288254813253463,0.7441662778897099,0.82,94.7892969342433,337.94353899752,-156.90667227054763,461.55,1141.0,679.45,16371.4,63.8,-2707.7,2383.6,19.15,2008,38438.7,309.6,-6157.7,7272.299999999999,58.42,70710.0,16997.899999999998,-11948.4,11741.599999999999,94.32,177885.7,17882.3,-32809.4,20801.6,148.04,24.101827676240212,450.0,508.0,439.95,477.15
2008-10-06,510.0,510.0,457.0,470.2,472.68351808990127,8209,334,3880259.0,5655.0,68.89,53.0,-39.8,1223231400.0,0.0,1.8741198136713155,4478.26,-6.13680426740445,0.7482380570496164,0.54,91.20586984262016,332.56197719650044,-157.76560927266135,470.2,1141.0,670.8,16371.4,63.8,-2707.7,2383.6,19.15,2008,38438.7,309.6,-6157.7,7272.299999999999,58.42,70710.0,16997.899999999998,-11948.4,11741.599999999999,94.32,177885.7,17882.3,-32809.4,20801.6,148.04,24.553524804177545,477.55,480.0,446.0,461.55
2008-10-03,525.0,526.0,513.75,518.0,518.0887793563352,17245,149,8934441.0,16489.0,95.62,12.25,-7.0,1222972200.0,0.0,10.165886856656737,4771.05,-3.685587509740351,0.7301386935114267,0.51,73.56177606177606,306.0164953207365,-150.01033729096127,512.0,1141.0,629.0,16371.4,63.8,-2707.7,2383.6,19.15,2008,38438.7,309.6,-6157.7,7272.299999999999,58.42,70710.0,16997.899999999998,-11948.4,11741.599999999999,94.32,177885.7,17882.3,-32809.4,20801.6,148.04,27.049608355091387,510.0,510.0,457.0,470.2
2008-10-01,522.95,531.0,513.05,520.85,524.4739364889156,1669,97,875347.0,749.0,44.88,17.95,-2.1,1222799400.0,0.0,0.5501930501930596,4953.62,1.1440320647502,0.7620857749394552,0.85,72.61207641355476,291.05240208170994,-149.39704606617647,512.0,1141.0,629.0,16371.4,63.8,-2707.7,2383.6,19.15,2008,38438.7,309.6,-6157.7,7272.299999999999,58.42,70710.0,16997.899999999998,-11948.4,11741.599999999999,94.32,177885.7,17882.3,-32809.4,20801.6,148.04,27.19843342036554,525.0,526.0,513.75,518.0
2008-09-30,510.0,532.5,509.05,528.25,520.3948416858881,4769,149,2481763.0,3187.0,66.83,23.45,18.25,1222713000.0,5.0,1.4207545358548401,4897.59,1.820362866759684,0.7613745586633472,0.92,70.19403691433979,295.5261669515006,-155.03160342785935,512.0,1141.0,629.0,14168.9,14240.4,-2343.0,1641.9,13.19,2008,35121.5,212.60000000000002,-5816.4,5478.2,44.01,70388.4,543.6,-11726.2,12164.9,97.72,156848.4,17689.799999999996,-28232.5,19995.6,155.55,40.049279757391965,522.95,531.0,513.05,520.85
2008-09-29,531.0,531.0,500.25,512.0,510.6991940753648,13773,290,7033860.0,9879.0,71.73,30.75,-19.0,1222626600.0,5.0,-3.076194983435876,4810.03,-4.005787556752982,0.7600897106173287,0.94,75.59570312499999,302.7261784230036,-154.72886590085034,512.0,1141.0,629.0,14168.9,14240.4,-2343.0,1641.9,13.19,2008,35121.5,212.60000000000002,-5816.4,5478.2,44.01,70388.4,543.6,-11726.2,12164.9,97.72,156848.4,17689.799999999996,-28232.5,19995.6,155.55,38.81728582259287,510.0,532.5,509.05,528.25
2008-09-26,544.0,549.9,533.5,538.0,545.8718349305543,52487,150,28651175.0,52034.0,99.14,16.4,-6.0,1222367400.0,5.0,5.078125,5010.75,-3.1697965903864422,0.7559811721295535,0.87,67.10966542750928,286.5938232799481,-149.7621654010033,520.15,1141.0,620.85,14168.9,14240.4,-2343.0,1641.9,13.19,2008,35121.5,212.60000000000002,-5816.4,5478.2,44.01,70388.4,543.6,-11726.2,12164.9,97.72,156848.4,17689.799999999996,-28232.5,19995.6,155.55,40.78847611827142,531.0,531.0,500.25,512.0
2008-09-25,550.0,569.3,538.1,551.45,554.8061160634467,156604,427,86884857.0,142839.0,91.21,31.2,1.45,1222281000.0,5.0,2.5000000000000133,5174.78,-0.98919349160429,0.760401433820775,0.76,63.03381992927734,274.33958545097573,-145.75648911173784,520.15,1141.0,620.85,14168.9,14240.4,-2343.0,1641.9,13.19,2008,35121.5,212.60000000000002,-5816.4,5478.2,44.01,70388.4,543.6,-11726.2,12164.9,97.72,156848.4,17689.799999999996,-28232.5,19995.6,155.55,41.80818802122821,544.0,549.9,533.5,538.0
2008-09-24,568.0,572.0,548.1,551.5,555.4255069056715,3403,172,1890113.0,2450.0,72.0,23.9,-16.5,1222194600.0,5.0,0.009067005168184039,5226.48,0.6848483797700755,0.7621040734847525,0.49,63.019038984587475,270.6366426351961,-143.3508178059252,520.15,1141.0,620.85,14168.9,14240.4,-2343.0,1641.9,13.19,2008,35121.5,212.60000000000002,-5816.4,5478.2,44.01,70388.4,543.6,-11726.2,12164.9,97.72,156848.4,17689.799999999996,-28232.5,19995.6,155.55,41.81197877179682,550.0,569.3,538.1,551.45
2008-09-23,557.45,569.75,550.05,563.3,562.2614742698191,2157,157,1212798.0,1381.0,64.02,19.7,5.85,1222108200.0,5.0,2.139619220308231,5190.93,-2.3916346378043296,0.7618461015823987,0.8,59.60411858689865,273.17494167711754,-148.7036688985466,520.15,1141.0,620.85,14168.9,14240.4,-2343.0,1641.9,13.19,2008,35121.5,212.60000000000002,-5816.4,5478.2,44.01,70388.4,543.6,-11726.2,12164.9,97.72,156848.4,17689.799999999996,-28232.5,19995.6,155.55,42.70659590598938,568.0,572.0,548.1,551.5
2008-09-22,555.4,570.0,553.05,556.0,558.4499586435071,2418,124,1350332.0,947.0,39.16,16.95,0.6,1222021800.0,5.0,-1.2959346706905683,5318.12,-0.3354560140329421,0.7602901393842612,1.28,61.699640287769775,264.2499605123615,-139.51382764404724,520.15,1141.0,620.85,14168.9,14240.4,-2343.0,1641.9,13.19,2008,35121.5,212.60000000000002,-5816.4,5478.2,44.01,70388.4,543.6,-11726.2,12164.9,97.72,156848.4,17689.799999999996,-28232.5,19995.6,155.55,42.15314632297195,557.45,569.75,550.05,563.3
2008-09-19,590.0,590.0,541.65,561.05,558.3890998059562,23706,337,13237172.0,20510.0,86.52,48.35,-28.95,1221762600.0,5.0,0.908273381294955,5336.02,4.635844701849767,0.7611790700775207,0.99,60.24418501024864,263.0280621137102,-140.20370343438088,520.15,1141.0,620.85,14168.9,14240.4,-2343.0,1641.9,13.19,2008,35121.5,212.60000000000002,-5816.4,5478.2,44.01,70388.4,543.6,-11726.2,12164.9,97.72,156848.4,17689.799999999996,-28232.5,19995.6,155.55,42.536012130401815,555.4,570.0,553.05,556.0
2008-09-18,524.0,544.0,505.0,535.0,534.7980128065477,234099,220,125195680.0,232089.0,99.14,39.0,11.0,1221676200.0,5.0,-4.64307993939933,5099.61,-0.0054903144969919,0.749294241061971,0.23,68.0467289719626,279.8574792974365,-141.70653090828205,520.15,1141.0,620.85,14168.9,14240.4,-2343.0,1641.9,13.19,2008,35121.5,212.60000000000002,-5816.4,5478.2,44.01,70388.4,543.6,-11726.2,12164.9,97.72,156848.4,17689.799999999996,-28232.5,19995.6,155.55,40.56103108415466,590.0,590.0,541.65,561.05
2008-09-17,545.5,546.7,531.0,533.35,537.2691342534504,1594,102,856407.0,1018.0,63.86,15.7,-12.15,1221589800.0,5.0,-0.3084112149532636,5099.89,-1.998693287726505,0.7592788406855646,0.03,68.56660729352207,279.8366239271828,-143.9146417380511,520.15,1141.0,620.85,14168.9,14240.4,-2343.0,1641.9,13.19,2008,35121.5,212.60000000000002,-5816.4,5478.2,44.01,70388.4,543.6,-11726.2,12164.9,97.72,156848.4,17689.799999999996,-28232.5,19995.6,155.55,40.43593631539045,524.0,544.0,505.0,535.0
2008-09-16,516.0,560.0,516.0,540.5,542.3305052063248,2593,248,1406263.0,884.0,34.09,44.0,24.5,1221503400.0,5.0,1.340583106777915,5203.9,-0.392198897861773,0.7571812113741726,0.84,66.33672525439407,272.2448548204232,-140.00593149136546,520.15,1141.0,620.85,14168.9,14240.4,-2343.0,1641.9,13.19,2008,35121.5,212.60000000000002,-5816.4,5478.2,44.01,70388.4,543.6,-11726.2,12164.9,97.72,156848.4,17689.799999999996,-28232.5,19995.6,155.55,40.978013646702045,545.5,546.7,531.0,533.35
2008-09-15,550.0,560.0,526.1,540.6,537.1706850363568,2613,166,1403627.0,1838.0,70.34,33.9,-9.4,1221417000.0,5.0,0.018501387604064057,5224.39,-3.783189467034764,0.7576448182384105,1.02,66.30595634480206,270.7849146024703,-139.10003334628686,520.15,1141.0,620.85,14168.9,14240.4,-2343.0,1641.9,13.19,2008,35121.5,212.60000000000002,-5816.4,5478.2,44.01,70388.4,543.6,-11726.2,12164.9,97.72,156848.4,17689.799999999996,-28232.5,19995.6,155.55,40.98559514783928,516.0,560.0,516.0,540.5
2008-09-12,584.35,591.75,556.65,565.5,566.184141188168,20115,513,11388794.0,12623.0,62.75,35.1,-18.85,1221157800.0,5.0,4.605993340732506,5429.81,-1.9781961551723184,0.749585874408293,1.49,58.983200707338625,256.75741876787583,-133.8516505977275,520.15,1141.0,620.85,14168.9,14240.4,-2343.0,1641.9,13.19,2008,35121.5,212.60000000000002,-5816.4,5478.2,44.01,70388.4,543.6,-11726.2,12164.9,97.72,156848.4,17689.799999999996,-28232.5,19995.6,155.55,42.87338893100834,550.0,560.0,526.1,540.6
2008-09-11,592.5,592.5,582.9,584.35,585.7134615384616,520,58,304571.0,346.0,66.54,9.6,-8.15,1221071400.0,5.0,3.3333333333333437,5539.39,-1.9540549294752465,0.7556589782195657,1.61,53.854710361940604,249.70005722651769,-135.22676878828332,520.15,1141.0,620.85,14168.9,14240.4,-2343.0,1641.9,13.19,2008,35121.5,212.60000000000002,-5816.4,5478.2,44.01,70388.4,543.6,-11726.2,12164.9,97.72,156848.4,17689.799999999996,-28232.5,19995.6,155.55,44.302501895375286,584.35,591.75,556.65,565.5
2008-09-10,580.0,594.0,580.0,588.2,590.1132394366197,1775,96,1047451.0,1062.0,59.83,14.0,8.2,1220985000.0,5.0,0.6588517155814211,5649.79,-1.330601923164243,0.7577366458546093,1.65,52.8476708602516,242.86672601990517,-131.5810820381016,520.15,1141.0,620.85,14168.9,14240.4,-2343.0,1641.9,13.19,2008,35121.5,212.60000000000002,-5816.4,5478.2,44.01,70388.4,543.6,-11726.2,12164.9,97.72,156848.4,17689.799999999996,-28232.5,19995.6,155.55,44.59438968915846,592.5,592.5,582.9,584.35
2008-09-09,584.9,590.0,581.05,582.8,584.5368497109827,1384,95,808999.0,730.0,52.75,8.95,-2.1,1220898600.0,5.0,-0.9180550833050138,5725.98,-0.4544411451777863,0.7567915681456658,1.66,54.263898421413856,238.30453476959408,-126.48669013996879,520.15,1141.0,620.85,14168.9,14240.4,-2343.0,1641.9,13.19,2008,35121.5,212.60000000000002,-5816.4,5478.2,44.01,70388.4,543.6,-11726.2,12164.9,97.72,156848.4,17689.799999999996,-28232.5,19995.6,155.55,44.18498862774829,580.0,594.0,580.0,588.2
2008-09-08,580.0,610.0,575.0,581.0,589.2515320334262,10770,267,6346239.0,7949.0,73.81,35.0,1.0,1220812200.0,5.0,-0.3088538091969739,5752.12,2.439841000726606,0.7571966221507439,1.71,54.74182444061961,236.76713976759876,-124.95264780382146,520.15,1141.0,620.85,14168.9,14240.4,-2343.0,1641.9,13.19,2008,35121.5,212.60000000000002,-5816.4,5478.2,44.01,70388.4,543.6,-11726.2,12164.9,97.72,156848.4,17689.799999999996,-28232.5,19995.6,155.55,44.04852160727824,584.9,590.0,581.05,582.8
2008-09-05,589.35,599.95,585.1,588.95,592.4500311556344,20863,103,12360285.0,20577.0,98.63,14.85,-0.4,1220553000.0,5.0,1.3683304647160055,5615.12,-2.292212255409498,0.7539088628158263,1.68,52.65302657271413,244.98372252062288,-132.455806191666,520.15,1141.0,620.85,14168.9,14240.4,-2343.0,1641.9,13.19,2008,35121.5,212.60000000000002,-5816.4,5478.2,44.01,70388.4,543.6,-11726.2,12164.9,97.72,156848.4,17689.799999999996,-28232.5,19995.6,155.55,44.65125094768765,580.0,610.0,575.0,581.0
2008-09-04,605.0,613.0,596.05,605.05,607.2625379939209,2632,81,1598315.0,2159.0,82.03,16.95,0.05,1220466600.0,5.0,2.7336785805246455,5746.85,-0.78825932108878,0.751443540053681,1.69,48.591025535079744,237.0759633538373,-129.97823604647377,520.15,1141.0,620.85,14168.9,14240.4,-2343.0,1641.9,13.19,2008,35121.5,212.60000000000002,-5816.4,5478.2,44.01,70388.4,543.6,-11726.2,12164.9,97.72,156848.4,17689.799999999996,-28232.5,19995.6,155.55,45.87187263078089,589.35,599.95,585.1,588.95
2008-09-02,599.0,612.95,599.0,608.45,608.1945805707697,3469,184,2109827.0,2592.0,74.72,13.95,9.45,1220293800.0,5.0,0.561937029997539,5792.51,3.1224186059760184,0.7539017527535147,1.72,47.76070342674006,234.4189306535509,-129.39142825684053,520.15,1141.0,620.85,14168.9,14240.4,-2343.0,1641.9,13.19,2008,35121.5,212.60000000000002,-5816.4,5478.2,44.01,70388.4,543.6,-11726.2,12164.9,97.72,156848.4,17689.799999999996,-28232.5,19995.6,155.55,46.12964366944656,605.0,613.0,596.05,605.05
2008-09-01,595.95,605.1,589.7,598.05,599.8326398520575,2163,173,1297438.0,977.0,45.17,15.4,2.1,1220207400.0,5.0,-1.7092612375708915,5617.12,-0.2555264928944534,0.7483683126953555,,50.330239946492775,244.86088956618337,,520.15,1141.0,620.85,14168.9,14240.4,-2343.0,1641.9,13.19,2008,35121.5,212.60000000000002,-5816.4,5478.2,44.01,70388.4,543.6,-11726.2,12164.9,97.72,156848.4,17689.799999999996,-28232.5,19995.6,155.55,45.34116755117513,599.0,612.95,599.0,608.45
2008-08-29,603.8,603.8,586.2,590.3,590.4459612610756,19412,189,11461737.0,17706.0,91.21,17.6,-13.5,1219948200.0,5.0,-1.295878271047568,5631.51,3.251646449682455,0.7498785481197128,1.72,52.30391326444182,243.97967862971032,-131.08142281435357,520.15,1141.0,620.85,14168.9,14240.4,-2343.0,1641.9,13.19,2008,35121.5,212.60000000000002,-5816.4,5478.2,44.01,70388.4,543.6,-11726.2,12164.9,97.72,156848.4,17689.799999999996,-28232.5,19995.6,155.55,44.75360121304018,595.95,605.1,589.7,598.05
2008-08-28,588.85,599.0,585.0,590.4,596.2664423290954,76373,168,45538657.0,75087.0,98.32,14.0,1.55,1219861800.0,5.0,0.01694053870913148,5454.16,-1.509457812288384,0.7447014299062235,1.74,52.27811653116532,255.1646816375024,-138.18760625781218,520.15,1141.0,620.85,14168.9,14240.4,-2343.0,1641.9,13.19,2008,35121.5,212.60000000000002,-5816.4,5478.2,44.01,70388.4,543.6,-11726.2,12164.9,97.72,156848.4,17689.799999999996,-28232.5,19995.6,155.55,44.76118271417741,603.8,603.8,586.2,590.3
2008-08-27,595.0,610.0,593.0,594.8,599.3034885263298,7539,299,4518149.0,3798.0,50.38,17.0,-0.2,1219775400.0,5.0,0.7452574525745215,5537.75,-1.0573653770906577,0.743386794366758,1.67,51.151647612642904,249.80362060403596,-134.97760918280872,520.15,1141.0,620.85,14168.9,14240.4,-2343.0,1641.9,13.19,2008,35121.5,212.60000000000002,-5816.4,5478.2,44.01,70388.4,543.6,-11726.2,12164.9,97.72,156848.4,17689.799999999996,-28232.5,19995.6,155.55,45.09476876421531,588.85,599.0,585.0,590.4
2008-08-26,593.6,597.0,584.2,591.05,589.8424068767907,3141,91,1852695.0,2652.0,84.43,12.8,-2.55,1219689000.0,5.0,-0.6304640215198387,5596.93,0.1736101789258759,0.742863253588229,1.71,52.1106505371796,246.1049182319593,-131.15135358104288,520.15,1141.0,620.85,14168.9,14240.4,-2343.0,1641.9,13.19,2008,35121.5,212.60000000000002,-5816.4,5478.2,44.01,70388.4,543.6,-11726.2,12164.9,97.72,156848.4,17689.799999999996,-28232.5,19995.6,155.55,44.810462471569366,595.0,610.0,593.0,594.8
2008-08-25,598.0,602.3,590.05,594.25,596.9946511062485,4113,166,2455439.0,2374.0,57.72,12.25,-3.75,1219602600.0,5.0,0.5414093562304378,5587.23,0.3008722782817052,0.7431372892520597,1.74,51.29154396297855,246.70579159977305,-132.49167036596177,520.15,1141.0,620.85,14168.9,14240.4,-2343.0,1641.9,13.19,2008,35121.5,212.60000000000002,-5816.4,5478.2,44.01,70388.4,543.6,-11726.2,12164.9,97.72,156848.4,17689.799999999996,-28232.5,19995.6,155.55,45.05307050796058,593.6,597.0,584.2,591.05
2008-08-22,602.0,607.0,575.0,585.0,587.4118698605649,2797,146,1642991.0,1163.0,41.58,32.0,-17.0,1219343400.0,5.0,-1.5565839293226746,5570.47,0.7844967804151004,0.7431405051970125,1.7,53.68376068376068,247.748933213894,-130.86516784799846,520.15,1141.0,620.85,14168.9,14240.4,-2343.0,1641.9,13.19,2008,35121.5,212.60000000000002,-5816.4,5478.2,44.01,70388.4,543.6,-11726.2,12164.9,97.72,156848.4,17689.799999999996,-28232.5,19995.6,155.55,44.35178165276725,598.0,602.3,590.05,594.25
2008-08-21,608.0,610.0,585.0,592.05,590.7813211845104,29852,243,17636004.0,19932.0,66.77,25.0,-15.95,1219257000.0,5.0,1.205128205128192,5527.11,-2.735905169834829,0.7441111004941854,1.72,51.853728570222124,250.4770123988848,-134.96912568155776,520.15,1141.0,620.85,14168.9,14240.4,-2343.0,1641.9,13.19,2008,35121.5,212.60000000000002,-5816.4,5478.2,44.01,70388.4,543.6,-11726.2,12164.9,97.72,156848.4,17689.799999999996,-28232.5,19995.6,155.55,44.88627748294162,602.0,607.0,575.0,585.0
2008-08-20,624.0,624.0,600.25,608.65,609.8647401384463,9101,111,5550379.0,6390.0,70.21,23.75,-15.35,1219170600.0,5.0,2.803817245165119,5682.58,0.9839689650821716,0.7401607366723707,1.71,47.712149839809406,240.88829369758105,-131.02823221943282,520.15,1141.0,620.85,14168.9,14240.4,-2343.0,1641.9,13.19,2008,35121.5,212.60000000000002,-5816.4,5478.2,44.01,70388.4,543.6,-11726.2,12164.9,97.72,156848.4,17689.799999999996,-28232.5,19995.6,155.55,46.144806671721,608.0,610.0,585.0,592.05
2008-08-19,610.55,614.9,587.35,610.0,609.4967355225419,155155,226,94566466.0,151407.0,97.58,27.55,-0.55,1219084200.0,5.0,0.22180234946191923,5627.21,-0.5535006441602319,0.7425774072371311,1.8,47.38524590163933,244.24252871316332,-134.4470984741952,520.15,1141.0,620.85,14168.9,14240.4,-2343.0,1641.9,13.19,2008,35121.5,212.60000000000002,-5816.4,5478.2,44.01,70388.4,543.6,-11726.2,12164.9,97.72,156848.4,17689.799999999996,-28232.5,19995.6,155.55,46.24715693707354,624.0,624.0,600.25,608.65
2008-08-18,600.0,619.95,600.0,610.35,612.3369818351188,4294,146,2629375.0,3203.0,74.59,19.95,10.35,1218997800.0,5.0,0.05737704918034048,5658.53,-0.8235883845819636,0.7423914081699436,1.82,47.300729089866465,242.33714409926256,-133.07713220699833,520.15,1141.0,620.85,14168.9,14240.4,-2343.0,1641.9,13.19,2008,35121.5,212.60000000000002,-5816.4,5478.2,44.01,70388.4,543.6,-11726.2,12164.9,97.72,156848.4,17689.799999999996,-28232.5,19995.6,155.55,46.27369219105383,610.55,614.9,587.35,610.0
2008-08-14,635.0,639.0,606.0,617.35,615.6731724627393,2818,185,1734967.0,1292.0,45.85,33.0,-17.65,1218652200.0,5.0,1.1468829360203214,5705.52,-2.375790718246784,0.7419873858413598,1.89,45.63051753462379,239.5176951443514,-132.5762347890411,520.15,1141.0,620.85,14168.9,14240.4,-2343.0,1641.9,13.19,2008,35121.5,212.60000000000002,-5816.4,5478.2,44.01,70388.4,543.6,-11726.2,12164.9,97.72,156848.4,17689.799999999996,-28232.5,19995.6,155.55,46.80439727065959,600.0,619.95,600.0,610.35
2008-08-13,621.0,650.0,620.0,633.1,629.1172649572649,2925,144,1840168.0,1631.0,55.76,30.0,12.1,1218565800.0,5.0,2.5512270187090014,5844.37,-0.4783344628997099,0.7390294130255444,1.85,42.00758174064128,231.45146525630648,-129.5246543575318,520.15,1141.0,620.85,14168.9,14240.4,-2343.0,1641.9,13.19,2008,35121.5,212.60000000000002,-5816.4,5478.2,44.01,70388.4,543.6,-11726.2,12164.9,97.72,156848.4,17689.799999999996,-28232.5,19995.6,155.55,47.99848369977256,635.0,639.0,606.0,617.35
2008-08-12,631.3,638.0,627.5,634.5,632.2470489038785,1186,64,749845.0,619.0,52.19,10.5,3.2,1218479400.0,5.0,0.2211341020375901,5872.46,-1.5512180238357431,0.7413372492728699,1.86,41.694247438928286,229.8660186701996,-129.1951072596961,520.15,1141.0,620.85,14168.9,14240.4,-2343.0,1641.9,13.19,2008,35121.5,212.60000000000002,-5816.4,5478.2,44.01,70388.4,543.6,-11726.2,12164.9,97.72,156848.4,17689.799999999996,-28232.5,19995.6,155.55,48.10462471569371,621.0,650.0,620.0,633.1
2008-08-11,644.95,645.0,628.0,634.65,635.7941413598495,3721,241,2365790.0,2020.0,54.29,17.0,-10.3,1218393000.0,5.0,0.023640661938539864,5964.99,2.0525165012266644,0.7398686082576167,1.87,41.66075789805404,224.74907753407803,-125.11047500682571,520.15,1141.0,620.85,14168.9,14240.4,-2343.0,1641.9,13.19,2008,35121.5,212.60000000000002,-5816.4,5478.2,44.01,70388.4,543.6,-11726.2,12164.9,97.72,156848.4,17689.799999999996,-28232.5,19995.6,155.55,48.115996967399546,631.3,638.0,627.5,634.5
2008-08-08,639.75,639.75,622.25,631.3,627.7658592848904,3468,206,2177092.0,2253.0,64.97,17.5,-8.45,1218133800.0,5.0,-0.5278499960608252,5845.02,0.2662320953769725,0.7374689646836268,1.7,42.41248217962934,231.4146059380464,-128.69491043420905,520.15,1141.0,620.85,14168.9,14240.4,-2343.0,1641.9,13.19,2008,35121.5,212.60000000000002,-5816.4,5478.2,44.01,70388.4,543.6,-11726.2,12164.9,97.72,156848.4,17689.799999999996,-28232.5,19995.6,155.55,47.8620166793025,644.95,645.0,628.0,634.65
2008-08-07,635.0,648.0,611.0,633.7,636.3775443204202,24368,547,15507248.0,12712.0,52.17,37.0,-1.3,1218047400.0,5.0,0.3801679074924902,5829.5,0.3023092156994256,0.7376462651884277,1.66,41.873126084898196,232.29693798782057,-129.91534983631266,520.15,1141.0,620.85,14168.9,14240.4,-2343.0,1641.9,13.19,2008,35121.5,212.60000000000002,-5816.4,5478.2,44.01,70388.4,543.6,-11726.2,12164.9,97.72,156848.4,17689.799999999996,-28232.5,19995.6,155.55,48.04397270659591,639.75,639.75,622.25,631.3
2008-08-06,629.95,636.9,612.0,632.6,629.7193874847666,18873,384,11884694.0,10027.0,53.13,24.9,2.65,1217961000.0,5.0,-0.17358371469149425,5811.93,0.1440492662275305,0.7376193272859562,1.64,42.119822952892804,233.3015022548448,-130.39817849837985,520.15,1141.0,620.85,14168.9,14240.4,-2343.0,1641.9,13.19,2008,35121.5,212.60000000000002,-5816.4,5478.2,44.01,70388.4,543.6,-11726.2,12164.9,97.72,156848.4,17689.799999999996,-28232.5,19995.6,155.55,47.960576194086435,635.0,648.0,611.0,633.7
2008-08-05,578.9,616.8,574.0,612.35,595.6854526241632,17034,551,10146906.0,9112.0,53.49,42.8,33.45,1217874600.0,5.0,-3.201074928865,5803.57,2.33948755929394,0.7376624523271657,1.75,46.819629296970675,233.78162062316812,-126.09138498936207,520.15,1141.0,620.85,14168.9,14240.4,-2343.0,1641.9,13.19,2008,35121.5,212.60000000000002,-5816.4,5478.2,44.01,70388.4,543.6,-11726.2,12164.9,97.72,156848.4,17689.799999999996,-28232.5,19995.6,155.55,46.42532221379834,629.95,636.9,612.0,632.6
2008-08-04,569.0,580.0,563.55,574.75,573.5508003178566,8809,402,5052409.0,4219.0,47.89,16.45,5.75,1217788200.0,5.0,-6.140279252061731,5670.9,0.502076181598099,0.7394622897061599,1.75,56.42453240539365,241.5904001128569,-122.67839902610106,520.15,1141.0,620.85,14168.9,14240.4,-2343.0,1641.9,13.19,2008,35121.5,212.60000000000002,-5816.4,5478.2,44.01,70388.4,543.6,-11726.2,12164.9,97.72,156848.4,17689.799999999996,-28232.5,19995.6,155.55,43.57467778620167,578.9,616.8,574.0,612.35
2008-08-01,567.0,567.4,552.0,566.55,562.2471411375263,13292,248,7473389.0,8924.0,67.14,15.4,-0.45,1217529000.0,5.0,-1.4267072640278489,5642.57,2.113732565778159,0.7573464691893335,1.66,58.68855352572589,243.3054441504492,-125.9807703973051,520.15,1141.0,620.85,14168.9,14240.4,-2343.0,1641.9,13.19,2008,35121.5,212.60000000000002,-5816.4,5478.2,44.01,70388.4,543.6,-11726.2,12164.9,97.72,156848.4,17689.799999999996,-28232.5,19995.6,155.55,42.952994692949204,569.0,580.0,563.55,574.75
2008-07-31,556.1,581.2,555.0,574.15,571.4281945763428,9477,401,5415425.0,2392.0,25.24,26.2,18.05,1217442600.0,5.0,1.3414526520165948,5525.77,0.2076411960133084,0.7558883724535671,1.68,56.58799965165897,250.56200312354656,-133.21901262238225,520.15,1141.0,620.85,14168.9,14240.4,-2343.0,1641.9,13.19,2008,35121.5,212.60000000000002,-5816.4,5478.2,44.01,70388.4,543.6,-11726.2,12164.9,97.72,156848.4,17689.799999999996,-28232.5,19995.6,155.55,43.529188779378316,567.0,567.4,552.0,566.55
2008-07-30,562.8,562.8,550.0,556.65,555.6727376209448,1757,141,976317.0,1136.0,64.66,12.8,-6.15,1217356200.0,5.0,-3.047983976312807,5514.32,3.2188021773148945,0.7564455785014997,1.7,61.51082367735561,251.2899142596005,-128.9903634028876,520.15,1141.0,620.85,14168.9,14240.4,-2343.0,1641.9,13.19,2008,35121.5,212.60000000000002,-5816.4,5478.2,44.01,70388.4,543.6,-11726.2,12164.9,97.72,156848.4,17689.799999999996,-28232.5,19995.6,155.55,42.202426080363914,556.1,581.2,555.0,574.15
2008-07-29,542.15,565.5,542.15,548.6,553.2645594823294,4018,213,2223017.0,2146.0,53.41,23.35,6.45,1217269800.0,5.0,-1.4461510823677304,5342.36,-3.5930899201836453,0.7550293434751075,1.72,63.88078745898649,262.59724166847616,-134.80918504556,520.15,1141.0,620.85,14168.9,14240.4,-2343.0,1641.9,13.19,2008,35121.5,212.60000000000002,-5816.4,5478.2,44.01,70388.4,543.6,-11726.2,12164.9,97.72,156848.4,17689.799999999996,-28232.5,19995.6,155.55,41.592115238817286,562.8,562.8,550.0,556.65
2008-07-28,552.0,566.0,549.0,560.4,559.4786516853933,2225,231,1244840.0,988.0,44.4,17.0,8.4,1217183400.0,5.0,2.1509296390813004,5541.47,0.603095356964567,0.7484294922587259,1.73,60.43004996431121,249.56879672722212,-126.78981483225722,520.15,1141.0,620.85,14168.9,14240.4,-2343.0,1641.9,13.19,2008,35121.5,212.60000000000002,-5816.4,5478.2,44.01,70388.4,543.6,-11726.2,12164.9,97.72,156848.4,17689.799999999996,-28232.5,19995.6,155.55,42.48673237300986,542.15,565.5,542.15,548.6
2008-07-25,535.0,554.9,500.0,550.5,543.1139732685298,8230,249,4469828.0,4697.0,57.07,54.9,15.5,1216924200.0,5.0,-1.7665952890792203,5508.25,-2.356248792360449,0.7499063155822435,1.75,63.31516802906447,251.67702990968093,-125.85669013491753,520.15,1141.0,620.85,14168.9,14240.4,-2343.0,1641.9,13.19,2008,35121.5,212.60000000000002,-5816.4,5478.2,44.01,70388.4,543.6,-11726.2,12164.9,97.72,156848.4,17689.799999999996,-28232.5,19995.6,155.55,41.73616376042457,552.0,566.0,549.0,560.4
2008-07-24,598.0,598.0,535.1,543.5,568.101024373013,19817,451,11258058.0,13424.0,67.74,62.9,-54.5,1216837800.0,5.0,-1.2715712988192518,5641.17,-0.8973604462207407,0.7483096775669472,1.65,65.41858325666972,243.390644139425,-117.12828021412953,520.15,1141.0,620.85,14168.9,14240.4,-2343.0,1641.9,13.19,2008,35121.5,212.60000000000002,-5816.4,5478.2,44.01,70388.4,543.6,-11726.2,12164.9,97.72,156848.4,17689.799999999996,-28232.5,19995.6,155.55,41.2054586808188,535.0,554.9,500.0,550.5
2008-07-23,545.0,579.95,544.0,571.7,561.4582306217474,18255,496,10249420.0,8202.0,44.93,35.95,26.7,1216751400.0,5.0,5.188592456301766,5692.25,5.959297184904999,0.7488492414301732,1.59,57.25905195032357,240.3091923228952,-123.09563413550012,520.15,1141.0,620.85,14168.9,14240.4,-2343.0,1641.9,13.19,2008,35121.5,212.60000000000002,-5816.4,5478.2,44.01,70388.4,543.6,-11726.2,12164.9,97.72,156848.4,17689.799999999996,-28232.5,19995.6,155.55,43.34344200151631,598.0,598.0,535.1,543.5
2008-07-22,535.2,547.9,530.0,539.9,537.516179704681,3183,184,1710914.0,1573.0,49.42,17.9,4.7,1216665000.0,5.0,-5.562357880007007,5372.11,2.1267090474959227,0.7381516212974828,1.55,66.52157807001295,260.5892284409664,-126.23864838333542,520.15,1141.0,620.85,14168.9,14240.4,-2343.0,1641.9,13.19,2008,35121.5,212.60000000000002,-5816.4,5478.2,44.01,70388.4,543.6,-11726.2,12164.9,97.72,156848.4,17689.799999999996,-28232.5,19995.6,155.55,40.93252463987869,545.0,579.95,544.0,571.7
2008-07-21,540.0,541.0,530.0,538.65,536.6535889996218,7927,233,4254053.0,5245.0,66.17,11.0,-1.35,1216578600.0,5.0,-0.2315243563622893,5260.24,1.0810956229655,0.7510746618901767,1.48,66.90801076765989,268.2579121865162,-134.942119427595,520.15,1141.0,620.85,14168.9,14240.4,-2343.0,1641.9,13.19,2008,35121.5,212.60000000000002,-5816.4,5478.2,44.01,70388.4,543.6,-11726.2,12164.9,97.72,156848.4,17689.799999999996,-28232.5,19995.6,155.55,40.83775587566338,535.2,547.9,530.0,539.9
2008-07-18,538.0,545.75,518.0,539.85,533.1433447098975,31937,752,17026999.0,11159.0,34.94,27.75,1.85,1216319400.0,5.0,0.2227791701475912,5203.98,3.1457186632231515,0.750405345322934,1.48,66.5370010188015,272.23913235638884,-138.12209919643243,520.15,1141.0,620.85,14168.9,14240.4,-2343.0,1641.9,13.19,2008,35121.5,212.60000000000002,-5816.4,5478.2,44.01,70388.4,543.6,-11726.2,12164.9,97.72,156848.4,17689.799999999996,-28232.5,19995.6,155.55,40.92873388931009,540.0,541.0,530.0,538.65
2008-07-17,530.0,549.95,515.05,520.15,530.1911401341334,5666,187,3004063.0,3723.0,65.71,34.9,-9.85,1216233000.0,5.0,-3.6491618042048812,5045.27,3.0688144145616603,0.7439483282774588,1.43,72.84437181582236,283.94872821474365,-138.7649637466099,520.15,1141.0,620.85,14168.9,14240.4,-2343.0,1641.9,13.19,2008,35121.5,212.60000000000002,-5816.4,5478.2,44.01,70388.4,543.6,-11726.2,12164.9,97.72,156848.4,17689.799999999996,-28232.5,19995.6,155.55,39.435178165276724,538.0,545.75,518.0,539.85
2008-07-16,529.85,537.0,529.85,530.2,530.0325347218899,104473,135,55374089.0,101515.0,97.17,7.15,0.35,1216146600.0,5.0,1.9321349610689431,4895.05,-1.2391883739839016,0.7450109755189059,1.37,69.56808751414559,295.7314021307239,-151.10438784237797,522.35,1141.0,618.65,14168.9,14240.4,-2343.0,1641.9,13.19,2008,35121.5,212.60000000000002,-5816.4,5478.2,44.01,70388.4,543.6,-11726.2,12164.9,97.72,156848.4,17689.799999999996,-28232.5,19995.6,155.55,40.19711902956786,530.0,549.95,515.05,520.15
2008-07-15,535.0,543.9,525.0,529.85,530.3230549315907,9794,102,5193984.0,9227.0,94.21,18.9,-5.15,1216060200.0,5.0,-0.06601282534892672,4956.47,-4.439958663982912,0.7454434820930604,1.39,69.68009814098328,290.8275446033164,-147.46923295657842,522.35,1141.0,618.65,14168.9,14240.4,-2343.0,1641.9,13.19,2008,35121.5,212.60000000000002,-5816.4,5478.2,44.01,70388.4,543.6,-11726.2,12164.9,97.72,156848.4,17689.799999999996,-28232.5,19995.6,155.55,40.170583775587566,529.85,537.0,529.85,530.2
2008-07-14,548.0,555.0,540.05,541.5,547.1522292993632,1570,128,859029.0,908.0,57.83,14.95,-6.5,1215973800.0,5.0,2.198735491176751,5186.76,-0.7670011574849145,0.7329306904833736,1.52,66.02954755309325,273.47496317546984,-134.8145913874843,522.35,1141.0,618.65,14168.9,14240.4,-2343.0,1641.9,13.19,2008,35121.5,212.60000000000002,-5816.4,5478.2,44.01,70388.4,543.6,-11726.2,12164.9,97.72,156848.4,17689.799999999996,-28232.5,19995.6,155.55,41.0538286580743,535.0,543.9,525.0,529.85
2008-07-11,570.0,570.0,542.0,551.35,553.2540268456378,2980,187,1648697.0,1609.0,53.99,28.0,-18.65,1215714600.0,5.0,1.8190212373037973,5226.85,-2.808717157254681,0.7343768154066705,1.62,63.06338986124964,270.61040588499765,-136.09692778752265,522.35,1141.0,618.65,14168.9,14240.4,-2343.0,1641.9,13.19,2008,35121.5,212.60000000000002,-5816.4,5478.2,44.01,70388.4,543.6,-11726.2,12164.9,97.72,156848.4,17689.799999999996,-28232.5,19995.6,155.55,41.80060652009098,548.0,555.0,540.05,541.5
2008-07-10,560.0,566.0,551.0,554.6,555.7831829896908,3104,158,1725151.0,1574.0,50.71,15.0,-5.4,1215628200.0,5.0,0.5894622290741003,5377.9,-0.0113414309911186,0.7304939441033121,1.67,62.10782545979083,260.2010078283345,-128.4175101217335,522.35,1141.0,618.65,14168.9,14240.4,-2343.0,1641.9,13.19,2008,35121.5,212.60000000000002,-5816.4,5478.2,44.01,70388.4,543.6,-11726.2,12164.9,97.72,156848.4,17689.799999999996,-28232.5,19995.6,155.55,42.047005307050796,570.0,570.0,542.0,551.35
2008-07-09,563.0,569.9,560.0,566.5,563.0837066729545,4241,217,2388038.0,1777.0,41.9,9.9,3.5,1215541800.0,5.0,2.145690587811022,5378.51,4.243376870553184,0.7305518803012129,1.82,58.70255957634598,260.1601558796023,-131.84832705880592,522.35,1141.0,618.65,14168.9,14240.4,-2343.0,1641.9,13.19,2008,35121.5,212.60000000000002,-5816.4,5478.2,44.01,70388.4,543.6,-11726.2,12164.9,97.72,156848.4,17689.799999999996,-28232.5,19995.6,155.55,42.94920394238059,560.0,566.0,551.0,554.6
2008-07-08,535.25,560.0,535.25,555.9,550.8773743016759,35800,209,19721410.0,34285.0,95.77,24.75,20.65,1215455400.0,5.0,-1.8711385701676964,5159.57,-0.8573860677646206,0.7204379903462513,1.86,61.72872818852311,275.44310863114566,-137.23093678637963,522.35,1141.0,618.65,14168.9,14240.4,-2343.0,1641.9,13.19,2008,35121.5,212.60000000000002,-5816.4,5478.2,44.01,70388.4,543.6,-11726.2,12164.9,97.72,156848.4,17689.799999999996,-28232.5,19995.6,155.55,42.145564821834725,563.0,569.9,560.0,566.5
2008-07-07,570.0,570.0,542.0,552.25,551.0370260663507,3376,208,1860301.0,1305.0,38.66,28.0,-17.75,1215369000.0,5.0,-0.6565929123943159,5204.19,0.8186860340996249,0.722079132770093,1.87,62.797645993662286,272.22411172535976,-134.28941654181432,522.35,1141.0,618.65,14168.9,14240.4,-2343.0,1641.9,13.19,2008,35121.5,212.60000000000002,-5816.4,5478.2,44.01,70388.4,543.6,-11726.2,12164.9,97.72,156848.4,17689.799999999996,-28232.5,19995.6,155.55,41.868840030326005,535.25,560.0,535.25,555.9
2008-07-04,530.0,539.9,530.0,537.5,534.7546996790463,2181,137,1166300.0,811.0,37.18,9.9,7.5,1215109800.0,5.0,-2.6708918062471665,5161.93,2.6600081938196407,0.7219919391303489,,67.26511627906977,275.27145854360674,,522.35,1141.0,618.65,14168.9,14240.4,-2343.0,1641.9,13.19,2008,35121.5,212.60000000000002,-5816.4,5478.2,44.01,70388.4,543.6,-11726.2,12164.9,97.72,156848.4,17689.799999999996,-28232.5,19995.6,155.55,40.75056861258529,570.0,570.0,542.0,552.25
2008-07-03,543.0,545.0,512.0,534.2,528.6092333058533,6065,286,3206015.0,3059.0,50.44,33.0,-8.8,1215023400.0,5.0,-0.6139534883720876,5028.18,-4.130003298511465,0.721265553417435,1.84,68.29839011606138,285.2537100899331,-137.95815633804273,522.35,1141.0,618.65,14168.9,14240.4,-2343.0,1641.9,13.19,2008,35121.5,212.60000000000002,-5816.4,5478.2,44.01,70388.4,543.6,-11726.2,12164.9,97.72,156848.4,17689.799999999996,-28232.5,19995.6,155.55,40.50037907505687,530.0,539.9,530.0,537.5
2008-07-02,512.0,544.0,512.0,541.35,528.7774682760755,6462,265,3416960.0,3832.0,59.3,32.0,29.35,1214937000.0,5.0,1.3384500187195725,5244.79,4.836253008291291,0.710577857664523,1.82,66.075551861088,269.34271915558105,-125.84016879307262,522.35,1141.0,618.65,14168.9,14240.4,-2343.0,1641.9,13.19,2008,35121.5,212.60000000000002,-5816.4,5478.2,44.01,70388.4,543.6,-11726.2,12164.9,97.72,156848.4,17689.799999999996,-28232.5,19995.6,155.55,41.042456406368466,543.0,545.0,512.0,534.2
2008-07-01,538.0,544.4,510.0,522.35,533.5720751024403,16351,378,8724437.0,11011.0,67.34,34.4,-15.65,1214850600.0,5.0,-3.509744158123207,5002.84,-4.075070416863991,0.6954996662532125,1.87,72.11639705178519,287.20506752164766,-128.2040471798586,522.35,1141.0,618.65,14168.9,14240.4,-2343.0,1641.9,13.19,2008,35121.5,212.60000000000002,-5816.4,5478.2,44.01,70388.4,543.6,-11726.2,12164.9,97.72,156848.4,17689.799999999996,-28232.5,19995.6,155.55,39.60197119029568,512.0,544.0,512.0,541.35
2008-06-30,562.35,569.9,538.0,544.85,547.6072837829096,15459,366,8465461.0,9387.0,60.72,31.9,-17.5,1214764200.0,0.0,4.307456686129996,5215.37,-2.8286682603000823,0.691239801995373,1.9,65.00871799577862,271.4261883624748,-123.19851108046612,544.85,1141.0,596.15,14959.8,15225.8,-2551.4,2650.1,21.29,2008,30540.3,14304.199999999999,-5050.7,4025.5,32.339999999999996,68979.0,14613.799999999997,-11208.4,11297.8,90.75999999999999,138572.3,31632.199999999997,-24070.6,20479.8,164.51999999999998,25.591827148896197,538.0,544.4,510.0,522.35
2008-06-27,575.1,575.1,558.05,568.05,566.9470416362308,2738,204,1552301.0,1702.0,62.16,17.05,-7.05,1214505000.0,0.0,4.258052675048174,5367.19,-4.00475756112394,0.6935385877502919,1.68,58.26951852829858,260.91977366182306,-123.2032679858275,562.75,1141.0,578.25,14959.8,15225.8,-2551.4,2650.1,21.29,2008,30540.3,14304.199999999999,-5050.7,4025.5,32.339999999999996,68979.0,14613.799999999997,-11208.4,11297.8,90.75999999999999,138572.3,31632.199999999997,-24070.6,20479.8,164.51999999999998,26.681540629403475,562.35,569.9,538.0,544.85
2008-06-26,573.0,599.95,570.15,592.9,585.0787305046653,29366,770,17181422.0,20808.0,70.86,29.8,19.9,1214418600.0,0.0,4.374614910659269,5591.1,0.8650316155976334,0.6902583805657457,1.74,51.63602631135098,246.46581173650975,-119.02801618052982,562.75,1141.0,578.25,14959.8,15225.8,-2551.4,2650.1,21.29,2008,30540.3,14304.199999999999,-5050.7,4025.5,32.339999999999996,68979.0,14613.799999999997,-11208.4,11297.8,90.75999999999999,138572.3,31632.199999999997,-24070.6,20479.8,164.51999999999998,27.848755284170974,575.1,575.1,558.05,568.05
2008-06-25,551.45,574.0,542.0,569.9,568.4837865823752,18349,425,10431109.0,15452.0,84.21,32.0,18.45,1214332200.0,0.0,-3.8792376454714117,5543.15,0.930435811764263,0.6979067605942171,1.81,57.75574662221443,249.46285054526763,-116.8928520537571,562.75,1141.0,578.25,14959.8,15225.8,-2551.4,2650.1,21.29,2008,30540.3,14304.199999999999,-5050.7,4025.5,32.339999999999996,68979.0,14613.799999999997,-11208.4,11297.8,90.75999999999999,138572.3,31632.199999999997,-24070.6,20479.8,164.51999999999998,26.768435885392204,573.0,599.95,570.15,592.9
2008-06-24,569.0,579.8,556.05,562.75,569.9476381519348,38635,416,22019927.0,34197.0,88.51,23.75,-6.25,1214245800.0,0.0,-1.2546060712405604,5492.05,-1.7102124163998478,0.7054893564588249,1.83,59.76010661928031,252.71437805555303,-119.06615180070433,562.75,1141.0,578.25,14959.8,15225.8,-2551.4,2650.1,21.29,2008,30540.3,14304.199999999999,-5050.7,4025.5,32.339999999999996,68979.0,14613.799999999997,-11208.4,11297.8,90.75999999999999,138572.3,31632.199999999997,-24070.6,20479.8,164.51999999999998,26.432597463597933,551.45,574.0,542.0,569.9
2008-06-23,577.0,599.0,570.0,574.2,578.101571424161,32391,652,18725288.0,23542.0,72.68,29.0,-2.8,1214159400.0,0.0,2.0346512661039595,5587.61,-2.78410405680255,0.7045525350700792,1.87,56.57436433298499,246.68221296761945,-117.77870092946739,574.2,1141.0,566.8,14959.8,15225.8,-2551.4,2650.1,21.29,2008,30540.3,14304.199999999999,-5050.7,4025.5,32.339999999999996,68979.0,14613.799999999997,-11208.4,11297.8,90.75999999999999,138572.3,31632.199999999997,-24070.6,20479.8,164.51999999999998,26.970408642555192,569.0,579.8,556.05,562.75
2008-06-20,636.0,636.0,589.0,592.4,608.9508701188455,18848,635,11477506.0,9518.0,50.5,47.0,-43.6,1213900200.0,0.0,3.1696273075583203,5747.63,-3.452127784664905,0.7006899861416375,1.87,51.76401080351114,237.0302194121751,-114.88040007747024,592.4,1141.0,548.6,14959.8,15225.8,-2551.4,2650.1,21.29,2008,30540.3,14304.199999999999,-5050.7,4025.5,32.339999999999996,68979.0,14613.799999999997,-11208.4,11297.8,90.75999999999999,138572.3,31632.199999999997,-24070.6,20479.8,164.51999999999998,27.825270079849695,577.0,599.0,570.0,574.2
2008-06-19,634.0,647.0,620.0,626.5,635.6001734605378,8071,537,5129929.0,2162.0,26.79,27.0,-7.5,1213813800.0,0.0,5.756245779878455,5953.14,-2.029793564695337,0.6964615056492275,1.91,43.50359138068634,225.3955055651303,-114.05546031598311,615.7,1141.0,525.3,14959.8,15225.8,-2551.4,2650.1,21.29,2008,30540.3,14304.199999999999,-5050.7,4025.5,32.339999999999996,68979.0,14613.799999999997,-11208.4,11297.8,90.75999999999999,138572.3,31632.199999999997,-24070.6,20479.8,164.51999999999998,29.426961014560828,636.0,636.0,589.0,592.4
2008-06-18,630.6,660.0,627.45,632.1,645.8762943786984,21632,626,13971596.0,9143.0,42.27,32.55,1.5,1213727400.0,0.0,0.893854748603351,6076.48,-1.4639778424975325,0.7087832082137215,1.93,42.23224173390285,218.79064853336143,-113.40494446888134,615.7,1141.0,525.3,14959.8,15225.8,-2551.4,2650.1,21.29,2008,30540.3,14304.199999999999,-5050.7,4025.5,32.339999999999996,68979.0,14613.799999999997,-11208.4,11297.8,90.75999999999999,138572.3,31632.199999999997,-24070.6,20479.8,164.51999999999998,29.689995302959137,634.0,647.0,620.0,626.5
2008-06-17,629.9,631.9,616.05,628.25,624.165541452876,3703,236,2311285.0,1643.0,44.37,15.85,-1.65,1213641000.0,0.0,-0.609080841638987,6166.76,2.002752378557915,0.7073978864959568,1.99,43.103859928372444,214.12362407487885,-108.94901739692467,615.7,1141.0,525.3,14959.8,15225.8,-2551.4,2650.1,21.29,2008,30540.3,14304.199999999999,-5050.7,4025.5,32.339999999999996,68979.0,14613.799999999997,-11208.4,11297.8,90.75999999999999,138572.3,31632.199999999997,-24070.6,20479.8,164.51999999999998,29.5091592296853,630.6,660.0,627.45,632.1
2008-06-16,640.0,644.05,615.05,621.95,628.0545599362806,2511,216,1577045.0,1051.0,41.86,29.0,-18.05,1213554600.0,0.0,-1.0027855153203258,6045.68,1.3588437170453105,0.7049673389607327,2.07,44.55342069298174,220.4147424276508,-111.44249135230584,615.7,1141.0,525.3,14959.8,15225.8,-2551.4,2650.1,21.29,2008,30540.3,14304.199999999999,-5050.7,4025.5,32.339999999999996,68979.0,14613.799999999997,-11208.4,11297.8,90.75999999999999,138572.3,31632.199999999997,-24070.6,20479.8,164.51999999999998,29.213245655237206,629.9,631.9,616.05,628.25
2008-06-13,629.0,644.55,622.0,632.0,635.0156776021562,101291,153,64321373.0,100681.0,99.4,22.55,3.0,1213295400.0,0.0,1.6158855213441514,5964.63,-0.4148941143471418,0.7044414346588989,1.99,42.254746835443036,224.76867802361588,-116.66978472292584,615.7,1141.0,525.3,14959.8,15225.8,-2551.4,2650.1,21.29,2008,30540.3,14304.199999999999,-5050.7,4025.5,32.339999999999996,68979.0,14613.799999999997,-11208.4,11297.8,90.75999999999999,138572.3,31632.199999999997,-24070.6,20479.8,164.51999999999998,29.685298262094882,640.0,644.05,615.05,621.95
2008-06-12,618.25,644.0,612.0,638.3,629.4076990376202,2286,256,1438826.0,779.0,34.08,32.0,20.05,1213209000.0,0.0,0.9968354430379689,5989.48,0.5319086439770304,0.7053144900703935,2.0,40.8506971643428,223.42123189325287,-117.32090609920519,615.7,1141.0,525.3,14959.8,15225.8,-2551.4,2650.1,21.29,2008,30540.3,14304.199999999999,-5050.7,4025.5,32.339999999999996,68979.0,14613.799999999997,-11208.4,11297.8,90.75999999999999,138572.3,31632.199999999997,-24070.6,20479.8,164.51999999999998,29.981211836542975,629.0,644.55,622.0,632.0
2008-06-11,621.0,643.9,617.0,640.4,630.7370179167932,3293,239,2077017.0,1670.0,50.71,26.9,19.4,1213122600.0,0.0,0.32899890333699666,5957.79,1.5921438096180074,0.7054626200981571,1.96,40.388819487820115,225.1415373821501,-119.01741263132627,615.7,1141.0,525.3,14959.8,15225.8,-2551.4,2650.1,21.29,2008,30540.3,14304.199999999999,-5050.7,4025.5,32.339999999999996,68979.0,14613.799999999997,-11208.4,11297.8,90.75999999999999,138572.3,31632.199999999997,-24070.6,20479.8,164.51999999999998,30.079849694692346,618.25,644.0,612.0,638.3
2008-06-10,614.0,624.8,608.0,615.7,613.5913776944706,2134,209,1309404.0,827.0,38.75,16.8,1.7,1213036200.0,0.0,-3.8569643972517054,5864.42,-1.0767089781976158,0.7037099435153413,2.02,46.020789345460436,230.3182582420768,-116.65496506672224,615.7,1141.0,525.3,14959.8,15225.8,-2551.4,2650.1,21.29,2008,30540.3,14304.199999999999,-5050.7,4025.5,32.339999999999996,68979.0,14613.799999999997,-11208.4,11297.8,90.75999999999999,138572.3,31632.199999999997,-24070.6,20479.8,164.51999999999998,28.919680601221234,621.0,643.9,617.0,640.4
2008-06-09,618.0,630.0,601.0,620.65,617.7901829953095,15137,383,9351490.0,8893.0,58.75,29.0,2.65,1212949800.0,0.0,0.8039629689783778,5928.25,-2.965897093846414,0.7112753577062367,1.89,44.85619914605654,226.7616918989584,-116.97949394738175,620.05,1141.0,520.95,14959.8,15225.8,-2551.4,2650.1,21.29,2008,30540.3,14304.199999999999,-5050.7,4025.5,32.339999999999996,68979.0,14613.799999999997,-11208.4,11297.8,90.75999999999999,138572.3,31632.199999999997,-24070.6,20479.8,164.51999999999998,29.152184124001877,614.0,624.8,608.0,615.7
2008-06-06,627.6,660.0,620.2,638.55,639.5511511776924,22629,596,14472403.0,13477.0,59.56,39.8,10.95,1212690600.0,0.0,2.8840731491178495,6109.45,-0.9678789332745464,0.7048786105256922,1.85,40.795552423459405,217.07027637512377,-112.75861694479329,620.05,1141.0,520.95,14959.8,15225.8,-2551.4,2650.1,21.29,2008,30540.3,14304.199999999999,-5050.7,4025.5,32.339999999999996,68979.0,14613.799999999997,-11208.4,11297.8,90.75999999999999,138572.3,31632.199999999997,-24070.6,20479.8,164.51999999999998,29.992954438703617,618.0,630.0,601.0,620.65
2008-06-05,639.9,639.9,608.0,620.05,619.663332090368,77771,1006,48191837.0,64119.0,82.45,31.9,-19.85,1212604200.0,0.0,-2.8971889437005682,6169.16,1.334279467733679,0.7078428569682205,1.85,44.996371260382226,214.0014199664136,-107.02349595850873,620.05,1141.0,520.95,14959.8,15225.8,-2551.4,2650.1,21.29,2008,30540.3,14304.199999999999,-5050.7,4025.5,32.339999999999996,68979.0,14613.799999999997,-11208.4,11297.8,90.75999999999999,138572.3,31632.199999999997,-24070.6,20479.8,164.51999999999998,29.124001878816344,627.6,660.0,620.2,638.55
2008-06-04,645.4,652.9,617.0,627.05,633.6574728901461,4242,298,2687975.0,1815.0,42.79,35.9,-18.35,1212517800.0,0.0,1.1289412144181998,6087.93,-3.106269198325673,0.7116421059316471,1.84,43.37772107487441,218.1910764414177,-112.42681458447484,627.05,1141.0,513.95,14959.8,15225.8,-2551.4,2650.1,21.29,2008,30540.3,14304.199999999999,-5050.7,4025.5,32.339999999999996,68979.0,14613.799999999997,-11208.4,11297.8,90.75999999999999,138572.3,31632.199999999997,-24070.6,20479.8,164.51999999999998,29.452794739314232,639.9,639.9,608.0,620.05
2008-06-03,644.0,652.0,625.15,644.3,637.5430726883475,9809,430,6253660.0,4827.0,49.21,26.85,0.3,1212431400.0,0.0,2.7509767961087617,6283.1,-0.6321296458840275,0.704722078336344,1.85,39.539034611205956,208.30720504209705,-107.80591601357341,635.9,1141.0,505.1,14959.8,15225.8,-2551.4,2650.1,21.29,2008,30540.3,14304.199999999999,-5050.7,4025.5,32.339999999999996,68979.0,14613.799999999997,-11208.4,11297.8,90.75999999999999,138572.3,31632.199999999997,-24070.6,20479.8,164.51999999999998,30.26303428839831,645.4,652.9,617.0,627.05
2008-06-02,655.0,655.0,640.0,641.8,642.3222433460076,5260,181,3378615.0,1708.0,32.47,15.0,-13.2,1212345000.0,0.0,-0.3880180040353842,6323.07,-2.345956815243944,0.7077730533809239,1.85,40.08258024306637,206.3583037986295,-106.51288637824322,635.9,1141.0,505.1,14959.8,15225.8,-2551.4,2650.1,21.29,2008,30540.3,14304.199999999999,-5050.7,4025.5,32.339999999999996,68979.0,14613.799999999997,-11208.4,11297.8,90.75999999999999,138572.3,31632.199999999997,-24070.6,20479.8,164.51999999999998,30.14560826679192,644.0,652.0,625.15,644.3
2008-05-30,645.0,657.0,641.35,650.25,647.4674271990393,3331,200,2156714.0,1722.0,51.7,15.65,5.25,1212085800.0,0.0,1.3166095356809127,6474.97,-0.0364347655592567,0.7036248663300094,1.89,38.26220684352171,199.1712702915998,-102.43980059481964,635.9,1141.0,505.1,14959.8,15225.8,-2551.4,2650.1,21.29,2008,30540.3,14304.199999999999,-5050.7,4025.5,32.339999999999996,68979.0,14613.799999999997,-11208.4,11297.8,90.75999999999999,138572.3,31632.199999999997,-24070.6,20479.8,164.51999999999998,30.542508219821514,655.0,655.0,640.0,641.8
2008-05-29,654.95,667.0,641.5,651.0,655.2989159409988,11254,294,7374734.0,7993.0,71.02,25.5,-3.95,1211999400.0,0.0,0.11534025374855261,6477.33,-1.0044245420713582,0.7042755894359534,1.9,38.102918586789556,199.0622679406484,-102.65365388163998,635.9,1141.0,505.1,14959.8,15225.8,-2551.4,2650.1,21.29,2008,30540.3,14304.199999999999,-5050.7,4025.5,32.339999999999996,68979.0,14613.799999999997,-11208.4,11297.8,90.75999999999999,138572.3,31632.199999999997,-24070.6,20479.8,164.51999999999998,30.57773602630343,645.0,657.0,641.35,650.25
2008-05-28,635.9,663.0,635.9,655.2,650.5222964929952,21842,594,14208708.0,12634.0,57.84,27.1,19.3,1211913000.0,0.0,0.6451612903225934,6543.05,1.3320344925848326,0.7034097891123103,1.89,37.21764346764345,196.0584131253773,-101.25231906115016,635.9,1141.0,505.1,14959.8,15225.8,-2551.4,2650.1,21.29,2008,30540.3,14304.199999999999,-5050.7,4025.5,32.339999999999996,68979.0,14613.799999999997,-11208.4,11297.8,90.75999999999999,138572.3,31632.199999999997,-24070.6,20479.8,164.51999999999998,30.775011742602164,654.95,667.0,641.5,651.0
2008-05-27,640.0,643.0,630.0,635.9,634.6853910281857,5038,318,3197545.0,2768.0,54.94,13.0,-4.1,1211826600.0,0.0,-2.9456654456654574,6457.04,-0.7444504393994689,0.7023448928644024,1.89,41.38229281333543,200.00201330640667,-99.65066794750382,635.9,1141.0,505.1,14959.8,15225.8,-2551.4,2650.1,21.29,2008,30540.3,14304.199999999999,-5050.7,4025.5,32.339999999999996,68979.0,14613.799999999997,-11208.4,11297.8,90.75999999999999,138572.3,31632.199999999997,-24070.6,20479.8,164.51999999999998,29.868482855800845,635.9,663.0,635.9,655.2
2008-05-26,665.0,665.0,625.0,636.65,647.8611360686832,10017,615,6489625.0,6374.0,63.63,40.0,-28.35,1211740200.0,0.0,0.11794307281018934,6505.47,-2.0691202061743907,0.7070382736703812,,41.21573863190135,197.76864700013985,,636.65,1141.0,504.35,14959.8,15225.8,-2551.4,2650.1,21.29,2008,30540.3,14304.199999999999,-5050.7,4025.5,32.339999999999996,68979.0,14613.799999999997,-11208.4,11297.8,90.75999999999999,138572.3,31632.199999999997,-24070.6,20479.8,164.51999999999998,29.903710662282762,640.0,643.0,630.0,635.9
2008-05-23,685.0,685.0,665.0,665.65,672.8856541071848,21365,687,14376202.0,11522.0,53.93,20.0,-19.35,1211481000.0,0.0,4.555093065263494,6642.92,-1.524513175683695,0.7035742000435625,1.86,35.06347179448659,191.6074557574079,-100.29794260033296,664.5,1141.0,476.5,14959.8,15225.8,-2551.4,2650.1,21.29,2008,30540.3,14304.199999999999,-5050.7,4025.5,32.339999999999996,68979.0,14613.799999999997,-11208.4,11297.8,90.75999999999999,138572.3,31632.199999999997,-24070.6,20479.8,164.51999999999998,31.26585251291686,665.0,665.0,625.0,636.65
2008-05-22,694.0,695.0,678.0,681.75,684.9862890537198,4449,358,3047504.0,2324.0,52.24,17.0,-12.25,1211394600.0,0.0,2.4186884999624514,6745.76,-1.8455897331432047,0.7117581179971401,1.86,31.87385405207186,187.1618616731102,-101.87625027374744,664.5,1141.0,476.5,14959.8,15225.8,-2551.4,2650.1,21.29,2008,30540.3,14304.199999999999,-5050.7,4025.5,32.339999999999996,68979.0,14613.799999999997,-11208.4,11297.8,90.75999999999999,138572.3,31632.199999999997,-24070.6,20479.8,164.51999999999998,32.022076092062,685.0,685.0,665.0,665.65
2008-05-21,724.0,725.0,687.15,692.6,696.7878364905283,10030,533,6988782.0,2476.0,24.69,37.85,-31.4,1211308200.0,0.0,1.5914924825815913,6872.6,0.3711011378390472,0.7115950352838025,1.86,29.807969968235625,181.8620318365684,-100.14058222766343,664.5,1141.0,476.5,14959.8,15225.8,-2551.4,2650.1,21.29,2008,30540.3,14304.199999999999,-5050.7,4025.5,32.339999999999996,68979.0,14613.799999999997,-11208.4,11297.8,90.75999999999999,138572.3,31632.199999999997,-24070.6,20479.8,164.51999999999998,32.53170502583373,694.0,695.0,678.0,681.75
2008-05-20,682.0,722.9,680.15,697.35,708.1618113399011,23651,1031,16748735.0,4061.0,17.17,42.75,15.35,1211221800.0,0.0,0.6858215420155966,6847.19,-0.7174476957720222,0.7126419920769049,1.86,28.92378289237827,182.90802504385013,-101.95864233646047,664.5,1141.0,476.5,14959.8,15225.8,-2551.4,2650.1,21.29,2008,30540.3,14304.199999999999,-5050.7,4025.5,32.339999999999996,68979.0,14613.799999999997,-11208.4,11297.8,90.75999999999999,138572.3,31632.199999999997,-24070.6,20479.8,164.51999999999998,32.75481446688586,724.0,725.0,687.15,692.6
2008-05-16,705.0,709.7,686.2,692.9,692.9248063193072,6583,430,4561524.0,2871.0,43.61,23.5,-12.1,1210876200.0,0.0,-0.6381300638130138,6896.67,0.7763525894493251,0.7122717887086699,1.84,29.7517679318805,180.8783079370189,-99.61216790979361,664.5,1141.0,476.5,14959.8,15225.8,-2551.4,2650.1,21.29,2008,30540.3,14304.199999999999,-5050.7,4025.5,32.339999999999996,68979.0,14613.799999999997,-11208.4,11297.8,90.75999999999999,138572.3,31632.199999999997,-24070.6,20479.8,164.51999999999998,32.54579614842649,682.0,722.9,680.15,697.35
2008-05-15,665.0,710.0,665.0,703.75,687.1609112601864,22211,831,15262531.0,7223.0,32.52,45.0,38.75,1210789800.0,0.0,1.565882522730555,6843.54,1.908151413169734,0.7122796767030546,1.83,27.751332149200714,183.05891395388932,-103.16434009112126,664.5,1141.0,476.5,14959.8,15225.8,-2551.4,2650.1,21.29,2008,30540.3,14304.199999999999,-5050.7,4025.5,32.339999999999996,68979.0,14613.799999999997,-11208.4,11297.8,90.75999999999999,138572.3,31632.199999999997,-24070.6,20479.8,164.51999999999998,33.05542508219822,705.0,709.7,686.2,692.9
2008-05-14,667.0,673.0,659.4,666.55,667.5611947002021,4453,218,2972650.0,2154.0,48.37,13.6,-0.45,1210703400.0,0.0,-5.285968028419186,6715.4,1.1393501261342642,0.7108510345722456,1.82,34.881104193233824,188.4601066206034,-99.61220869069632,664.5,1141.0,476.5,14959.8,15225.8,-2551.4,2650.1,21.29,2008,30540.3,14304.199999999999,-5050.7,4025.5,32.339999999999996,68979.0,14613.799999999997,-11208.4,11297.8,90.75999999999999,138572.3,31632.199999999997,-24070.6,20479.8,164.51999999999998,31.30812588069516,665.0,710.0,665.0,703.75
2008-05-13,668.2,678.0,665.0,666.1,669.4944093778178,11090,442,7424693.0,7622.0,68.73,13.0,-2.1,1210617000.0,0.0,-0.06751181456754463,6639.75,-0.5127382951976123,0.7265959775543902,1.83,34.972226392433555,191.74667720923227,-104.85046733829014,664.5,1141.0,476.5,14959.8,15225.8,-2551.4,2650.1,21.29,2008,30540.3,14304.199999999999,-5050.7,4025.5,32.339999999999996,68979.0,14613.799999999997,-11208.4,11297.8,90.75999999999999,138572.3,31632.199999999997,-24070.6,20479.8,164.51999999999998,31.286989196806015,667.0,673.0,659.4,666.55
2008-05-12,694.0,694.0,658.05,664.5,664.4429190220982,13621,470,9050377.0,8726.0,64.06,35.95,-29.5,1210530600.0,0.0,-0.24020417354752022,6673.97,0.308411425651367,0.7263465477014619,1.77,35.29721595184348,190.250780270214,-103.37514810550428,664.5,1141.0,476.5,14959.8,15225.8,-2551.4,2650.1,21.29,2008,30540.3,14304.199999999999,-5050.7,4025.5,32.339999999999996,68979.0,14613.799999999997,-11208.4,11297.8,90.75999999999999,138572.3,31632.199999999997,-24070.6,20479.8,164.51999999999998,31.211836542977924,668.2,678.0,665.0,666.1
2008-05-09,716.5,716.5,688.0,690.4,702.0571034244803,11593,580,8138948.0,6039.0,52.09,28.5,-26.1,1210271400.0,0.0,3.8976674191121052,6653.45,-2.338262816043446,0.7264153706662232,1.69,30.221610660486675,191.14594683960956,-109.09210118792859,690.4,1141.0,450.6,14959.8,15225.8,-2551.4,2650.1,21.29,2008,30540.3,14304.199999999999,-5050.7,4025.5,32.339999999999996,68979.0,14613.799999999997,-11208.4,11297.8,90.75999999999999,138572.3,31632.199999999997,-24070.6,20479.8,164.51999999999998,32.428370126820106,694.0,694.0,658.05,664.5
2008-05-08,729.0,740.0,715.0,718.4,725.8468204239434,15002,466,10889154.0,11436.0,76.23,25.0,-10.6,1210185000.0,0.0,4.055619930475096,6812.75,-1.2252691648567682,0.729660208908587,1.66,25.146158129175955,184.3381894242413,-109.80684772915838,718.4,1141.0,422.6,14959.8,15225.8,-2551.4,2650.1,21.29,2008,30540.3,14304.199999999999,-5050.7,4025.5,32.339999999999996,68979.0,14613.799999999997,-11208.4,11297.8,90.75999999999999,138572.3,31632.199999999997,-24070.6,20479.8,164.51999999999998,33.74354156881165,716.5,716.5,688.0,690.4
2008-05-07,755.0,756.0,740.0,743.1,747.2992257794517,4779,216,3571343.0,2514.0,52.61,16.0,-11.9,1210098600.0,0.0,3.4381959910913196,6897.26,-0.2742823763813407,0.7371092306258551,1.67,20.986408289597613,180.85428126531409,-112.76197941412485,743.1,1141.0,397.9,14959.8,15225.8,-2551.4,2650.1,21.29,2008,30540.3,14304.199999999999,-5050.7,4025.5,32.339999999999996,68979.0,14613.799999999997,-11208.4,11297.8,90.75999999999999,138572.3,31632.199999999997,-24070.6,20479.8,164.51999999999998,34.90371066228276,729.0,740.0,715.0,718.4
2008-05-06,758.0,764.45,751.0,756.3,755.2871671903422,12094,187,9134443.0,11107.0,91.84,13.45,-1.7,1210012200.0,0.0,1.7763423496164554,6916.23,-0.9356088547672116,0.7434667825784946,1.63,18.87478513817269,180.0839474684908,-115.42979702465786,754.15,1141.0,386.85,14959.8,15225.8,-2551.4,2650.1,21.29,2008,30540.3,14304.199999999999,-5050.7,4025.5,32.339999999999996,68979.0,14613.799999999997,-11208.4,11297.8,90.75999999999999,138572.3,31632.199999999997,-24070.6,20479.8,164.51999999999998,35.52372005636449,755.0,756.0,740.0,743.1
2008-05-05,756.0,768.0,750.2,756.2,759.1446134931612,13014,373,9879508.0,8068.0,61.99,17.8,0.2,1209925800.0,0.0,-0.013222266296430973,6981.55,-0.1227444983140535,0.7442038809036328,1.53,18.890505157365766,177.46345725519404,-113.56985651274303,754.15,1141.0,386.85,14959.8,15225.8,-2551.4,2650.1,21.29,2008,30540.3,14304.199999999999,-5050.7,4025.5,32.339999999999996,68979.0,14613.799999999997,-11208.4,11297.8,90.75999999999999,138572.3,31632.199999999997,-24070.6,20479.8,164.51999999999998,35.51902301550024,758.0,764.45,751.0,756.3
2008-05-02,779.0,779.0,753.1,755.25,760.7611987884585,12546,417,9544510.0,9665.0,77.04,25.9,-23.75,1209666600.0,0.0,-0.12562814070352646,6990.13,1.526500247638718,0.7441674379065741,1.5,19.040052962595166,177.1228861265813,-113.15278024398087,754.15,1141.0,386.85,14959.8,15225.8,-2551.4,2650.1,21.29,2008,30540.3,14304.199999999999,-5050.7,4025.5,32.339999999999996,68979.0,14613.799999999997,-11208.4,11297.8,90.75999999999999,138572.3,31632.199999999997,-24070.6,20479.8,164.51999999999998,35.47440112728981,756.0,768.0,750.2,756.2
2008-04-30,782.0,785.0,755.0,761.05,762.9972933070867,16256,372,12403284.0,13778.0,84.76,30.0,-20.95,1209493800.0,0.0,0.7679576299238544,6885.03,-0.3450636645355942,0.7425955134154465,1.43,18.132842782997184,181.3531676695672,-116.90729428791855,754.15,1141.0,386.85,14959.8,15225.8,-2551.4,2650.1,21.29,2008,30540.3,14304.199999999999,-5050.7,4025.5,32.339999999999996,68979.0,14613.799999999997,-11208.4,11297.8,90.75999999999999,138572.3,31632.199999999997,-24070.6,20479.8,164.51999999999998,35.74682949741663,779.0,779.0,753.1,755.25
2008-04-29,785.0,786.0,770.0,776.2,775.0960107174753,6718,258,5207095.0,4465.0,66.46,16.0,-8.8,1209407400.0,0.0,1.9906707837855642,6908.87,1.94735055851496,0.7426728336441082,1.46,15.827106415872194,180.3823201189196,-118.51364006902405,754.15,1141.0,386.85,14959.8,15225.8,-2551.4,2650.1,21.29,2008,30540.3,14304.199999999999,-5050.7,4025.5,32.339999999999996,68979.0,14613.799999999997,-11208.4,11297.8,90.75999999999999,138572.3,31632.199999999997,-24070.6,20479.8,164.51999999999998,36.45843118835134,782.0,785.0,755.0,761.05
2008-04-28,782.0,784.9,770.0,772.35,776.3874079715664,7878,247,6116380.0,6629.0,84.15,14.9,-9.65,1209321000.0,0.0,-0.4960061839732077,6776.9,-0.2603541935569442,0.7420477720028549,1.43,16.404479834272024,185.8423467957326,-121.86829123531916,754.15,1141.0,386.85,14959.8,15225.8,-2551.4,2650.1,21.29,2008,30540.3,14304.199999999999,-5050.7,4025.5,32.339999999999996,68979.0,14613.799999999997,-11208.4,11297.8,90.75999999999999,138572.3,31632.199999999997,-24070.6,20479.8,164.51999999999998,36.2775951150775,785.0,786.0,770.0,776.2
2008-04-25,799.8,799.8,776.0,782.3,783.8580691642651,8328,330,6527970.0,5388.0,64.7,23.8,-17.5,1209061800.0,0.0,1.2882760406551341,6794.59,1.8122017186996688,0.742163289222381,1.34,14.923942221654096,185.09814425888837,-122.79460654292328,754.15,1141.0,386.85,14959.8,15225.8,-2551.4,2650.1,21.29,2008,30540.3,14304.199999999999,-5050.7,4025.5,32.339999999999996,68979.0,14613.799999999997,-11208.4,11297.8,90.75999999999999,138572.3,31632.199999999997,-24070.6,20479.8,164.51999999999998,36.744950681070925,782.0,784.9,770.0,772.35
2008-04-24,833.0,833.0,785.0,792.75,797.3291053838888,14822,550,11818012.0,9444.0,63.72,48.0,-40.25,1208975400.0,0.0,1.335804678512087,6673.65,-0.2256030283730559,0.7406189741730576,1.26,13.409019236833796,190.2646977291288,-127.83144610920239,754.15,1141.0,386.85,14959.8,15225.8,-2551.4,2650.1,21.29,2008,30540.3,14304.199999999999,-5050.7,4025.5,32.339999999999996,68979.0,14613.799999999997,-11208.4,11297.8,90.75999999999999,138572.3,31632.199999999997,-24070.6,20479.8,164.51999999999998,37.23579145138563,799.8,799.8,776.0,782.3
2008-04-23,830.0,834.95,800.0,817.4,818.4879872279117,25681,888,21019590.0,8261.0,32.17,34.95,-12.6,1208889000.0,0.0,3.1094292021444314,6688.74,-0.3542633764964664,0.7414452524006169,1.26,9.98898947883533,189.60985178075396,-130.92211391436456,754.15,1141.0,386.85,14959.8,15225.8,-2551.4,2650.1,21.29,2008,30540.3,14304.199999999999,-5050.7,4025.5,32.339999999999996,68979.0,14613.799999999997,-11208.4,11297.8,90.75999999999999,138572.3,31632.199999999997,-24070.6,20479.8,164.51999999999998,38.39361202442461,833.0,833.0,785.0,792.75
2008-04-22,788.0,843.0,770.0,824.6,804.2736429271771,100971,1987,81208314.0,47153.0,46.7,73.0,36.6,1208802600.0,0.0,0.8808416931734842,6712.52,0.5815356076305456,0.7468109656314761,1.27,9.028619936939108,188.58387014116903,-132.12943229935627,754.15,1141.0,386.85,14959.8,15225.8,-2551.4,2650.1,21.29,2008,30540.3,14304.199999999999,-5050.7,4025.5,32.339999999999996,68979.0,14613.799999999997,-11208.4,11297.8,90.75999999999999,138572.3,31632.199999999997,-24070.6,20479.8,164.51999999999998,38.73179896665101,830.0,834.95,800.0,817.4
2008-04-21,799.3,799.3,756.0,772.15,771.6274496226022,14441,469,11143072.0,5587.0,38.69,43.3,-27.15,1208716200.0,0.0,-6.360659713800631,6673.71,1.8083436432617228,0.7470110766081612,1.34,16.43463057696044,190.26208810391824,-126.03226185260942,754.15,1141.0,386.85,14959.8,15225.8,-2551.4,2650.1,21.29,2008,30540.3,14304.199999999999,-5050.7,4025.5,32.339999999999996,68979.0,14613.799999999997,-11208.4,11297.8,90.75999999999999,138572.3,31632.199999999997,-24070.6,20479.8,164.51999999999998,36.26820103334899,788.0,843.0,770.0,824.6
2008-04-17,785.0,794.0,773.0,783.6,779.7390296406691,12078,256,9417688.0,9534.0,78.94,21.0,-1.4,1208370600.0,0.0,1.4828724988668052,6555.17,1.7455387562066216,0.7710647521692532,1.23,14.733282286881044,195.51102412294415,-136.2999674296656,754.15,1141.0,386.85,14959.8,15225.8,-2551.4,2650.1,21.29,2008,30540.3,14304.199999999999,-5050.7,4025.5,32.339999999999996,68979.0,14613.799999999997,-11208.4,11297.8,90.75999999999999,138572.3,31632.199999999997,-24070.6,20479.8,164.51999999999998,36.80601221230625,799.3,799.3,756.0,772.15
2008-04-16,792.0,799.95,775.0,780.65,783.2141727301488,3161,162,2475740.0,1838.0,58.15,24.95,-11.35,1208284200.0,0.0,-0.37646758550281545,6442.71,0.7085713213846878,0.7699471210851749,1.12,15.166848139371037,200.6692835778733,-139.5955482660217,754.15,1141.0,386.85,14959.8,15225.8,-2551.4,2650.1,21.29,2008,30540.3,14304.199999999999,-5050.7,4025.5,32.339999999999996,68979.0,14613.799999999997,-11208.4,11297.8,90.75999999999999,138572.3,31632.199999999997,-24070.6,20479.8,164.51999999999998,36.66744950681071,785.0,794.0,773.0,783.6
2008-04-15,779.0,795.0,755.6,793.85,788.4477919933967,2423,114,1910409.0,1513.0,62.44,39.4,14.85,1208197800.0,0.0,1.6908986101325851,6397.38,1.9821330646704105,0.7697663549898742,1.1,13.25187377968129,202.7997398935189,-143.10979980055848,754.15,1141.0,386.85,14959.8,15225.8,-2551.4,2650.1,21.29,2008,30540.3,14304.199999999999,-5050.7,4025.5,32.339999999999996,68979.0,14613.799999999997,-11208.4,11297.8,90.75999999999999,138572.3,31632.199999999997,-24070.6,20479.8,164.51999999999998,37.28745890089244,792.0,799.95,775.0,780.65
2008-04-11,800.0,805.0,780.05,788.4,788.1678832116787,3151,188,2483517.0,1383.0,43.89,24.95,-11.6,1207852200.0,0.0,-0.6865276815519405,6273.04,0.8515981331399747,0.7682948336619626,1.19,14.03475393201421,208.8016336576843,-146.66219161530466,754.15,1141.0,386.85,14959.8,15225.8,-2551.4,2650.1,21.29,2008,30540.3,14304.199999999999,-5050.7,4025.5,32.339999999999996,68979.0,14613.799999999997,-11208.4,11297.8,90.75999999999999,138572.3,31632.199999999997,-24070.6,20479.8,164.51999999999998,37.03147017379051,779.0,795.0,755.6,793.85
2008-04-10,814.0,824.0,800.0,804.8,811.6984126984128,3654,227,2965946.0,1065.0,29.15,24.0,-9.2,1207765800.0,0.0,2.080162354134951,6220.07,-0.2517732373067072,0.7681784988531206,1.27,11.710984095427435,211.4313826050189,-151.00047131099234,754.15,1141.0,386.85,14959.8,15225.8,-2551.4,2650.1,21.29,2008,30540.3,14304.199999999999,-5050.7,4025.5,32.339999999999996,68979.0,14613.799999999997,-11208.4,11297.8,90.75999999999999,138572.3,31632.199999999997,-24070.6,20479.8,164.51999999999998,37.80178487552842,800.0,805.0,780.05,788.4
2008-04-09,790.0,825.0,780.0,804.2,798.5522788203755,2238,177,1787160.0,1336.0,59.7,45.0,14.2,1207679400.0,0.0,-0.07455268389661152,6235.77,1.3283999727007778,0.7706694376898942,1.31,11.79432976871424,210.64728173104524,-150.84551543048133,754.15,1141.0,386.85,14959.8,15225.8,-2551.4,2650.1,21.29,2008,30540.3,14304.199999999999,-5050.7,4025.5,32.339999999999996,68979.0,14613.799999999997,-11208.4,11297.8,90.75999999999999,138572.3,31632.199999999997,-24070.6,20479.8,164.51999999999998,37.773602630342886,814.0,824.0,800.0,804.8
2008-04-08,798.9,805.0,789.9,792.7,796.894838089131,3119,127,2485515.0,1873.0,60.05,15.1,-6.2,1207593000.0,0.0,-1.4299925391693558,6154.02,-0.548163039719185,0.7693092937828904,1.41,13.416172574744522,214.77392013675612,-152.13667414441232,754.15,1141.0,386.85,14959.8,15225.8,-2551.4,2650.1,21.29,2008,30540.3,14304.199999999999,-5050.7,4025.5,32.339999999999996,68979.0,14613.799999999997,-11208.4,11297.8,90.75999999999999,138572.3,31632.199999999997,-24070.6,20479.8,164.51999999999998,37.2334429309535,790.0,825.0,780.0,804.2
2008-04-07,798.8,810.0,795.5,802.6,809.6001570944999,53471,169,43290130.0,52325.0,97.86,14.5,3.8,1207506600.0,0.0,1.248896177620784,6187.94,2.362228170067193,0.770547765183308,1.45,12.017194119112883,213.04844584789123,-152.47951544524093,754.15,1141.0,386.85,14959.8,15225.8,-2551.4,2650.1,21.29,2008,30540.3,14304.199999999999,-5050.7,4025.5,32.339999999999996,68979.0,14613.799999999997,-11208.4,11297.8,90.75999999999999,138572.3,31632.199999999997,-24070.6,20479.8,164.51999999999998,37.6984499765148,798.9,805.0,789.9,792.7
2008-04-04,797.05,818.0,795.0,800.35,800.670138888889,3168,168,2536523.0,1342.0,42.36,23.0,3.3,1207247400.0,0.0,-0.2803388985796129,6045.14,-2.5488252125901667,0.7668279120766803,1.35,12.332104704191904,220.44336442166764,-157.02480248513075,754.15,1141.0,386.85,14959.8,15225.8,-2551.4,2650.1,21.29,2008,30540.3,14304.199999999999,-5050.7,4025.5,32.339999999999996,68979.0,14613.799999999997,-11208.4,11297.8,90.75999999999999,138572.3,31632.199999999997,-24070.6,20479.8,164.51999999999998,37.59276655706905,798.8,810.0,795.5,802.6
2008-04-03,807.0,817.7,799.3,809.55,804.370951417004,11856,378,9536622.0,2711.0,22.87,18.4,2.55,1207161000.0,0.0,1.1494970950209238,6203.25,0.2344580641616911,0.7610901287654492,1.4,11.055524674201722,212.275823157216,-150.8399827260439,754.15,1141.0,386.85,14959.8,15225.8,-2551.4,2650.1,21.29,2008,30540.3,14304.199999999999,-5050.7,4025.5,32.339999999999996,68979.0,14613.799999999997,-11208.4,11297.8,90.75999999999999,138572.3,31632.199999999997,-24070.6,20479.8,164.51999999999998,38.02489431658056,797.05,818.0,795.0,800.35
2008-04-02,765.05,811.5,765.05,800.55,793.736389684814,20940,231,16620840.0,12890.0,61.56,46.45,35.5,1207074600.0,0.0,-1.1117287381878782,6188.74,0.6415374783105054,0.7617867691592471,1.41,12.304040971831864,213.00797900703537,-150.29849981656383,754.15,1141.0,386.85,14959.8,15225.8,-2551.4,2650.1,21.29,2008,30540.3,14304.199999999999,-5050.7,4025.5,32.339999999999996,68979.0,14613.799999999997,-11208.4,11297.8,90.75999999999999,138572.3,31632.199999999997,-24070.6,20479.8,164.51999999999998,37.60216063879756,807.0,817.7,799.3,809.55
2008-04-01,780.0,788.0,760.0,761.9,768.9084037349933,6747,188,5187825.0,4684.0,69.42,28.0,-18.1,1206988200.0,0.0,-4.827930797576663,6149.29,-0.1296028921908609,0.7624602093670849,1.4,18.001050006562537,215.01604250246777,-146.27268248403715,754.15,1141.0,386.85,14959.8,15225.8,-2551.4,2650.1,21.29,2008,30540.3,14304.199999999999,-5050.7,4025.5,32.339999999999996,68979.0,14613.799999999997,-11208.4,11297.8,90.75999999999999,138572.3,31632.199999999997,-24070.6,20479.8,164.51999999999998,35.7867543447628,765.05,811.5,765.05,800.55
2008-03-31,783.0,789.0,764.9,779.85,775.162745839637,26440,397,20495303.0,17607.0,66.59,24.1,-3.15,1206901800.0,0.0,2.3559522247014186,6157.27,-3.72451125562312,0.7788771065571559,1.38,15.284990703340373,214.60777260051935,-152.17323985737934,754.15,1141.0,386.85,16016.6,16286.9,-2824.0,2828.8,22.72,2008,29128.699999999997,29466.199999999997,-4894.4,4292.0,34.48,64250.2,29678.799999999996,-10710.8,9770.2,78.49,135435.4,46659.7,-23035.9,20702.6,166.31,34.324383802816904,780.0,788.0,760.0,761.9
2008-03-28,775.0,793.8,751.0,781.3,770.483134810197,8983,379,6921250.0,5651.0,62.91,42.8,6.3,1206642600.0,0.0,0.18593319228055183,6395.47,2.964914003648178,0.7695536342527086,1.33,15.071035453730964,202.89017069894783,-141.37032642824065,754.15,1141.0,386.85,16016.6,16286.9,-2824.0,2828.8,22.72,2008,29128.699999999997,29466.199999999997,-4894.4,4292.0,34.48,64250.2,29678.799999999996,-10710.8,9770.2,78.49,135435.4,46659.7,-23035.9,20702.6,166.31,34.38820422535211,783.0,789.0,764.9,779.85
2008-03-27,770.0,790.0,761.0,770.3,772.1029206088027,12155,361,9384911.0,8127.0,66.86,29.0,0.3,1206556200.0,0.0,-1.407909893766801,6211.31,-0.1522317137079176,0.7621513422824318,1.3,16.7142671686356,211.87060378567483,-145.07240115183856,754.15,1141.0,386.85,16016.6,16286.9,-2824.0,2828.8,22.72,2008,29128.699999999997,29466.199999999997,-4894.4,4292.0,34.48,64250.2,29678.799999999996,-10710.8,9770.2,78.49,135435.4,46659.7,-23035.9,20702.6,166.31,33.90404929577465,775.0,793.8,751.0,781.3
2008-03-26,775.35,788.0,775.0,776.95,779.1922980115781,3973,144,3095731.0,3264.0,82.15,13.0,1.6,1206469800.0,0.0,0.8633000129819601,6220.78,-0.0192864650802482,0.7636978633892983,1.29,15.71529699465859,211.3958378209807,-146.0320824348428,754.15,1141.0,386.85,16016.6,16286.9,-2824.0,2828.8,22.72,2008,29128.699999999997,29466.199999999997,-4894.4,4292.0,34.48,64250.2,29678.799999999996,-10710.8,9770.2,78.49,135435.4,46659.7,-23035.9,20702.6,166.31,34.19674295774648,770.0,790.0,761.0,770.3
2008-03-25,762.55,790.0,762.55,775.3,777.098647448953,19149,253,14880662.0,15420.0,80.53,27.45,12.75,1206383400.0,0.0,-0.21236887830621276,6221.98,6.182206658338618,0.7640588808490754,1.29,15.961563265832579,211.335780571458,-145.81578076466607,754.15,1141.0,386.85,16016.6,16286.9,-2824.0,2828.8,22.72,2008,29128.699999999997,29466.199999999997,-4894.4,4292.0,34.48,64250.2,29678.799999999996,-10710.8,9770.2,78.49,135435.4,46659.7,-23035.9,20702.6,166.31,34.124119718309856,775.35,788.0,775.0,776.95
2008-03-24,770.0,801.0,750.0,774.95,770.140236409386,34178,347,26321853.0,24228.0,70.89,51.0,4.95,1206297000.0,0.0,-0.04514381529728828,5859.72,0.1180629475414418,0.7307187286675635,1.24,16.013936382992444,230.58320192773715,-152.81143655819193,754.15,1141.0,386.85,16016.6,16286.9,-2824.0,2828.8,22.72,2008,29128.699999999997,29466.199999999997,-4894.4,4292.0,34.48,64250.2,29678.799999999996,-10710.8,9770.2,78.49,135435.4,46659.7,-23035.9,20702.6,166.31,34.1087147887324,762.55,790.0,762.55,775.3
2008-03-19,828.0,835.0,767.0,777.15,788.233496974008,85757,457,67596540.0,71799.0,83.72,68.0,-50.85,1205865000.0,0.0,0.2838892831795503,5852.81,0.2645026784322546,0.7307307553224417,0.61,15.685517596345623,230.97349820000989,-153.25817544206754,754.15,1141.0,386.85,16016.6,16286.9,-2824.0,2828.8,22.72,2008,29128.699999999997,29466.199999999997,-4894.4,4292.0,34.48,64250.2,29678.799999999996,-10710.8,9770.2,78.49,135435.4,46659.7,-23035.9,20702.6,166.31,34.20554577464789,770.0,801.0,750.0,774.95
2008-03-18,782.0,850.0,775.0,792.35,811.8719836400818,4890,345,3970054.0,2229.0,45.58,75.0,10.35,1205778600.0,0.0,1.9558643762465522,5837.37,-0.3778472943983479,0.7306962646122521,0.92,13.466271218527147,231.84893196764983,-156.1926367611315,754.15,1141.0,386.85,16016.6,16286.9,-2824.0,2828.8,22.72,2008,29128.699999999997,29466.199999999997,-4894.4,4292.0,34.48,64250.2,29678.799999999996,-10710.8,9770.2,78.49,135435.4,46659.7,-23035.9,20702.6,166.31,34.874559859154935,828.0,835.0,767.0,777.15
2008-03-17,818.0,828.45,806.2,823.4,819.3347359797422,26854,345,22002415.0,16623.0,61.9,22.25,5.4,1205692200.0,0.0,3.9187227866473107,5859.51,-6.4101622146549015,0.7327403973683815,1.11,9.187515180956996,230.59504975672027,-160.075451367885,754.15,1141.0,386.85,16016.6,16286.9,-2824.0,2828.8,22.72,2008,29128.699999999997,29466.199999999997,-4894.4,4292.0,34.48,64250.2,29678.799999999996,-10710.8,9770.2,78.49,135435.4,46659.7,-23035.9,20702.6,166.31,36.24119718309859,782.0,850.0,775.0,792.35
2008-03-14,828.5,860.0,825.0,840.95,845.6297395318168,3033,234,2564795.0,1993.0,65.71,35.0,12.45,1205433000.0,0.0,2.13140636385718,6260.84,2.2837585054851672,0.7047275713398946,1.18,6.9088530828229855,209.4033707936954,-141.01189731282432,754.15,1141.0,386.85,16016.6,16286.9,-2824.0,2828.8,22.72,2008,29128.699999999997,29466.199999999997,-4894.4,4292.0,34.48,64250.2,29678.799999999996,-10710.8,9770.2,78.49,135435.4,46659.7,-23035.9,20702.6,166.31,37.013644366197184,818.0,828.45,806.2,823.4
2008-03-13,835.0,883.0,828.0,840.1,840.6451479076479,55440,266,46605367.0,54134.0,97.64,55.0,5.1,1205346600.0,0.0,-0.10107616386230145,6121.05,-5.530313085511263,0.7029320587966127,1.35,7.017021783121047,216.46939659045424,-145.54729854929198,754.15,1141.0,386.85,16016.6,16286.9,-2824.0,2828.8,22.72,2008,29128.699999999997,29466.199999999997,-4894.4,4292.0,34.48,64250.2,29678.799999999996,-10710.8,9770.2,78.49,135435.4,46659.7,-23035.9,20702.6,166.31,36.9762323943662,828.5,860.0,825.0,840.95
2008-03-12,940.0,940.0,880.0,889.05,898.1127368673541,8338,286,7488464.0,5389.0,64.63,60.0,-50.95,1205260200.0,0.0,5.82668729913105,6479.38,-0.1650208240563722,0.6745168971372686,1.48,1.124796130701311,198.96764813917383,-133.5639595150709,754.15,1141.0,386.85,16016.6,16286.9,-2824.0,2828.8,22.72,2008,29128.699999999997,29466.199999999997,-4894.4,4292.0,34.48,64250.2,29678.799999999996,-10710.8,9770.2,78.49,135435.4,46659.7,-23035.9,20702.6,166.31,39.13072183098591,835.0,883.0,828.0,840.1
2008-03-11,836.0,908.75,836.0,896.7,881.6357897625908,7287,251,6424480.0,5131.0,70.41,72.75,60.7,1205173800.0,0.0,0.8604690399865111,6490.09,2.3391019828911563,0.6953941535227988,1.48,0.2620720419315159,198.47428926255256,-138.2066049886266,754.15,1141.0,386.85,16016.6,16286.9,-2824.0,2828.8,22.72,2008,29128.699999999997,29466.199999999997,-4894.4,4292.0,34.48,64250.2,29678.799999999996,-10710.8,9770.2,78.49,135435.4,46659.7,-23035.9,20702.6,166.31,39.46742957746479,940.0,940.0,880.0,889.05
2008-03-10,830.0,860.0,810.25,850.8,834.1510870980342,15362,371,12814229.0,5993.0,39.01,49.75,20.8,1205087400.0,0.0,-5.118768819003017,6341.75,-0.207555067396381,0.691088121763827,1.35,5.671133051245891,205.45590728111324,-136.73403505256044,754.15,1141.0,386.85,16016.6,16286.9,-2824.0,2828.8,22.72,2008,29128.699999999997,29466.199999999997,-4894.4,4292.0,34.48,64250.2,29678.799999999996,-10710.8,9770.2,78.49,135435.4,46659.7,-23035.9,20702.6,166.31,37.44718309859155,836.0,908.75,836.0,896.7
2008-03-07,850.0,863.0,825.0,848.8,841.394569550695,9281,349,7808983.0,3001.0,32.33,38.0,-1.2,1204828200.0,0.0,-0.2350728725905027,6354.94,-3.9104506498769287,0.7087260745420833,1.45,5.920122525918936,204.8219180668897,-139.66485863772198,754.15,1141.0,386.85,16016.6,16286.9,-2824.0,2828.8,22.72,2008,29128.699999999997,29466.199999999997,-4894.4,4292.0,34.48,64250.2,29678.799999999996,-10710.8,9770.2,78.49,135435.4,46659.7,-23035.9,20702.6,166.31,37.359154929577464,830.0,860.0,810.25,850.8
2008-03-05,887.0,887.0,866.2,876.5,876.6990204808548,2246,137,1969066.0,1312.0,58.41,20.8,-10.5,1204655400.0,0.0,3.263430725730454,6613.56,0.2443371974584218,0.6934263154072597,1.53,2.572732458642313,192.9020073908757,-131.6596534985035,754.15,1141.0,386.85,16016.6,16286.9,-2824.0,2828.8,22.72,2008,29128.699999999997,29466.199999999997,-4894.4,4292.0,34.48,64250.2,29678.799999999996,-10710.8,9770.2,78.49,135435.4,46659.7,-23035.9,20702.6,166.31,38.578345070422536,850.0,863.0,825.0,848.8
2008-03-04,881.0,895.0,858.15,878.65,868.171780235462,5606,251,4866971.0,4308.0,76.85,36.85,-2.35,1204569000.0,0.0,0.24529378208784092,6597.44,-2.2888100971863112,0.7002865953461205,1.66,2.321743583907132,193.617675947034,-133.76364375559518,754.15,1141.0,386.85,16016.6,16286.9,-2824.0,2828.8,22.72,2008,29128.699999999997,29466.199999999997,-4894.4,4292.0,34.48,64250.2,29678.799999999996,-10710.8,9770.2,78.49,135435.4,46659.7,-23035.9,20702.6,166.31,38.67297535211268,887.0,887.0,866.2,876.5
2008-03-03,890.0,898.0,850.0,857.1,873.1038341588699,5451,363,4759289.0,2039.0,37.41,48.0,-32.9,1204482600.0,0.0,-2.452626187901885,6751.98,-5.010326218465644,0.6947243781265406,1.7,4.894411387236031,186.89732493283452,-125.46668500742632,754.15,1141.0,386.85,16016.6,16286.9,-2824.0,2828.8,22.72,2008,29128.699999999997,29466.199999999997,-4894.4,4292.0,34.48,64250.2,29678.799999999996,-10710.8,9770.2,78.49,135435.4,46659.7,-23035.9,20702.6,166.31,37.72447183098592,881.0,895.0,858.15,878.65
2008-02-29,890.15,920.0,872.0,911.35,905.8516976485076,17053,512,15447489.0,10439.0,61.22,48.0,21.2,1204223400.0,0.0,6.329483140823711,7108.12,-0.9655280030986036,0.6731637958024843,1.85,-1.3496461293685313,172.52283304164814,-118.09041826004807,754.15,1141.0,386.85,16016.6,16286.9,-2824.0,2828.8,22.72,2008,29128.699999999997,29466.199999999997,-4894.4,4292.0,34.48,64250.2,29678.799999999996,-10710.8,9770.2,78.49,135435.4,46659.7,-23035.9,20702.6,166.31,40.11223591549296,890.0,898.0,850.0,857.1
2008-02-28,895.1,915.0,877.15,893.8,898.4778127927775,11741,518,10549028.0,6891.0,58.69,37.85,-1.3,1204137000.0,0.0,-1.9257145992209401,7177.42,-0.0107269381278474,0.6987992738606335,1.9,0.5873797270082859,169.89154877379335,-118.7049925708417,754.15,1141.0,386.85,16016.6,16286.9,-2824.0,2828.8,22.72,2008,29128.699999999997,29466.199999999997,-4894.4,4292.0,34.48,64250.2,29678.799999999996,-10710.8,9770.2,78.49,135435.4,46659.7,-23035.9,20702.6,166.31,39.33978873239437,890.15,920.0,872.0,911.35
2008-02-27,921.0,925.0,890.05,914.75,918.0447229998796,356841,611,327595997.0,230542.0,64.61,34.95,-6.25,1204050600.0,0.0,2.3439248153949377,7178.19,0.2148601105712799,0.7014879133030993,1.98,-1.7163159333151157,169.8625976743441,-121.46392905579452,754.15,1141.0,386.85,16016.6,16286.9,-2824.0,2828.8,22.72,2008,29128.699999999997,29466.199999999997,-4894.4,4292.0,34.48,64250.2,29678.799999999996,-10710.8,9770.2,78.49,135435.4,46659.7,-23035.9,20702.6,166.31,40.261883802816904,895.1,915.0,877.15,893.8
2008-02-26,908.7,914.0,892.0,910.65,905.208108108108,15910,368,14401861.0,10503.0,66.02,22.0,1.95,1203964200.0,0.0,-0.44820989341349815,7162.8,1.2668965487990569,0.7053259755761525,2.14,-1.2738154065777163,170.4424247500977,-122.12188733527238,754.15,1141.0,386.85,16016.6,16286.9,-2824.0,2828.8,22.72,2008,29128.699999999997,29466.199999999997,-4894.4,4292.0,34.48,64250.2,29678.799999999996,-10710.8,9770.2,78.49,135435.4,46659.7,-23035.9,20702.6,166.31,40.08142605633803,921.0,925.0,890.05,914.75
2008-02-25,900.0,911.0,880.0,903.6,899.4571924564033,12673,332,11398821.0,10496.0,82.82,31.0,3.6,1203877800.0,0.0,-0.7741722945148966,7073.19,1.0821053895193389,0.7042374186724347,2.2,-0.5035413899955765,173.8686504957452,-123.59902868209956,754.15,1141.0,386.85,16016.6,16286.9,-2824.0,2828.8,22.72,2008,29128.699999999997,29466.199999999997,-4894.4,4292.0,34.48,64250.2,29678.799999999996,-10710.8,9770.2,78.49,135435.4,46659.7,-23035.9,20702.6,166.31,39.771126760563384,908.7,914.0,892.0,910.65
2008-02-22,882.0,899.95,880.0,889.0,891.8361863488626,4615,193,4115824.0,3454.0,74.84,19.95,7.0,1203618600.0,0.0,-1.6157591854803033,6997.47,-1.7367981295155932,0.7038206430888307,2.2,1.1304836895388082,176.8321979229636,-123.97926215661741,754.15,1141.0,386.85,16016.6,16286.9,-2824.0,2828.8,22.72,2008,29128.699999999997,29466.199999999997,-4894.4,4292.0,34.48,64250.2,29678.799999999996,-10710.8,9770.2,78.49,135435.4,46659.7,-23035.9,20702.6,166.31,39.12852112676057,900.0,911.0,880.0,903.6
2008-02-21,903.9,903.9,880.0,890.55,891.8359224995635,5729,215,5109328.0,3910.0,68.25,23.9,-13.35,1203532200.0,0.0,0.17435320584926473,7121.15,0.6622563363159584,0.7021079987272706,2.2,0.9544663410252063,172.02418148754063,-120.48044985868874,754.15,1141.0,386.85,16016.6,16286.9,-2824.0,2828.8,22.72,2008,29128.699999999997,29466.199999999997,-4894.4,4292.0,34.48,64250.2,29678.799999999996,-10710.8,9770.2,78.49,135435.4,46659.7,-23035.9,20702.6,166.31,39.19674295774648,882.0,899.95,880.0,889.0
2008-02-20,898.05,909.8,880.0,881.05,892.1093304843305,2808,125,2505043.0,1485.0,52.88,29.8,-17.0,1203445800.0,0.0,-1.0667564987928757,7074.3,-2.274501136214502,0.7018648650314414,2.25,2.043016854889057,173.8256788657535,-120.62992383490095,754.15,1141.0,386.85,16016.6,16286.9,-2824.0,2828.8,22.72,2008,29128.699999999997,29466.199999999997,-4894.4,4292.0,34.48,64250.2,29678.799999999996,-10710.8,9770.2,78.49,135435.4,46659.7,-23035.9,20702.6,166.31,38.778609154929576,903.9,903.9,880.0,890.55
2008-02-19,892.25,907.8,887.0,898.05,896.4768876804015,4781,245,4286056.0,2931.0,61.31,20.8,5.8,1203359400.0,0.0,1.9295159185063193,7238.95,0.0666286063424337,0.6966177531642213,2.28,0.11135237458939073,167.5975106887049,-117.33176048007834,754.15,1141.0,386.85,16016.6,16286.9,-2824.0,2828.8,22.72,2008,29128.699999999997,29466.199999999997,-4894.4,4292.0,34.48,64250.2,29678.799999999996,-10710.8,9770.2,78.49,135435.4,46659.7,-23035.9,20702.6,166.31,39.526848591549296,898.05,909.8,880.0,881.05
2008-02-18,903.0,903.0,877.0,890.25,894.4608727010458,2773,136,2480340.0,1904.0,68.66,26.0,-12.75,1203273000.0,0.0,-0.8685485217972189,7234.13,-0.0337176314192944,0.6991626916489048,,0.9884863802302579,167.77580718068376,,754.15,1141.0,386.85,16016.6,16286.9,-2824.0,2828.8,22.72,2008,29128.699999999997,29466.199999999997,-4894.4,4292.0,34.48,64250.2,29678.799999999996,-10710.8,9770.2,78.49,135435.4,46659.7,-23035.9,20702.6,166.31,39.18353873239437,892.25,907.8,887.0,898.05
2008-02-15,850.0,917.0,850.0,903.55,880.8942687747034,12144,378,10697580.0,7885.0,64.93,67.0,53.55,1203013800.0,0.0,1.4939623701207383,7236.57,2.11293342721639,0.699709623566366,2.21,-0.498035526534224,167.68551952098852,-118.49284900001395,754.15,1141.0,386.85,16016.6,16286.9,-2824.0,2828.8,22.72,2008,29128.699999999997,29466.199999999997,-4894.4,4292.0,34.48,64250.2,29678.799999999996,-10710.8,9770.2,78.49,135435.4,46659.7,-23035.9,20702.6,166.31,39.76892605633803,903.0,903.0,877.0,890.25
2008-02-14,811.0,880.0,811.0,863.8,845.0825833629674,36557,556,30893684.0,32071.0,87.73,69.0,52.8,1202927400.0,0.0,-4.399313817718998,7086.83,5.309747663648601,0.6973575685177323,2.31,4.080805742069926,173.34153634276538,-117.49933058177311,754.15,1141.0,386.85,16016.6,16286.9,-2824.0,2828.8,22.72,2008,29128.699999999997,29466.199999999997,-4894.4,4292.0,34.48,64250.2,29678.799999999996,-10710.8,9770.2,78.49,135435.4,46659.7,-23035.9,20702.6,166.31,38.019366197183096,850.0,917.0,850.0,903.55
2008-02-13,839.9,839.9,805.0,806.2,811.2674447479513,4027,170,3266974.0,2573.0,63.89,34.9,-33.7,1202841000.0,0.0,-6.668210233850413,6729.51,1.5064166380075017,0.6837859855083708,2.28,11.516993301910183,187.85528218250656,-117.65678391124905,754.15,1141.0,386.85,16016.6,16286.9,-2824.0,2828.8,22.72,2008,29128.699999999997,29466.199999999997,-4894.4,4292.0,34.48,64250.2,29678.799999999996,-10710.8,9770.2,78.49,135435.4,46659.7,-23035.9,20702.6,166.31,35.48415492957747,811.0,880.0,811.0,863.8
2008-02-12,790.0,825.0,790.0,806.05,812.0668429402432,9455,268,7678092.0,6553.0,69.31,35.0,16.05,1202754600.0,0.0,-0.018605805011173704,6629.64,-0.7384383197383992,0.716301718949766,2.31,11.537745797407117,192.1915820466873,-126.78475781953604,754.15,1141.0,386.85,16016.6,16286.9,-2824.0,2828.8,22.72,2008,29128.699999999997,29466.199999999997,-4894.4,4292.0,34.48,64250.2,29678.799999999996,-10710.8,9770.2,78.49,135435.4,46659.7,-23035.9,20702.6,166.31,35.47755281690141,839.9,839.9,805.0,806.2
2008-02-11,790.0,850.0,785.25,799.55,824.2318631690208,10407,423,8577781.0,7448.0,71.57,64.75,9.55,1202668200.0,0.0,-0.8064015879908237,6678.96,-5.230716839775251,0.7154950492493843,2.31,12.44450003126758,190.03392743780464,-124.18104067613231,754.15,1141.0,386.85,16016.6,16286.9,-2824.0,2828.8,22.72,2008,29128.699999999997,29466.199999999997,-4894.4,4292.0,34.48,64250.2,29678.799999999996,-10710.8,9770.2,78.49,135435.4,46659.7,-23035.9,20702.6,166.31,35.19146126760563,790.0,825.0,790.0,806.05
2008-02-08,850.0,862.0,826.0,857.2,848.5593307943417,36760,398,31193041.0,31043.0,84.45,36.0,7.2,1202409000.0,0.0,7.21030579701083,7047.6,-1.1122694815536072,0.6840827462963317,2.23,4.882174521698546,174.8630739542539,-115.4431328105052,754.15,1141.0,386.85,16016.6,16286.9,-2824.0,2828.8,22.72,2008,29128.699999999997,29466.199999999997,-4894.4,4292.0,34.48,64250.2,29678.799999999996,-10710.8,9770.2,78.49,135435.4,46659.7,-23035.9,20702.6,166.31,37.72887323943662,790.0,850.0,785.25,799.55
2008-02-07,870.0,881.0,855.0,855.0,865.5298307886803,41132,602,35600973.0,29686.0,72.17,26.0,-15.0,1202322600.0,0.0,-0.25664955669622014,7126.87,-3.1691059384901354,0.7228943006323514,2.17,5.15204678362573,171.80585586660064,-119.6467466052309,754.15,1141.0,386.85,16016.6,16286.9,-2824.0,2828.8,22.72,2008,29128.699999999997,29466.199999999997,-4894.4,4292.0,34.48,64250.2,29678.799999999996,-10710.8,9770.2,78.49,135435.4,46659.7,-23035.9,20702.6,166.31,37.63204225352113,850.0,862.0,826.0,857.2
2008-02-06,852.0,889.9,845.0,865.1,878.5123465074146,29806,469,26184939.0,23092.0,77.47,44.9,13.1,1202236200.0,0.0,1.1812865497075942,7360.12,-2.357315984350894,0.709722130931889,2.1,3.924401803259725,163.19204034716827,-112.50618434809837,754.15,1141.0,386.85,16016.6,16286.9,-2824.0,2828.8,22.72,2008,29128.699999999997,29466.199999999997,-4894.4,4292.0,34.48,64250.2,29678.799999999996,-10710.8,9770.2,78.49,135435.4,46659.7,-23035.9,20702.6,166.31,38.076584507042256,870.0,881.0,855.0,855.0
2008-02-05,888.0,910.0,888.0,899.0,900.947694701704,79686,489,71792918.0,71908.0,90.24,22.0,11.0,1202149800.0,0.0,3.918622124609872,7537.81,0.4353016732532744,0.7029889371968338,2.19,0.005561735261405687,156.9877723105252,-111.00555970175216,754.15,1141.0,386.85,16016.6,16286.9,-2824.0,2828.8,22.72,2008,29128.699999999997,29466.199999999997,-4894.4,4292.0,34.48,64250.2,29678.799999999996,-10710.8,9770.2,78.49,135435.4,46659.7,-23035.9,20702.6,166.31,39.56866197183099,852.0,889.9,845.0,865.1
2008-02-04,899.9,907.95,854.0,898.9,892.8618128099611,47385,301,42308257.0,39172.0,82.67,53.95,-1.0,1202063400.0,0.0,-0.011123470522800272,7505.14,2.7770512232363487,0.7155725515359074,2.27,0.016687061964626437,158.10644438344917,-113.76559506778361,754.15,1141.0,386.85,16016.6,16286.9,-2824.0,2828.8,22.72,2008,29128.699999999997,29466.199999999997,-4894.4,4292.0,34.48,64250.2,29678.799999999996,-10710.8,9770.2,78.49,135435.4,46659.7,-23035.9,20702.6,166.31,39.56426056338028,888.0,910.0,888.0,899.0
2008-02-01,865.0,889.0,850.0,880.3,868.3618732851085,64144,609,55700204.0,41901.0,65.32,39.0,15.3,1201804200.0,0.0,-2.069195683613312,7302.35,1.9877011688498536,0.7076631510352873,2.1,2.129955696921515,165.27419255445164,-115.44240757380045,754.15,1141.0,386.85,16016.6,16286.9,-2824.0,2828.8,22.72,2008,29128.699999999997,29466.199999999997,-4894.4,4292.0,34.48,64250.2,29678.799999999996,-10710.8,9770.2,78.49,135435.4,46659.7,-23035.9,20702.6,166.31,38.745598591549296,899.9,907.95,854.0,898.9
2008-01-31,890.0,893.0,850.0,860.6,875.059526431718,18160,307,15891081.0,14437.0,79.5,43.0,-29.4,1201717800.0,0.0,-2.2378734522321864,7160.03,-0.6921010328810429,0.7075739501940289,1.96,4.467813153613753,170.54705078051347,-116.7799923187155,754.15,1141.0,386.85,16016.6,16286.9,-2824.0,2828.8,22.72,2008,29128.699999999997,29466.199999999997,-4894.4,4292.0,34.48,64250.2,29678.799999999996,-10710.8,9770.2,78.49,135435.4,46659.7,-23035.9,20702.6,166.31,37.87852112676057,865.0,889.0,850.0,880.3
2008-01-30,878.0,888.0,837.0,879.75,876.4441258524489,12904,253,11309635.0,9596.0,74.36,51.0,1.75,1201631400.0,0.0,2.2251917267023025,7209.93,-2.2172885852155377,0.7111612456386025,2.21,2.1938050582551716,168.67459184763237,-118.39936143482862,754.15,1141.0,386.85,16016.6,16286.9,-2824.0,2828.8,22.72,2008,29128.699999999997,29466.199999999997,-4894.4,4292.0,34.48,64250.2,29678.799999999996,-10710.8,9770.2,78.49,135435.4,46659.7,-23035.9,20702.6,166.31,38.721390845070424,890.0,893.0,850.0,860.6
2008-01-29,905.05,920.0,861.25,873.0,896.1033049864706,10348,351,9272877.0,6604.0,63.82,58.75,-32.05,1201545000.0,0.0,-0.7672634271099765,7373.42,-0.1789717652410316,0.7080938041340706,2.28,2.9839633447880765,162.71730079122034,-112.90069529746927,754.15,1141.0,386.85,16016.6,16286.9,-2824.0,2828.8,22.72,2008,29128.699999999997,29466.199999999997,-4894.4,4292.0,34.48,64250.2,29678.799999999996,-10710.8,9770.2,78.49,135435.4,46659.7,-23035.9,20702.6,166.31,38.42429577464789,878.0,888.0,837.0,879.75
2008-01-28,788.5,918.0,788.0,895.45,867.550694534597,7703,310,6682743.0,3765.0,48.88,130.0,106.95,1201458600.0,0.0,2.5715922107674816,7386.64,-0.8835972943271209,0.7084888907226126,2.34,0.40203249762689186,162.24711100040074,-115.2303791937047,754.15,1141.0,386.85,16016.6,16286.9,-2824.0,2828.8,22.72,2008,29128.699999999997,29466.199999999997,-4894.4,4292.0,34.48,64250.2,29678.799999999996,-10710.8,9770.2,78.49,135435.4,46659.7,-23035.9,20702.6,166.31,39.41241197183099,905.05,920.0,861.25,873.0
2008-01-25,810.0,948.0,806.0,879.65,847.567034753743,29522,803,25021874.0,21000.0,71.13,142.0,69.65,1201199400.0,0.0,-1.7644759618069217,7452.49,6.917626332257809,0.7125547659867326,2.3,2.2054226112658393,159.92990262315013,-112.41451576488433,754.15,1141.0,386.85,16016.6,16286.9,-2824.0,2828.8,22.72,2008,29128.699999999997,29466.199999999997,-4894.4,4292.0,34.48,64250.2,29678.799999999996,-10710.8,9770.2,78.49,135435.4,46659.7,-23035.9,20702.6,166.31,38.71698943661972,788.5,918.0,788.0,895.45
2008-01-24,840.0,840.0,794.0,798.2,811.6223664274893,34981,473,28391362.0,33054.0,94.49,46.0,-41.8,1201113000.0,0.0,-9.25936451997953,6970.31,-2.9600733962324544,0.6595735512668246,2.37,12.634678025557488,177.91088201242124,-105.51744491588583,754.15,1141.0,386.85,16016.6,16286.9,-2824.0,2828.8,22.72,2008,29128.699999999997,29466.199999999997,-4894.4,4292.0,34.48,64250.2,29678.799999999996,-10710.8,9770.2,78.49,135435.4,46659.7,-23035.9,20702.6,166.31,35.13204225352113,810.0,948.0,806.0,879.65
2008-01-23,800.0,840.0,745.0,822.25,801.5954315177314,33359,763,26740422.0,22061.0,66.13,95.0,22.25,1201026600.0,0.0,3.0130293159609023,7182.93,6.617219227206883,0.7258010409651029,2.21,9.340224992398905,169.6845159287366,-114.42295300380482,754.15,1141.0,386.85,16016.6,16286.9,-2824.0,2828.8,22.72,2008,29128.699999999997,29466.199999999997,-4894.4,4292.0,34.48,64250.2,29678.799999999996,-10710.8,9770.2,78.49,135435.4,46659.7,-23035.9,20702.6,166.31,36.190580985915496,840.0,840.0,794.0,798.2
2008-01-22,800.0,880.0,731.0,754.15,756.6278837884662,80233,1080,60706525.0,68002.0,84.76,149.0,-45.85,1200940200.0,0.0,-8.282152629978723,6737.12,-6.366856931606069,0.6759998004913985,2.35,19.21368428031558,187.5301315695728,-108.31804771568656,754.15,1141.0,386.85,16016.6,16286.9,-2824.0,2828.8,22.72,2008,29128.699999999997,29466.199999999997,-4894.4,4292.0,34.48,64250.2,29678.799999999996,-10710.8,9770.2,78.49,135435.4,46659.7,-23035.9,20702.6,166.31,33.19322183098592,800.0,840.0,745.0,822.25
2008-01-21,869.95,890.0,760.0,804.35,851.0344935454943,47951,724,40807955.0,28690.0,59.83,130.0,-65.6,1200853800.0,0.0,6.656500696147982,7195.23,-9.752784467188446,0.6841592843422849,,11.773481693292709,169.22349945727936,,804.35,1141.0,336.65,16016.6,16286.9,-2824.0,2828.8,22.72,2008,29128.699999999997,29466.199999999997,-4894.4,4292.0,34.48,64250.2,29678.799999999996,-10710.8,9770.2,78.49,135435.4,46659.7,-23035.9,20702.6,166.31,35.40272887323944,800.0,880.0,731.0,754.15
2008-01-18,856.0,912.75,855.05,878.9,898.8958536223752,343987,1109,309208488.0,310350.0,90.22,57.7,22.9,1200594600.0,0.0,9.268353328774781,7972.8,-4.221771863583768,0.5660782384757547,2.86,2.2926385254295134,142.96671182018864,-79.87872210037305,852.95,1141.0,288.04999999999995,16016.6,16286.9,-2824.0,2828.8,22.72,2008,29128.699999999997,29466.199999999997,-4894.4,4292.0,34.48,64250.2,29678.799999999996,-10710.8,9770.2,78.49,135435.4,46659.7,-23035.9,20702.6,166.31,38.68397887323944,869.95,890.0,760.0,804.35
2008-01-17,882.0,905.0,861.05,896.7,891.1583869430546,83940,582,74803835.0,73605.0,87.69,43.95,14.7,1200508200.0,0.0,2.0252588462851273,8324.23,-0.2325127072988597,0.6191370583204087,3.07,0.2620720419315159,132.70921154268925,-83.07236803558627,852.95,1141.0,288.04999999999995,16016.6,16286.9,-2824.0,2828.8,22.72,2008,29128.699999999997,29466.199999999997,-4894.4,4292.0,34.48,64250.2,29678.799999999996,-10710.8,9770.2,78.49,135435.4,46659.7,-23035.9,20702.6,166.31,39.46742957746479,856.0,912.75,855.05,878.9
2008-01-16,877.0,905.0,861.0,871.35,882.3537159302522,29535,554,26060317.0,25351.0,85.83,44.0,-5.65,1200421800.0,0.0,-2.8270324523251955,8343.63,-1.937017831705945,0.6233436661904134,3.14,3.178975153497432,132.16813305479752,-80.38989434658453,852.95,1141.0,288.04999999999995,16016.6,16286.9,-2824.0,2828.8,22.72,2008,29128.699999999997,29466.199999999997,-4894.4,4292.0,34.48,64250.2,29678.799999999996,-10710.8,9770.2,78.49,135435.4,46659.7,-23035.9,20702.6,166.31,38.35167253521127,882.0,905.0,861.05,896.7
2008-01-15,949.0,955.0,913.25,916.55,935.1857051007286,18664,442,17454306.0,7555.0,40.48,41.75,-32.45,1200335400.0,0.0,5.187352958053593,8508.44,-1.8347914674062824,0.6232532151587025,3.17,-1.909333915225575,127.67099491798731,-82.67497928831844,852.95,1141.0,288.04999999999995,16016.6,16286.9,-2824.0,2828.8,22.72,2008,29128.699999999997,29466.199999999997,-4894.4,4292.0,34.48,64250.2,29678.799999999996,-10710.8,9770.2,78.49,135435.4,46659.7,-23035.9,20702.6,166.31,40.341109154929576,877.0,905.0,861.0,871.35
2008-01-14,940.0,945.0,904.0,935.95,918.0751350449452,95894,607,88037897.0,78343.0,81.7,41.0,-4.05,1200249000.0,0.0,2.116633026021497,8667.47,0.507671310077229,0.6480406550292995,3.19,-3.9425182969175854,123.49370692947308,-85.09421133794619,852.95,1141.0,288.04999999999995,16016.6,16286.9,-2824.0,2828.8,22.72,2008,29128.699999999997,29466.199999999997,-4894.4,4292.0,34.48,64250.2,29678.799999999996,-10710.8,9770.2,78.49,135435.4,46659.7,-23035.9,20702.6,166.31,41.1949823943662,949.0,955.0,913.25,916.55
2008-01-11,925.0,935.0,895.0,909.0,914.6188101308225,53737,483,49148871.0,47970.0,89.27,40.0,-16.0,1199989800.0,0.0,-2.8794273198354703,8623.69,0.6677180502166147,0.6541784411153315,3.09,-1.0946094609460943,124.62832035938207,-83.69235840942241,852.95,1141.0,288.04999999999995,16016.6,16286.9,-2824.0,2828.8,22.72,2008,29128.699999999997,29466.199999999997,-4894.4,4292.0,34.48,64250.2,29678.799999999996,-10710.8,9770.2,78.49,135435.4,46659.7,-23035.9,20702.6,166.31,40.00880281690141,940.0,945.0,904.0,935.95
2008-01-10,911.0,967.0,911.0,929.7,949.67738791423,47196,627,44820974.0,33890.0,71.81,56.0,18.7,1199903400.0,0.0,2.2772277227722793,8566.49,-2.4204406434460424,0.6656535135608448,3.24,-3.296762396471986,126.1282042003201,-88.33772729759762,852.95,1141.0,288.04999999999995,16016.6,16286.9,-2824.0,2828.8,22.72,2008,29128.699999999997,29466.199999999997,-4894.4,4292.0,34.48,64250.2,29678.799999999996,-10710.8,9770.2,78.49,135435.4,46659.7,-23035.9,20702.6,166.31,40.919894366197184,925.0,935.0,895.0,909.0
2008-01-09,973.0,979.0,954.0,959.9,961.2260266431796,63581,364,61115712.0,59630.0,93.79,25.0,-13.1,1199817000.0,0.0,3.248359685920188,8778.98,-0.2372765021261824,0.6561775054552075,3.22,-6.3392020002083544,120.65490523956086,-86.61734517367208,852.95,1141.0,288.04999999999995,16016.6,16286.9,-2824.0,2828.8,22.72,2008,29128.699999999997,29466.199999999997,-4894.4,4292.0,34.48,64250.2,29678.799999999996,-10710.8,9770.2,78.49,135435.4,46659.7,-23035.9,20702.6,166.31,42.24911971830986,911.0,967.0,911.0,929.7
2008-01-08,998.95,999.8,964.4,970.45,982.7830804141256,14102,300,13859207.0,11242.0,79.72,35.4,-28.5,1199730600.0,0.0,1.0990728200854338,8799.86,-0.9279149047316636,0.6710005611659375,3.25,-7.357411510124178,120.1313429986386,-89.0348582520391,852.95,1141.0,288.04999999999995,16016.6,16286.9,-2824.0,2828.8,22.72,2008,29128.699999999997,29466.199999999997,-4894.4,4292.0,34.48,64250.2,29678.799999999996,-10710.8,9770.2,78.49,135435.4,46659.7,-23035.9,20702.6,166.31,42.71346830985916,973.0,979.0,954.0,959.9
2008-01-07,940.0,996.0,940.0,985.9,983.8743532117282,19133,591,18824468.0,9647.0,50.42,56.0,45.9,1199644200.0,0.0,1.5920449276108917,8882.28,0.3593025463025867,0.6690400903908797,3.27,-8.809209859012068,118.08871145696824,-88.89753095074644,852.95,1141.0,288.04999999999995,16016.6,16286.9,-2824.0,2828.8,22.72,2008,29128.699999999997,29466.199999999997,-4894.4,4292.0,34.48,64250.2,29678.799999999996,-10710.8,9770.2,78.49,135435.4,46659.7,-23035.9,20702.6,166.31,43.39348591549296,998.95,999.8,964.4,970.45
2008-01-04,972.05,1000.0,972.05,978.45,988.5847673291324,16504,504,16315603.0,8055.0,48.81,27.95,6.4,1199385000.0,0.0,-0.7556547317172035,8850.48,1.1941404338420505,0.6731367289304432,3.2,-8.114875568501212,118.8723097504316,-89.17815578173574,852.95,1141.0,288.04999999999995,16016.6,16286.9,-2824.0,2828.8,22.72,2008,29128.699999999997,29466.199999999997,-4894.4,4292.0,34.48,64250.2,29678.799999999996,-10710.8,9770.2,78.49,135435.4,46659.7,-23035.9,20702.6,166.31,43.065580985915496,940.0,996.0,940.0,985.9
2008-01-03,998.0,1008.0,985.0,987.55,996.1297064244338,30384,692,30266405.0,17492.0,57.57,23.0,-10.45,1199298600.0,0.0,0.9300424140221697,8746.04,-0.2246247602880613,0.67244132508819,3.24,-8.961571565996662,121.48595249964552,-91.71503655117347,852.95,1141.0,288.04999999999995,16016.6,16286.9,-2824.0,2828.8,22.72,2008,29128.699999999997,29466.199999999997,-4894.4,4292.0,34.48,64250.2,29678.799999999996,-10710.8,9770.2,78.49,135435.4,46659.7,-23035.9,20702.6,166.31,43.466109154929576,972.05,1000.0,972.05,978.45
2008-01-02,1025.0,1025.0,987.0,994.65,1006.7660350689536,52354,805,52708229.0,38388.0,73.32,38.0,-30.35,1199212200.0,0.0,0.7189509391929638,8765.73,1.213537583293589,0.6730642258297269,3.26,-9.611421102900518,120.98844020977148,-92.11022257083165,852.95,1141.0,288.04999999999995,16016.6,16286.9,-2824.0,2828.8,22.72,2008,29128.699999999997,29466.199999999997,-4894.4,4292.0,34.48,64250.2,29678.799999999996,-10710.8,9770.2,78.49,135435.4,46659.7,-23035.9,20702.6,166.31,43.778609154929576,998.0,1008.0,985.0,987.55
2008-01-01,1040.0,1040.0,985.1,991.75,1003.270431939904,14377,520,14424019.0,6305.0,43.85,54.9,-48.25,1199125800.0,0.0,-0.2915598451716628,8660.63,0.7937219156862296,0.6725075191769544,,-9.34711368792539,123.67021798645138,,852.95,1141.0,288.04999999999995,16016.6,16286.9,-2824.0,2828.8,22.72,2008,29128.699999999997,29466.199999999997,-4894.4,4292.0,34.48,64250.2,29678.799999999996,-10710.8,9770.2,78.49,135435.4,46659.7,-23035.9,20702.6,166.31,43.65096830985916,1025.0,1025.0,987.0,994.65
2007-12-31,977.0,1049.4,977.0,1014.5,995.417939015075,113897,1051,113375117.0,89956.0,78.98,72.4,37.5,1199039400.0,0.0,2.293924880262166,8592.43,1.1160811477136434,0.6722127290837631,3.36,-11.379990142927554,125.445537525473,-96.80744250458392,852.95,1141.0,288.04999999999995,13821.4,14022.7,-2367.3,2794.9,22.45,2007,30976.4,31512.699999999997,-5375.4,5478.9,44.01,61516.700000000004,45816.9,-10426.099999999999,9504.4,76.35,132226.7,62814.79999999999,-22374.5,21246.0,170.67,45.18930957683742,1040.0,1040.0,985.1,991.75
2007-12-28,989.95,989.95,975.0,977.8,981.3195989729794,8179,252,8026213.0,3974.0,48.59,14.95,-12.15,1198780200.0,0.0,-3.6175455889600805,8497.59,0.8534622724812646,0.6797119641856658,3.18,-8.053794231949274,127.96169266815652,-96.04940364983403,852.95,1141.0,288.04999999999995,13821.4,14022.7,-2367.3,2794.9,22.45,2007,30976.4,31512.699999999997,-5375.4,5478.9,44.01,61516.700000000004,45816.9,-10426.099999999999,9504.4,76.35,132226.7,62814.79999999999,-22374.5,21246.0,170.67,43.55456570155902,977.0,1049.4,977.0,1014.5
2007-12-27,969.0,992.8,969.0,982.95,980.1530440979288,106649,271,104532342.0,103342.0,96.9,23.8,13.95,1198693800.0,0.0,0.5266925751687523,8425.68,0.1607197200243604,0.6992785222822749,3.17,-8.535530800142432,129.9072597107889,-100.33017448880778,852.95,1141.0,288.04999999999995,13821.4,14022.7,-2367.3,2794.9,22.45,2007,30976.4,31512.699999999997,-5375.4,5478.9,44.01,61516.700000000004,45816.9,-10426.099999999999,9504.4,76.35,132226.7,62814.79999999999,-22374.5,21246.0,170.67,43.783964365256125,989.95,989.95,975.0,977.8
2007-12-26,985.0,988.4,970.0,973.1,980.0635307452536,17645,428,17293221.0,10999.0,62.33,18.4,-11.9,1198607400.0,0.0,-1.0020855587771549,8412.16,2.087338109939618,0.6997440604436027,3.32,-7.609700955708565,130.27676601491174,-99.76694390777129,852.95,1141.0,288.04999999999995,13821.4,14022.7,-2367.3,2794.9,22.45,2007,30976.4,31512.699999999997,-5375.4,5478.9,44.01,61516.700000000004,45816.9,-10426.099999999999,9504.4,76.35,132226.7,62814.79999999999,-22374.5,21246.0,170.67,43.345211581291764,969.0,992.8,969.0,982.95
2007-12-24,980.0,1020.0,965.0,972.6,984.506172839506,4698,262,4625210.0,2696.0,57.39,55.0,-7.4,1198434600.0,0.0,-0.05138218065974254,8240.16,3.058424487406852,0.6942307382625809,3.33,-7.562204400575778,135.0834207102775,-102.35947892889213,852.95,1141.0,288.04999999999995,13821.4,14022.7,-2367.3,2794.9,22.45,2007,30976.4,31512.699999999997,-5375.4,5478.9,44.01,61516.700000000004,45816.9,-10426.099999999999,9504.4,76.35,132226.7,62814.79999999999,-22374.5,21246.0,170.67,43.322939866369715,985.0,988.4,970.0,973.1
2007-12-20,995.0,995.0,962.0,968.65,978.933509467195,6813,348,6669474.0,3457.0,50.74,33.0,-26.35,1198089000.0,0.0,-0.4061279045856514,7995.62,-0.0819776610873623,0.6768432975985477,2.92,-7.185257833066638,142.2732696151143,-104.4255843705001,852.95,1141.0,288.04999999999995,13821.4,14022.7,-2367.3,2794.9,22.45,2007,30976.4,31512.699999999997,-5375.4,5478.9,44.01,61516.700000000004,45816.9,-10426.099999999999,9504.4,76.35,132226.7,62814.79999999999,-22374.5,21246.0,170.67,43.14699331848552,980.0,1020.0,965.0,972.6
2007-12-19,995.0,1008.0,970.0,978.4,991.571320099794,9219,370,9141296.0,5888.0,63.87,38.0,-16.6,1198002600.0,0.0,1.0065555154080474,8002.18,0.0162482126966123,0.6766233147198307,2.91,-8.11017988552739,142.07465965524392,-105.18223319331562,852.95,1141.0,288.04999999999995,13821.4,14022.7,-2367.3,2794.9,22.45,2007,30976.4,31512.699999999997,-5375.4,5478.9,44.01,61516.700000000004,45816.9,-10426.099999999999,9504.4,76.35,132226.7,62814.79999999999,-22374.5,21246.0,170.67,43.58129175946548,995.0,995.0,962.0,968.65
2007-12-18,980.0,1014.0,926.0,988.4,991.2021001704328,18189,501,18028975.0,10805.0,59.4,88.0,8.4,1197916200.0,0.0,1.0220768601798769,8000.88,-0.3894344734168609,0.6782015638436865,3.04,-9.039862403885069,142.1139924608293,-106.40006158080458,852.95,1141.0,288.04999999999995,13821.4,14022.7,-2367.3,2794.9,22.45,2007,30976.4,31512.699999999997,-5375.4,5478.9,44.01,61516.700000000004,45816.9,-10426.099999999999,9504.4,76.35,132226.7,62814.79999999999,-22374.5,21246.0,170.67,44.02672605790646,995.0,1008.0,970.0,978.4
2007-12-17,1050.0,1050.0,960.0,982.7,1017.6173194548772,46595,990,47415879.0,25002.0,53.66,90.0,-67.3,1197829800.0,0.0,-0.5766895993524868,8032.16,-4.271010616743665,0.6788427836967699,3.07,-8.512262134934378,141.17111710922092,-105.33120890499151,852.95,1141.0,288.04999999999995,13821.4,14022.7,-2367.3,2794.9,22.45,2007,30976.4,31512.699999999997,-5375.4,5478.9,44.01,61516.700000000004,45816.9,-10426.099999999999,9504.4,76.35,132226.7,62814.79999999999,-22374.5,21246.0,170.67,43.772828507795104,980.0,1014.0,926.0,988.4
2007-12-14,1010.0,1035.0,980.0,1023.85,1021.882875262398,225802,913,230743197.0,209980.0,92.99,55.0,13.85,1197570600.0,0.0,4.187442759743565,8390.52,0.0259884554035805,0.6278083587698181,2.88,-12.189285539874007,130.87067309296685,-95.42289995221384,852.95,1141.0,288.04999999999995,13821.4,14022.7,-2367.3,2794.9,22.45,2007,30976.4,31512.699999999997,-5375.4,5478.9,44.01,61516.700000000004,45816.9,-10426.099999999999,9504.4,76.35,132226.7,62814.79999999999,-22374.5,21246.0,170.67,45.605790645879736,1050.0,1050.0,960.0,982.7
2007-12-13,992.1,1004.9,983.0,988.1,995.1601848286482,18179,325,18091017.0,9208.0,50.65,21.9,-4.0,1197484200.0,0.0,-3.4917224202764108,8388.34,-0.7562474415126808,0.6561425619875416,2.87,-9.012245724116996,130.93067281488354,-95.908303674723,852.95,1141.0,288.04999999999995,13821.4,14022.7,-2367.3,2794.9,22.45,2007,30976.4,31512.699999999997,-5375.4,5478.9,44.01,61516.700000000004,45816.9,-10426.099999999999,9504.4,76.35,132226.7,62814.79999999999,-22374.5,21246.0,170.67,44.01336302895323,1010.0,1035.0,980.0,1023.85
2007-12-12,983.5,1006.0,983.5,995.7,999.0646646646644,4995,227,4990328.0,3816.0,76.4,22.5,12.2,1197397800.0,0.0,0.7691529197449753,8452.26,1.0945190323834677,0.6720340616899177,2.88,-9.706738977603703,129.18426551005294,-97.46750753708638,852.95,1141.0,288.04999999999995,13821.4,14022.7,-2367.3,2794.9,22.45,2007,30976.4,31512.699999999997,-5375.4,5478.9,44.01,61516.700000000004,45816.9,-10426.099999999999,9504.4,76.35,132226.7,62814.79999999999,-22374.5,21246.0,170.67,44.351893095768375,992.1,1004.9,983.0,988.1
2007-12-11,1010.0,1013.0,995.0,996.75,1004.4440496228416,16041,598,16112287.0,9232.0,57.55,18.0,-13.25,1197311400.0,0.0,0.10545344983428073,8360.75,1.4583942615620016,0.6720992777493454,2.94,-9.80185603210434,131.6927309152887,-99.2764734885257,852.95,1141.0,288.04999999999995,13821.4,14022.7,-2367.3,2794.9,22.45,2007,30976.4,31512.699999999997,-5375.4,5478.9,44.01,61516.700000000004,45816.9,-10426.099999999999,9504.4,76.35,132226.7,62814.79999999999,-22374.5,21246.0,170.67,44.39866369710468,983.5,1006.0,983.5,995.7
2007-12-10,967.5,1007.0,967.5,999.65,992.4404738400788,5065,296,5026711.0,3833.0,75.68,39.5,32.15,1197225000.0,0.0,0.29094557311262204,8240.57,0.2600009733307207,0.6693013873338127,3.05,-10.063522232781475,135.07172440741354,-101.47584553686563,852.95,1141.0,288.04999999999995,13821.4,14022.7,-2367.3,2794.9,22.45,2007,30976.4,31512.699999999997,-5375.4,5478.9,44.01,61516.700000000004,45816.9,-10426.099999999999,9504.4,76.35,132226.7,62814.79999999999,-22374.5,21246.0,170.67,44.52783964365256,1010.0,1013.0,995.0,996.75
2007-12-07,990.0,997.9,960.0,980.05,979.5728056426332,12760,430,12499349.0,6204.0,48.62,37.9,-9.95,1196965800.0,0.0,-1.960686240184062,8219.2,0.4555159968369304,0.669507964594962,3.12,-8.264884444671194,135.6829131788982,-100.13681062785399,852.95,1141.0,288.04999999999995,13821.4,14022.7,-2367.3,2794.9,22.45,2007,30976.4,31512.699999999997,-5375.4,5478.9,44.01,61516.700000000004,45816.9,-10426.099999999999,9504.4,76.35,132226.7,62814.79999999999,-22374.5,21246.0,170.67,43.65478841870824,967.5,1007.0,967.5,999.65
2007-12-06,1000.0,1040.0,972.0,981.15,984.013139558033,5023,368,4942698.0,2885.0,57.44,68.0,-18.85,1196879400.0,0.0,0.1122391714708515,8181.93,0.1613465952563064,0.6756068819892816,3.09,-8.367731743362384,136.75648655023934,-101.76372994803184,852.95,1141.0,288.04999999999995,13821.4,14022.7,-2367.3,2794.9,22.45,2007,30976.4,31512.699999999997,-5375.4,5478.9,44.01,61516.700000000004,45816.9,-10426.099999999999,9504.4,76.35,132226.7,62814.79999999999,-22374.5,21246.0,170.67,43.70378619153675,990.0,997.9,960.0,980.05
2007-12-05,988.3,1002.8,985.0,993.65,991.8061354581672,25100,345,24894334.0,17270.0,68.8,17.8,5.35,1196793000.0,0.0,1.2740151862610238,8168.75,1.382462742138868,0.6755224463376042,3.07,-9.52045488854224,137.13848508033664,-103.15672590678784,852.95,1141.0,288.04999999999995,13821.4,14022.7,-2367.3,2794.9,22.45,2007,30976.4,31512.699999999997,-5375.4,5478.9,44.01,61516.700000000004,45816.9,-10426.099999999999,9504.4,76.35,132226.7,62814.79999999999,-22374.5,21246.0,170.67,44.26057906458797,1000.0,1040.0,972.0,981.15
2007-12-04,997.0,1010.0,980.05,998.9,990.255256241787,219168,506,217032264.0,215226.0,98.2,29.95,1.9,1196706600.0,0.0,0.5283550545966964,8057.36,0.4766097112657963,0.6762342023272442,3.07,-9.995995595154671,140.41683628384484,-105.94462387173108,852.95,1141.0,288.04999999999995,13821.4,14022.7,-2367.3,2794.9,22.45,2007,30976.4,31512.699999999997,-5375.4,5478.9,44.01,61516.700000000004,45816.9,-10426.099999999999,9504.4,76.35,132226.7,62814.79999999999,-22374.5,21246.0,170.67,44.494432071269486,988.3,1002.8,985.0,993.65
2007-12-03,1005.0,1014.0,990.0,998.8,1001.0635478954156,8529,233,8538071.0,5882.0,68.96,24.0,-6.2,1196620200.0,0.0,-0.010011012113331219,8019.14,1.9471191129395216,0.6769037492190632,3.06,-9.986984381257514,141.5626862730916,-106.79997199642489,852.95,1141.0,288.04999999999995,13821.4,14022.7,-2367.3,2794.9,22.45,2007,30976.4,31512.699999999997,-5375.4,5478.9,44.01,61516.700000000004,45816.9,-10426.099999999999,9504.4,76.35,132226.7,62814.79999999999,-22374.5,21246.0,170.67,44.489977728285076,997.0,1010.0,980.05,998.9
2007-11-30,980.0,1018.0,980.0,987.4,999.7902885292048,9947,453,9944914.0,4156.0,41.78,38.0,7.4,1196361000.0,0.0,-1.1413696435722875,7865.98,2.406813598555413,0.6704973485958805,3.15,-8.94774154344744,146.26619950724512,-108.05677385417435,852.95,1141.0,288.04999999999995,13821.4,14022.7,-2367.3,2794.9,22.45,2007,30976.4,31512.699999999997,-5375.4,5478.9,44.01,61516.700000000004,45816.9,-10426.099999999999,9504.4,76.35,132226.7,62814.79999999999,-22374.5,21246.0,170.67,43.98218262806236,1005.0,1014.0,990.0,998.8
2007-11-29,1025.0,1025.0,972.25,979.85,995.896397069816,6689,334,6661551.0,3833.0,57.3,52.75,-45.15,1196274600.0,0.0,-0.7646343933562894,7681.11,0.1515094223996538,0.6614209795507631,2.99,-8.246160126549984,152.19336788563115,-109.92239786573698,852.95,1141.0,288.04999999999995,13821.4,14022.7,-2367.3,2794.9,22.45,2007,30976.4,31512.699999999997,-5375.4,5478.9,44.01,61516.700000000004,45816.9,-10426.099999999999,9504.4,76.35,132226.7,62814.79999999999,-22374.5,21246.0,170.67,43.645879732739424,980.0,1018.0,980.0,987.4
2007-11-28,1010.0,1019.9,985.0,997.9,1001.4022040302268,15880,374,15902267.0,13031.0,82.06,34.9,-12.1,1196188200.0,0.0,1.842118691636463,7669.49,-0.968814077567115,0.662122668936601,3.05,-9.905802184587643,152.5754646006449,-111.96000187995188,852.95,1141.0,288.04999999999995,13821.4,14022.7,-2367.3,2794.9,22.45,2007,30976.4,31512.699999999997,-5375.4,5478.9,44.01,61516.700000000004,45816.9,-10426.099999999999,9504.4,76.35,132226.7,62814.79999999999,-22374.5,21246.0,170.67,44.44988864142539,1025.0,1025.0,972.25,979.85
2007-11-27,1019.9,1020.0,996.0,1003.45,1011.5590977443608,3325,255,3363434.0,1926.0,57.92,24.0,-16.45,1196101800.0,0.0,0.5561679527006813,7744.52,-0.2237857016783251,0.6640405912994601,3.16,-10.404105834869704,150.1284779431133,-111.15714083059632,852.95,1141.0,288.04999999999995,13821.4,14022.7,-2367.3,2794.9,22.45,2007,30976.4,31512.699999999997,-5375.4,5478.9,44.01,61516.700000000004,45816.9,-10426.099999999999,9504.4,76.35,132226.7,62814.79999999999,-22374.5,21246.0,170.67,44.69710467706014,1010.0,1019.9,985.0,997.9
2007-11-26,1020.0,1024.0,996.1,1011.7,1009.2448020249504,5531,334,5582133.0,3013.0,54.47,27.9,-8.3,1196015400.0,0.0,0.82216353580149,7761.89,2.055335760501853,0.6638917267288604,3.13,-11.13472373233173,149.568726173651,-111.48418251173166,852.95,1141.0,288.04999999999995,13821.4,14022.7,-2367.3,2794.9,22.45,2007,30976.4,31512.699999999997,-5375.4,5478.9,44.01,61516.700000000004,45816.9,-10426.099999999999,9504.4,76.35,132226.7,62814.79999999999,-22374.5,21246.0,170.67,45.064587973273944,1019.9,1020.0,996.0,1003.45
2007-11-23,1002.5,1010.0,983.0,991.6,998.3552448939124,10086,287,10069411.0,5893.0,58.43,27.0,-10.9,1195756200.0,0.0,-1.9867549668874163,7605.57,1.7575101582642194,0.6578188853759347,3.23,-9.333400564743854,154.69820144972698,-112.2020440123008,852.95,1141.0,288.04999999999995,13821.4,14022.7,-2367.3,2794.9,22.45,2007,30976.4,31512.699999999997,-5375.4,5478.9,44.01,61516.700000000004,45816.9,-10426.099999999999,9504.4,76.35,132226.7,62814.79999999999,-22374.5,21246.0,170.67,44.16926503340758,1020.0,1024.0,996.1,1011.7
2007-11-22,1014.9,1014.9,980.25,994.15,993.0778200664018,12349,371,12263518.0,5950.0,48.18,34.65,-20.75,1195669800.0,0.0,0.2571601452198369,7474.21,-0.6657097670215162,0.6586333697564893,,-9.565960871095914,159.1745482131222,,852.95,1141.0,288.04999999999995,13821.4,14022.7,-2367.3,2794.9,22.45,2007,30976.4,31512.699999999997,-5375.4,5478.9,44.01,61516.700000000004,45816.9,-10426.099999999999,9504.4,76.35,132226.7,62814.79999999999,-22374.5,21246.0,170.67,44.28285077951002,1002.5,1010.0,983.0,991.6
2007-11-21,980.1,1040.0,980.1,994.45,1007.586211725168,21424,699,21586527.0,11277.0,52.64,59.9,14.35,1195583400.0,0.0,0.030176532716397197,7524.3,-4.213959456775784,0.6561591707193142,3.09,-9.593242495851984,157.44919793203357,-113.96744580383361,852.95,1141.0,288.04999999999995,13821.4,14022.7,-2367.3,2794.9,22.45,2007,30976.4,31512.699999999997,-5375.4,5478.9,44.01,61516.700000000004,45816.9,-10426.099999999999,9504.4,76.35,132226.7,62814.79999999999,-22374.5,21246.0,170.67,44.29621380846326,1014.9,1014.9,980.25,994.15
2007-11-20,1050.0,1068.0,1031.0,1038.05,1057.4646338933833,19284,663,20392148.0,11871.0,61.56,37.0,-11.95,1195497000.0,0.0,4.38433304841872,7855.32,-1.802730910440986,0.5997060166585068,3.25,-13.390491787486148,146.6003931093832,-102.60858502554541,852.95,1141.0,288.04999999999995,13821.4,14022.7,-2367.3,2794.9,22.45,2007,30976.4,31512.699999999997,-5375.4,5478.9,44.01,61516.700000000004,45816.9,-10426.099999999999,9504.4,76.35,132226.7,62814.79999999999,-22374.5,21246.0,170.67,46.238307349665924,980.1,1040.0,980.1,994.45
2007-11-19,1070.0,1070.0,1010.05,1037.45,1037.5766803106233,26141,794,27123292.0,13431.0,51.38,59.95,-32.55,1195410600.0,0.0,-0.057800683974751355,7999.53,0.9047907363959772,0.6204810686013027,3.4,-13.340401947081792,142.15485159753138,-102.83516053993323,852.95,1141.0,288.04999999999995,13821.4,14022.7,-2367.3,2794.9,22.45,2007,30976.4,31512.699999999997,-5375.4,5478.9,44.01,61516.700000000004,45816.9,-10426.099999999999,9504.4,76.35,132226.7,62814.79999999999,-22374.5,21246.0,170.67,46.21158129175947,1050.0,1068.0,1031.0,1038.05
2007-11-16,1011.95,1024.0,993.0,1001.85,1006.2216723273492,30915,559,31107343.0,25950.0,83.94,31.0,-10.1,1195151400.0,0.0,-3.43149067424936,7927.8,0.1936181829211625,0.6198642665336489,3.4,-10.261017118331095,144.34584626251925,-101.02831073281203,852.95,1141.0,288.04999999999995,13821.4,14022.7,-2367.3,2794.9,22.45,2007,30976.4,31512.699999999997,-5375.4,5478.9,44.01,61516.700000000004,45816.9,-10426.099999999999,9504.4,76.35,132226.7,62814.79999999999,-22374.5,21246.0,170.67,44.625835189309576,1070.0,1070.0,1010.05,1037.45
2007-11-15,1032.0,1064.9,980.15,1011.3,1027.2157947484466,24945,588,25623898.0,13660.0,54.76,84.75,-20.7,1195065000.0,0.0,0.9432549782901534,7912.48,0.2753857364635736,0.6393026145976825,3.3,-11.099574804706814,144.81894425009605,-104.87300587889688,852.95,1141.0,288.04999999999995,13821.4,14022.7,-2367.3,2794.9,22.45,2007,30976.4,31512.699999999997,-5375.4,5478.9,44.01,61516.700000000004,45816.9,-10426.099999999999,9504.4,76.35,132226.7,62814.79999999999,-22374.5,21246.0,170.67,45.046770601336306,1011.95,1024.0,993.0,1001.85
2007-11-14,991.1,1060.0,991.1,1030.45,1032.911528716216,42624,1057,44026821.0,32170.0,75.47,68.9,39.35,1194978600.0,0.0,1.8936022940769348,7890.75,3.872537210872795,0.6413968746559192,3.41,-12.75171041777865,145.49314070272152,-107.29339280580146,852.95,1141.0,288.04999999999995,13821.4,14022.7,-2367.3,2794.9,22.45,2007,30976.4,31512.699999999997,-5375.4,5478.9,44.01,61516.700000000004,45816.9,-10426.099999999999,9504.4,76.35,132226.7,62814.79999999999,-22374.5,21246.0,170.67,45.899777282850785,1032.0,1064.9,980.15,1011.3
2007-11-13,926.5,998.0,926.5,984.25,979.615725541694,6092,257,5967819.0,3997.0,65.61,71.5,57.75,1194892200.0,0.0,-4.4834780920956945,7596.57,1.725017575574972,0.6136908314429382,3.5,-8.656337312674633,154.99995392657476,-105.13047000144114,852.95,1141.0,288.04999999999995,13821.4,14022.7,-2367.3,2794.9,22.45,2007,30976.4,31512.699999999997,-5375.4,5478.9,44.01,61516.700000000004,45816.9,-10426.099999999999,9504.4,76.35,132226.7,62814.79999999999,-22374.5,21246.0,170.67,43.84187082405345,991.1,1060.0,991.1,1030.45
2007-11-12,960.0,980.0,870.0,956.8,953.2245347747172,100274,240,95583637.0,61582.0,61.41,110.0,-3.2,1194805800.0,0.0,-2.7889255778511646,7467.75,-0.940355289548256,0.6445108728666561,,-6.035744147157196,159.39874794951626,,852.95,1141.0,288.04999999999995,13821.4,14022.7,-2367.3,2794.9,22.45,2007,30976.4,31512.699999999997,-5375.4,5478.9,44.01,61516.700000000004,45816.9,-10426.099999999999,9504.4,76.35,132226.7,62814.79999999999,-22374.5,21246.0,170.67,42.61915367483296,926.5,998.0,926.5,984.25
2007-11-09,999.0,999.0,966.1,972.25,975.4372918978912,901,91,878869.0,592.0,65.7,32.9,-26.75,1194546600.0,0.0,1.614757525083621,7538.64,-0.2727780232456567,0.6541196486762637,3.27,-7.528927744921576,156.95947810215105,-111.33023516633894,852.95,1141.0,288.04999999999995,13821.4,14022.7,-2367.3,2794.9,22.45,2007,30976.4,31512.699999999997,-5375.4,5478.9,44.01,61516.700000000004,45816.9,-10426.099999999999,9504.4,76.35,132226.7,62814.79999999999,-22374.5,21246.0,170.67,43.30734966592428,960.0,980.0,870.0,956.8
2007-11-08,962.1,982.5,962.1,979.2,977.8198229379186,109792,276,107356794.0,59145.0,53.87,20.4,17.1,1194460200.0,0.0,0.7148367189508953,7559.26,-0.998623536607246,0.6588051249003715,3.38,-8.185253267973868,156.25854911724164,-112.28242491374581,852.95,1141.0,288.04999999999995,13821.4,14022.7,-2367.3,2794.9,22.45,2007,30976.4,31512.699999999997,-5375.4,5478.9,44.01,61516.700000000004,45816.9,-10426.099999999999,9504.4,76.35,132226.7,62814.79999999999,-22374.5,21246.0,170.67,43.616926503340764,999.0,999.0,966.1,972.25
2007-11-07,1000.0,1000.0,960.0,982.25,978.1615160156508,30158,300,29499395.0,14340.0,47.55,40.0,-17.75,1194373800.0,0.0,0.3114787581699252,7635.51,-0.3857754909276867,0.6537993523200692,3.49,-8.470348689233909,153.69949093118862,-110.16721657237233,852.95,1141.0,288.04999999999995,13821.4,14022.7,-2367.3,2794.9,22.45,2007,30976.4,31512.699999999997,-5375.4,5478.9,44.01,61516.700000000004,45816.9,-10426.099999999999,9504.4,76.35,132226.7,62814.79999999999,-22374.5,21246.0,170.67,43.75278396436526,962.1,982.5,962.1,979.2
2007-11-06,963.05,987.0,963.05,983.65,980.9503474762251,10936,227,10727673.0,5588.0,51.1,23.95,20.6,1194287400.0,0.0,0.14252990582845904,7665.08,-0.9968665480105332,0.6520475283210007,3.76,-8.600620139277183,152.7207804745678,-109.4901288644863,852.95,1141.0,288.04999999999995,13821.4,14022.7,-2367.3,2794.9,22.45,2007,30976.4,31512.699999999997,-5375.4,5478.9,44.01,61516.700000000004,45816.9,-10426.099999999999,9504.4,76.35,132226.7,62814.79999999999,-22374.5,21246.0,170.67,43.81514476614699,1000.0,1000.0,960.0,982.25
2007-11-05,971.05,997.5,971.05,976.0,988.0674593220622,179397,448,177256338.0,114923.0,64.06,26.45,4.95,1194201000.0,0.0,-0.7777156508920857,7742.26,-0.8090542328974326,0.6454619585748279,3.71,-7.8842213114754145,150.2014915541457,-106.14890636456214,852.95,1141.0,288.04999999999995,13821.4,14022.7,-2367.3,2794.9,22.45,2007,30976.4,31512.699999999997,-5375.4,5478.9,44.01,61516.700000000004,45816.9,-10426.099999999999,9504.4,76.35,132226.7,62814.79999999999,-22374.5,21246.0,170.67,43.474387527839646,963.05,987.0,963.05,983.65
2007-11-02,955.0,984.9,955.0,973.55,971.9727825808516,12492,380,12141884.0,9605.0,76.89,29.9,18.55,1193941800.0,0.0,-0.25102459016393963,7805.41,1.223698458705358,0.6411522119874696,3.61,-7.652406142468282,148.17722579595434,-103.95200274243638,852.95,1141.0,288.04999999999995,13821.4,14022.7,-2367.3,2794.9,22.45,2007,30976.4,31512.699999999997,-5375.4,5478.9,44.01,61516.700000000004,45816.9,-10426.099999999999,9504.4,76.35,132226.7,62814.79999999999,-22374.5,21246.0,170.67,43.365256124721604,971.05,997.5,971.05,976.0
2007-11-01,1010.0,1010.0,970.0,989.45,985.0299725070016,77838,717,76672763.0,67134.0,86.25,40.0,-20.55,1193855400.0,0.0,1.6331980894664033,7711.05,-0.9527026853447972,0.6393034149833177,3.81,-9.136388902925873,151.2141666828771,-107.18237604605939,852.95,1141.0,288.04999999999995,13821.4,14022.7,-2367.3,2794.9,22.45,2007,30976.4,31512.699999999997,-5375.4,5478.9,44.01,61516.700000000004,45816.9,-10426.099999999999,9504.4,76.35,132226.7,62814.79999999999,-22374.5,21246.0,170.67,44.073496659242764,955.0,984.9,955.0,973.55
2007-10-31,1002.0,1009.9,990.0,999.15,998.1633932944292,240934,615,240491499.0,228907.0,95.01,19.9,-2.85,1193769000.0,0.0,0.9803426145838623,7785.22,0.6666959757734459,0.6390877450955227,3.94,-10.01851573837762,148.82084257092285,-106.5500867245681,852.95,1141.0,288.04999999999995,13821.4,14022.7,-2367.3,2794.9,22.45,2007,30976.4,31512.699999999997,-5375.4,5478.9,44.01,61516.700000000004,45816.9,-10426.099999999999,9504.4,76.35,132226.7,62814.79999999999,-22374.5,21246.0,170.67,44.505567928730514,1010.0,1010.0,970.0,989.45
2007-10-30,1020.25,1035.0,997.0,998.15,1000.5121215606588,78249,619,78289073.0,67557.0,86.34,38.0,-22.1,1193682600.0,0.0,-0.10008507231146213,7733.66,-0.1728399842520711,0.6416171252050116,3.96,-9.928367479837707,150.47972111522876,-107.8979297276308,852.95,1141.0,288.04999999999995,13821.4,14022.7,-2367.3,2794.9,22.45,2007,30976.4,31512.699999999997,-5375.4,5478.9,44.01,61516.700000000004,45816.9,-10426.099999999999,9504.4,76.35,132226.7,62814.79999999999,-22374.5,21246.0,170.67,44.46102449888642,1002.0,1009.9,990.0,999.15
2007-10-29,1040.0,1049.0,1020.0,1030.2,1030.9095981694832,24911,540,25680989.0,19386.0,77.82,29.0,-9.8,1193596200.0,0.0,3.210940239442972,7747.05,3.1383298807666327,0.640201031733625,4.01,-12.730537759658322,150.04679200469857,-110.23344267213515,852.95,1141.0,288.04999999999995,13821.4,14022.7,-2367.3,2794.9,22.45,2007,30976.4,31512.699999999997,-5375.4,5478.9,44.01,61516.700000000004,45816.9,-10426.099999999999,9504.4,76.35,132226.7,62814.79999999999,-22374.5,21246.0,170.67,45.88864142538976,1020.25,1035.0,997.0,998.15
2007-10-26,990.0,1020.0,968.5,1011.9,1009.5497372007007,20548,588,20744228.0,14007.0,68.17,51.5,21.9,1193337000.0,0.0,-1.7763541059988452,7511.32,2.5174460581394165,0.640854668281554,3.96,-11.152287775471892,157.8940851940804,-113.76166487974875,852.95,1141.0,288.04999999999995,13821.4,14022.7,-2367.3,2794.9,22.45,2007,30976.4,31512.699999999997,-5375.4,5478.9,44.01,61516.700000000004,45816.9,-10426.099999999999,9504.4,76.35,132226.7,62814.79999999999,-22374.5,21246.0,170.67,45.073496659242764,1040.0,1049.0,1020.0,1030.2
2007-10-25,1030.0,1049.8,976.0,988.35,1007.8328522390386,25636,601,25836803.0,13668.0,53.32,73.8,-41.65,1193250600.0,0.0,-2.327305069670915,7326.87,1.2766586817904768,0.6312235808038101,3.94,-9.035260788182331,164.38642967597352,-114.25283065543704,852.95,1141.0,288.04999999999995,13821.4,14022.7,-2367.3,2794.9,22.45,2007,30976.4,31512.699999999997,-5375.4,5478.9,44.01,61516.700000000004,45816.9,-10426.099999999999,9504.4,76.35,132226.7,62814.79999999999,-22374.5,21246.0,170.67,44.02449888641426,990.0,1020.0,968.5,1011.9
2007-10-24,1040.0,1060.0,1000.0,1016.05,1010.1264703393416,70902,590,71619987.0,56119.0,79.15,60.0,-23.95,1193164200.0,0.0,2.802650882784441,7234.51,0.7086975889526226,0.6390067860420501,3.85,-11.515181339501012,167.7617419839077,-120.10589677919164,852.95,1141.0,288.04999999999995,13821.4,14022.7,-2367.3,2794.9,22.45,2007,30976.4,31512.699999999997,-5375.4,5478.9,44.01,61516.700000000004,45816.9,-10426.099999999999,9504.4,76.35,132226.7,62814.79999999999,-22374.5,21246.0,170.67,45.25835189309577,1030.0,1049.8,976.0,988.35
2007-10-23,1060.0,1064.0,1020.0,1023.0,1029.0608702481936,12732,375,13102003.0,7560.0,59.38,44.0,-37.0,1193077800.0,0.0,0.6840214556370405,7183.6,5.150987309161703,0.659175032792485,3.98,-12.116324535679379,169.65936299348513,-125.30802406994799,852.95,1141.0,288.04999999999995,13821.4,14022.7,-2367.3,2794.9,22.45,2007,30976.4,31512.699999999997,-5375.4,5478.9,44.01,61516.700000000004,45816.9,-10426.099999999999,9504.4,76.35,132226.7,62814.79999999999,-22374.5,21246.0,170.67,45.56792873051225,1040.0,1060.0,1000.0,1016.05
2007-10-22,989.1,1025.0,975.7,1019.25,1002.9349112426036,8112,408,8135808.0,2251.0,27.75,49.3,30.15,1192991400.0,0.0,-0.3665689149560114,6831.7,0.3531316193816858,0.5763850506786178,4.0,-11.792985038018156,183.54948255924583,-119.28262264224867,852.95,1141.0,288.04999999999995,13821.4,14022.7,-2367.3,2794.9,22.45,2007,30976.4,31512.699999999997,-5375.4,5478.9,44.01,61516.700000000004,45816.9,-10426.099999999999,9504.4,76.35,132226.7,62814.79999999999,-22374.5,21246.0,170.67,45.40089086859688,1060.0,1064.0,1020.0,1023.0
2007-10-19,1010.0,1065.0,995.1,1005.05,1001.8806443232008,57735,384,57843579.0,54553.0,94.49,69.9,-4.95,1192732200.0,0.0,-1.3931812607309357,6807.66,-2.8365494405115266,0.5764291682091407,3.86,-10.546738968210533,184.55078543875572,-118.5621781217288,852.95,1141.0,288.04999999999995,13821.4,14022.7,-2367.3,2794.9,22.45,2007,30976.4,31512.699999999997,-5375.4,5478.9,44.01,61516.700000000004,45816.9,-10426.099999999999,9504.4,76.35,132226.7,62814.79999999999,-22374.5,21246.0,170.67,44.76837416481069,989.1,1025.0,975.7,1019.25
2007-10-18,1159.0,1159.0,1022.0,1044.2,1116.5480393821083,35346,507,39465507.0,28882.0,81.71,137.0,-114.8,1192645800.0,0.0,3.8953285906173862,7006.4,-3.5462555066079315,0.5426460131297915,3.76,-13.900593755985447,176.4793617264216,-111.38606678715044,852.95,1141.0,288.04999999999995,13821.4,14022.7,-2367.3,2794.9,22.45,2007,30976.4,31512.699999999997,-5375.4,5478.9,44.01,61516.700000000004,45816.9,-10426.099999999999,9504.4,76.35,132226.7,62814.79999999999,-22374.5,21246.0,170.67,46.51224944320713,1010.0,1065.0,995.1,1005.05
2007-10-17,1050.0,1130.0,970.0,1123.5,1086.4995236150808,7347,472,7982512.0,3275.0,44.58,160.0,73.5,1192559400.0,0.0,7.5943305880099565,7264.0,-2.1166730448937354,0.517764221722085,4.01,-19.977748108589232,166.67469713656388,-108.20970842316092,852.95,1141.0,288.04999999999995,13821.4,14022.7,-2367.3,2794.9,22.45,2007,30976.4,31512.699999999997,-5375.4,5478.9,44.01,61516.700000000004,45816.9,-10426.099999999999,9504.4,76.35,132226.7,62814.79999999999,-22374.5,21246.0,170.67,50.0445434298441,1159.0,1159.0,1022.0,1044.2
2007-10-16,1132.0,1150.0,1102.1,1113.85,1121.854881266491,9475,567,10629575.0,3542.0,37.38,47.9,-18.15,1192473000.0,0.0,-0.8589230084557253,7421.08,0.4995808612725305,0.652850561940704,4.25,-19.284463796741036,161.03006570472223,-125.88841779316944,852.95,1141.0,288.04999999999995,13821.4,14022.7,-2367.3,2794.9,22.45,2007,30976.4,31512.699999999997,-5375.4,5478.9,44.01,61516.700000000004,45816.9,-10426.099999999999,9504.4,76.35,132226.7,62814.79999999999,-22374.5,21246.0,170.67,49.61469933184855,1050.0,1130.0,970.0,1123.5
2007-10-15,1124.0,1165.0,1115.0,1141.0,1144.230037140204,12924,733,14788029.0,6465.0,50.02,50.0,17.0,1192386600.0,0.0,2.4374915832473087,7384.19,3.408731259050124,0.6535510286755163,4.3,-21.205083260297986,162.33412195515012,-128.78844622991835,852.95,1141.0,288.04999999999995,13821.4,14022.7,-2367.3,2794.9,22.45,2007,30976.4,31512.699999999997,-5375.4,5478.9,44.01,61516.700000000004,45816.9,-10426.099999999999,9504.4,76.35,132226.7,62814.79999999999,-22374.5,21246.0,170.67,50.82405345211581,1132.0,1150.0,1102.1,1113.85
2007-10-12,1120.0,1148.0,1085.0,1108.15,1117.4316486083176,30826,982,34445948.0,12922.0,41.92,63.0,-11.85,1192127400.0,0.0,-2.879053461875536,7140.78,-1.765685852364729,0.6351535077896356,4.2,-18.86928664891938,171.27638717339005,-129.18844003091738,852.95,1108.15,255.20000000000005,13821.4,14022.7,-2367.3,2794.9,22.45,2007,30976.4,31512.699999999997,-5375.4,5478.9,44.01,61516.700000000004,45816.9,-10426.099999999999,9504.4,76.35,132226.7,62814.79999999999,-22374.5,21246.0,170.67,49.3608017817372,1124.0,1165.0,1115.0,1141.0
2007-10-11,1089.0,1120.0,1080.0,1098.95,1098.6422583420274,218532,842,240088490.0,199623.0,91.35,40.0,9.95,1192041000.0,0.0,-0.8302125163560881,7269.13,1.3064098258073642,0.6290512441038417,4.12,-18.19009054097094,166.4864983842633,-124.44693835037619,852.95,1104.05,251.0999999999999,13821.4,14022.7,-2367.3,2794.9,22.45,2007,30976.4,31512.699999999997,-5375.4,5478.9,44.01,61516.700000000004,45816.9,-10426.099999999999,9504.4,76.35,132226.7,62814.79999999999,-22374.5,21246.0,170.67,48.95100222717149,1120.0,1148.0,1085.0,1108.15
2007-10-10,1010.0,1094.4,1010.0,1088.0,1081.186161761368,26434,639,28580075.0,16423.0,62.13,84.4,78.0,1191954600.0,0.0,-0.9964056599481408,7175.39,1.9919690131836143,0.6256409549946722,4.06,-17.366727941176475,169.96790418360536,-125.22550755577191,852.95,1104.05,251.0999999999999,13821.4,14022.7,-2367.3,2794.9,22.45,2007,30976.4,31512.699999999997,-5375.4,5478.9,44.01,61516.700000000004,45816.9,-10426.099999999999,9504.4,76.35,132226.7,62814.79999999999,-22374.5,21246.0,170.67,48.46325167037862,1089.0,1120.0,1080.0,1098.95
2007-10-09,1018.0,1064.0,1010.0,1056.5,1039.121966461827,9601,415,9976610.0,5011.0,52.19,54.0,38.5,1191868200.0,0.0,-2.895220588235292,7035.25,3.9983621024809457,0.6131876204712647,4.06,-14.902981542830107,175.345581180484,-123.99317948792874,852.95,1104.05,251.0999999999999,13821.4,14022.7,-2367.3,2794.9,22.45,2007,30976.4,31512.699999999997,-5375.4,5478.9,44.01,61516.700000000004,45816.9,-10426.099999999999,9504.4,76.35,132226.7,62814.79999999999,-22374.5,21246.0,170.67,47.060133630289535,1010.0,1094.4,1010.0,1088.0
2007-10-08,1099.0,1099.0,1015.0,1035.1,1035.124225002818,8871,366,9182587.0,4832.0,54.47,84.0,-63.9,1191781800.0,0.0,-2.025556081400859,6764.77,-2.3956795814630616,0.5593664592267191,,-13.143657617621486,186.3548945492604,,852.95,1104.05,251.0999999999999,13821.4,14022.7,-2367.3,2794.9,22.45,2007,30976.4,31512.699999999997,-5375.4,5478.9,44.01,61516.700000000004,45816.9,-10426.099999999999,9504.4,76.35,132226.7,62814.79999999999,-22374.5,21246.0,170.67,46.10690423162583,1018.0,1064.0,1010.0,1056.5
2007-10-05,1090.0,1110.0,1065.0,1084.35,1098.9478930952237,16351,467,17968897.0,7998.0,48.91,45.0,-5.65,1191522600.0,0.0,4.757994396676657,6930.81,-0.6222927041198867,0.5236007289152164,4.0,-17.088578411029644,179.49474881002362,-112.97775680875081,852.95,1104.05,251.0999999999999,13821.4,14022.7,-2367.3,2794.9,22.45,2007,30976.4,31512.699999999997,-5375.4,5478.9,44.01,61516.700000000004,45816.9,-10426.099999999999,9504.4,76.35,132226.7,62814.79999999999,-22374.5,21246.0,170.67,48.30066815144766,1099.0,1099.0,1015.0,1035.1
2007-10-04,1109.0,1109.0,1061.0,1093.15,1090.2530441489237,42787,805,46648657.0,30978.0,72.4,48.0,-15.85,1191436200.0,0.0,0.8115460875178782,6974.21,-0.0773682197142799,0.6126936225436349,3.96,-17.75602616292368,177.75547337978065,-128.19940432966735,852.95,1104.05,251.0999999999999,13821.4,14022.7,-2367.3,2794.9,22.45,2007,30976.4,31512.699999999997,-5375.4,5478.9,44.01,61516.700000000004,45816.9,-10426.099999999999,9504.4,76.35,132226.7,62814.79999999999,-22374.5,21246.0,170.67,48.69265033407573,1090.0,1110.0,1065.0,1084.35
2007-10-03,1065.0,1120.0,1060.0,1104.05,1095.8605739414782,35474,1506,38874558.0,16090.0,45.36,60.0,39.05,1191349800.0,0.0,0.9971184192471227,6979.61,2.2255062495789124,0.6175425337961002,3.96,-18.567999637697575,177.54057891486775,-129.72139015857894,852.95,1104.05,251.0999999999999,13821.4,14022.7,-2367.3,2794.9,22.45,2007,30976.4,31512.699999999997,-5375.4,5478.9,44.01,61516.700000000004,45816.9,-10426.099999999999,9504.4,76.35,132226.7,62814.79999999999,-22374.5,21246.0,170.67,49.17817371937639,1109.0,1109.0,1061.0,1093.15
2007-10-01,1048.0,1066.0,1028.0,1060.25,1048.3633241616153,48337,581,50674738.0,35040.0,72.49,38.0,12.25,1191177000.0,0.0,-3.967211629908063,6827.66,0.7989913693578155,0.6031252521132259,3.92,-15.203961329875037,183.71726184373563,-127.56423020864578,852.95,1083.5,230.54999999999995,13821.4,14022.7,-2367.3,2794.9,22.45,2007,30976.4,31512.699999999997,-5375.4,5478.9,44.01,61516.700000000004,45816.9,-10426.099999999999,9504.4,76.35,132226.7,62814.79999999999,-22374.5,21246.0,170.67,47.2271714922049,1065.0,1120.0,1060.0,1104.05
2007-09-28,1030.05,1065.0,1030.0,1042.55,1048.939160103313,62722,389,65791562.0,58156.0,92.72,35.0,12.5,1190917800.0,0.0,-1.6694175901910024,6773.54,1.1211565677978763,0.6620150664382304,3.82,-13.764327849983216,185.9841382792454,-138.17973195558085,852.95,1083.5,230.54999999999995,11734.1,11992.1,-1993.2,1858.6,14.93,2007,29838.0,30309.6,-5191.3,5623.700000000001,45.17,58966.700000000004,59775.799999999996,-10085.7,9915.7,79.65,129355.09999999999,60319.399999999994,-21811.9,22080.6,177.37,69.8292029470864,1048.0,1066.0,1028.0,1060.25
2007-09-27,1074.75,1085.9,1025.0,1036.65,1062.241349229427,10317,477,10959144.0,6521.0,63.21,60.9,-38.1,1190831400.0,0.0,-0.5659200997553904,6698.44,0.7672126412573865,0.6664971842201513,3.71,-13.273525297834388,189.19046822842333,-140.60573509991374,852.95,1083.5,230.54999999999995,11734.1,11992.1,-1993.2,1858.6,14.93,2007,29838.0,30309.6,-5191.3,5623.700000000001,45.17,58966.700000000004,59775.799999999996,-10085.7,9915.7,79.65,129355.09999999999,60319.399999999994,-21811.9,22080.6,177.37,69.43402545210985,1030.05,1065.0,1030.0,1042.55
2007-09-26,1025.8,1090.0,1025.8,1083.5,1074.7889723120752,33697,760,36217164.0,20538.0,60.95,64.2,57.7,1190745000.0,0.0,4.519365263107122,6647.44,0.2412748965533895,0.6653752023954957,3.73,-17.02353484079373,191.40917405798325,-145.63060326504382,852.95,1083.5,230.54999999999995,11734.1,11992.1,-1993.2,1858.6,14.93,2007,29838.0,30309.6,-5191.3,5623.700000000001,45.17,58966.700000000004,59775.799999999996,-10085.7,9915.7,79.65,129355.09999999999,60319.399999999994,-21811.9,22080.6,177.37,72.57200267916946,1074.75,1085.9,1025.0,1036.65
2007-09-25,1051.0,1065.9,1032.0,1059.25,1048.5969406946128,23927,720,25089779.0,15710.0,65.66,33.9,8.25,1190658600.0,0.0,-2.238117212736501,6631.44,0.068508654121846,0.8283148334331198,3.79,-15.123908425772958,192.11227124123872,-174.90403916070642,852.95,1059.25,206.29999999999995,11734.1,11992.1,-1993.2,1858.6,14.93,2007,29838.0,30309.6,-5191.3,5623.700000000001,45.17,58966.700000000004,59775.799999999996,-10085.7,9915.7,79.65,129355.09999999999,60319.399999999994,-21811.9,22080.6,177.37,70.94775619557937,1025.8,1090.0,1025.8,1083.5
2007-09-24,1062.0,1072.0,1035.5,1050.9,1051.9848083124327,27910,698,29360896.0,19832.0,71.06,36.5,-11.1,1190572200.0,0.0,-0.7882936039650623,6626.9,1.7272557020008072,0.8549206606244606,3.84,-14.449519459510906,192.31239342679083,-179.41846255741615,852.95,1050.9,197.95000000000005,11734.1,11992.1,-1993.2,1858.6,14.93,2007,29838.0,30309.6,-5191.3,5623.700000000001,45.17,58966.700000000004,59775.799999999996,-10085.7,9915.7,79.65,129355.09999999999,60319.399999999994,-21811.9,22080.6,177.37,70.3884795713329,1051.0,1065.9,1032.0,1059.25
2007-09-21,1020.0,1055.0,1020.0,1049.85,1043.0466791979948,41496,1090,43282265.0,24976.0,60.19,35.0,29.85,1190313000.0,0.0,-0.0999143591207674,6514.38,1.189379618224207,0.8360931659280191,3.74,-14.363956755727003,197.36137590991007,-179.9894659315828,852.95,1049.85,196.89999999999986,11734.1,11992.1,-1993.2,1858.6,14.93,2007,29838.0,30309.6,-5191.3,5623.700000000001,45.17,58966.700000000004,59775.799999999996,-10085.7,9915.7,79.65,129355.09999999999,60319.399999999994,-21811.9,22080.6,177.37,70.31815137307434,1062.0,1072.0,1035.5,1050.9
2007-09-20,1010.0,1020.0,995.05,1012.75,1008.5596468640792,27185,857,27417694.0,16088.0,59.18,24.95,2.75,1190226600.0,0.0,-3.5338381673572283,6437.81,0.5989549150868578,0.8289294313384266,3.79,-11.226857566033088,200.89813150745363,-178.40558892868643,852.95,1012.75,159.79999999999995,11734.1,11992.1,-1993.2,1858.6,14.93,2007,29838.0,30309.6,-5191.3,5623.700000000001,45.17,58966.700000000004,59775.799999999996,-10085.7,9915.7,79.65,129355.09999999999,60319.399999999994,-21811.9,22080.6,177.37,67.8332217012726,1020.0,1055.0,1020.0,1049.85
2007-09-19,998.0,1010.0,987.05,999.45,999.8940497243316,38452,825,38447926.0,25825.0,67.16,22.95,1.45,1190140200.0,0.0,-1.3132559861762538,6399.48,3.336089186291336,0.9236433547019819,3.93,-10.04552503877133,202.70037565552204,-197.56846162461085,852.95,1000.15,147.19999999999993,11734.1,11992.1,-1993.2,1858.6,14.93,2007,29838.0,30309.6,-5191.3,5623.700000000001,45.17,58966.700000000004,59775.799999999996,-10085.7,9915.7,79.65,129355.09999999999,60319.399999999994,-21811.9,22080.6,177.37,66.94239785666444,1010.0,1020.0,995.05,1012.75
2007-09-18,982.0,987.9,974.5,978.75,978.3799815710664,8682,250,8494295.0,5189.0,59.77,13.4,-3.25,1190053800.0,0.0,-2.0711391265195944,6192.88,1.1070893883661892,0.8214523013114623,4.01,-8.14303959131546,212.7987301546292,-183.66302246473353,852.95,1000.15,147.19999999999993,11734.1,11992.1,-1993.2,1858.6,14.93,2007,29838.0,30309.6,-5191.3,5623.700000000001,45.17,58966.700000000004,59775.799999999996,-10085.7,9915.7,79.65,129355.09999999999,60319.399999999994,-21811.9,22080.6,177.37,65.55592766242465,998.0,1010.0,987.05,999.45
2007-09-17,984.4,985.95,960.0,975.05,976.7845604224914,6438,309,6288539.0,3177.0,49.35,25.95,-9.35,1189967400.0,0.0,-0.37803320561942133,6125.07,-0.2031758652489501,0.8431312728499001,4.15,-7.794472078354953,216.26169170311528,-190.78247269034813,852.95,1000.15,147.19999999999993,11734.1,11992.1,-1993.2,1858.6,14.93,2007,29838.0,30309.6,-5191.3,5623.700000000001,45.17,58966.700000000004,59775.799999999996,-10085.7,9915.7,79.65,129355.09999999999,60319.399999999994,-21811.9,22080.6,177.37,65.30810448760884,982.0,987.9,974.5,978.75
2007-09-14,980.0,1009.0,966.0,973.2,981.2845192402322,10161,510,9970832.0,4220.0,41.53,43.0,-6.8,1189708200.0,0.0,-0.18973385980205482,6137.54,-0.2634166158846263,0.8416057474543343,4.01,-7.619194410193186,215.6191242745465,-189.72064961343,852.95,1000.15,147.19999999999993,11734.1,11992.1,-1993.2,1858.6,14.93,2007,29838.0,30309.6,-5191.3,5623.700000000001,45.17,58966.700000000004,59775.799999999996,-10085.7,9915.7,79.65,129355.09999999999,60319.399999999994,-21811.9,22080.6,177.37,65.18419290020094,984.4,985.95,960.0,975.05
2007-09-13,994.95,1018.0,985.0,994.2,1005.8480112872884,74420,868,74855209.0,63238.0,84.97,33.0,-0.75,1189621800.0,0.0,2.157829839704073,6153.75,0.8608100333867164,0.8392084426241897,4.08,-9.570508951921152,214.7877310582978,-190.47821578223184,852.95,1000.15,147.19999999999993,11734.1,11992.1,-1993.2,1858.6,14.93,2007,29838.0,30309.6,-5191.3,5623.700000000001,45.17,58966.700000000004,59775.799999999996,-10085.7,9915.7,79.65,129355.09999999999,60319.399999999994,-21811.9,22080.6,177.37,66.59075686537174,980.0,1009.0,966.0,973.2
2007-09-12,975.05,994.95,975.0,981.05,981.7062750333778,5992,321,5882384.0,2437.0,40.67,19.95,6.0,1189535400.0,0.0,-1.322671494669092,6101.23,0.1331009400766802,0.8995655911600289,4.03,-8.358391519290553,217.49745543111803,-204.41636925761136,852.95,1000.15,147.19999999999993,11734.1,11992.1,-1993.2,1858.6,14.93,2007,29838.0,30309.6,-5191.3,5623.700000000001,45.17,58966.700000000004,59775.799999999996,-10085.7,9915.7,79.65,129355.09999999999,60319.399999999994,-21811.9,22080.6,177.37,65.70997990622907,994.95,1018.0,985.0,994.2
2007-09-11,998.0,998.0,965.0,973.75,983.9195696335864,13291,438,13077275.0,9473.0,71.27,33.0,-24.25,1189449000.0,0.0,-0.7441007084246443,6093.12,-0.1430713636028535,0.9117654496061067,4.11,-7.671373555840821,217.9200475290164,-206.7259876714375,852.95,1000.15,147.19999999999993,11734.1,11992.1,-1993.2,1858.6,14.93,2007,29838.0,30309.6,-5191.3,5623.700000000001,45.17,58966.700000000004,59775.799999999996,-10085.7,9915.7,79.65,129355.09999999999,60319.399999999994,-21811.9,22080.6,177.37,65.22103148024112,975.05,994.95,975.0,981.05
2007-09-10,985.0,1003.0,980.0,985.95,992.8027137367916,8328,351,8268061.0,4086.0,49.06,23.0,0.95,1189362600.0,0.0,1.2528883183568817,6101.85,0.2754273149616626,0.9129497232425313,3.96,-8.81383437293981,217.46519498184972,-207.6933430424622,852.95,1000.15,147.19999999999993,11734.1,11992.1,-1993.2,1858.6,14.93,2007,29838.0,30309.6,-5191.3,5623.700000000001,45.17,58966.700000000004,59775.799999999996,-10085.7,9915.7,79.65,129355.09999999999,60319.399999999994,-21811.9,22080.6,177.37,66.03817816476892,998.0,998.0,965.0,973.75
2007-09-07,1009.8,1013.0,990.0,997.85,999.5132770477294,58748,857,58719406.0,38366.0,65.31,23.0,-11.95,1189103400.0,0.0,1.2069577564785217,6085.09,-0.2476967968263244,0.9438038019619347,4.07,-9.901287768702716,218.33958084432604,-216.19973281436774,852.95,1000.15,147.19999999999993,11734.1,11992.1,-1993.2,1858.6,14.93,2007,29838.0,30309.6,-5191.3,5623.700000000001,45.17,58966.700000000004,59775.799999999996,-10085.7,9915.7,79.65,129355.09999999999,60319.399999999994,-21811.9,22080.6,177.37,66.83523107836571,985.0,1003.0,980.0,985.95
2007-09-06,955.0,1008.0,955.0,1000.15,999.8276276471354,30788,1301,30782693.0,12038.0,39.1,53.0,45.15,1189017000.0,0.0,0.23049556546574923,6100.2,1.0408522930552389,0.9749217507452848,4.29,-10.108483727440888,217.5510638995443,-222.31133351018667,852.95,1000.15,147.19999999999993,11734.1,11992.1,-1993.2,1858.6,14.93,2007,29838.0,30309.6,-5191.3,5623.700000000001,45.17,58966.700000000004,59775.799999999996,-10085.7,9915.7,79.65,129355.09999999999,60319.399999999994,-21811.9,22080.6,177.37,66.98928332217012,1009.8,1013.0,990.0,997.85
2007-09-05,990.0,999.9,973.0,981.5,992.9753075967942,70872,1129,70374146.0,51551.0,72.74,26.9,-8.5,1188930600.0,0.0,-1.8647202919562011,6037.36,-0.03940566978049,0.9699535921242499,4.36,-8.400407539480392,220.856301429764,-222.75177279289437,852.95,981.5,128.54999999999995,11734.1,11992.1,-1993.2,1858.6,14.93,2007,29838.0,30309.6,-5191.3,5623.700000000001,45.17,58966.700000000004,59775.799999999996,-10085.7,9915.7,79.65,129355.09999999999,60319.399999999994,-21811.9,22080.6,177.37,65.74012056262559,955.0,1008.0,955.0,1000.15
2007-09-04,955.0,990.25,948.0,978.9,969.6640465648476,20101,1098,19491217.0,9025.0,44.9,42.25,23.9,1188844200.0,0.0,-0.26490066225165476,6039.74,0.428502303802647,1.0005284015486793,4.47,-8.157115129226689,220.72986585515272,-229.00125303241447,852.95,978.9,125.94999999999993,11734.1,11992.1,-1993.2,1858.6,14.93,2007,29838.0,30309.6,-5191.3,5623.700000000001,45.17,58966.700000000004,59775.799999999996,-10085.7,9915.7,79.65,129355.09999999999,60319.399999999994,-21811.9,22080.6,177.37,65.56597454789015,990.0,999.9,973.0,981.5
2007-09-03,922.0,950.0,921.95,946.2,940.7070738792492,12737,685,11981786.0,6693.0,52.55,28.05,24.2,1188757800.0,0.0,-3.3404842169782345,6013.97,1.073257469189648,0.9996030637406508,,-4.983090255759892,222.10420071932515,,852.95,946.2,93.25,11734.1,11992.1,-1993.2,1858.6,14.93,2007,29838.0,30309.6,-5191.3,5623.700000000001,45.17,58966.700000000004,59775.799999999996,-10085.7,9915.7,79.65,129355.09999999999,60319.399999999994,-21811.9,22080.6,177.37,63.375753516409915,955.0,990.25,948.0,978.9
2007-08-31,925.0,930.0,920.0,920.5,921.6650085496656,6433,233,5929071.0,3752.0,58.32,10.0,-4.5,1188498600.0,0.0,-2.7161276685690128,5950.11,1.546724282700862,1.1442052481206153,4.01,-2.3302552960347667,225.56120811211892,-259.8403103453839,852.95,924.8,71.84999999999991,11734.1,11992.1,-1993.2,1858.6,14.93,2007,29838.0,30309.6,-5191.3,5623.700000000001,45.17,58966.700000000004,59775.799999999996,-10085.7,9915.7,79.65,129355.09999999999,60319.399999999994,-21811.9,22080.6,177.37,61.6543871399866,922.0,950.0,921.95,946.2
2007-08-30,924.0,931.0,915.0,924.8,921.6408489909531,14370,401,13243979.0,9562.0,66.54,16.0,0.8,1188412200.0,0.0,0.46713742531232505,5859.48,0.7089785037717622,1.2466292680937088,3.84,-2.784385813148793,230.59674237304336,-289.3059775929695,852.95,924.8,71.84999999999991,11734.1,11992.1,-1993.2,1858.6,14.93,2007,29838.0,30309.6,-5191.3,5623.700000000001,45.17,58966.700000000004,59775.799999999996,-10085.7,9915.7,79.65,129355.09999999999,60319.399999999994,-21811.9,22080.6,177.37,61.942397856664435,925.0,930.0,920.0,920.5
2007-08-29,880.05,924.0,878.0,919.95,918.3922728497556,77933,650,71573065.0,69781.0,89.54,46.0,39.9,1188325800.0,0.0,-0.524437716262971,5818.23,0.5942398329143561,1.2455295400891808,3.98,-2.271862601228336,232.940602210638,-291.4290561711862,852.95,919.95,67.0,11734.1,11992.1,-1993.2,1858.6,14.93,2007,29838.0,30309.6,-5191.3,5623.700000000001,45.17,58966.700000000004,59775.799999999996,-10085.7,9915.7,79.65,129355.09999999999,60319.399999999994,-21811.9,22080.6,177.37,61.61754855994642,924.0,931.0,915.0,924.8
2007-08-28,906.05,923.0,906.0,910.2,910.4569589209073,16310,445,14849553.0,9529.0,58.42,17.0,4.15,1188239400.0,0.0,-1.059840208706997,5783.86,0.6461065684310929,1.241911150878271,4.4,-1.2250054932981813,234.9190678889185,-291.9092063946112,852.95,910.2,57.25,11734.1,11992.1,-1993.2,1858.6,14.93,2007,29838.0,30309.6,-5191.3,5623.700000000001,45.17,58966.700000000004,59775.799999999996,-10085.7,9915.7,79.65,129355.09999999999,60319.399999999994,-21811.9,22080.6,177.37,60.96450100468855,880.05,924.0,878.0,919.95
2007-08-27,899.9,907.95,880.0,904.75,895.4558842279741,15686,532,14046121.0,8766.0,55.88,27.95,4.85,1188153000.0,0.0,-0.5987695012085292,5746.73,2.99685277586601,1.255453184268915,4.63,-0.6300082895827619,237.083001985477,-297.09386982511825,852.95,908.55,55.59999999999991,11734.1,11992.1,-1993.2,1858.6,14.93,2007,29838.0,30309.6,-5191.3,5623.700000000001,45.17,58966.700000000004,59775.799999999996,-10085.7,9915.7,79.65,129355.09999999999,60319.399999999994,-21811.9,22080.6,177.37,60.599464166108504,906.05,923.0,906.0,910.2
2007-08-24,850.55,890.0,808.2,874.55,867.2924061330434,8283,505,7183783.0,2512.0,30.33,81.8,24.0,1187893800.0,0.0,-3.3379386570876024,5579.52,1.6095018520744242,1.0584412765538136,4.24,2.801440740952499,247.1848832874512,-258.5814516580346,852.95,908.55,55.59999999999991,11734.1,11992.1,-1993.2,1858.6,14.93,2007,29838.0,30309.6,-5191.3,5623.700000000001,45.17,58966.700000000004,59775.799999999996,-10085.7,9915.7,79.65,129355.09999999999,60319.399999999994,-21811.9,22080.6,177.37,58.576691225720026,899.9,907.95,880.0,904.75
2007-08-23,871.0,887.0,848.0,867.8,867.6645108511099,129572,838,112425026.0,67768.0,52.3,39.0,-3.2,1187807400.0,0.0,-0.771825510262425,5491.14,-0.7443531827515337,1.2844315652544886,3.89,3.6010601521087704,252.77283041408523,-319.9619032816222,852.95,908.55,55.59999999999991,11734.1,11992.1,-1993.2,1858.6,14.93,2007,29838.0,30309.6,-5191.3,5623.700000000001,45.17,58966.700000000004,59775.799999999996,-10085.7,9915.7,79.65,129355.09999999999,60319.399999999994,-21811.9,22080.6,177.37,58.124581379772266,850.55,890.0,808.2,874.55
2007-08-22,859.0,874.95,836.1,852.95,853.8042791655527,101001,956,86235086.0,55076.0,54.53,38.85,-6.05,1187721000.0,0.0,-1.7112237842820788,5532.32,1.3802455561663818,1.316621795727702,3.67,5.404771674775777,250.1469546230153,-322.782158926474,852.95,908.55,55.59999999999991,11734.1,11992.1,-1993.2,1858.6,14.93,2007,29838.0,30309.6,-5191.3,5623.700000000001,45.17,58966.700000000004,59775.799999999996,-10085.7,9915.7,79.65,129355.09999999999,60319.399999999994,-21811.9,22080.6,177.37,57.12993971868721,871.0,887.0,848.0,867.8
2007-08-21,877.0,877.0,848.0,855.85,863.2400309365119,131883,981,113846685.0,65942.0,50.0,29.0,-21.15,1187634600.0,0.0,0.33999648279501304,5457.0,-3.286521433989542,1.38123931082589,3.59,5.047613483671198,254.9798424042514,-345.7719191874061,855.85,908.55,52.69999999999993,11734.1,11992.1,-1993.2,1858.6,14.93,2007,29838.0,30309.6,-5191.3,5623.700000000001,45.17,58966.700000000004,59775.799999999996,-10085.7,9915.7,79.65,129355.09999999999,60319.399999999994,-21811.9,22080.6,177.37,57.32417950435365,859.0,874.95,836.1,852.95
2007-08-20,920.0,920.0,860.0,876.8,873.6397798943607,140478,1388,122727169.0,61910.0,44.07,60.0,-43.2,1187548200.0,0.0,2.447858853771101,5642.44,2.0159321923578943,1.130421302748851,3.12,2.5376368613138744,243.3133537972934,-272.1020470498382,871.2,908.55,37.34999999999991,11734.1,11992.1,-1993.2,1858.6,14.93,2007,29838.0,30309.6,-5191.3,5623.700000000001,45.17,58966.700000000004,59775.799999999996,-10085.7,9915.7,79.65,129355.09999999999,60319.399999999994,-21811.9,22080.6,177.37,58.72739450770261,877.0,877.0,848.0,855.85
2007-08-17,878.0,890.0,861.0,872.4,879.2376848948816,103978,959,91421376.0,52777.0,50.76,29.0,-5.6,1187289000.0,0.0,-0.5018248175182483,5530.94,-1.639653289798948,1.0996993913259516,3.76,3.054791380100874,250.2343182171566,-271.75286634078515,871.2,908.55,37.34999999999991,11734.1,11992.1,-1993.2,1858.6,14.93,2007,29838.0,30309.6,-5191.3,5623.700000000001,45.17,58966.700000000004,59775.799999999996,-10085.7,9915.7,79.65,129355.09999999999,60319.399999999994,-21811.9,22080.6,177.37,58.43268586738111,920.0,920.0,860.0,876.8
2007-08-16,863.0,910.0,863.0,871.2,885.9546973899438,14061,1018,12457409.0,6378.0,45.36,47.0,8.2,1187202600.0,0.0,-0.13755158184318717,5623.14,-4.164145705048339,1.0744866762677356,3.79,3.1967401285583064,244.49168969650407,-259.22401840546627,871.2,908.55,37.34999999999991,11734.1,11992.1,-1993.2,1858.6,14.93,2007,29838.0,30309.6,-5191.3,5623.700000000001,45.17,58966.700000000004,59775.799999999996,-10085.7,9915.7,79.65,129355.09999999999,60319.399999999994,-21811.9,22080.6,177.37,58.35231078365707,878.0,890.0,861.0,872.4
2007-08-14,950.0,950.0,880.0,905.15,898.2359006601698,47715,1040,42859326.0,26757.0,56.08,70.0,-44.85,1187029800.0,0.0,3.8969237832874093,5867.47,-0.0970515071077482,0.5012242403729745,4.64,-0.6739214494835166,230.14655379575865,-118.34327257488997,883.85,908.55,24.699999999999932,11734.1,11992.1,-1993.2,1858.6,14.93,2007,29838.0,30309.6,-5191.3,5623.700000000001,45.17,58966.700000000004,59775.799999999996,-10085.7,9915.7,79.65,129355.09999999999,60319.399999999994,-21811.9,22080.6,177.37,60.62625586068319,863.0,910.0,863.0,871.2
2007-08-13,904.95,940.0,885.0,905.7,910.52258521052,16958,876,15440642.0,9039.0,53.3,55.0,0.75,1186943400.0,0.0,0.060763409379660516,5873.17,1.0003439380911416,1.032470904067148,4.74,-0.7342387103897674,229.8261415896356,-237.86913081042692,883.85,908.55,24.699999999999932,11734.1,11992.1,-1993.2,1858.6,14.93,2007,29838.0,30309.6,-5191.3,5623.700000000001,45.17,58966.700000000004,59775.799999999996,-10085.7,9915.7,79.65,129355.09999999999,60319.399999999994,-21811.9,22080.6,177.37,60.66309444072338,950.0,950.0,880.0,905.15
2007-08-10,868.0,910.0,852.0,883.85,880.535790131168,8005,515,7048689.0,3351.0,41.86,58.0,15.85,1186684200.0,0.0,-2.412498619852055,5815.0,-1.3948850822246284,0.9591743779297182,4.57,1.719748826158285,233.12553740326743,-222.07486658501318,883.85,908.55,24.699999999999932,11734.1,11992.1,-1993.2,1858.6,14.93,2007,29838.0,30309.6,-5191.3,5623.700000000001,45.17,58966.700000000004,59775.799999999996,-10085.7,9915.7,79.65,129355.09999999999,60319.399999999994,-21811.9,22080.6,177.37,59.199598124581385,904.95,940.0,885.0,905.7
2007-08-09,902.2,918.0,882.55,886.95,903.6702834799607,10230,417,9244547.0,5899.0,57.66,35.45,-15.25,1186597800.0,0.0,0.35073824744018545,5897.26,-1.5086203297152934,1.5253013190959352,4.81,1.364225717345957,228.47881897694865,-344.60811890882377,886.95,908.55,21.59999999999991,11734.1,11992.1,-1993.2,1858.6,14.93,2007,29838.0,30309.6,-5191.3,5623.700000000001,45.17,58966.700000000004,59775.799999999996,-10085.7,9915.7,79.65,129355.09999999999,60319.399999999994,-21811.9,22080.6,177.37,59.40723375753517,868.0,910.0,852.0,883.85
2007-08-08,892.05,914.0,892.0,898.05,898.5074948805459,73250,352,65815674.0,64640.0,88.25,22.0,6.0,1186511400.0,0.0,1.2514797902925645,5987.59,2.2034650507809284,1.0025484522499821,4.95,0.11135237458939073,223.5233207350537,-223.96899203147763,890.65,908.55,17.899999999999977,11734.1,11992.1,-1993.2,1858.6,14.93,2007,29838.0,30309.6,-5191.3,5623.700000000001,45.17,58966.700000000004,59775.799999999996,-10085.7,9915.7,79.65,129355.09999999999,60319.399999999994,-21811.9,22080.6,177.37,60.15070328198259,902.2,918.0,882.55,886.95
2007-08-07,950.0,950.0,886.05,890.65,899.4257536285821,5374,255,4833514.0,1659.0,30.87,63.95,-59.35,1186425000.0,0.0,-0.8240075719614715,5858.5,0.4140999667485934,0.6228436811574102,4.94,0.9431314208723895,230.65204403857643,-144.58018896967803,890.65,908.55,17.899999999999977,11734.1,11992.1,-1993.2,1858.6,14.93,2007,29838.0,30309.6,-5191.3,5623.700000000001,45.17,58966.700000000004,59775.799999999996,-10085.7,9915.7,79.65,129355.09999999999,60319.399999999994,-21811.9,22080.6,177.37,59.65505693235097,892.05,914.0,892.0,898.05
2007-08-06,895.0,900.0,880.05,890.85,890.007783845464,24538,465,21839011.0,10801.0,44.02,19.95,-4.15,1186338600.0,0.0,0.022455510020780167,5834.34,-1.379324333918186,0.71855632398399,4.88,0.9204692147948501,232.0212740429937,-167.1733296865788,890.85,908.55,17.699999999999932,11734.1,11992.1,-1993.2,1858.6,14.93,2007,29838.0,30309.6,-5191.3,5623.700000000001,45.17,58966.700000000004,59775.799999999996,-10085.7,9915.7,79.65,129355.09999999999,60319.399999999994,-21811.9,22080.6,177.37,59.668452779638315,950.0,950.0,886.05,890.65
2007-08-03,918.0,922.0,905.1,908.55,911.4033315612264,5643,336,5143049.0,3641.0,64.52,16.9,-9.45,1186079400.0,0.0,1.9868664758376786,5915.94,1.228407895074568,0.0,4.85,-1.0456221451763836,227.44162381633356,-5.895622145176383,899.05,908.55,9.5,11734.1,11992.1,-1993.2,1858.6,14.93,2007,29838.0,30309.6,-5191.3,5623.700000000001,45.17,58966.700000000004,59775.799999999996,-10085.7,9915.7,79.65,129355.09999999999,60319.399999999994,-21811.9,22080.6,177.37,60.85398526456798,895.0,900.0,880.05,890.85
2007-08-02,903.0,929.0,895.0,899.05,911.985095904614,7716,580,7036877.0,1190.0,15.42,34.0,-3.95,1185993000.0,0.0,-1.0456221451763836,5844.15,,--,4.89,0.0,231.4639425750537,--,899.05,899.05,0.0,11734.1,11992.1,-1993.2,1858.6,14.93,2007,29838.0,30309.6,-5191.3,5623.700000000001,45.17,58966.700000000004,59775.799999999996,-10085.7,9915.7,79.65,129355.09999999999,60319.399999999994,-21811.9,22080.6,177.37,60.21768251841929,918.0,922.0,905.1,908.55
