date,actual lb,predicted lb,actual ub,predicted ub,close,actual ub close diff,predicted ub close diff,actual lb close diff,predicted lb close diff,predicted lb ub diff,predicted lb %,predicted ub %,invest,exit,company
2016-01-11,0.7601058151946907,0.8556192302452542,2.447115607741217,1.1897484667092486,525.775,-760.8572086601383,-99.76500008405515,126.13036501601152,75.91179921780144,-175.6767993018566,0.14438076975474579,0.1897484667092486,False,False,500325-RELIANCE INDUSTRIES LTD.
2016-01-12,0.771673577082548,0.8169685031192024,2.4843573313230305,1.6434206377871075,522.55,-775.6509234828495,-336.219454275653,119.31197229551452,95.64310869506073,-431.8625629707137,0.18303149688079756,0.6434206377871075,False,False,500325-RELIANCE INDUSTRIES LTD.
2016-01-13,0.7846876197776926,0.8606865574835639,2.526255270218474,1.22101503827624,538.675,-822.1555576849364,-119.05527574345354,115.98339641625142,75.04466864754119,-194.09994439099472,0.13931344251643607,0.22101503827623992,False,False,500325-RELIANCE INDUSTRIES LTD.
2016-01-14,0.8153532135211828,0.8915069663150238,2.62498133120924,1.498702178391112,530.6,-862.2150943396229,-264.61137585432414,97.9735849056604,57.566403673248374,-322.1777795275725,0.1084930336849762,0.4987021783911121,False,False,500325-RELIANCE INDUSTRIES LTD.
2016-01-19,0.8314549700477206,0.8934037601918892,2.676819981724033,1.6110309662521989,521.8,-874.9646664636002,-318.8359581903974,87.94679662909937,55.62191793187225,-374.4578761222696,0.10659623980811084,0.6110309662521989,False,False,500325-RELIANCE INDUSTRIES LTD.
2016-01-20,0.8156780716171124,0.8524989058241272,2.626027192589272,1.4657781548217563,502.175,-816.5502054385179,-233.90214489761553,92.56186438567659,74.0713619677689,-307.9735068653844,0.14750109417587276,0.46577815482175633,False,False,500325-RELIANCE INDUSTRIES LTD.
2016-01-21,0.8149880573248408,0.8554397295289793,2.6238057324840764,1.687514229052324,492.45,-799.6431329617833,-338.5663820968169,91.10913117038211,71.18870519345415,-409.75508729027104,0.1445602704710207,0.687514229052324,False,False,500325-RELIANCE INDUSTRIES LTD.
2016-01-22,0.8194326312102866,0.915144184250192,2.6381147746034923,1.3028781841589185,501.975,-822.2926639815881,-152.03727649317318,90.64030494821634,42.595498111009874,-194.63277460418306,0.08485581574980805,0.30287818415891854,False,False,500325-RELIANCE INDUSTRIES LTD.
2016-01-25,0.8052905890451372,0.9001762933023013,2.592585308289901,1.3992567165678904,502.4,-800.1148588848461,-200.58657440370814,97.8220080637231,50.1514302449238,-250.73800464863194,0.09982370669769869,0.3992567165678904,False,False,500325-RELIANCE INDUSTRIES LTD.
2016-01-27,0.7911695087193855,0.8675766209396206,2.5471233273754894,1.1867293898933067,499.675,-773.0588486063477,-93.30400789493802,104.34737573064103,66.16865193199504,-159.47265982693307,0.13242337906037938,0.18672938989330667,False,False,500325-RELIANCE INDUSTRIES LTD.
2016-01-28,0.7965178484583212,0.8960091354523264,2.5643419900787863,1.313733470160081,508.45,-795.3896848555587,-159.5177829028931,103.46049995136661,52.87415507926465,-212.39193798215774,0.10399086454767359,0.3137334701600809,False,False,500325-RELIANCE INDUSTRIES LTD.
2016-01-29,0.8172654690618762,0.8859847731412744,2.6311377245508982,1.2712725246581005,517.525,-844.1545508982036,-140.39031332368347,94.56968812375248,59.005730280061925,-199.3960436037454,0.11401522685872556,0.2712725246581005,False,False,500325-RELIANCE INDUSTRIES LTD.
2016-02-01,0.8350158050372183,0.887863582667352,2.688283878862037,1.259302069430135,514.05,-867.86232792903,-133.29422879056085,84.81012542061791,57.64372532984771,-190.93795412040856,0.11213641733264801,0.2593020694301349,False,False,500325-RELIANCE INDUSTRIES LTD.
2016-02-02,0.8408029159607782,0.9184556184197922,2.706915139380872,1.4590757568975745,501.0,-855.164484829817,-229.9969542056848,79.75773910365012,40.85373517168409,-270.8506893773689,0.08154438158020783,0.4590757568975745,False,False,500325-RELIANCE INDUSTRIES LTD.
2016-02-03,0.8422297644759847,0.9221418187225809,2.711508793582228,1.2032745779596339,490.35,-839.2383369330456,-99.6756893025065,77.3626349892009,38.177759189382414,-137.8534484918889,0.07785818127741906,0.20327457795963388,False,False,500325-RELIANCE INDUSTRIES LTD.
2016-02-04,0.8516014975041597,0.9189749726440223,2.7416805324459235,1.6511237247561243,486.975,-848.1548772878535,-317.0809758631136,72.26636075291185,39.457162696677244,-356.53813855979087,0.08102502735597772,0.6511237247561243,False,False,500325-RELIANCE INDUSTRIES LTD.
2016-02-05,0.8560526865983692,0.9247939729504054,2.7560108718377587,1.427726340654564,486.15,-853.6846853439264,-207.9391605092162,69.9799864102028,36.56141005016042,-244.50057055937663,0.07520602704959456,0.42772634065456394,False,False,500325-RELIANCE INDUSTRIES LTD.
2016-02-08,0.8508935993349959,0.9346794852707634,2.739401496259352,1.2440168826155336,480.8,-836.3042394014965,-117.32331716154857,71.69035743973399,31.406103481816956,-148.72942064336553,0.06532051472923661,0.24401688261553356,False,False,500325-RELIANCE INDUSTRIES LTD.
2016-02-09,0.8877445932028836,0.9710997734100909,2.858041086237737,1.3900823405068035,478.3,-888.7010515475097,-186.57638346440405,53.691761071060796,13.822978377953518,-200.39936184235756,0.028900226589909095,0.39008234050680346,False,False,500325-RELIANCE INDUSTRIES LTD.
2016-02-10,0.8808691443016189,0.967690407037885,2.83590598612381,1.4125181790268302,481.2,-883.4379605227773,-198.50374774771063,57.32576776206099,15.54737613336971,-214.05112388108034,0.032309592962115,0.4125181790268302,False,False,500325-RELIANCE INDUSTRIES LTD.
2016-02-11,0.8597826657567326,0.9460805182031757,2.7680193185994013,1.3739939100069436,461.225,-815.4547102210089,-172.4953411429526,64.67173998635104,24.86901299174025,-197.36435413469286,0.053919481796824265,0.3739939100069436,False,False,500325-RELIANCE INDUSTRIES LTD.
2016-02-16,0.8701057217234235,0.9351233165874329,2.801253785262711,1.403472366252347,464.825,-837.2677907347395,-187.5440426432471,60.37810789990965,30.15630436724649,-217.7003470104936,0.06487668341256714,0.40347236625234695,False,False,500325-RELIANCE INDUSTRIES LTD.
2016-02-17,0.8669736911756921,0.9592770086455229,2.7911703986025094,1.3344985271531207,476.225,-853.00012307448,-159.29656109349492,63.35045391985602,19.393306557785877,-178.6898676512808,0.0407229913544771,0.3344985271531207,False,False,500325-RELIANCE INDUSTRIES LTD.
2016-02-18,0.8508493947737544,0.9442307720336682,2.739259182295184,1.3766333046851522,470.575,-818.4518897085561,-177.23421735221547,70.18654605434051,26.243604450256555,-203.47782180247202,0.05576922796633177,0.3766333046851522,False,False,500325-RELIANCE INDUSTRIES LTD.
2016-02-19,0.8613653097717471,0.9394270519656709,2.773114547175765,1.3642185972231604,472.275,-837.3976727674345,-172.01133800356808,65.47369832754816,28.607089032912768,-200.61842703648085,0.06057294803432911,0.3642185972231604,False,False,500325-RELIANCE INDUSTRIES LTD.
2016-02-22,0.8596924045981839,0.9448008228676142,2.767728728150753,1.3867064445792212,481.225,-850.6752572043462,-186.09280879263576,67.51952259723896,26.56322401553234,-212.6560328081681,0.05519917713238576,0.3867064445792212,False,False,500325-RELIANCE INDUSTRIES LTD.
2016-02-23,0.8671113934773401,0.9671039736662456,2.7916137229987297,1.4000712641977635,475.35,-851.6435832274461,-190.1738754364069,63.16859911054638,15.6371261177502,-205.8110015541571,0.032896026333754436,0.4000712641977635,False,False,500325-RELIANCE INDUSTRIES LTD.
2016-02-24,0.8615465544450289,0.9551872627894978,2.7736980536559708,1.3999906826340074,476.275,-844.7680405049974,-190.50556237151181,65.94191478169387,21.343186414931893,-211.8487487864437,0.04481273721050216,0.3999906826340074,False,False,500325-RELIANCE INDUSTRIES LTD.
2016-02-25,0.8472401841601572,0.9299650985418818,2.72763954270343,1.3963968124333,472.2,-815.7913920645597,-187.17857483100425,72.13318503957373,33.070480468523385,-220.24905529952764,0.07003490145811819,0.39639681243329994,False,False,500325-RELIANCE INDUSTRIES LTD.
2016-02-26,0.8336981420208704,0.9233952942102999,2.6840417409009927,1.369560223100313,475.25,-800.3408373631967,-175.6334960284238,79.03495800458131,36.406386426555,-212.0398824549788,0.07660470578970013,0.369560223100313,False,False,500325-RELIANCE INDUSTRIES LTD.
2016-02-29,0.8179184978026368,0.8553939940558097,2.633240111865761,1.299813676081742,483.275,-789.3041150619255,-144.8924543084039,87.99543797443067,69.88446752267856,-214.77692183108246,0.14460600594419026,0.29981367608174203,False,False,500325-RELIANCE INDUSTRIES LTD.
2016-03-01,0.8087501851760407,0.9198270831823638,2.603723272924794,1.3368946795249446,491.125,-787.6285924151894,-165.4573994816884,93.92756530541703,39.37492377206155,-204.83232325374996,0.08017291681763616,0.33689467952494456,False,False,500325-RELIANCE INDUSTRIES LTD.
2016-03-02,0.8136115250869349,0.886249667496051,2.6193740685543965,1.7308271873667969,500.6,-810.6586587183309,-365.8520899958186,93.30607054148038,56.94341645147682,-422.7955064472954,0.11375033250394895,0.7308271873667969,False,False,500325-RELIANCE INDUSTRIES LTD.
2016-03-03,0.7972545392591149,0.8995530289453685,2.5667137224358663,1.281152200215994,506.275,-793.1879898262181,-142.3403301643524,102.64495813659158,50.85379027068359,-193.19412043503598,0.10044697105463152,0.2811522002159941,False,False,500325-RELIANCE INDUSTRIES LTD.
2016-03-04,0.7859302269782619,0.8304541101184929,2.530255770430443,1.5471024973990748,503.25,-770.1012164691203,-275.3293318160844,107.7306132731897,85.32396908286847,-360.65330089895286,0.1695458898815071,0.5471024973990748,False,False,500325-RELIANCE INDUSTRIES LTD.
2016-03-08,0.809189723320158,0.9238210521544262,2.605138339920949,1.1838642919765399,513.575,-824.3589229249014,-94.4281037518515,97.99538784584985,39.12360313979053,-133.55170689164203,0.07617894784557377,0.18386429197653986,False,False,500325-RELIANCE INDUSTRIES LTD.
2016-03-09,0.8062816915275932,0.9162380332652666,2.5957761039728253,1.314502827146481,520.975,-831.3594557672428,-163.84811037263796,100.92239575641213,43.63789061962768,-207.48600099226564,0.08376196673473335,0.3145028271464809,False,False,500325-RELIANCE INDUSTRIES LTD.
2016-03-10,0.8039860586127338,0.8666495952208049,2.588385449904276,1.291707559260096,506.0,-803.7230376515638,-147.6040249856086,99.18305434195673,67.47530481827272,-215.0793298038813,0.13335040477919513,0.29170755926009595,False,False,500325-RELIANCE INDUSTRIES LTD.
2016-03-11,0.8025284202273618,0.9028558264053611,2.5836926695413567,1.2363144897529192,507.825,-804.2387299098393,-120.00640575877622,100.28100499803998,49.3322399556975,-169.33864571447373,0.0971441735946389,0.23631448975291924,False,False,500325-RELIANCE INDUSTRIES LTD.
2016-03-14,0.8014680694886225,0.8116014734707819,2.5802789332028384,1.687514229052324,509.275,-804.7965537068754,-350.13380900062225,101.10734891118176,95.94665959816751,-446.08046859878976,0.18839852652921807,0.687514229052324,False,False,500325-RELIANCE INDUSTRIES LTD.
2016-03-15,0.8063610851262862,0.8191687647300506,2.596031706956821,2.1401293513297652,510.2,-814.2953768893701,-581.6939950484461,98.79457436856876,92.26009623472817,-673.9540912831743,0.18083123526994938,1.1401293513297652,False,False,500325-RELIANCE INDUSTRIES LTD.
2016-03-16,0.7987709715177526,0.801688231031816,2.5715957861880607,2.0275831000006987,510.875,-802.8889972688255,-524.966516212857,102.80287992586818,101.31252497162103,-626.279041184478,0.19831176896818403,1.0275831000006987,False,False,500325-RELIANCE INDUSTRIES LTD.
2016-03-17,0.7902914495271183,0.8016882310318161,2.544296467863347,1.9191252955624336,507.775,-784.155138969311,-466.70884695421466,106.48475921636754,100.69775848781961,-567.4066054420343,0.19831176896818392,0.9191252955624336,False,False,500325-RELIANCE INDUSTRIES LTD.
2016-03-18,0.7810205054840248,0.8016882310318161,2.51444921316166,1.6121984810511436,512.6,-776.306666666667,-313.8129413868162,112.24888888888887,101.65461277309106,-415.46755415990725,0.19831176896818392,0.6121984810511436,False,False,500325-RELIANCE INDUSTRIES LTD.
2016-03-21,0.7955505901782679,0.8013254442332227,2.5612279593918497,1.6121984810511436,518.1,-808.8722057609174,-317.1800330325975,105.92523922863938,102.9332873427673,-420.1133203753648,0.19867455576677728,0.6121984810511436,False,False,500325-RELIANCE INDUSTRIES LTD.
2016-03-22,0.8024497795198432,0.8098772690359747,2.639392454679079,2.0075442460316792,524.25,-859.451494365507,-528.2050709821078,103.56570308672218,99.67184170789028,-627.8769126899981,0.19012273096402532,1.0075442460316792,False,False,500325-RELIANCE INDUSTRIES LTD.
2016-03-23,0.7909020668340737,0.8016584836061993,2.6014100830596867,1.4874247105133045,514.675,-824.2057344987443,-250.86531288343497,107.6174787521731,102.08141994997936,-352.94673283341433,0.1983415163938007,0.4874247105133045,False,False,500325-RELIANCE INDUSTRIES LTD.
2016-03-28,0.7837113599387501,0.8004213051755737,2.5777586371901613,1.6121984810511436,510.25,-805.0513446262798,-312.37427495634597,110.36127859125276,101.83502903416348,-414.20930399050945,0.19957869482442625,0.6121984810511436,False,False,500325-RELIANCE INDUSTRIES LTD.
2016-03-29,0.783448935661325,0.7955317607521234,2.576895479550347,1.8518779100317908,517.7,-816.3587897632146,-441.01719402345816,112.10848600813205,105.85320745862572,-546.8704014820839,0.2044682392478766,0.8518779100317908,False,False,500325-RELIANCE INDUSTRIES LTD.
2016-03-30,0.7922410874086973,0.7999892123690991,2.607459004498621,2.191112660736325,522.45,-839.8169569003046,-622.2968096016932,108.54364388332613,104.49563599776417,-726.7924455994573,0.20001078763090085,1.1911126607363252,False,False,500325-RELIANCE INDUSTRIES LTD.
2016-03-31,0.7910930782978312,0.8048820714325539,2.657779065835869,2.127746511804369,522.625,-866.3967842824709,-589.3885207317583,109.17997995459598,101.97350741756156,-691.3620281493198,0.19511792856744614,1.1277465118043688,False,False,500325-RELIANCE INDUSTRIES LTD.
2016-04-01,0.7965178484583212,0.8127829230709727,2.676004279739325,2.3671413942828905,516.825,-866.2009118762767,-706.5728511002549,105.16466297052818,96.75846578384454,-803.3313168840994,0.18721707692902734,1.3671413942828905,False,False,500325-RELIANCE INDUSTRIES LTD.
2016-04-04,0.7939308740123127,0.801688231031816,2.66731300596248,1.8355050668479684,517.575,-862.9595290610307,-432.4365349738373,106.65622788307729,102.64121382370786,-535.0777487975452,0.19831176896818403,0.8355050668479684,False,False,500325-RELIANCE INDUSTRIES LTD.
2016-04-05,0.7889590057324534,0.8063101305309338,2.6506093742473142,2.2696225338263822,514.05,-848.4957488318319,-652.6494635134518,108.48562310323234,99.56627740057348,-752.2157409140252,0.1936898694690662,1.2696225338263822,False,False,500325-RELIANCE INDUSTRIES LTD.
2016-04-06,0.7890350243291421,0.8001093257298916,2.6508647685118274,2.3671413942828905,515.725,-851.3922327407623,-705.0689955665438,108.79991207785321,103.0886179879517,-808.1576135544955,0.19989067427010843,1.3671413942828905,False,False,500325-RELIANCE INDUSTRIES LTD.
2016-04-07,0.7875174303986152,0.7978786378165139,2.6457662162811943,2.127746511804369,518.975,-854.1115220945329,-585.2722459636724,110.27314155887865,104.89593393917471,-690.1681799028471,0.2021213621834861,1.1277465118043688,False,False,500325-RELIANCE INDUSTRIES LTD.
2016-04-08,0.7820274077257316,0.7920141778490005,2.627321778159766,2.252593501948774,518.925,-844.4579537315567,-650.0020829987675,113.11142744592468,107.92904275970739,-757.9311257584749,0.20798582215099948,1.2525935019487742,False,False,500325-RELIANCE INDUSTRIES LTD.
2016-04-11,0.7685954291613871,0.8016882310318161,2.58219531653292,2.256960014526763,519.925,-822.6228999483783,-653.5249355528274,120.31302149326581,103.10724648078303,-756.6321820336104,0.19831176896818392,1.2569600145267632,False,False,500325-RELIANCE INDUSTRIES LTD.
2016-04-12,0.7712738403578997,0.7839533294468377,2.62123852130916,2.191112660736325,523.575,-848.8399587944434,-623.6368113450214,119.75529903461268,113.11663553487193,-736.7534468798933,0.2160466705531623,1.1911126607363252,False,False,500325-RELIANCE INDUSTRIES LTD.
2016-04-13,0.7886930559568526,0.7993912636770106,2.680439179427911,1.8910184977054147,532.725,-895.2119618607338,-474.6678291901171,112.56849176538572,106.8692890576645,-581.5371182477816,0.20060873632298937,0.8910184977054147,False,False,500325-RELIANCE INDUSTRIES LTD.
2016-04-18,0.7867230281487174,0.7963062911684952,2.673743875492362,1.5215048121448216,530.875,-888.5487799020077,-276.8538671473822,113.22341243154966,108.13589767592515,-384.9897648233073,0.20369370883150484,0.5215048121448216,False,False,500325-RELIANCE INDUSTRIES LTD.
2016-04-20,0.7883513838748496,0.7969215053820725,2.67927797833935,2.3671413942828905,519.15,-871.7971624548735,-709.7514548419625,109.87737906137181,105.42820048089703,-815.1796553228596,0.20307849461792749,1.3671413942828905,False,False,500325-RELIANCE INDUSTRIES LTD.
2016-04-21,0.8058849579294396,0.8016882310318161,2.738867293214585,1.8355050668479684,520.45,-904.9934827535308,-434.83861204102516,101.02717364562318,103.21136015949133,-538.0499722005165,0.19831176896818392,0.8355050668479684,False,False,500325-RELIANCE INDUSTRIES LTD.
2016-04-22,0.8053697875688435,0.8114660707158103,2.737116443745083,2.5511496410364805,519.375,-902.2148529701024,-805.628344813322,101.08606658143191,97.91980952197599,-903.548154335298,0.18853392928418966,1.5511496410364805,False,False,500325-RELIANCE INDUSTRIES LTD.
2016-04-25,0.8030793370599195,0.7999892123690991,2.729332156516622,2.191112660736325,508.075,-878.6304354221827,-605.1745651036083,100.0504658232814,101.62048092556995,-706.7950460291783,0.20001078763090085,1.1911126607363252,False,False,500325-RELIANCE INDUSTRIES LTD.
2016-04-26,0.8210758510051637,0.7993912636770105,2.790494811249812,2.191112660736325,508.4,-910.2875620394044,-605.5616767183477,90.96503734897476,101.98948154660786,-707.5511582649556,0.20060873632298948,1.1911126607363252,False,False,500325-RELIANCE INDUSTRIES LTD.
2016-04-27,0.833443590656964,0.8260550752608424,2.83252760673757,2.334650409790922,509.85,-934.3142002951503,-680.4715114319016,84.91878530354688,88.68581987825951,-769.1573313101611,0.17394492473915757,1.334650409790922,False,False,500325-RELIANCE INDUSTRIES LTD.
2016-04-28,0.830274764270506,0.8198606215958673,2.821758085775119,2.5511496410364805,498.675,-908.4652134239075,-773.519547243867,84.63773192740547,89.8310045256809,-863.3505517695479,0.18013937840413274,1.5511496410364805,False,False,500325-RELIANCE INDUSTRIES LTD.
2016-04-29,0.8389939040008196,0.8129032437144144,2.851390809897034,2.0004451334095243,491.275,-909.5420201321655,-491.493682915764,79.09826981199734,91.91595894420107,-583.4096418599651,0.18709675628558564,1.0004451334095243,False,False,500325-RELIANCE INDUSTRIES LTD.
2016-05-02,0.8377493606138107,0.8280567904041869,2.847161125319693,2.1454410582561847,493.15,-910.9275089514066,-564.8742578790374,80.01390281329924,84.79379381217524,-649.6680516912127,0.1719432095958131,1.1454410582561847,False,False,500325-RELIANCE INDUSTRIES LTD.
2016-05-03,0.8398543664427466,0.800421305175574,2.8543151633249577,2.0004451334095243,488.025,-904.9521575816624,-488.24223623218313,78.15507281677861,97.39939254169053,-585.6416287738737,0.19957869482442603,1.0004451334095243,False,False,500325-RELIANCE INDUSTRIES LTD.
2016-05-04,0.8449672393334365,0.8288068734688905,2.871691688593097,2.5501291831193833,488.75,-914.7893127998761,-757.6256382495985,75.77226177578291,83.67064059207979,-841.2962788416783,0.17119312653110952,1.5501291831193833,False,False,500325-RELIANCE INDUSTRIES LTD.
2016-05-05,0.8331044305407193,0.801688231031816,2.8313749427743016,1.5496859995473584,487.525,-892.8410689760414,-267.98566692932593,81.36576250063587,96.6819451662139,-364.6676120955398,0.19831176896818403,0.5496859995473584,False,False,500325-RELIANCE INDUSTRIES LTD.
2016-05-06,0.8344627299128751,0.8004213051755737,2.835991236561879,2.191112660736325,484.575,-889.6754534569725,-577.1834175763047,80.21522265246858,96.71084604454637,-673.894263620851,0.19957869482442625,1.1911126607363252,False,False,500325-RELIANCE INDUSTRIES LTD.
2016-05-09,0.840026670769862,0.8282452339888605,2.854900753962148,2.2432613443954357,491.475,-911.6373480535468,-611.0318692367467,78.62289198338203,84.41317362532476,-695.4450428620714,0.17175476601113948,1.2432613443954357,False,False,500325-RELIANCE INDUSTRIES LTD.
2016-05-10,0.8262953433227386,0.8016882310318161,2.8082336915392765,1.5496859995473584,490.675,-887.2550665960346,-269.7171778279001,85.23253241511526,97.30662723846365,-367.02380506636376,0.19831176896818392,0.5496859995473584,False,False,500325-RELIANCE INDUSTRIES LTD.
2016-05-11,0.837321063394683,0.8197625440219574,2.8457055214723925,1.9518696193957852,487.425,-899.643013803681,-463.96504923399056,79.29378067484663,87.85224198009746,-551.8172912140881,0.18023745597804264,0.9518696193957852,False,False,500325-RELIANCE INDUSTRIES LTD.
2016-05-12,0.8389079547200737,0.8016882310318161,2.878860830814936,1.8355050668479684,495.525,-931.022513189571,-414.01364824983955,79.82513573733547,98.26843931795935,-512.282087567799,0.19831176896818392,0.8355050668479684,False,False,500325-RELIANCE INDUSTRIES LTD.
2016-05-13,0.8440527726242011,0.8366642623780992,2.900535971964543,2.4046981471201643,489.0,-929.3620902906616,-686.8973939417604,76.25819418676565,79.87117569710949,-766.7685696388698,0.1633357376219008,1.4046981471201643,False,False,500325-RELIANCE INDUSTRIES LTD.
2016-05-16,0.8440962737720971,0.8400695565573137,2.900685461011184,1.9818875477317939,488.075,-927.6770563830337,-479.2347648591953,76.09271117868371,78.05805118328908,-557.2928160424844,0.15993044344268625,0.9818875477317939,False,False,500325-RELIANCE INDUSTRIES LTD.
2016-05-17,0.8615012361264531,0.8534298130503644,2.960496554626269,1.7583796802696086,485.1,-951.036878649203,-367.88998289878714,67.18575035505756,71.10119768926825,-438.9911805880554,0.14657018694963564,0.7583796802696086,False,False,500325-RELIANCE INDUSTRIES LTD.
2016-05-18,0.8766727331120865,0.8939976228086468,3.012632480462477,1.5705305443830218,485.075,-976.2777004603358,-276.7501038165943,59.82297398565464,51.41910311609564,-328.1692069326899,0.10600237719135319,0.5705305443830218,False,False,500325-RELIANCE INDUSTRIES LTD.
2016-05-19,0.8805376344086021,0.886500982593585,3.025913978494624,1.4277263406545637,475.275,-962.8662661290324,-203.28763655459773,56.777475806451605,53.94324549783386,-257.2308820524316,0.11349901740641499,0.4277263406545637,False,False,500325-RELIANCE INDUSTRIES LTD.
2016-05-20,0.8711238763895538,0.8157313109996851,2.9935641721185045,1.2471821958870453,467.05,-931.0941465879475,-115.44644458904446,60.19159353225888,86.06269119759708,-201.50913578664154,0.1842686890003149,0.24718219588704526,False,False,500325-RELIANCE INDUSTRIES LTD.
2016-05-23,0.862681063997893,0.865861887134064,2.964550961285225,2.5099250060158944,465.0,-913.5161969976298,-702.1151277973909,63.85330524097975,62.37422248266023,-764.4893502800511,0.13413811286593602,1.5099250060158944,False,False,500325-RELIANCE INDUSTRIES LTD.
2016-05-24,0.8650504410288914,0.8686070072037062,2.97269318121798,2.509925006015894,470.025,-927.215112501981,-709.7025009526204,63.42966645539531,61.75799143907801,-771.4604923916984,0.1313929927962938,1.509925006015894,False,False,500325-RELIANCE INDUSTRIES LTD.
2016-05-25,0.8539548464466343,0.801688231031816,2.93456384587309,1.9270078066701466,474.625,-918.1923653475153,-439.9810802408183,69.31668100526616,94.12372334652434,-534.1048035873426,0.19831176896818403,0.9270078066701466,False,False,500325-RELIANCE INDUSTRIES LTD.
2016-05-26,0.8590160495122208,0.8167107504096137,2.951956362110564,1.5496859995473584,473.325,-923.9097450959825,-260.1801257357534,66.73122836462812,86.75538406236956,-346.93550979812295,0.18328924959038628,0.5496859995473584,False,False,500325-RELIANCE INDUSTRIES LTD.
2016-05-31,0.8565899581589957,0.812866414375183,2.9436192468619247,1.4133946806340947,479.475,-931.9168383891214,-198.21241449703257,68.76152981171549,89.7258759674591,-287.9382904644917,0.18713358562481697,0.4133946806340947,False,False,500325-RELIANCE INDUSTRIES LTD.
2016-06-01,0.8548462863406231,0.8164996135941122,2.937627224802964,2.1749280452279423,476.65,-923.5700167023327,-560.0294527578986,69.18751761574202,87.46545918036645,-647.4949119382651,0.18350038640588784,1.1749280452279423,False,False,500325-RELIANCE INDUSTRIES LTD.
2016-06-02,0.8566795689925725,0.8642661878356869,2.94392718903651,2.126886174291646,478.0,-929.1971963594517,-538.6515913114067,68.50716602155035,64.88076221454168,-603.5323535259483,0.13573381216431313,1.1268861742916458,False,False,500325-RELIANCE INDUSTRIES LTD.
2016-06-03,0.8578012884303148,0.8069096665744182,2.947781909600377,1.9270078066701466,478.975,-932.9388401508405,-444.01356419983347,68.10962787409,92.48544245251804,-536.4990066523515,0.1930903334255818,0.9270078066701466,False,False,500325-RELIANCE INDUSTRIES LTD.
2016-06-06,0.8582507991405963,0.801688231031816,2.9493266257925903,1.5496859995473584,477.95,-931.6806607975684,-262.72242348365995,67.74903055075197,94.78310997834353,-357.5055334620035,0.19831176896818403,0.5496859995473584,False,False,500325-RELIANCE INDUSTRIES LTD.
2016-06-07,0.8429666992639867,0.800421305175574,2.8968037469761696,1.4133946806340947,477.325,-905.3918485254001,-197.32361593366926,74.95592027381753,95.26390050706914,-292.5875164407384,0.19957869482442603,0.4133946806340947,False,False,500325-RELIANCE INDUSTRIES LTD.
2016-06-08,0.8393378773125608,0.8388406525123117,2.8843335212422487,2.321439812198601,477.075,-898.9684146466457,-630.4258984046476,76.64788218111005,76.88509570268889,-707.3109941073365,0.16115934748768834,1.321439812198601,False,False,500325-RELIANCE INDUSTRIES LTD.
2016-06-09,0.8362095374246912,0.8107411487108431,2.873583171653222,1.9518696193957852,485.725,-910.0461860512613,-462.3468708810178,79.55712243439189,91.9277555424257,-554.2746264234436,0.18925885128915687,0.9518696193957852,False,False,500325-RELIANCE INDUSTRIES LTD.
2016-06-10,0.8399835880603139,0.8301516856343669,2.8865524669196843,2.5317719071978964,487.825,-920.3074571750949,-747.2366306288138,78.06000615447738,82.85625395541496,-830.0928845842288,0.16984831436563308,1.5317719071978964,False,False,500325-RELIANCE INDUSTRIES LTD.
2016-06-13,0.8335708469055375,0.8483240228437999,2.8645154723127035,2.6671384691466913,489.65,-912.9600010179153,-816.3143514176774,81.49203481270354,74.26814221453338,-890.5824936322108,0.15167597715620007,1.6671384691466913,False,False,500325-RELIANCE INDUSTRIES LTD.
2016-06-14,0.8402852598635268,0.8388406525123117,2.887589143707352,2.3178722646436487,487.45,-920.1053281001487,-642.3968354005465,77.85295007952391,78.55712393287371,-720.9539593334202,0.16115934748768834,1.3178722646436487,False,False,500325-RELIANCE INDUSTRIES LTD.
2016-06-15,0.8414076547649627,0.8004213051755737,2.891446185461084,1.9270078066701466,491.2,-929.0783662984843,-455.346234636376,77.90055997945029,98.03305489775818,-553.3792895341342,0.19957869482442625,0.9270078066701466,False,False,500325-RELIANCE INDUSTRIES LTD.
2016-06-16,0.8267124324870022,0.8254418199132114,2.840946948664884,1.5496859995473584,487.275,-897.0474244106814,-267.8482454294391,84.43869945989599,85.05783720178988,-352.90608263122897,0.17455818008678858,0.5496859995473584,False,False,500325-RELIANCE INDUSTRIES LTD.
2016-06-17,0.8294758166624462,0.8326386704805191,2.8504431501645984,2.1344381683225526,486.625,-900.4718979488478,-552.0459736599621,82.9813307166371,81.44220697741741,-633.4881806373795,0.1673613295194809,1.1344381683225526,False,False,500325-RELIANCE INDUSTRIES LTD.
2016-06-20,0.8351861295257521,0.8295662974432894,2.870066292707802,2.6671384691466913,495.275,-926.1970831208565,-825.6920053066275,81.62818969913315,84.41155203377485,-910.1035573404024,0.17043370255671064,1.6671384691466913,False,False,500325-RELIANCE INDUSTRIES LTD.
2016-06-21,0.8339953152052144,0.8592882352263272,2.8659741317853142,2.118728425825233,493.625,-921.0914808025257,-552.2323191979806,81.94406253182603,69.45884488640422,-621.6911640843848,0.14071176477367275,1.1187284258252328,False,False,500325-RELIANCE INDUSTRIES LTD.
2016-06-22,0.8606410930110352,0.8546739354251534,2.957540725170783,2.5100221079744927,490.25,-959.6843405149764,-740.288338434495,68.32070415134001,71.2461031578186,-811.5344415923137,0.14532606457484665,1.5100221079744927,False,False,500325-RELIANCE INDUSTRIES LTD.
2016-06-23,0.8565003660704946,0.8458580577516728,2.94331136910365,2.4634605087718078,490.95,-954.0687166614368,-718.4859367815191,70.45114527769067,75.67598654681626,-794.1619233283353,0.15414194224832722,1.4634605087718078,False,False,500325-RELIANCE INDUSTRIES LTD.
2016-06-24,0.8546232519307033,0.806100581066828,2.936860780630348,2.01484855008406,475.75,-921.4615163848882,-482.81419770249147,69.16298789396791,92.24764855745656,-575.061846259948,0.19389941893317197,1.0148485500840598,False,False,500325-RELIANCE INDUSTRIES LTD.
2016-06-27,0.846977297409112,0.8303931486181838,2.9105859233593625,2.509925006015894,478.05,-913.3556006619433,-721.8196491258982,73.15250297357403,81.08055530307723,-802.9002044289755,0.1696068513818162,1.509925006015894,False,False,500325-RELIANCE INDUSTRIES LTD.
2016-06-28,0.8447057609985043,0.8325788731203009,2.902779926762597,2.509925006015894,479.1,-911.6218629119604,-723.4050703822148,74.40146990561664,80.21146188806387,-803.6165322702786,0.16742112687969912,1.509925006015894,False,False,500325-RELIANCE INDUSTRIES LTD.
2016-06-29,0.8247142353592829,0.8173592712396485,2.834080265874414,1.5499350478513247,483.425,-886.6402525303388,-265.85235050752664,84.73752077143865,88.29309430097294,-354.1454448084996,0.18264072876035153,0.5499350478513247,False,False,500325-RELIANCE INDUSTRIES LTD.
2016-06-30,0.8289300536491547,0.8107411487108431,2.848567668792388,1.3784571384159001,484.725,-896.0469632553903,-183.44763641864722,82.9218797449135,91.73849669113656,-275.1861331097838,0.18925885128915687,0.3784571384159001,False,False,500325-RELIANCE INDUSTRIES LTD.
2016-07-05,0.8355269870421386,0.801688231031816,2.871237628813386,1.5218448084643752,496.475,-929.0227017651258,-259.0829012823507,81.65673910825427,98.45683549847917,-357.53973678082986,0.19831176896818403,0.5218448084643752,False,False,500325-RELIANCE INDUSTRIES LTD.
2016-07-07,0.8265455463033056,0.823681402486509,2.8403734544536965,1.7524069298467388,493.95,-909.0524678274032,-371.65140299779665,85.67782740348224,87.09257124178885,-458.7439742395855,0.176318597513491,0.7524069298467388,False,False,500325-RELIANCE INDUSTRIES LTD.
2016-07-08,0.8171839137810597,0.8016882310318161,2.808202774174234,1.3784571384159001,490.05,-886.1097694840835,-185.46292068071187,89.58902305159171,97.18268238285856,-282.64560306357043,0.19831176896818392,0.3784571384159001,False,False,500325-RELIANCE INDUSTRIES LTD.
2016-07-11,0.8120382765630423,0.8057859861234782,2.790520105111805,1.6994575381079826,495.375,-886.9788970697605,-346.4937779402419,93.11153874758293,96.20876712408199,-442.7025450643239,0.19421401387652182,0.6994575381079826,False,False,500325-RELIANCE INDUSTRIES LTD.
2016-07-12,0.8136519449550399,0.8317378738321761,2.7960653783099008,1.652695205245611,501.05,-899.9185578021759,-327.0329325883134,93.36969298027725,84.30773831638817,-411.34067090470154,0.16826212616782388,0.652695205245611,False,False,500325-RELIANCE INDUSTRIES LTD.
2016-07-13,0.8087501851760407,0.8347918001658925,2.779220779220779,2.0201396190399072,504.225,-897.1275974025974,-514.3798994103972,96.4329378796109,83.30210456135285,-597.6820039717501,0.1652081998341075,1.0201396190399072,False,False,500325-RELIANCE INDUSTRIES LTD.
2016-07-14,0.8154344037839183,0.8056684882603534,2.80219068956933,1.3784571384159001,503.225,-906.9074097585261,-190.4490934793414,92.8780221558377,97.79247499518368,-288.2415684745251,0.19433151173964658,0.3784571384159001,False,False,500325-RELIANCE INDUSTRIES LTD.
2016-07-15,0.8064802048453811,0.7991801268615089,2.77142012999803,1.4642174226723137,506.275,-896.8257263147526,-235.02167566342564,97.97423429190468,101.67008127318962,-336.69175693661526,0.20081987313849115,0.4642174226723137,False,False,500325-RELIANCE INDUSTRIES LTD.
2016-07-18,0.8008410346682314,0.7991801268615089,2.752041464965038,1.3784571384159001,502.125,-879.7438205955698,-190.03279062708384,100.00269546721432,100.83667879966487,-290.8694694267487,0.20081987313849115,0.3784571384159001,False,False,500325-RELIANCE INDUSTRIES LTD.
2016-07-19,0.8134498857653719,0.8004213051755737,2.795371014204828,1.3784571384159001,507.7,-911.509863911791,-192.14268917375244,94.7114929969207,101.32610336236121,-293.46879253611365,0.19957869482442625,0.3784571384159001,False,False,500325-RELIANCE INDUSTRIES LTD.
2016-07-20,0.8069570358691368,0.8010044607917617,2.773058730784391,1.5805512273421294,511.275,-906.5206025817894,-296.82132875934724,98.69804148600707,101.74144430869205,-398.5627730680393,0.19899553920823831,0.5805512273421294,False,False,500325-RELIANCE INDUSTRIES LTD.
2016-07-21,0.8023318473521776,0.8010044607917617,2.757164552001176,1.5329452580711178,503.35,-884.468777249792,-268.2579956500972,99.49626463528142,100.16440466046674,-368.42240031056394,0.19899553920823831,0.5329452580711178,False,False,500325-RELIANCE INDUSTRIES LTD.
2016-07-22,0.8002540799374572,0.8097206974527597,2.750024430763217,1.6745751739388912,507.4,-887.9623961692563,-342.27944325659337,101.35107983973421,96.54771811246974,-438.8271613690631,0.19027930254724035,0.6745751739388912,False,False,500325-RELIANCE INDUSTRIES LTD.
2016-07-25,0.8083510191994472,0.7991801268615089,2.7778490696411824,1.3784571384159001,510.325,-907.2808264646362,-193.13613916209425,97.8032661270421,102.48340175940046,-295.6195409214947,0.20081987313849115,0.3784571384159001,False,False,500325-RELIANCE INDUSTRIES LTD.
2016-07-26,0.7981092539349934,0.7991801268615089,2.7426538667706253,1.4450078604011565,511.65,-891.6288509331904,-227.6882717742517,103.29740022416058,102.74948809130899,-330.4377598655607,0.20081987313849115,0.4450078604011565,False,False,500325-RELIANCE INDUSTRIES LTD.
2016-07-27,0.8064007877892664,0.8021349616108445,2.771147218119153,1.6994575381079826,506.525,-897.1303446578039,-354.2927294901459,98.06284096504186,100.22358857006697,-454.5163180602129,0.19786503838915548,0.6994575381079826,False,False,500325-RELIANCE INDUSTRIES LTD.
2016-07-28,0.8113544040424057,0.8016882310318161,2.7881700188249283,1.5218448084643752,513.025,-917.3759239076588,-267.71943286243607,96.77990686614481,101.73889527490257,-369.45832813733864,0.19831176896818392,0.5218448084643752,False,False,500325-RELIANCE INDUSTRIES LTD.
2016-07-29,0.8099500519262154,0.8064557218429803,2.7833440482666534,1.8198293265958163,507.75,-905.4929405073933,-416.2683405790257,96.49786113446413,98.27210723422672,-514.5404478132524,0.1935442781570197,0.8198293265958163,False,False,500325-RELIANCE INDUSTRIES LTD.
2016-08-01,0.8238016196368392,0.8004213051755737,2.83094411749912,1.3784571384159001,504.65,-923.9859488959308,-190.988394901584,88.91851265026912,100.7173883431467,-291.7057832447307,0.19957869482442625,0.3784571384159001,False,False,500325-RELIANCE INDUSTRIES LTD.
2016-08-02,0.8245481548607965,0.8056684882603532,2.833509540351407,1.4642174226723137,505.525,-926.884910386145,-234.67351259642135,88.69529401399586,98.23943747218493,-332.9129500686063,0.1943315117396468,0.4642174226723137,False,False,500325-RELIANCE INDUSTRIES LTD.
2016-08-03,0.8071558819180917,0.7991801268615089,2.7737420531270023,1.484150143831662,497.025,-881.5941439554482,-240.63472523793178,95.84834778966047,99.81249744665854,-340.4472226845903,0.20081987313849115,0.484150143831662,False,False,500325-RELIANCE INDUSTRIES LTD.
2016-08-04,0.7953187976496867,0.8064130244380185,2.733064633613364,1.6745751739388912,496.575,-860.5965704365562,-334.97716699870494,101.63956805710683,96.13045238969096,-431.1076193883959,0.19358697556198146,0.6745751739388912,False,False,500325-RELIANCE INDUSTRIES LTD.
2016-08-05,0.7951643443219887,0.8197625440219571,2.7325338641549743,1.6087411064654311,507.275,-878.8711159392145,-308.7991447822516,103.90800723406318,91.42995548126169,-400.22910026351326,0.18023745597804286,0.6087411064654311,False,False,500325-RELIANCE INDUSTRIES LTD.
2016-08-08,0.8166134822497009,0.823474976300601,2.8062425209413644,1.5499350478513247,514.825,-929.898805843638,-283.12031101005823,94.41196400079775,90.87949532604313,-373.99980633610136,0.17652502369939904,0.5499350478513247,False,False,500325-RELIANCE INDUSTRIES LTD.
2016-08-09,0.8088300656822559,0.8078995243993783,2.779495283717714,1.5689221099058162,514.925,-916.3066089683439,-292.9522174432524,98.43817842856436,98.91733739865015,-391.8695548419025,0.1921004756006217,0.5689221099058162,False,False,500325-RELIANCE INDUSTRIES LTD.
2016-08-10,0.7912459539108169,0.7881881400153323,2.7190685540364266,1.3292377596191343,501.4,-861.9409729938642,-165.07981267303387,104.66927870911644,106.20246659631238,-271.28227926934625,0.21181185998466767,0.32923775961913426,False,False,500325-RELIANCE INDUSTRIES LTD.
2016-08-11,0.7995508689709041,0.7961046767200767,2.747607889084163,1.7031677446939866,506.225,-884.6828036516305,-355.9610915577134,101.4723613552041,103.21691002737919,-459.1780015850926,0.20389532327992332,0.7031677446939866,False,False,500325-RELIANCE INDUSTRIES LTD.
2016-08-12,0.8075936883629191,0.8131897046655057,2.775246548323471,1.814710152667446,517.475,-918.6457075936884,-421.5921362515867,99.56545611439844,96.66965757821748,-518.2617938298042,0.18681029533449434,0.8147101526674461,False,False,500325-RELIANCE INDUSTRIES LTD.
2016-08-16,0.8055282313594334,0.8150695238901318,2.768148731064332,1.7524069298467388,512.1,-905.4689651780444,-385.307588774515,99.58899272083414,94.70289681586354,-480.01048559037855,0.18493047610986824,0.7524069298467388,False,False,500325-RELIANCE INDUSTRIES LTD.
2016-08-17,0.8069172784155293,0.8146548693769058,2.772922106715278,1.5727471873823298,507.0,-898.871508104646,-290.3828240028412,97.89293984332664,93.96998122590878,-384.35280522874996,0.1853451306230942,0.5727471873823298,False,False,500325-RELIANCE INDUSTRIES LTD.
2016-08-18,0.8076733405661308,0.8004213051755737,2.7755202682710327,1.5218448084643752,508.3,-902.496952362166,-265.2537161424419,97.75964099023571,101.44585057925588,-366.69956672169775,0.19957869482442625,0.5218448084643752,False,False,500325-RELIANCE INDUSTRIES LTD.
2016-08-19,0.8108723636003564,0.8016882310318161,2.786513516189722,1.484150143831662,507.425,-906.5216209525697,-245.66988673378108,95.96809090008912,100.62834936868074,-346.29823610246183,0.19831176896818392,0.484150143831662,False,False,500325-RELIANCE INDUSTRIES LTD.
2016-08-22,0.8022532451628704,0.817527603132923,2.7568944403624784,1.7383215880916052,506.95,-890.6576365417584,-374.29212908303924,100.24771736468284,92.50438159176468,-466.7965106748039,0.18247239686707695,0.7383215880916052,False,False,500325-RELIANCE INDUSTRIES LTD.
2016-08-23,0.8083111242720363,0.7991801268615089,2.7777119731517126,1.3784571384159001,504.95,-897.6556608429571,-191.10193204310877,96.79329779883523,101.4039949412811,-292.5059269843899,0.20081987313849115,0.3784571384159001,False,False,500325-RELIANCE INDUSTRIES LTD.
2016-08-24,0.7968278680548798,0.7991801268615089,2.738250462197139,1.4642174226723137,510.375,-887.1595796438648,-236.92496709638215,103.69397684149072,102.49344275305742,-339.41840984943957,0.20081987313849115,0.4642174226723137,False,False,500325-RELIANCE INDUSTRIES LTD.
2016-08-25,0.7747398297067171,0.8016882310318161,2.6623462630085144,1.3292377596191343,506.55,-842.061499526963,-166.77538713507244,114.10553926206245,100.45482657083357,-267.230213705906,0.19831176896818392,0.32923775961913426,False,False,500325-RELIANCE INDUSTRIES LTD.
2016-08-26,0.7683430287108276,0.7794129423956502,2.640364045787202,1.6745751739388912,513.85,-842.9010649277537,-346.6304531284993,119.03693469694122,113.34865954999515,-459.97911267849446,0.22058705760434982,0.6745751739388912,False,False,500325-RELIANCE INDUSTRIES LTD.
2016-08-29,0.7740075614366729,0.7900958353030162,2.659829867674858,1.3292377596191343,528.5,-877.2200850661625,-174.00215595871248,119.43700378071833,110.93435104235596,-284.93650700106843,0.2099041646969838,0.32923775961913426,False,False,500325-RELIANCE INDUSTRIES LTD.
2016-08-30,0.7957051936063742,0.8070835453231995,2.73439245979692,1.6783297458085276,532.9,-924.2577418257785,-361.4819215413643,108.86870232716319,102.80517869726697,-464.28710023863124,0.19291645467680052,0.6783297458085276,False,False,500325-RELIANCE INDUSTRIES LTD.
2016-08-31,0.8085106382978723,0.8010044607917617,2.7783975909562124,1.484150143831662,529.0,-940.7723256158363,-256.11542608694924,101.29787234042556,105.2686402411581,-361.38406632810734,0.19899553920823831,0.484150143831662,False,False,500325-RELIANCE INDUSTRIES LTD.
2016-09-01,0.8024890979469841,0.8098337983827821,2.757704934097702,1.862861051290394,514.575,-904.471016463325,-444.00672546775456,101.63417242393069,97.8547731971799,-541.8614986649345,0.19016620161721787,0.862861051290394,False,False,500325-RELIANCE INDUSTRIES LTD.
2016-09-02,0.8048552754435107,0.8010044607917617,2.7658361590250133,1.3784571384159001,506.425,-894.2635768342425,-191.66015632227226,98.82616713352013,100.7763159435321,-292.43647226580435,0.19899553920823831,0.3784571384159001,False,False,500325-RELIANCE INDUSTRIES LTD.
2016-09-06,0.7933155727779123,0.7991801268615089,2.72618067328651,1.4642174226723137,510.225,-880.7405340276097,-236.85533448298122,105.45556187938968,102.46331977208666,-339.3186542550679,0.20081987313849115,0.4642174226723137,False,False,500325-RELIANCE INDUSTRIES LTD.
2016-09-07,0.7846124365239053,0.7991801268615089,2.6962728753473217,1.3784571384159001,508.725,-862.9364185110663,-192.53060774062885,109.57303822937627,102.1620899623789,-294.69269770300775,0.20081987313849115,0.3784571384159001,False,False,500325-RELIANCE INDUSTRIES LTD.
2016-09-08,0.7824383718708199,0.7982209828694093,2.6888018345117524,1.3292377596191343,516.125,-871.6328468373781,-169.92783868342565,112.28899531817308,104.14319521652612,-274.0710338999518,0.20177901713059065,0.32923775961913426,False,False,500325-RELIANCE INDUSTRIES LTD.
2016-09-09,0.7832990578219905,0.7917307123138738,2.691759529389258,1.7290923334054156,521.85,-882.8447104117844,-380.4768341876161,113.08538667559424,108.68532777900498,-489.16216196662106,0.20826928768612618,0.7290923334054156,False,False,500325-RELIANCE INDUSTRIES LTD.
2016-09-12,0.7707656830909689,0.7785510508363913,2.6486893500870625,1.5689221099058162,523.3,-862.7591369005597,-297.7169401137136,119.95831803849597,115.88423509731643,-413.60117521103,0.2214489491636087,0.5689221099058162,False,False,500325-RELIANCE INDUSTRIES LTD.
2016-09-14,0.7613071166271556,0.7805661953264937,2.616185562218193,1.844688095080662,522.725,-844.820598010505,-441.53958450103903,124.7707374610701,114.70353554795855,-556.2431200489975,0.21943380467350626,0.8446880950806619,False,False,500325-RELIANCE INDUSTRIES LTD.
2016-09-15,0.7565944472675198,0.7491325144893661,2.599990760844459,1.7758024849464722,531.225,-849.9550919295979,-412.12567506568973,129.3031147503118,133.2670799903865,-545.3927550560762,0.25086748551063387,0.7758024849464722,False,False,500325-RELIANCE INDUSTRIES LTD.
2016-09-16,0.762405735033982,0.766469628123572,2.6199608974955777,1.3292377596191343,537.825,-871.2554696955592,-177.0722980671609,127.78413555534866,125.59847225443991,-302.6707703216008,0.233530371876428,0.32923775961913426,False,False,500325-RELIANCE INDUSTRIES LTD.
2016-09-19,0.7643627199327951,0.7873825810060415,2.626685956970178,1.4450078604011565,541.175,-880.321772763336,-240.82712885259582,127.52100504036957,115.06323172405547,-355.8903605766513,0.21261741899395847,0.4450078604011565,False,False,500325-RELIANCE INDUSTRIES LTD.
2016-09-20,0.7529076449225394,0.7783882953931079,2.5873212890176065,1.3706246649206908,537.05,-852.4708982669056,-199.043976295657,132.7009492943502,119.01656595913136,-318.06054225478834,0.22161170460689206,0.3706246649206908,False,False,500325-RELIANCE INDUSTRIES LTD.
2016-09-21,0.7424633936261843,0.7550398079260084,2.551430255224625,1.309005215229939,535.675,-831.0624019674508,-165.52636866829755,137.9559216192937,131.2190508892354,-296.74541955753295,0.24496019207399156,0.30900521522993896,False,False,500325-RELIANCE INDUSTRIES LTD.
2016-09-22,0.738180015324289,0.7181498350963433,2.5367106864380045,1.7758024849464722,543.825,-835.7016890521479,-421.9007863760153,142.38425316626854,153.2771659287311,-575.1779523047464,0.28185016490365666,0.7758024849464722,False,False,500325-RELIANCE INDUSTRIES LTD.
2016-09-23,0.7374487820253051,0.7233644289477047,2.5341978477193927,1.7758024849464722,551.475,-846.0717580710522,-427.8356753858558,144.7904329325949,152.55760154606457,-580.3932769319204,0.2766355710522953,0.7758024849464722,False,False,500325-RELIANCE INDUSTRIES LTD.
2016-09-26,0.751491236120033,0.7621152697974124,2.5824538863907494,1.9335824181188954,554.675,-877.7476094337887,-517.8348277700982,137.84159860512068,131.9487127251203,-649.7835404952184,0.2378847302025876,0.9335824181188954,False,False,500325-RELIANCE INDUSTRIES LTD.
2016-09-27,0.7635075287865367,0.7510569689741011,2.623747144655261,1.7455257275989289,555.225,-901.5450083912173,-413.9345221061153,131.30653232949516,138.2193944013547,-552.1539165074701,0.24894303102589888,0.7455257275989289,False,False,500325-RELIANCE INDUSTRIES LTD.
2016-09-28,0.7567692449866001,0.762410946010972,2.600591442565382,1.9329831425899187,544.85,-872.0822474817486,-508.3358652401172,132.52427686905094,129.4503960659219,-637.786261306039,0.23758905398902797,0.9329831425899187,False,False,500325-RELIANCE INDUSTRIES LTD.
2016-09-29,0.751008804108584,0.7502255512328748,2.580796038151137,1.9191252955624336,536.275,-847.7413953595009,-492.903917877744,133.5277535766691,133.94779251259007,-626.8517103903341,0.24977444876712518,0.9191252955624336,False,False,500325-RELIANCE INDUSTRIES LTD.
2016-09-30,0.747717311906501,0.7665884826939857,2.5694850255661064,1.9191252955624336,541.05,-849.1698730825417,-497.29274116405463,136.4975483929876,126.28730143841904,-623.5800426024737,0.23341151730601428,0.9191252955624336,False,False,500325-RELIANCE INDUSTRIES LTD.
2016-10-03,0.7517671899384927,0.7331060734859359,2.5834021848893785,1.8734731790471923,545.2,-863.2708712016893,-476.2175772165293,135.33652804553378,145.51056873546776,-621.728145951997,0.2668939265140641,0.8734731790471923,False,False,500325-RELIANCE INDUSTRIES LTD.
2016-10-04,0.7370173701737017,0.7411650707469759,2.532715327153272,1.7728187259270776,547.6,-839.3149131491317,-423.1955343176677,144.00928809288092,141.73800725895597,-564.9335415766236,0.2588349292530241,0.7728187259270776,False,False,500325-RELIANCE INDUSTRIES LTD.
2016-10-05,0.774227096530207,0.8016882310318161,2.6605842866597333,1.4359941038541755,544.65,-904.4372317292238,-237.46418866417662,122.96721187482274,108.01050496852139,-345.474693632698,0.19831176896818392,0.4359941038541755,False,False,500325-RELIANCE INDUSTRIES LTD.
2016-10-06,0.7595065850491559,0.7596935814393468,2.609998145056576,1.3439594726102566,555.55,-894.4344694861809,-191.08668500862802,133.6061166759414,133.50223083137087,-324.5889158399989,0.24030641856065316,0.3439594726102566,False,False,500325-RELIANCE INDUSTRIES LTD.
2016-10-13,0.7724378625666178,0.7835419713331433,2.654435693062302,1.7692150712514536,528.85,-874.9483162759985,-406.7993904313313,120.34623638164419,114.47382846046719,-521.2732188917985,0.2164580286668567,0.7692150712514536,False,False,500325-RELIANCE INDUSTRIES LTD.
2016-10-14,0.7587325118132123,0.765359872146407,2.607338089502455,1.7138697502459403,539.1,-866.5159640507735,-384.84718235758646,130.06730288149726,126.49449292587201,-511.34167528345847,0.234640127853593,0.7138697502459403,False,False,500325-RELIANCE INDUSTRIES LTD.
2016-10-17,0.753427178213267,0.7660130364689127,2.589106633544944,1.9191252955624336,530.075,-842.3456987763363,-487.205341045257,130.70208850860251,124.03063969374108,-611.235980738998,0.23398696353108728,0.9191252955624336,False,False,500325-RELIANCE INDUSTRIES LTD.
2016-10-18,0.7523197060174552,0.7747017627472962,2.58530087276068,1.9686687720873046,539.65,-855.507615985301,-522.7421028569139,133.66067064768026,121.5821937334216,-644.3242965903355,0.22529823725270381,0.9686687720873046,False,False,500325-RELIANCE INDUSTRIES LTD.
2016-10-19,0.7693536264562194,0.7878813472673218,2.643836903419767,1.9191252955624336,543.45,-893.3431651634723,-499.4986418734045,125.34477170236755,115.27588182757398,-614.7745237009785,0.21211865273267816,0.9191252955624336,False,False,500325-RELIANCE INDUSTRIES LTD.
2016-10-20,0.7699685017159513,0.8013301682182356,2.645949884819708,1.4819575661482853,544.25,-895.8082248131261,-262.30540537620425,125.19464294109349,108.12605594722532,-370.4314613234296,0.19866983178176445,0.48195756614828533,False,False,500325-RELIANCE INDUSTRIES LTD.
2016-10-21,0.7726200584960844,0.8002478540606175,2.6550617982828566,1.5402791630746766,532.2,-880.8238890461364,-287.5365705883429,121.01160486838387,106.3080920689394,-393.8446626572823,0.1997521459393825,0.5402791630746766,False,False,500325-RELIANCE INDUSTRIES LTD.
2016-10-24,0.7768344163544086,0.7986786024898164,2.669544182516719,1.3439594726102566,531.775,-887.8218576578282,-182.90904854731923,118.67387824313437,107.05768616097788,-289.9667347082971,0.20132139751018363,0.3439594726102566,False,False,500325-RELIANCE INDUSTRIES LTD.
2016-10-25,0.7810205054840248,0.8166914749159584,2.683929422985217,1.3991186230161652,529.95,-892.3983977110158,-211.5129142674167,116.04818311874106,97.14435286828785,-308.65726713570456,0.1833085250840416,0.3991186230161652,False,False,500325-RELIANCE INDUSTRIES LTD.
2016-10-26,0.781169512544119,0.7938467065129207,2.7001812458265766,1.7214770702622446,527.075,-896.123030144043,-380.27252680847266,115.34007917580846,108.65824716470235,-488.930773973175,0.20615329348707934,0.7214770702622446,False,False,500325-RELIANCE INDUSTRIES LTD.
2016-10-27,0.7996679849616718,0.8059118537866439,2.7641228455641813,1.3074750307669845,524.25,-924.841401787022,-161.1937848795916,105.02405888384357,101.75071065235193,-262.9444955319435,0.19408814621335613,0.30747503076698446,False,False,500325-RELIANCE INDUSTRIES LTD.
2016-11-01,0.7985762348237359,0.8016882310318161,2.760349115022673,1.3522259758221296,524.15,-922.686988639134,-184.61924522716924,105.57626651713883,103.94511370467359,-288.56435893184283,0.19831176896818392,0.35222597582212956,False,False,500325-RELIANCE INDUSTRIES LTD.
2016-11-02,0.8141777689401472,0.800421305175574,2.8142771922847487,1.6535575536139706,512.025,-928.9552793795984,-334.6378063891933,95.14562785842116,102.18928121747672,-436.82708760667003,0.19957869482442603,0.6535575536139706,False,False,500325-RELIANCE INDUSTRIES LTD.
2016-11-03,0.8173062528070263,0.8010044607917617,2.8669095264234743,1.7214770702622446,512.725,-957.2111869354759,-369.91933085020935,93.67165152951748,102.02998784054398,-471.94931869075333,0.19899553920823831,0.7214770702622446,False,False,500325-RELIANCE INDUSTRIES LTD.
2016-11-04,0.8165727676123049,0.8070618232163929,2.864336640574363,1.4359941038541755,502.9,-937.5748965448471,-219.26143482826478,92.24555516777184,97.028609104476,-316.2900439327408,0.19293817678360714,0.4359941038541755,False,False,500325-RELIANCE INDUSTRIES LTD.
2016-11-07,0.8143801899458009,0.8056684882603534,2.8566456168266123,2.024382709881903,500.975,-930.1330378897122,-513.1901280830865,92.99088434190242,97.35522909376942,-610.545357176856,0.19433151173964658,1.0243827098819032,False,False,500325-RELIANCE INDUSTRIES LTD.
2016-11-08,0.829181855002025,0.8148907336528817,2.99453219927096,1.8523929857021977,501.425,-1000.1083080194412,-427.41115285572454,85.65248835560959,92.8184138781038,-520.2295667338283,0.18510926634711833,0.8523929857021977,False,False,500325-RELIANCE INDUSTRIES LTD.
2016-11-09,0.8306537505705736,0.8223070073952249,2.999847847035553,1.3724547709773258,502.775,-1005.4735012933003,-187.260947478125,85.1430605568799,89.3395943568658,-276.6005418349908,0.1776929926047751,0.3724547709773258,False,False,500325-RELIANCE INDUSTRIES LTD.
2016-11-15,0.8345052481402222,0.8056684882603532,3.0137572607765213,1.3522259758221296,493.8,-994.3933353714463,-173.9291868609676,81.7213084683583,95.96090049703758,-269.8900873580052,0.1943315117396468,0.35222597582212956,False,False,500325-RELIANCE INDUSTRIES LTD.
2016-11-16,0.8292658227848101,0.8239726479317098,2.994835443037975,1.6406196888404687,492.925,-983.3042607594939,-315.7774601216881,84.15914430379746,86.76828251826197,-402.54574263995005,0.17602735206829023,0.6406196888404687,False,False,500325-RELIANCE INDUSTRIES LTD.
2016-11-17,0.8264204258754667,0.8004213051755737,2.984559491371481,1.6689599681957212,490.65,-973.7241144414171,-328.22520839523065,85.16681804420227,97.92328661560475,-426.1484950108354,0.19957869482442625,0.6689599681957212,False,False,500325-RELIANCE INDUSTRIES LTD.
2016-11-18,0.8180001997802417,0.8004213051755737,2.9541504345220257,1.9191252955624336,493.75,-964.8617770452502,-453.81811468395165,89.86240135850562,98.54198056956045,-552.3600952535121,0.19957869482442625,0.9191252955624336,False,False,500325-RELIANCE INDUSTRIES LTD.
2016-11-21,0.8241332461128164,0.8162870837117809,2.976299501836663,1.8796642971173938,495.45,-979.1575881849747,-435.8296760068128,87.13318321340512,91.02056437499812,-526.8502403818109,0.18371291628821906,0.8796642971173938,False,False,500325-RELIANCE INDUSTRIES LTD.
2016-11-22,0.8301485123422373,0.8393566758147382,2.9980232145572505,1.386886398351147,500.55,-1000.1105200466318,-193.65598669466664,85.01916214709314,80.41001592093284,-274.0660026155995,0.16064332418526184,0.386886398351147,False,False,500325-RELIANCE INDUSTRIES LTD.
2016-11-25,0.8223125972787065,0.8166488769814426,2.9697243560777227,1.4640845799635118,496.825,-978.6083032083145,-230.56882144037178,88.27954385700662,91.09342169369478,-321.66224313406656,0.18335112301855738,0.4640845799635118,False,False,500325-RELIANCE INDUSTRIES LTD.
2016-11-28,0.8248803827751195,0.8262192550361511,2.9789977335683706,1.3944728178388286,493.225,-976.0911571392597,-194.56385557855629,86.37337320574164,85.71300793479435,-280.27686351335063,0.17378074496384888,0.3944728178388286,False,False,500325-RELIANCE INDUSTRIES LTD.
2016-11-29,0.8211993582029683,0.8192679474882407,2.965703971119133,1.4640845799635118,497.925,-978.7731498194944,-231.07931447833158,89.02930956678699,89.99100724691772,-321.0703217252493,0.18073205251175928,0.4640845799635118,False,False,500325-RELIANCE INDUSTRIES LTD.
2016-11-30,0.8227670049231388,0.8192679474882407,2.971365417462072,1.3892460414254395,496.375,-978.536509092736,-193.21200381255255,87.97402793127696,89.71087256552454,-282.9228763780771,0.18073205251175928,0.3892460414254395,False,False,500325-RELIANCE INDUSTRIES LTD.
2016-12-01,0.823760185092043,0.8205037488892171,3.112463534855648,1.7391663538586113,498.6,-1053.274318479026,-368.5483440339036,87.87317171310741,89.49683080383636,-458.04517483774,0.17949625111078293,0.7391663538586113,False,False,500325-RELIANCE INDUSTRIES LTD.
2016-12-02,0.816165844421189,0.800421305175574,3.083769372601784,1.6952117105995335,497.65,-1036.9878282752775,-345.97210777985777,91.4850675237953,99.32033747937561,-445.2924452592334,0.19957869482442603,0.6952117105995335,False,False,500325-RELIANCE INDUSTRIES LTD.
2016-12-05,0.8191457437231169,0.7991801268615089,3.095028508552565,1.9191252955624336,497.05,-1041.3339201760525,-456.8512281593076,89.89360808242475,99.81751794348702,-556.6687461027946,0.20081987313849115,0.9191252955624336,False,False,500325-RELIANCE INDUSTRIES LTD.
2016-12-06,0.8031974890883233,0.8158301102828954,3.0347702417733315,1.4640845799635118,501.675,-1020.7933610416362,-232.8196316531948,98.73089966161541,92.39342942382842,-325.2130610770232,0.18416988971710457,0.4640845799635118,False,False,500325-RELIANCE INDUSTRIES LTD.
2016-12-07,0.7978371005455962,0.8037357883772188,3.0411145752143414,1.3892460414254395,499.85,-1020.2511204208885,-194.56463380650598,101.05112529228376,98.1026661796472,-292.6672999861532,0.19626421162278118,0.3892460414254395,False,False,500325-RELIANCE INDUSTRIES LTD.
2016-12-08,0.7965178484583212,0.8016882310318161,3.0735337029471843,1.6689599681957212,509.775,-1057.0356434199007,-341.0190677869738,103.73011380215934,101.09438202575598,-442.11344981272975,0.19831176896818392,0.6689599681957212,False,False,500325-RELIANCE INDUSTRIES LTD.
2016-12-09,0.7874795653428214,0.7984836857101785,3.038657563227233,1.9191252955624336,513.2,-1046.239061448216,-471.69510168264094,109.06548706606407,103.41817249353642,-575.1132741761774,0.20151631428982153,0.9191252955624336,False,False,500325-RELIANCE INDUSTRIES LTD.
2016-12-12,0.7725471698113208,0.7883798725002139,2.9810377358490565,1.9191252955624336,514.05,-1018.3524481132074,-472.4763581838689,116.92212735849057,108.78332654126501,-581.2596847251339,0.2116201274997861,0.9191252955624336,False,False,500325-RELIANCE INDUSTRIES LTD.
2016-12-13,0.7767975716182887,0.7836368565293229,2.997438816163916,1.9191252955624336,519.95,-1038.5683124644281,-477.89919742768734,116.0541026370708,112.49801644757855,-590.3972138752658,0.2163631434706771,0.9191252955624336,False,False,500325-RELIANCE INDUSTRIES LTD.
2016-12-14,0.7743369107843601,0.8022445528392261,2.999952720911541,1.7820199430185135,530.0,-1059.9749420831167,-414.4705697998122,119.60143728428915,104.81038699521014,-519.2809567950223,0.19775544716077387,0.7820199430185135,False,False,500325-RELIANCE INDUSTRIES LTD.
2016-12-15,0.7709833827613801,0.829390047202158,2.9869604104881606,1.5732406517126345,527.1,-1047.3268323683096,-302.1551475177297,120.71465894647656,89.92850611974251,-392.0836536374722,0.17060995279784197,0.5732406517126345,False,False,500325-RELIANCE INDUSTRIES LTD.
2016-12-16,0.7732036634878671,0.7893589108414132,2.995562269851761,2.0313367064640095,528.775,-1055.203439240865,-545.3450669605066,119.92423283920311,111.38174191983171,-656.7268088803384,0.21064108915858681,1.0313367064640095,False,False,500325-RELIANCE INDUSTRIES LTD.
2016-12-19,0.7714918272174854,0.7893589108414131,2.9889302369400346,1.7214770702622446,531.075,-1056.271125582929,-383.1584350895216,121.35497786047392,111.86621642489655,-495.02465151441817,0.21064108915858692,0.7214770702622446,False,False,500325-RELIANCE INDUSTRIES LTD.
2016-12-20,0.7769818302576023,0.8262597089766972,3.010199724844632,1.8967155880444584,529.55,-1064.5012642914749,-474.85573964894286,118.0992717870867,92.00417111139001,-566.8599107603329,0.1737402910233028,0.8967155880444584,False,False,500325-RELIANCE INDUSTRIES LTD.
2016-12-21,0.7693536264562194,0.8185396868063048,2.98064637354378,1.586392282493081,530.725,-1051.1785465990229,-311.2130441261404,122.40979659902297,96.30552471972385,-407.51856884586425,0.18146031319369516,0.586392282493081,False,False,500325-RELIANCE INDUSTRIES LTD.
2016-12-22,0.7782740923778749,0.8207536692113082,3.015206234556168,1.9191252955624336,526.975,-1061.9633054552364,-484.35605262901345,116.8440101691694,94.45833516737088,-578.8143877963844,0.1792463307886918,0.9191252955624336,False,False,500325-RELIANCE INDUSTRIES LTD.
2016-12-27,0.7689562890276538,0.8447183707457558,2.979107000328653,1.642041349808143,532.2,-1053.2807455749091,-341.69440636789375,122.96146297948269,82.64088308910874,-424.3352894570025,0.15528162925424416,0.642041349808143,False,False,500325-RELIANCE INDUSTRIES LTD.
2016-12-28,0.7508366570393801,0.7956462565629454,2.9434740750928343,1.309005215229939,526.1,-1022.4617109063403,-162.56764373247086,131.08483473158213,107.51050442223442,-270.0781481547053,0.2043537434370546,0.30900521522993896,False,False,500325-RELIANCE INDUSTRIES LTD.
2016-12-29,0.7660788624350998,0.7822183372108183,3.003227466205155,1.645403910622218,532.475,-1066.66854506759,-343.6614473085656,124.55715772487025,115.96329089366952,-459.6247382022351,0.21778166278918165,0.645403910622218,False,False,500325-RELIANCE INDUSTRIES LTD.
2017-01-03,0.7600705401893446,0.8959583203971085,2.979673287544088,1.7319630454074495,545.325,-1079.5653355299798,-399.15774773681744,130.83953267124565,56.73652892944676,-455.8942766662642,0.10404167960289146,0.7319630454074495,False,False,500325-RELIANCE INDUSTRIES LTD.
2017-01-04,0.7634007644262142,0.8048677098870263,2.99272862869395,2.2191883494137103,534.475,-1065.063633821199,-651.6256930528929,126.45637643329917,104.29333075813162,-755.9190238110245,0.19513229011297373,1.2191883494137103,False,False,500325-RELIANCE INDUSTRIES LTD.
2017-01-05,0.7602822393463932,0.8039309740838252,2.9805032030452145,1.7319630454074495,538.7,-1066.8970754804573,-394.30849256099305,129.135957664098,105.62238426104341,-499.93087682203645,0.1960690259161748,0.7319630454074495,False,False,500325-RELIANCE INDUSTRIES LTD.
2017-01-06,0.7532885659093,0.8048677098870263,2.953086192622574,2.2191883494137103,536.35,-1047.5377794131177,-653.9116712080437,132.3236776745469,104.65920380209349,-758.5708750101371,0.19513229011297373,1.2191883494137103,False,False,500325-RELIANCE INDUSTRIES LTD.
2017-01-09,0.7553731205608339,0.7814801309060087,2.96125818651416,1.315617698727391,538.55,-1056.2355963472007,-169.9759116496365,131.74380592196286,117.68387550056906,-287.65978715020555,0.21851986909399135,0.3156176987273911,False,False,500325-RELIANCE INDUSTRIES LTD.
2017-01-10,0.7560356368000738,0.7822183372108183,2.963855421686747,1.8935168545036098,543.55,-1067.4536144578312,-485.671086265437,132.60682961731987,118.37522280905966,-604.0463090744967,0.21778166278918165,0.8935168545036098,False,False,500325-RELIANCE INDUSTRIES LTD.
2017-01-11,0.7864208201286853,0.8987702203846257,3.0829732065687123,1.7286499010959837,542.05,-1129.0756266205703,-394.96467888907796,115.77059444924612,54.87160204051361,-449.83628092959157,0.10122977961537427,0.7286499010959837,False,False,500325-RELIANCE INDUSTRIES LTD.
2017-01-12,0.7931618964598769,0.7893589108414132,3.1093999709429028,1.484150143831662,541.575,-1142.3982892634026,-262.2036141456324,112.01834592474216,114.07794786106166,-376.28156200669406,0.21064108915858681,0.484150143831662,False,False,500325-RELIANCE INDUSTRIES LTD.
2017-01-17,0.7921644498186216,0.8514100013166935,3.1054897218863364,1.5693663142256655,520.65,-1096.2232237001208,-296.4405715015928,108.20957920193467,77.36338281446353,-373.8039543160563,0.14858999868330647,0.5693663142256655,False,False,500325-RELIANCE INDUSTRIES LTD.
2017-01-18,0.7983815930583991,0.8145000697711214,3.129862532904358,1.3784571384159001,516.225,-1099.4882860485523,-195.369036278748,104.08046212342794,95.75970148240282,-291.12873776115083,0.18549993022887856,0.3784571384159001,False,False,500325-RELIANCE INDUSTRIES LTD.
2017-01-19,0.8060436045080959,0.8418091133360903,3.1598996013583345,1.5218448084643754,516.875,-1116.3981064520892,-269.7285353750241,100.25121191987796,81.76491454440833,-351.4934499194324,0.15819088666390968,0.5218448084643754,False,False,500325-RELIANCE INDUSTRIES LTD.
2017-01-20,0.7969441876307722,0.8732874512424413,3.1242275315069827,1.680531422521953,512.85,-1089.4100895333563,-349.0105400403836,104.13717337355848,64.98453063031394,-413.99507067069754,0.12671254875755866,0.680531422521953,False,False,500325-RELIANCE INDUSTRIES LTD.
2017-01-23,0.8054490016720762,0.8217516159010756,3.1575686043080555,2.2041082490082884,507.975,-1095.9909117733846,-611.6568877899853,98.82704337562706,90.54572291265112,-702.2026107026363,0.1782483840989244,1.2041082490082884,False,False,500325-RELIANCE INDUSTRIES LTD.
2017-01-24,0.7988099302541091,0.8433716152363399,3.1315417256011315,1.90215604333208,513.775,-1095.1328500707214,-463.5052211629394,103.3664280836951,80.47174838194951,-543.9769695448889,0.15662838476366014,0.9021560433320801,False,False,500325-RELIANCE INDUSTRIES LTD.
2017-01-25,0.7842742900924196,0.8447183707457558,3.0745582531245508,1.3582245940267046,508.35,-1054.6016879758654,-182.10347237347526,109.66416463151853,78.93741623139505,-261.0408886048703,0.15528162925424416,0.3582245940267046,False,False,500325-RELIANCE INDUSTRIES LTD.
2017-01-27,0.7848380295188805,0.8072656539786485,3.0767682576193214,1.5742198867120987,512.575,-1064.4994896492237,-294.330758431454,110.28664701935986,98.79080741189426,-393.12156584334826,0.19273434602135153,0.5742198867120987,False,False,500325-RELIANCE INDUSTRIES LTD.
2017-01-30,0.7804994281357224,0.8447183707457558,3.0597598170034312,1.6092090613347227,522.075,-1075.3491064620664,-318.0528206963254,114.59576105604276,81.06865659290952,-399.1214772892349,0.15528162925424416,0.6092090613347227,False,False,500325-RELIANCE INDUSTRIES LTD.
2017-01-31,0.7838238813113185,0.7893589108414131,3.072792534099067,1.315617698727391,521.7,-1081.3758650394834,-164.65775342607992,112.77908111988512,109.8914562140348,-274.5492096401147,0.21064108915858692,0.3156176987273911,False,False,500325-RELIANCE INDUSTRIES LTD.
2017-02-01,0.7922027667601819,0.8265986473726148,3.105639934216891,1.9910486964451646,524.6,-1104.6187094901811,-519.9041461551334,109.01042855760858,90.9663495883263,-610.8704957434597,0.1734013526273852,0.9910486964451646,False,False,500325-RELIANCE INDUSTRIES LTD.
2017-02-02,0.7873281415248534,0.8959583203971085,3.0865301413325645,2.052608800711757,522.375,-1089.9511825785985,-549.8565222718041,111.0944620709547,54.34877238256041,-604.2052946543645,0.10404167960289146,1.052608800711757,False,False,500325-RELIANCE INDUSTRIES LTD.
2017-02-03,0.7945085863975938,0.8418091133360903,3.114679344135054,1.3803237925349383,516.85,-1092.972019016203,-196.57035217168288,106.20823712040362,81.76095977224173,-278.3313119439246,0.15819088666390968,0.3803237925349383,False,False,500325-RELIANCE INDUSTRIES LTD.
2017-02-06,0.7984205138205039,0.8357861565481833,3.130015112367767,2.078799438213884,520.05,-1107.714359186857,-561.0296478431303,104.83141178764691,85.39940928711724,-646.4290571302475,0.16421384345181667,1.078799438213884,False,False,500325-RELIANCE INDUSTRIES LTD.
2017-02-07,0.7929698847680836,0.8429275273273198,3.108647235402344,1.484150143831662,515.35,-1086.691352764598,-249.50677662364706,106.6929698847681,80.94729879186576,-330.4540754155128,0.1570724726726802,0.484150143831662,False,False,500325-RELIANCE INDUSTRIES LTD.
2017-02-08,0.79481704357954,0.853998291697627,3.115888576142871,1.2981538219755477,512.825,-1085.080559060468,-152.90073375461031,105.22294962632242,74.87332606016446,-227.77405981477477,0.14600170830237302,0.29815382197554774,False,False,500325-RELIANCE INDUSTRIES LTD.
2017-02-09,0.7963242086838139,0.8236673381699224,3.121797053532358,1.6092090613347227,516.35,-1095.589908591433,-314.56509882018406,105.16799484611266,91.04936993596056,-405.6144687561446,0.17633266183007756,0.6092090613347227,False,False,500325-RELIANCE INDUSTRIES LTD.
2017-02-10,0.7812067731934176,0.8236673381699224,3.0625327927498214,1.53275069259208,515.15,-1062.5137681850706,-274.44651928881,112.71133078941091,90.83777074176447,-365.2842900305745,0.17633266183007756,0.53275069259208,False,False,500325-RELIANCE INDUSTRIES LTD.
2017-02-13,0.7792368446093824,0.8155545454433681,3.0548101627176707,2.205764588195751,514.175,-1056.5320154153583,-619.9740071355502,113.5108954229708,94.83724159665616,-714.8112487322064,0.18444545455663186,1.205764588195751,False,False,500325-RELIANCE INDUSTRIES LTD.
2017-02-14,0.7689562890276538,0.8087554023625382,3.014507723367294,1.4426570707135238,524.125,-1055.8538605098831,-232.00763718772566,121.09578501338098,100.23607473673468,-332.24371192446034,0.19124459763746182,0.4426570707135238,False,False,500325-RELIANCE INDUSTRIES LTD.
2017-02-15,0.7524925338846772,0.788618649584061,2.9499655410062027,1.6030497828272743,525.45,-1024.6093935217093,-316.87250838659133,130.05279807029638,111.07033057605514,-427.9428389626465,0.21138135041593897,0.6030497828272743,False,False,500325-RELIANCE INDUSTRIES LTD.
2017-02-16,0.678093818573262,0.6749927547152824,2.658303316358216,1.325809159850262,532.475,-883.0050583778412,-173.48523239126826,171.40699395520232,173.05823293298,-346.54346532424825,0.3250072452847176,0.32580915985026193,False,False,500325-RELIANCE INDUSTRIES LTD.
2017-02-21,0.6924572974801285,0.6823208852477167,2.714611872146119,2.0499930618744675,544.125,-932.9631849315069,-571.3274747924447,167.3416730086251,172.85714831458614,-744.1846231070308,0.3176791147522833,1.0499930618744675,False,False,500325-RELIANCE INDUSTRIES LTD.
2017-02-22,0.6611496851283708,0.6595571652391594,2.591877926691426,1.9910486964451646,603.825,-961.2156890844503,-598.4199791310016,204.60629137736152,205.5678946994646,-803.9878738304662,0.3404428347608406,0.9910486964451646,False,False,500325-RELIANCE INDUSTRIES LTD.
2017-02-23,0.6613365636987684,0.6584053601696147,2.5926105390672323,1.3607682908316003,591.3,-941.7106117504543,-213.32229036872525,200.25168988491828,201.98491053170682,-415.30720090043206,0.3415946398303853,0.36076829083160034,False,False,500325-RELIANCE INDUSTRIES LTD.
2017-02-27,0.6635336061256735,0.6727323758301372,2.601223514159543,1.9411814447052915,619.3,-991.637722319005,-582.873668705987,208.37363772637042,202.67683964839603,-785.550508354383,0.32726762416986277,0.9411814447052915,False,False,500325-RELIANCE INDUSTRIES LTD.
2017-02-28,0.6640178390431786,0.6749927547152824,2.603121832556254,1.484150143831662,619.125,-992.5328045813908,-299.7494577997777,208.01495540239205,201.22011073690078,-500.9695685366785,0.3250072452847176,0.484150143831662,False,False,500325-RELIANCE INDUSTRIES LTD.
2017-03-01,0.6507211251936906,0.6758716254699639,2.55099527196154,1.5292077673153421,617.075,-957.0804074456673,-326.56088301611476,215.53126167110338,200.01151671312203,-526.5723997292368,0.32412837453003607,0.5292077673153421,False,False,500325-RELIANCE INDUSTRIES LTD.
2017-03-02,0.6275576672541957,0.6584053601696146,2.4601885201931184,1.2981538219755477,616.625,-900.3887462640816,-183.84910047567212,229.65725342938157,210.6357947854114,-394.4848952610835,0.3415946398303854,0.29815382197554774,False,False,500325-RELIANCE INDUSTRIES LTD.
2017-03-03,0.6276057633353771,0.6584053601696146,2.4603770692826488,1.298153821975548,629.225,-918.9057614193747,-187.6058386325642,234.31976356529736,214.93988724727427,-402.54572587983847,0.3415946398303854,0.29815382197554796,False,False,500325-RELIANCE INDUSTRIES LTD.
2017-03-06,0.6338725907577986,0.6584053601696147,2.484944655159068,1.561264926520315,652.45,-968.8521402585338,-366.1973013081795,238.87982816007434,222.87342275733488,-589.0707240655144,0.3415946398303853,0.5612649265203149,False,False,500325-RELIANCE INDUSTRIES LTD.
2017-03-07,0.6361129451974987,0.6758716254699639,2.4937274245543173,1.6778276434088806,652.4,-974.5077717792366,-442.2147545599536,237.3999145531518,211.46135154339555,-653.6761061033492,0.32412837453003607,0.6778276434088806,False,False,500325-RELIANCE INDUSTRIES LTD.
2017-03-08,0.6390666458560949,0.6584053601696147,2.505306695801467,1.3936736308366737,645.95,-972.3528601529579,-254.29348183894945,233.14490010925556,220.65305759843739,-474.94653943738683,0.3415946398303853,0.3936736308366737,False,False,500325-RELIANCE INDUSTRIES LTD.
2017-03-09,0.6351015976423142,0.661212967710274,2.489762680316426,1.5222888879223535,643.675,-958.9229932526755,-336.1842999334209,234.87597913758339,218.06874300908936,-554.2530429425103,0.33878703228972595,0.5222888879223535,False,False,500325-RELIANCE INDUSTRIES LTD.
2017-03-10,0.627798221404477,0.6482626853674321,2.4611315547378103,2.2191883494137103,640.7,-936.1469871205152,-781.1339754693643,238.46967954615155,225.35809748508626,-1006.4920729544506,0.35173731463256785,1.2191883494137103,False,False,500325-RELIANCE INDUSTRIES LTD.
2017-03-14,0.6312097737696073,0.656883199704094,2.474505723204995,2.2191883494137103,644.7,-950.6138397502605,-786.0107288670192,237.75905885073422,221.20740115077058,-1007.2181300177898,0.34311680029590597,1.2191883494137103,False,False,500325-RELIANCE INDUSTRIES LTD.
2017-03-15,0.6296082727866835,0.6584053601696146,2.468227424749164,1.9910486964451646,652.2,-957.5779264214048,-646.3619598215364,241.569484488525,222.7880240973774,-869.1499839189138,0.3415946398303854,0.9910486964451646,False,False,500325-RELIANCE INDUSTRIES LTD.
2017-03-16,0.6395907369078768,0.6584053601696147,2.507361268403171,1.3803237925349383,648.675,-977.7875707814269,-246.70653612260105,233.78847873628297,221.58390299197515,-468.2904391145762,0.3415946398303853,0.3803237925349383,False,False,500325-RELIANCE INDUSTRIES LTD.
2017-03-17,0.6479664503877196,0.6584053601696146,2.540196233581263,2.0201396190399072,650.325,-1001.6281156037351,-663.4222977521276,228.93621815160628,222.1475341476954,-885.569831899823,0.3415946398303854,1.0201396190399072,False,False,500325-RELIANCE INDUSTRIES LTD.
2017-03-20,0.6501786423183803,0.6758716254699639,2.5488685986502584,1.5175342936484233,640.175,-991.5469551409292,-331.3125164363794,223.94688765383086,207.4988821647658,-538.8113986011451,0.32412837453003607,0.5175342936484233,False,False,500325-RELIANCE INDUSTRIES LTD.
2017-03-21,0.6427282002982497,0.655156999598091,2.5196609371320937,1.5693663142256655,631.9,-960.2737461737701,-359.7825739591981,225.760050231536,217.90629195396627,-577.6888659131644,0.34484300040190896,0.5693663142256655,False,False,500325-RELIANCE INDUSTRIES LTD.
2017-03-22,0.6366816980251905,0.6628710266276234,2.495957082879801,2.2191883494137103,629.75,-942.0789729435546,-767.7838630432841,228.79970066863632,212.30697098125415,-980.0908340245383,0.3371289733723766,1.2191883494137103,False,False,500325-RELIANCE INDUSTRIES LTD.
2017-03-23,0.654727163701779,0.6675528196970247,2.5666999800119927,2.2191883494137103,637.05,-998.0662222666399,-776.683937994004,219.95606036378172,211.7854762120104,-988.4694142060144,0.33244718030297526,1.2191883494137103,False,False,500325-RELIANCE INDUSTRIES LTD.
2017-03-24,0.6574077790711675,0.6595571652391594,2.5772086862280736,1.5218448084643752,643.1,-1014.3029061132742,-335.5983963234397,220.32105727933214,218.9387870346966,-554.5371833581363,0.3404428347608406,0.5218448084643752,False,False,500325-RELIANCE INDUSTRIES LTD.
2017-03-27,0.6526659759305012,0.6758716254699639,2.5586195903403204,1.553890340458428,625.375,-974.7217263090779,-346.38917166418946,217.21401530246277,202.70178222172132,-549.0909538859107,0.32412837453003607,0.5538903404584281,False,False,500325-RELIANCE INDUSTRIES LTD.
2017-03-28,0.6451333359593493,0.6590119489700151,2.5290896915744283,2.2057645881957515,622.825,-952.3552871548434,-750.9803296430189,221.01983003111832,212.37588288275032,-963.3562125257693,0.34098805102998486,1.2057645881957515,False,False,500325-RELIANCE INDUSTRIES LTD.
2017-03-29,0.6207550030321407,0.6595571652391594,2.433520315342632,1.7557601244369478,627.35,-899.3189698302002,-474.12611406551935,237.91934884778652,213.57681238721335,-687.7029264527328,0.3404428347608406,0.7557601244369478,False,False,500325-RELIANCE INDUSTRIES LTD.
2017-03-30,0.5972141190198366,0.6471247385661841,2.3412339556592765,1.8881747574101517,634.675,-851.2476608080513,-563.7023141592881,255.6381290110852,223.96110655050705,-787.6634207097952,0.35287526143381587,0.8881747574101517,False,False,500325-RELIANCE INDUSTRIES LTD.
2017-03-31,0.5787688175842816,0.6343072913892126,2.268923598840908,1.5125644074448645,659.6,-836.9820057954629,-338.0874831506327,277.8440879214079,241.2109105996754,-579.2983937503082,0.3656927086107874,0.5125644074448645,False,False,500325-RELIANCE INDUSTRIES LTD.
2017-04-03,0.5693329161886884,0.6458187284117989,2.231932422567525,2.2569600145267636,685.6,-844.6128689122951,-861.7717859595492,295.26535266103525,242.8266798008707,-1104.59846576042,0.3541812715882011,1.2569600145267636,False,False,500325-RELIANCE INDUSTRIES LTD.
2017-04-05,0.5826189036320302,0.6458187284117989,2.2840169328732527,1.7703776428514626,707.45,-908.3777791611826,-545.0036634352673,295.27625662552026,250.56554058507288,-795.5692040203402,0.3541812715882011,0.7703776428514626,False,False,500325-RELIANCE INDUSTRIES LTD.
2017-04-06,0.5929546359653887,0.660479433571984,2.324535679374389,1.7080797758044757,719.175,-952.5729472140763,-509.23327276418377,292.7368496795916,244.17470336086836,-753.4079761250521,0.339520566428016,0.7080797758044757,False,False,500325-RELIANCE INDUSTRIES LTD.
2017-04-07,0.5959537151590132,0.6584053601696146,2.336292846226621,1.4943920384512097,702.775,-939.1132050069135,-347.44636482254884,283.9536278291245,240.06417300679908,-587.5105378293479,0.3415946398303854,0.4943920384512097,False,False,500325-RELIANCE INDUSTRIES LTD.
2017-04-10,0.6047335967211903,0.6758716254699639,2.3707122549200603,1.5657974556494227,690.525,-946.5110798286747,-390.6972880623176,272.9413331241,223.81874582235315,-614.5160338846708,0.32412837453003607,0.5657974556494227,False,False,500325-RELIANCE INDUSTRIES LTD.
2017-04-11,0.6002125554293254,0.6411960418310461,2.35298860263129,1.3139704062362614,687.05,-929.5708194378278,-215.7133676046234,274.673963792282,246.51625945997978,-462.22962706460316,0.35880395816895394,0.3139704062362614,False,False,500325-RELIANCE INDUSTRIES LTD.
2017-04-12,0.5887131560028757,0.6346024672351245,2.307907979870597,2.0851003271868365,677.075,-885.5517954708844,-734.6943040300273,278.472039899353,247.40153449677808,-982.0958385268054,0.3653975327648755,1.0851003271868365,False,False,500325-RELIANCE INDUSTRIES LTD.
2017-04-13,0.597540953701339,0.6449257190638619,2.3425152322229925,2.038954875893536,682.175,-915.8303285417198,-708.7490424626728,274.54749990878906,242.22279759761,-950.9718400602828,0.35507428093613813,1.0389548758935359,False,False,500325-RELIANCE INDUSTRIES LTD.
2017-04-17,0.5978026791254517,0.6584053601696146,2.3435412636420048,2.007544246031679,695.5,-934.4329488630144,-700.7470231150326,279.7282366682483,237.57907200203306,-938.3260951170656,0.3415946398303854,1.0075442460316788,False,False,500325-RELIANCE INDUSTRIES LTD.
2017-04-18,0.5979991237038118,0.6584053601696147,2.344311377245509,1.467094330181674,685.225,-921.1557634730538,-320.06471239873747,275.46105046005556,234.06918707777578,-554.1338994765133,0.3415946398303853,0.4670943301816739,False,False,500325-RELIANCE INDUSTRIES LTD.
2017-04-19,0.585033041614574,0.6584053601696146,2.2934809787462047,1.681067929388354,684.925,-885.9374593677442,-466.48045153631824,284.22124397213787,233.9667086858267,-700.4471602221449,0.3415946398303854,0.6810679293883539,False,False,500325-RELIANCE INDUSTRIES LTD.
2017-04-20,0.5781558881671843,0.6286871796374139,2.266520756848348,2.2063814183623154,684.7,-867.186762214064,-826.0093571526775,288.8366633719289,254.23788810226267,-1080.24724525494,0.37131282036258606,1.2063814183623154,False,False,500325-RELIANCE INDUSTRIES LTD.
2017-04-21,0.5716579406631762,0.6330361038300282,2.241047120418848,1.863050396880256,699.875,-868.577853403141,-604.0273965165693,299.7858987783595,256.82885683195906,-860.8562533485283,0.3669638961699718,0.8630503968802561,False,False,500325-RELIANCE INDUSTRIES LTD.
2017-04-24,0.5781762982313694,0.660479433571984,2.266600769583789,1.7893036246414495,708.2,-897.0066650192396,-558.9848269710747,298.7355455925442,240.44846514432095,-799.4332921153956,0.339520566428016,0.7893036246414495,False,False,500325-RELIANCE INDUSTRIES LTD.
2017-04-25,0.5815844607790916,0.6446408668758047,2.279961649089166,1.8746142124714305,716.25,-916.7725311601152,-626.4424296826621,299.69012996697563,254.5259791002049,-880.9684087828671,0.3553591331241953,0.8746142124714305,False,False,500325-RELIANCE INDUSTRIES LTD.
2017-04-26,0.5871092629767709,0.6584053601696146,2.301620303986234,1.2489551633700409,708.175,-921.7749587754513,-176.30382281957873,292.39889769142525,241.90878406188318,-418.2126068814619,0.3415946398303854,0.24895516337004087,False,False,500325-RELIANCE INDUSTRIES LTD.
2017-04-27,0.597344809978846,0.6495578799667623,2.3417462980523744,1.731337468267815,704.025,-944.6229374863229,-514.8798610972484,283.47932015464295,246.72001355640015,-761.5998746536486,0.3504421200332377,0.7313374682678151,False,False,500325-RELIANCE INDUSTRIES LTD.
2017-04-28,0.5976281700419631,0.6778703952499245,2.342857142857143,1.6981424464695003,697.4,-936.5085714285714,-486.8845421678294,280.61411421273493,224.65318635270262,-711.537728520532,0.32212960475007546,0.6981424464695003,False,False,500325-RELIANCE INDUSTRIES LTD.
2017-05-02,0.6026862925482981,0.7270488604866886,2.362686292548298,1.6580671533108096,685.45,-934.053319227231,-451.0721302368945,272.3386807727691,187.09435857939934,-638.1664888162938,0.2729511395133114,0.6580671533108096,False,False,500325-RELIANCE INDUSTRIES LTD.
2017-05-03,0.6163630889658287,0.6778703952499245,2.416302875206985,1.4277263406545637,685.125,-970.3445073761857,-293.04600914095795,262.8392386722866,220.69904545439545,-513.7450545953534,0.32212960475007546,0.4277263406545637,False,False,500325-RELIANCE INDUSTRIES LTD.
2017-05-04,0.6194636710919474,0.6778703952499245,2.428457959832066,1.3990596335487038,679.375,-970.45862646091,-271.11113854215057,258.52686845190823,218.8468002270825,-489.95793876923307,0.32212960475007546,0.3990596335487038,False,False,500325-RELIANCE INDUSTRIES LTD.
2017-05-05,0.6154366451225012,0.6595571652391594,2.412670975499775,1.4849645550064048,664.3,-938.4373290245005,-322.1619538907547,255.46543664512245,226.1561751316264,-548.3181290223811,0.3404428347608406,0.4849645550064048,False,False,500325-RELIANCE INDUSTRIES LTD.
2017-05-08,0.6023538065465245,0.660479433571984,2.361382861346083,1.2682442896381951,660.975,-899.8400367782273,-177.3027693436061,262.834192717911,224.41460639475787,-401.71737573836396,0.339520566428016,0.26824428963819513,False,False,500325-RELIANCE INDUSTRIES LTD.
2017-05-09,0.6035969632195769,0.6761402748897789,2.3662563573376576,1.266264520388797,665.3,-908.9703545367436,-177.14578541466665,263.7269403700155,215.4638751158301,-392.60966053049674,0.3238597251102211,0.266264520388797,False,False,500325-RELIANCE INDUSTRIES LTD.
2017-05-10,0.6062109042454751,0.6495578799667623,2.3765036828663435,1.4759130875396753,679.75,-935.6783784283971,-323.5019212550943,267.6781378391383,238.21303109259333,-561.7149523476876,0.3504421200332377,0.4759130875396753,False,False,500325-RELIANCE INDUSTRIES LTD.
2017-05-11,0.6094593085997096,0.6788145786608648,2.389238268894429,1.373072093582553,678.35,-942.389779704536,-253.0734546817249,264.92327801138697,217.87613056540238,-470.9495852471273,0.3211854213391352,0.3730720935825531,False,False,500325-RELIANCE INDUSTRIES LTD.
2017-05-12,0.6037304629902683,0.6584053601696147,2.366779710999705,1.717774510761867,675.425,-923.1571863019758,-484.802848931334,267.650352034798,230.721559607438,-715.5244085387719,0.3415946398303853,0.7177745107618669,False,False,500325-RELIANCE INDUSTRIES LTD.
2017-05-15,0.6055161194912747,0.660479433571984,2.373779946761313,1.3018998722791502,671.825,-922.9397127329194,-202.82388169394005,265.0241330227744,228.09840454050186,-430.9222862344419,0.339520566428016,0.30189987227915016,False,False,500325-RELIANCE INDUSTRIES LTD.
2017-05-16,0.6170830036547229,0.6788145786608648,2.4191251271617498,1.387112822578054,678.2,-962.4506612410987,-262.53991627243624,259.69430692136694,217.8279527522015,-480.36786902463774,0.3211854213391352,0.387112822578054,False,False,500325-RELIANCE INDUSTRIES LTD.
2017-05-17,0.6210845657944634,0.6436463732306204,2.43481228668942,1.4326498517683626,676.2,-970.2200682593859,-292.55782976576677,256.22261660978387,240.96632242145455,-533.5241521872213,0.35635362676937965,0.43264985176836257,False,False,500325-RELIANCE INDUSTRIES LTD.
2017-05-18,0.6186213408876298,0.6436463732306204,2.425155807365439,1.5600958048421247,663.525,-945.6265070821529,-371.6375689078708,253.05427478753546,236.4495402021526,-608.0871091100234,0.35635362676937965,0.5600958048421247,False,False,500325-RELIANCE INDUSTRIES LTD.
2017-05-19,0.627798221404477,0.6584053601696147,2.4611315547378103,1.630026729466083,659.25,-963.2509774609014,-415.34512140051515,245.37402253909852,225.19626630818152,-640.5413877086967,0.3415946398303853,0.6300267294660831,False,False,500325-RELIANCE INDUSTRIES LTD.
2017-05-22,0.6313801079414032,0.6595571652391594,2.4751734772552045,1.4779527260899807,661.875,-976.3804452582885,-316.34496058080595,243.98029105628376,225.33060125733135,-541.6755618381374,0.3404428347608406,0.47795272608998074,False,False,500325-RELIANCE INDUSTRIES LTD.
2017-05-23,0.6285209916340471,0.7423075860979582,2.4639650011512777,1.373072093582553,652.2,-954.7979737508633,-243.31761943454114,242.27860925627454,168.06699234691166,-411.3846117814528,0.2576924139020418,0.3730720935825531,False,False,500325-RELIANCE INDUSTRIES LTD.
2017-05-24,0.6026419398756302,0.6778703952499245,2.3625124185892488,1.6165793546210678,648.5,-883.5893034551277,-399.8517114717624,257.68670199065383,208.9010486804239,-608.7527601521863,0.32212960475007546,0.6165793546210678,False,False,500325-RELIANCE INDUSTRIES LTD.
2017-05-25,0.6108458899000447,0.6629058196114878,2.394674026555274,1.2682442896381954,651.45,-908.5603945994335,-174.74774248480242,253.5144450246159,219.60000381409634,-394.34774629889876,0.33709418038851224,0.26824428963819535,False,False,500325-RELIANCE INDUSTRIES LTD.
2017-05-30,0.6164094843808807,0.6778703952499245,2.416484757245013,1.605468549155411,679.425,-962.3951561911929,-411.37046900991504,260.6209860745201,218.86290670732,-630.233375717235,0.32212960475007546,0.605468549155411,False,False,500325-RELIANCE INDUSTRIES LTD.
2017-05-31,0.6181543687488205,0.6495578799667623,2.423325155689753,1.4362537878913073,670.3,-954.0548518588412,-292.4209140235432,255.95112662766564,234.9013530582792,-527.3222670818225,0.3504421200332377,0.4362537878913073,False,False,500325-RELIANCE INDUSTRIES LTD.
2017-06-01,0.6162239446158476,0.6778703952499245,2.415757393332832,1.4517701291548655,664.25,-940.4168485213336,-300.08830829111935,254.92324478892323,213.9745899552376,-514.062898246357,0.32212960475007546,0.4517701291548655,False,False,500325-RELIANCE INDUSTRIES LTD.
2017-06-02,0.6234962692249124,0.7423075860979582,2.444266788487894,1.266264520388797,662.375,-956.6462140246688,-176.36696169252946,249.38665867214866,170.6890126583649,-347.05597435089436,0.2576924139020418,0.266264520388797,False,False,500325-RELIANCE INDUSTRIES LTD.
2017-06-05,0.611484468339307,0.6584053601696147,2.397177419354839,1.3958607342958145,664.45,-928.3545362903228,-263.02966490285394,258.14914501194744,226.9725584352995,-490.00222333815344,0.3415946398303853,0.3958607342958145,False,False,500325-RELIANCE INDUSTRIES LTD.
2017-06-06,0.6157605835025189,0.6584053601696147,2.413940897811865,1.2683293703493859,656.7,-928.5349875930519,-176.21189750844167,252.33002481389582,224.32519997661404,-400.5370974850557,0.3415946398303853,0.26832937034938587,False,False,500325-RELIANCE INDUSTRIES LTD.
2017-06-07,0.6131785847997004,0.6778703952499245,2.403818794459004,1.3318415147187497,669.6,-939.9970647697493,-222.20107825567482,259.0156196181206,215.69798334065052,-437.89906159632534,0.32212960475007546,0.3318415147187497,False,False,500325-RELIANCE INDUSTRIES LTD.
2017-06-08,0.6206844279379998,0.6584053601696147,2.4332436427028465,1.3897128168153643,664.95,-953.0353602152579,-259.1395375413765,252.225889642627,227.1433557552147,-486.2828932965912,0.3415946398303853,0.3897128168153643,False,False,500325-RELIANCE INDUSTRIES LTD.
2017-06-09,0.62387627609325,0.7423075860979582,2.445756513789426,1.5537884243456799,667.75,-965.4039120828891,-369.7922203568278,251.15661663873232,172.0741093830884,-541.8663297399162,0.2576924139020418,0.5537884243456799,False,False,500325-RELIANCE INDUSTRIES LTD.
2017-06-12,0.6039530938859797,0.6440385888682316,2.367652481746441,1.428505890965678,659.675,-902.2061508960835,-282.67462362278366,261.2622427907663,234.8188438883493,-517.493467511133,0.3559614111317684,0.42850589096567804,False,False,500325-RELIANCE INDUSTRIES LTD.
2017-06-13,0.5914770675334056,0.6520915826715965,2.318743228602384,1.266264520388797,656.3,-865.4911809317446,-174.7494047311675,268.11360057782593,228.33229429263122,-403.0816990237987,0.3479084173284035,0.266264520388797,False,False,500325-RELIANCE INDUSTRIES LTD.
2017-06-14,0.5900493569189754,0.6477537140022123,2.3131462333825703,1.8842296328017014,677.95,-890.2474889217135,-599.4634795579136,277.9260384767806,238.80536959220024,-838.2688491501139,0.35224628599778773,0.8842296328017014,False,False,500325-RELIANCE INDUSTRIES LTD.
2017-06-15,0.5811304687222794,0.6458187284117989,2.278181882695242,1.2683293703493859,692.25,-884.8214082957811,-185.7510066243624,289.96243302700213,245.18198525693225,-430.93299188129464,0.3541812715882011,0.26832937034938587,False,False,500325-RELIANCE INDUSTRIES LTD.
2017-06-16,0.5798548415648788,0.6778703952499247,2.273181093998938,1.3795893107193808,693.925,-883.4921906532131,-263.40651244094636,291.54922906709146,223.53378597619604,-486.9402984171424,0.32212960475007535,0.37958931071938085,False,False,500325-RELIANCE INDUSTRIES LTD.
2017-06-19,0.5774628023411608,0.6778703952499245,2.263803680981596,1.3124447679792806,704.575,-890.444478527608,-220.14077239900166,297.7091460404767,226.96446626678443,-447.1052386657861,0.32212960475007546,0.31244476797928056,False,False,500325-RELIANCE INDUSTRIES LTD.
2017-06-20,0.5713986672713951,0.6778703952499245,2.240030701601368,1.3124447679792806,706.125,-875.616679168266,-220.6250617893695,302.64611607298616,227.46376715414704,-448.08882894351655,0.32212960475007546,0.31244476797928056,False,False,500325-RELIANCE INDUSTRIES LTD.
2017-06-21,0.5706620209059233,0.6383749658777174,2.237142857142857,1.6989339401711614,709.05,-877.1961428571428,-495.5791102783619,304.42209407665507,256.4102304444045,-751.9893407227664,0.36162503412228264,0.6989339401711614,False,False,500325-RELIANCE INDUSTRIES LTD.
2017-06-22,0.5703043387422522,0.6247165784420158,2.235740650463124,1.3113447407018604,716.575,-885.5008566056133,-223.10185756843555,307.9091684657707,268.91871780291257,-492.0205753713481,0.3752834215579842,0.31134474070186036,False,False,500325-RELIANCE INDUSTRIES LTD.
2017-06-23,0.5855559528065785,0.6421110467580454,2.2955309259921344,1.2682442896381954,717.5,-929.5434393993564,-192.46527781540522,297.36360386127996,256.7853239511024,-449.2506017665076,0.3578889532419546,0.26824428963819535,False,False,500325-RELIANCE INDUSTRIES LTD.
2017-06-27,0.587910115586187,0.6436463732306204,2.304759853542968,1.5208169706105397,717.95,-936.752336851174,-373.92054404983696,295.8599325148971,255.8440863390761,-629.764630388913,0.35635362676937965,0.5208169706105397,False,False,500325-RELIANCE INDUSTRIES LTD.
2017-06-28,0.5932983155225503,0.6436463732306204,2.340155768882449,1.4326498517683626,699.25,-937.1039213910524,-302.5304088490275,284.3861528708567,249.18027351848872,-551.7106823675163,0.35635362676937965,0.43264985176836257,False,False,500325-RELIANCE INDUSTRIES LTD.
2017-06-29,0.5687595499374913,0.6471247385661842,2.4440894568690097,1.5113687443311865,696.45,-1005.7361022364219,-356.1427619894548,300.3374114460342,245.75997582558102,-601.9027378150358,0.35287526143381576,0.5113687443311865,False,False,500325-RELIANCE INDUSTRIES LTD.
2017-06-30,0.5681282086859997,0.6778703952499245,2.4413764395726374,1.453989380340357,690.125,-994.7299153600663,-313.30942110738886,298.04551998057445,222.30969347814585,-535.6191145855347,0.32212960475007546,0.45398938034035696,False,False,500325-RELIANCE INDUSTRIES LTD.
2017-07-05,0.5493023879796083,0.6483769996884565,2.360477595921653,1.1974200031452777,719.9,-979.4078213039978,-142.1226602642854,324.45721089348,253.13339792428013,-395.25605818856553,0.3516230003115435,0.19742000314527774,False,False,500325-RELIANCE INDUSTRIES LTD.
2017-07-06,0.5486950986632718,0.6520915826715965,2.3578679352742133,1.2520503381056904,720.7,-978.6154209521255,-181.65267867277112,325.25544239338,250.7375963685804,-432.3902750413515,0.3479084173284035,0.25205033810569044,False,False,500325-RELIANCE INDUSTRIES LTD.
2017-07-07,0.5476859283039058,0.6778703952499247,2.3535313001605136,1.3795893107193808,745.4,-1008.9222311396469,-282.9458722102264,337.15490904226857,240.11540738070613,-523.0612795909326,0.32212960475007535,0.37958931071938085,False,False,500325-RELIANCE INDUSTRIES LTD.
2017-07-10,0.5421383647798742,0.6778703952499245,2.3296921549155907,1.2599078829455757,746.225,-992.2495283018867,-193.94975995106222,341.66779874213836,240.3811643046251,-434.3309242556873,0.32212960475007546,0.25990788294557565,False,False,500325-RELIANCE INDUSTRIES LTD.
2017-07-11,0.5391579155281957,0.6737981343444115,2.3168844849721832,1.5028109119486832,747.6,-984.5028409652042,-375.9014377728355,344.5255423511209,243.868514764118,-619.7699525369535,0.3262018656555885,0.5028109119486832,False,False,500325-RELIANCE INDUSTRIES LTD.
2017-07-12,0.5348616962215473,0.6446408668758048,2.298422651121779,1.401186486126527,755.25,-980.6337072597237,-302.9960936470595,351.2957039286764,268.38498529204844,-571.381078939108,0.3553591331241952,0.4011864861265271,False,False,500325-RELIANCE INDUSTRIES LTD.
2017-07-13,0.5278628291488059,0.6608215704867091,2.2697005833628774,1.2137517226057686,759.425,-964.2423655203531,-162.3284019398858,358.5527709736681,257.5805788331309,-419.9089807730167,0.3391784295132909,0.21375172260576858,False,False,500325-RELIANCE INDUSTRIES LTD.
2017-07-14,0.538785446410948,0.6608215704867091,2.3521284295019407,1.2137517226057686,765.525,-1035.088115994473,-163.63228744778098,353.071271136259,259.649567253162,-423.281854700943,0.3391784295132909,0.21375172260576858,False,False,500325-RELIANCE INDUSTRIES LTD.
2017-07-17,0.5340071731333551,0.6778703952499245,2.331268340397783,1.3871128225780542,775.675,-1032.6315699380502,-300.27373865323216,361.45898597978476,249.86788116451476,-550.1416198177469,0.32212960475007546,0.38711282257805424,False,False,500325-RELIANCE INDUSTRIES LTD.
2017-07-18,0.5356839144371034,0.6350901018462467,2.338588343036567,1.268329370349386,759.95,-1017.2602112906391,-203.916904997016,352.8570092235233,277.31327710194483,-481.2301820989608,0.3649098981537533,0.2683293703493861,False,False,500325-RELIANCE INDUSTRIES LTD.
2017-07-19,0.5162652881099483,0.659579308207466,2.3343840625394026,1.4062596201053124,766.75,-1023.1389799520869,-311.4995637157483,370.9035903416971,261.01756543192545,-572.5171291476738,0.340420691792534,0.40625962010531236,False,False,500325-RELIANCE INDUSTRIES LTD.
2017-07-20,0.5067136934595632,0.6446408668758048,2.2911948518037253,1.401186486126527,764.35,-986.9247849761774,-306.6468906708109,377.0433884041829,271.6187534034786,-578.2656440742894,0.3553591331241952,0.4011864861265271,False,False,500325-RELIANCE INDUSTRIES LTD.
2017-07-21,0.5107431315682789,0.6383749658777174,2.343218885458571,1.6473474063402225,793.1,-1065.306898057193,-513.4112279684304,388.029622353198,286.8048145623824,-800.2160425308127,0.36162503412228264,0.6473474063402225,False,False,500325-RELIANCE INDUSTRIES LTD.
2017-07-24,0.5049016585486158,0.6446408668758048,2.3164190147358035,1.3318415147187495,808.05,-1063.732384857266,-268.14453596848557,400.064214809791,287.1479475210059,-555.2924834894915,0.3553591331241952,0.33184151471874945,False,False,500325-RELIANCE INDUSTRIES LTD.
2017-07-25,0.5123408515031126,0.6606100305648395,2.3505490036600247,1.2520503381056904,801.675,-1082.7013725091504,-202.06245480087932,390.9441478712422,272.08045374693233,-474.14290854781166,0.33938996943516053,0.25205033810569044,False,False,500325-RELIANCE INDUSTRIES LTD.
2017-07-26,0.5136584600909518,0.6778703952499245,2.4265955778579267,1.681280145456706,810.95,-1156.8976838638857,-552.4841339581158,394.3986717892426,261.2310029720737,-813.7151369301895,0.32212960475007546,0.6812801454567059,False,False,500325-RELIANCE INDUSTRIES LTD.
2017-07-27,0.5074201443752517,0.6606100305648395,2.397124887690925,1.291417590095964,799.175,-1116.547282120395,-232.89365256494193,393.65750611890815,271.23197882334443,-504.12563138828637,0.33938996943516053,0.2914175900959639,False,False,500325-RELIANCE INDUSTRIES LTD.
2017-07-28,0.510679430014655,0.6446408668758048,2.4125222163325124,1.2683293703493859,797.125,-1125.956771694054,-213.89204933975418,390.0496593495681,283.26564899162406,-497.15769833137824,0.3553591331241952,0.26832937034938587,False,False,500325-RELIANCE INDUSTRIES LTD.
2017-07-31,0.5026701859922657,0.6446408668758048,2.374685409121601,1.3318415147187495,806.925,-1109.2680237554478,-267.7712142644268,401.30786016819104,286.7481684962412,-554.519382760668,0.3553591331241952,0.33184151471874945,False,False,500325-RELIANCE INDUSTRIES LTD.
2017-08-01,0.4958372438012776,0.6446408668758048,2.3424056189640035,1.2669993372980872,801.775,-1076.3072651448638,-214.07339366217388,404.22509385123067,284.91806896065157,-498.99146262282545,0.3553591331241952,0.2669993372980872,False,False,500325-RELIANCE INDUSTRIES LTD.
2017-08-02,0.5047149460708783,0.6458187284117989,2.3843451463790446,1.2683293703493859,814.55,-1127.6183389830508,-218.56768861809223,403.43444067796605,288.49835477216925,-507.0660433902615,0.3541812715882011,0.26832937034938587,False,False,500325-RELIANCE INDUSTRIES LTD.
2017-08-03,0.5065569714215019,0.6409885901210564,2.549362860324137,1.3871128225780542,825.775,-1279.4251159841642,-319.6680910643928,407.4729169244093,296.4626469927847,-616.1307380571775,0.35901140987894364,0.38711282257805424,False,False,500325-RELIANCE INDUSTRIES LTD.
2017-08-04,0.5107272046900336,0.6383749658777174,2.677061244854684,1.4362537878913073,811.25,-1360.5159348883626,-353.91088542682314,396.92255519521024,293.3683089317018,-647.2791943585249,0.36162503412228264,0.4362537878913073,False,False,500325-RELIANCE INDUSTRIES LTD.
2017-08-07,0.5121806298276886,0.6446408668758048,2.684679613472183,1.5199050634362101,808.3,-1361.7265315695652,-420.23926277548867,394.30439691027925,287.23678730428696,-707.4760500797756,0.3553591331241952,0.5199050634362101,False,False,500325-RELIANCE INDUSTRIES LTD.
2017-08-08,0.5169660048609577,0.659579308207466,2.7097629494018496,1.7288294434481792,801.7,-1370.7169565354627,-584.3025648124053,387.2483539029703,272.91526861007446,-857.2178334224798,0.340420691792534,0.7288294434481792,False,False,500325-RELIANCE INDUSTRIES LTD.
2017-08-09,0.5295011477158837,0.6232350858249228,2.7879473667194725,1.5249063252383515,799.425,-1429.3298236397143,-419.62323905366907,376.1285449872296,301.19529151441105,-720.8185305680802,0.3767649141750772,0.5249063252383515,False,False,500325-RELIANCE INDUSTRIES LTD.
2017-08-10,0.5205479452054794,0.6446408668758048,2.768267488796364,1.427726340654564,792.025,-1400.51205781394,-338.769954956931,379.73801369863014,281.4533174126907,-620.2232723696217,0.3553591331241952,0.42772634065456394,False,False,500325-RELIANCE INDUSTRIES LTD.
2017-08-11,0.5226076135167044,0.6606100305648395,2.779220779220779,1.2520503381056907,773.275,-1375.826948051948,-194.90422519867798,369.15559765787043,262.44177861497377,-457.34600381365175,0.33938996943516053,0.25205033810569066,False,False,500325-RELIANCE INDUSTRIES LTD.
2017-08-14,0.5229079531304875,0.6778703952499245,2.7808179815459275,1.605468549155411,786.575,-1400.7469038344882,-476.24642405191753,375.26867676638676,253.37909385629064,-729.6255179082082,0.32212960475007546,0.605468549155411,False,False,500325-RELIANCE INDUSTRIES LTD.
2017-08-16,0.5198044940967373,0.6458187284117989,2.764313825060302,1.3463518175972395,783.475,-1382.2957740891202,-271.3579902919972,376.2211739875587,277.49217175756587,-548.8501620495631,0.3541812715882011,0.34635181759723954,False,False,500325-RELIANCE INDUSTRIES LTD.
2017-08-17,0.522991442074339,0.6778703952499245,2.7812619747094134,1.250632369692593,783.025,-1394.7726577468384,-196.2514112785426,373.5096260697407,252.23553375942788,-448.4869450379705,0.32212960475007546,0.25063236969259295,False,False,500325-RELIANCE INDUSTRIES LTD.
2017-08-18,0.5238110467905459,0.6383749658777174,2.7856206223814244,1.280614075875322,787.7,-1406.5333642498479,-221.03970756699107,375.094038443087,284.8520393781221,-505.89174694511314,0.36162503412228264,0.28061407587532194,False,False,500325-RELIANCE INDUSTRIES LTD.
2017-08-21,0.5178650477455259,0.6200542656386878,2.753999873521786,1.4362537878913073,782.9,-1373.2065009802059,-341.5430905401046,377.4634541200278,297.4595154314713,-639.0026059715758,0.3799457343613122,0.4362537878913073,False,False,500325-RELIANCE INDUSTRIES LTD.
2017-08-22,0.5224575730509123,0.6232350858249228,2.7784228658925607,1.187983569175238,781.675,-1390.1486936965673,-146.94205643505416,373.28297658542806,294.5077142878034,-441.4497707228576,0.3767649141750772,0.18798356917523806,False,False,500325-RELIANCE INDUSTRIES LTD.
2017-08-23,0.522991442074339,0.639003293710452,2.7812619747094134,1.3454390126587907,790.65,-1408.3547803039974,-273.121355358673,377.1468163239239,285.42204582783114,-558.5434011865041,0.36099670628954805,0.34543901265879073,False,False,500325-RELIANCE INDUSTRIES LTD.
2017-08-24,0.5346172678309123,0.635154600054869,2.8430879712746857,1.551790889750432,783.7,-1444.4280430879714,-432.43852029741356,364.720447200914,285.92933993699916,-718.3678602344128,0.364845399945131,0.551790889750432,False,False,500325-RELIANCE INDUSTRIES LTD.
2017-08-28,0.5235431384458011,0.6351546000548689,2.7841958891410665,1.7574179649404809,782.9,-1396.8469616085408,-592.9825247519024,373.01807691078227,285.6374636170431,-878.6199883689455,0.3648453999451311,0.7574179649404809,False,False,500325-RELIANCE INDUSTRIES LTD.
2017-08-29,0.5139002196422968,0.6274040252510403,2.7329149670536554,1.3387690522891829,765.875,-1327.1962503922182,-259.45474792197797,372.29166928145594,285.3619421608595,-544.8166900828375,0.37259597474895967,0.33876905228918286,False,False,500325-RELIANCE INDUSTRIES LTD.
2017-08-30,0.5014696876913656,0.6599308887792853,2.6668095529699936,1.2673550100195567,782.075,-1303.5700811390077,-209.09166946104483,389.8880939987753,265.9595501579405,-475.05121961898533,0.3400691112207147,0.26735501001955675,False,False,500325-RELIANCE INDUSTRIES LTD.
2017-08-31,0.4979326279946491,0.6491265841598561,2.647999513559528,1.412396980941351,796.75,-1313.0436124285538,-328.5772945650215,400.02217864526335,279.5583940706347,-608.1356886356562,0.35087341584014387,0.412396980941351,False,False,500325-RELIANCE INDUSTRIES LTD.
2017-09-05,1.9102454512150449,0.9644552156943185,5.317987544266699,1.564584005206878,816.5,-3525.6368298937596,-460.98284025141584,-743.2154109170842,29.022316385588965,-490.0051566370048,0.03554478430568153,0.564584005206878,False,False,500325-RELIANCE INDUSTRIES LTD.
2017-09-06,0.9571682065716208,0.8830333634448418,2.6646882457321177,1.5751233851822841,822.3,-1368.8731444655202,-472.9239596353923,35.220583736156186,96.18166523930654,-569.1056248746988,0.11696663655515815,0.5751233851822841,False,False,500325-RELIANCE INDUSTRIES LTD.
2017-09-07,0.9560567167827894,0.9245516258288655,2.6615939371714945,1.8978335115471228,409.45,-680.3396375748684,-367.61793130296945,17.992577313286915,30.892336804370984,-398.51026810734044,0.07544837417113448,0.8978335115471228,False,False,500325-RELIANCE INDUSTRIES LTD.
2017-09-08,0.9500182193611078,0.8873874694914884,2.6447831896028178,1.7292259813003643,817.15,-1344.0345833839424,-595.8870106195926,40.842612049070794,92.02132930503024,-687.9083399246229,0.11261253050851161,0.7292259813003643,False,False,500325-RELIANCE INDUSTRIES LTD.
2017-09-11,0.9211518077964904,0.8810902535113267,2.5644211518077964,1.5211824565301346,818.1,-1279.8529442939584,-426.3793676873032,64.50570604169116,97.28006360238362,-523.6594312896868,0.11890974648867325,0.5211824565301346,False,False,500325-RELIANCE INDUSTRIES LTD.
2017-09-12,0.9264984600805496,0.8601611318576484,2.579305851693911,1.3755959918278724,823.3,-1300.2425076995971,-309.22818007188744,60.513817815683524,115.12934014159805,-424.3575202134855,0.13983886814235158,0.3755959918278724,False,False,500325-RELIANCE INDUSTRIES LTD.
2017-09-13,0.9273772824282666,0.9380695457667049,2.581752430637894,1.5569823995460617,849.1,-1343.065988854636,-472.93375545456104,61.66394949015887,52.58514868949089,-525.5189041440519,0.06193045423329513,0.5569823995460617,False,False,500325-RELIANCE INDUSTRIES LTD.
2017-09-14,0.9251833451620536,0.934805002076685,2.57564466524722,1.718158382703398,844.2,-1330.1592264017033,-606.2693066782085,63.16022001419435,55.03761724686251,-661.306923925071,0.06519499792331496,0.7181583827033979,False,False,500325-RELIANCE INDUSTRIES LTD.
2017-09-15,0.9311309523809524,0.9270483326279484,2.5922023809523806,1.8986048116623944,843.4,-1342.8634880952377,-757.8832981560635,58.084154761904756,61.52743626158838,-819.4107344176518,0.07295166737205161,0.8986048116623944,False,False,500325-RELIANCE INDUSTRIES LTD.
2017-09-18,0.923326643843702,0.912916640735473,2.570475740762601,1.8581200958528226,845.4,-1327.6801912407027,-725.4547290339762,64.8196552945343,73.62027192223115,-799.0750009562073,0.08708335926452704,0.8581200958528226,False,False,500325-RELIANCE INDUSTRIES LTD.
2017-09-19,0.9296921431118508,0.9151495161747075,2.588196838226554,1.5325093642931567,840.0,-1334.0853441103054,-447.3078660062515,59.058599786045306,71.27440641324563,-518.5822724194971,0.08485048382529248,0.5325093642931567,False,False,500325-RELIANCE INDUSTRIES LTD.
2017-09-20,0.9567584097859329,0.9496436099640722,2.6635474006116207,1.6695820409717566,847.1,-1409.191003058104,-567.202946907175,36.62995107033623,42.65689799943448,-609.8598449066095,0.050356390035927845,0.6695820409717566,False,False,500325-RELIANCE INDUSTRIES LTD.
2017-09-21,0.9533183009324152,0.9455183067145463,2.821195685294655,1.3659300542156028,841.3,-1532.1719300383932,-307.8569546115866,39.27331342555908,45.8354485610522,-353.6924031726388,0.054481693285453714,0.36593005421560276,False,False,500325-RELIANCE INDUSTRIES LTD.
2017-09-22,0.95477294921875,0.9361105328420832,2.8306274414062496,1.5481565318082888,817.5,-1496.537933349609,-448.11796475327606,36.973114013671875,52.229639401596955,-500.347604154873,0.06388946715791677,0.5481565318082888,False,False,500325-RELIANCE INDUSTRIES LTD.
2017-09-25,0.9794014525419484,0.9772864881152679,2.9036438767843724,1.7850552704040652,820.45,-1561.8446187077386,-644.0985966030153,16.900078261958356,18.635300825828494,-662.7338974288438,0.02271351188473214,0.7850552704040652,False,False,500325-RELIANCE INDUSTRIES LTD.
2017-09-26,0.9941531617413408,0.9953255163664545,2.947378455672069,1.7301798417316263,819.2,-1595.2924308865588,-598.1633263465483,4.789729901493615,3.8293369926004743,-601.9926633391487,0.004674483633545501,0.7301798417316263,True,False,500325-RELIANCE INDUSTRIES LTD.
2017-09-27,1.0207121396151635,0.9835012490487142,2.964712651026018,1.733487039316548,798.6,-1569.019523109378,-585.7627495981952,-16.54071469666951,13.175902509696812,-598.938652107892,0.016498750951285834,0.733487039316548,False,False,500325-RELIANCE INDUSTRIES LTD.
2017-09-28,1.0261163650028184,0.9542450285856112,2.910816058119872,1.2995175122494402,786.75,-1503.3345337258093,-235.64540276224716,-20.54705016596745,35.99772376027033,-271.6431265225175,0.04575497141438878,0.29951751224944023,False,False,500325-RELIANCE INDUSTRIES LTD.
2017-09-29,1.006103515625,0.9849019362273259,2.8367309570312496,1.3650482407841118,782.15,-1436.5991180419915,-285.52248152929303,-4.77386474609375,11.808950579797056,-297.3314321090901,0.015098063772674086,0.3650482407841118,False,False,500325-RELIANCE INDUSTRIES LTD.
2017-10-03,1.0079471002183935,0.9573872386655415,2.819521960689153,1.4205343735306737,798.35,-1452.6153573161855,-335.73361710821325,-6.344567459354494,34.019898011364944,-369.7535151195782,0.04261276133445846,0.4205343735306737,False,False,500325-RELIANCE INDUSTRIES LTD.
2017-10-04,0.996442968935262,0.9925848633759514,2.7553355465971068,1.3747400462344541,819.2,-1437.97087977235,-306.9870458752648,2.913919848233377,6.074479922420551,-313.06152579768536,0.007415136624048579,0.3747400462344541,True,False,500325-RELIANCE INDUSTRIES LTD.
2017-10-05,1.0381960970966206,0.9876920752841745,2.76517134697763,1.3544154874718446,824.2,-1454.8542241789626,-292.10924477429444,-31.481223227034775,10.144191550783376,-302.2534363250778,0.012307924715825536,0.3544154874718446,False,False,500325-RELIANCE INDUSTRIES LTD.
2017-10-10,1.0020057306590258,0.9894757561187533,2.663438395415473,1.3601155319882552,843.4,-1402.9439426934096,-303.7214396788944,-1.691633237822316,8.876147289443452,-312.59758696833785,0.010524243881246731,0.3601155319882552,False,False,500325-RELIANCE INDUSTRIES LTD.
2017-10-11,0.9972054294513516,0.9692179467696505,2.6506786814189573,1.374209341658592,840.4,-1387.2303638644917,-314.4855307298807,2.3485570890841245,25.869237534785725,-340.3547682646664,0.03078205323034955,0.3742093416585921,False,False,500325-RELIANCE INDUSTRIES LTD.
2017-10-12,0.9989145338208408,0.9881762922261892,2.655221663619744,1.3731368084323072,872.5,-1444.1809015082267,-325.561865357188,0.9470692413163988,10.316185032649969,-335.878050389838,0.01182370777381081,0.37313680843230723,False,False,500325-RELIANCE INDUSTRIES LTD.
2017-10-13,1.001029453817558,0.986961437490484,2.6581069488132685,1.3061833759422297,876.7,-1453.6623620245925,-268.43096568855276,-0.902522161853085,11.430907752092594,-279.86187344064535,0.01303856250951596,0.30618337594222966,False,False,500325-RELIANCE INDUSTRIES LTD.
2017-10-16,0.9577564979480164,0.9346219615058837,2.543201094391245,1.2058879399820928,875.2,-1350.6095978112178,-180.19312507232758,36.97151299589598,57.218859290050545,-237.41198436237812,0.06537803849411628,0.20588793998209276,False,False,500325-RELIANCE INDUSTRIES LTD.
2017-10-17,0.9613335530290548,0.9286884733404401,2.55269951117702,1.2765545869102661,874.25,-1357.4475476465095,-241.77784760630016,33.804141264348914,62.344102182120196,-304.12194978842035,0.07131152665955987,0.27655458691026613,False,False,500325-RELIANCE INDUSTRIES LTD.
2017-10-18,0.932896279714316,0.9090267397650539,2.477187933056177,1.080102875698967,913.75,-1349.780473830082,-73.19400266993114,61.31602441104371,83.12681653968207,-156.3208192096132,0.09097326023494612,0.08010287569896701,False,False,500325-RELIANCE INDUSTRIES LTD.
2017-10-19,0.9362396362663814,0.9337335087569942,2.4860657929927785,1.0686865698456063,910.35,-1352.8399946509762,-62.528818858947716,58.0442471248997,60.325700303070334,-122.85451916201805,0.06626649124300577,0.06868656984560628,False,False,500325-RELIANCE INDUSTRIES LTD.
2017-10-23,0.9310601627746156,0.913814638973899,2.472312357040268,1.1281028730126061,938.1,-1381.1762221394756,-120.17330517312587,64.67246130113313,80.85048717858535,-201.02379235171122,0.08618536102610097,0.12810287301260614,False,False,500325-RELIANCE INDUSTRIES LTD.
2017-10-24,0.923884930060702,0.9103307188029344,2.4532594352071784,1.182366170280498,934.75,-1358.4342570599101,-170.46677766969538,71.14856162575882,83.81836059895704,-254.28513826865242,0.08966928119706563,0.18236617028049795,False,False,500325-RELIANCE INDUSTRIES LTD.
2017-10-25,0.941578352789284,0.9415773282369214,2.5002420786486628,1.1405881827891142,939.95,-1410.1525418258104,-132.14586241262782,54.913427295712495,54.914390323705675,-187.0602527363335,0.05842267176307858,0.14058818278911422,False,False,500325-RELIANCE INDUSTRIES LTD.
2017-10-26,0.9308620964739668,0.933888805894183,2.4717864170611072,1.2084732032141723,947.25,-1394.1496835611338,-197.47624174462476,65.490879115035,62.62382861673518,-260.10007036135994,0.066111194105817,0.2084732032141723,False,False,500325-RELIANCE INDUSTRIES LTD.
2017-10-27,0.930218962585034,0.8941359923652786,2.470078656462585,1.0718380469420983,929.45,-1366.36460724915,-66.76987273033319,64.85798522534014,98.39530189609184,-165.16517462642503,0.10586400763472137,0.07183804694209828,False,False,500325-RELIANCE INDUSTRIES LTD.
2017-10-30,0.918985613777171,0.8947570232634515,2.4402499212433058,1.0509505321230321,940.15,-1354.050963456894,-47.90114277546866,76.16567520739261,98.94418457886604,-146.8453273543347,0.10524297673654848,0.05095053212303213,False,False,500325-RELIANCE INDUSTRIES LTD.
2017-10-31,0.924031253299546,0.8976398862223585,2.4536479780382217,1.1196206747273145,940.8,-1367.592017738359,-112.5391307834575,71.47139689578705,96.3003950420051,-208.8395258254626,0.10236011377764154,0.11962067472731452,False,False,500325-RELIANCE INDUSTRIES LTD.
2017-11-01,0.9254970389170896,0.9448582944691297,2.4575401861252115,1.1246025558505757,952.3,-1388.015519247039,-118.65901393650324,70.94916983925566,52.51144617704779,-171.17046011355103,0.05514170553087028,0.12460255585057567,False,False,500325-RELIANCE INDUSTRIES LTD.
2017-11-02,0.9365402108191984,0.9052323616829726,2.486863930654396,1.2524524806817883,947.1,-1408.2088287227784,-239.0977444537217,60.1027663331372,89.75443025005666,-328.85217470377836,0.09476763831702739,0.25245248068178827,False,False,500325-RELIANCE INDUSTRIES LTD.
2017-11-03,0.965256714277836,0.9323999922753432,2.563116969061931,1.2748487997135145,945.6,-1478.0834059449621,-259.89702500909937,32.853250978878236,63.92256730443546,-323.8195923135348,0.0676000077246568,0.2748487997135145,False,False,500325-RELIANCE INDUSTRIES LTD.
2017-11-06,0.9852518998029832,0.9778152294232854,2.6162116521249645,1.2711012662651258,934.45,-1510.2689783281733,-253.33057826144682,13.781362229102342,20.730558865411012,-274.06113712685783,0.02218477057671464,0.27110126626512576,False,False,500325-RELIANCE INDUSTRIES LTD.
2017-11-07,0.9707170983306528,0.9678752341280706,2.577616327436082,1.4870335950708502,906.65,-1430.3458432699235,-441.5690089709864,26.549342798513635,29.12591897778475,-470.6949279487711,0.03212476587192936,0.4870335950708502,False,False,500325-RELIANCE INDUSTRIES LTD.
2017-11-08,0.9905489530277306,0.9859472899526247,2.630277306168648,1.3742093416585923,888.25,-1448.0938172043016,-332.39144772824466,8.394892473118261,12.482319699581126,-344.8737674278258,0.014052710047375294,0.3742093416585923,False,False,500325-RELIANCE INDUSTRIES LTD.
2017-11-09,1.0082842941210075,0.9792443874255685,2.655373364566074,1.3618219406744052,901.55,-1492.401856824544,-326.20057061501007,-7.468705364794346,18.712222516478732,-344.9127931314888,0.02075561257443148,0.3618219406744052,False,False,500325-RELIANCE INDUSTRIES LTD.
2017-11-10,0.9957120288873844,0.9627708501223765,2.6222635973820805,1.409614574314412,883.5,-1433.2698882870682,-361.89447640678304,3.788422477995823,32.89195391688031,-394.78643032366335,0.03722914987762349,0.40961457431441195,False,False,500325-RELIANCE INDUSTRIES LTD.
2017-11-13,1.000453309156845,0.9696809587490458,2.6335562103354486,1.3710679686131377,875.15,-1429.6067174750679,-324.7401327317874,-0.3967135086129474,26.533708950772507,-351.2738416825599,0.030319041250954193,0.37106796861313773,False,False,500325-RELIANCE INDUSTRIES LTD.
2017-11-14,0.9782259404953182,0.969844886380321,2.57504570890354,1.2899411802120666,886.2,-1395.8055072303175,-256.9458739039335,19.296171533049005,26.723461689759574,-283.66933559369306,0.03015511361967904,0.2899411802120666,False,False,500325-RELIANCE INDUSTRIES LTD.
2017-11-15,0.9704298120259424,0.9586393157625966,2.554523469275585,1.1641374542589973,882.4,-1371.7115092887761,-144.8348896381391,26.092733868308414,36.49666777108473,-181.33155740922382,0.041360684237403356,0.16413745425899728,False,False,500325-RELIANCE INDUSTRIES LTD.
2017-11-16,0.960766175110192,0.9565322350384108,2.5290852696305164,1.1418046933981016,902.45,-1379.9230015780597,-127.97164555711674,35.40656527180727,39.22748448958623,-167.19913004670298,0.04346776496158922,0.14180469339810164,False,False,500325-RELIANCE INDUSTRIES LTD.
2017-11-17,0.9468039468039467,0.9064316647214042,2.492331617331617,1.150989753271833,909.7,-1357.574072286572,-137.35537855138637,48.39244959244968,85.11911460293857,-222.47449315432493,0.09356833527859576,0.15098975327183295,False,False,500325-RELIANCE INDUSTRIES LTD.
2017-11-20,0.9297525013164823,0.9386797941341246,2.447446024223275,1.1399333653695916,918.85,-1329.9857793575566,-128.57777276984928,64.54691416535024,56.344071159859595,-184.92184392970887,0.06132020586587539,0.13993336536959156,False,False,500325-RELIANCE INDUSTRIES LTD.
2017-11-21,0.928578941832334,0.9007129163397757,2.44435678973388,1.0608437892701417,932.4,-1346.7182707478696,-56.73074911548008,66.5929946355318,92.57527680479313,-149.3060259202732,0.09928708366022432,0.06084378927014167,False,False,500325-RELIANCE INDUSTRIES LTD.
2017-11-24,0.9362108277215122,0.9261992624024161,2.464446683281192,1.1399333653695916,949.5,-1390.4921257754918,-132.8667304184271,60.56781907842412,70.07380034890593,-202.94053076733303,0.07380073759758388,0.13993336536959156,False,False,500325-RELIANCE INDUSTRIES LTD.
2017-11-27,0.933735258342588,0.8984084414412781,2.457930086202337,1.0661370516941975,950.7,-1386.054132952562,-62.87649504567355,62.997889893701654,96.58309472177689,-159.45958976745044,0.10159155855872193,0.06613705169419748,False,False,500325-RELIANCE INDUSTRIES LTD.
2017-11-28,0.9568610448731844,0.9554107532688526,2.518805549533926,1.1316994849267419,942.95,-1432.1576929330156,-124.18602931167129,40.67787773683085,42.0454302051354,-166.2314595168067,0.04458924673114739,0.13169948492674188,False,False,500325-RELIANCE INDUSTRIES LTD.
2017-11-29,0.9702698246963783,0.9333897507729312,2.554102324558993,1.162220548427999,945.45,-1469.3260427542998,-153.3714175112516,28.108394240809048,62.976660131732274,-216.34807764298387,0.06661024922706882,0.16222054842799905,False,False,500325-RELIANCE INDUSTRIES LTD.
2017-11-30,0.9792567942318358,0.9728829967841491,2.577759290072102,1.3542771350338836,922.6,-1455.6407210205211,-326.85608478226106,19.137681641708355,25.018147166944004,-351.87423194920507,0.027117003215850866,0.3542771350338836,False,False,500325-RELIANCE INDUSTRIES LTD.
2017-12-01,0.968513439385628,0.9726814984885465,2.5494788809654416,1.2800031239130116,909.85,-1409.7933598464074,-254.76084229225364,28.64804717498646,24.85573860019599,-279.61658089244963,0.02731850151145354,0.28000312391301163,False,False,500325-RELIANCE INDUSTRIES LTD.
2017-12-04,0.9518059299191374,0.9581982715391947,2.505498652291105,1.0563613943953551,901.5,-1357.207035040431,-50.809797047412644,43.446954177897624,37.68425820741595,-88.4940552548286,0.04180172846080532,0.05636139439535515,False,False,500325-RELIANCE INDUSTRIES LTD.
2017-12-05,0.94858432278515,0.9424664630199173,2.4970182130768817,1.2589403507218386,911.5,-1364.5321012195777,-236.02412968295585,46.86538978133569,52.44181895734539,-288.46594864030124,0.05753353698008268,0.25894035072183863,False,False,500325-RELIANCE INDUSTRIES LTD.
2017-12-06,0.9585753841142298,0.9723780173927805,2.5233183126119765,1.1909054065183788,927.5,-1412.8777349476081,-177.06476454579638,38.42133123405188,25.619388868196097,-202.68415341399248,0.027621982607219486,0.19090540651837884,False,False,500325-RELIANCE INDUSTRIES LTD.
2017-12-07,0.9638606834807292,0.9673553421415584,2.537231138770608,1.1508062659491785,930.65,-1430.6241592968663,-140.3478514056029,33.633054918659354,30.38075083595868,-170.7286022415616,0.03264465785844162,0.15080626594917845,False,False,500325-RELIANCE INDUSTRIES LTD.
2017-12-08,0.9647560242609692,0.9738038337459696,2.539588000655702,1.269613822324858,920.95,-1417.8835692038685,-248.30084967007815,32.45793945686046,24.125359311649277,-272.4262089817274,0.02619616625403043,0.2696138223248581,False,False,500325-RELIANCE INDUSTRIES LTD.
2017-12-11,0.9658643326039388,0.9519137873777735,2.5425054704595187,1.3516734099643901,915.9,-1412.7807603938732,-322.097676186385,31.26485776805248,44.0421621406972,-366.1398383270822,0.048086212622226454,0.3516734099643901,False,False,500325-RELIANCE INDUSTRIES LTD.
2017-12-12,0.9589919070121125,0.972055988924736,2.5244147520504048,1.2711012662651258,915.05,-1394.915718863723,-248.07121369590323,37.524455488566446,25.570167334420375,-273.6413810303236,0.027944011075264008,0.27110126626512576,False,False,500325-RELIANCE INDUSTRIES LTD.
2017-12-13,0.9596695292966626,0.9649231679854958,2.526198499836939,1.2747184028860594,914.0,-1394.9454288509623,-251.09262023785823,36.86205022285037,32.06022446125678,-283.152844699115,0.03507683201450418,0.2747184028860594,False,False,500325-RELIANCE INDUSTRIES LTD.
2017-12-14,0.960191429192952,0.9470843380680136,2.527572329780292,1.3554184241715033,920.55,-1406.2067081792477,-327.18043037107736,36.64577985642802,48.71151259149008,-375.89194296256744,0.05291566193198638,0.35541842417150327,False,False,500325-RELIANCE INDUSTRIES LTD.
2017-12-15,0.9554112554112554,0.9426764362943796,2.514989177489177,1.2803271676670036,919.9,-1393.6385443722938,-257.8729615368767,41.01718614718618,52.731946252800185,-310.6049077896769,0.05732356370562042,0.2803271676670036,False,False,500325-RELIANCE INDUSTRIES LTD.
2017-12-18,0.9608707482993196,0.9650345160464916,2.529360544217687,1.1387814490147772,919.4,-1406.0940843537414,-127.59566422418618,35.975434013605536,32.14726594685567,-159.74293017104185,0.0349654839535084,0.13878144901477718,False,False,500325-RELIANCE INDUSTRIES LTD.
2017-12-19,0.9668692842670172,0.9694693614755874,2.5451508679699906,1.2159982816420776,924.0,-1427.7194020042712,-199.58241223727964,30.612781337276033,28.21030999655727,-227.7927222338369,0.030530638524412623,0.21599828164207757,False,False,500325-RELIANCE INDUSTRIES LTD.
2017-12-20,0.96113228089276,0.9700621708608924,2.5300489929232444,1.357119712309475,918.75,-1405.7325122482307,-328.1037356843301,35.70971692977673,27.50538052155514,-355.60911620588524,0.029937829139107586,0.3571197123094749,False,False,500325-RELIANCE INDUSTRIES LTD.
2017-12-21,0.9512931034482758,0.9421062127539622,2.504148706896552,1.1381235694457612,913.05,-1373.3629768318967,-126.11372508245222,44.47183189655175,52.85992244499482,-178.97364752744704,0.057893787246037776,0.1381235694457612,False,False,500325-RELIANCE INDUSTRIES LTD.
2017-12-22,0.9571722866746178,0.9687806235553602,2.519624850916188,1.1443755938017,918.5,-1395.7754255665186,-132.60898290686146,39.337254689363476,28.674997264401668,-161.28398017126312,0.03121937644463979,0.14437559380169995,False,False,500325-RELIANCE INDUSTRIES LTD.
2017-12-26,0.954997836434444,0.9664152099715283,2.5139009086975337,1.1508062659491785,928.0,-1404.9000432713115,-139.9482148008376,41.762007788835945,31.16668514642174,-171.11489994725935,0.0335847900284717,0.15080626594917845,False,False,500325-RELIANCE INDUSTRIES LTD.
2017-12-27,0.9686197059468948,0.9511254385539388,2.5497586131226684,1.367320408821801,922.3,-1429.342368883037,-338.779613056347,28.942045205178943,45.07700802170223,-383.8566210780492,0.04887456144606117,0.36732040882180095,False,False,500325-RELIANCE INDUSTRIES LTD.
2017-12-28,0.9633873519943252,0.9760956646588742,2.535985158509303,1.2300814915994875,924.4,-1419.8646805259996,-212.6873308345663,33.8447318164458,22.097167589336664,-234.78449842390296,0.023904335341125793,0.23008149159948754,False,False,500325-RELIANCE INDUSTRIES LTD.
2018-01-02,0.9593045368106492,0.9338856690037449,2.5252377071447976,1.4285680553578934,911.4,-1390.1016462917682,-390.59692565318403,37.089845150774295,60.256601269986845,-450.8535269231709,0.06611433099625508,0.42856805535789344,False,False,500325-RELIANCE INDUSTRIES LTD.
2018-01-03,0.9564463705308776,0.9490359392468666,2.5177139761646803,1.4258287616182073,916.35,-1390.7572020585048,-390.2081857088443,39.91036836403032,46.70091707113386,-436.9091027799782,0.05096406075313342,0.42582876161820726,False,False,500325-RELIANCE INDUSTRIES LTD.
2018-01-04,0.950832031881092,0.9370078377107047,2.5029349991922016,1.7797885200950998,920.25,-1383.0759330066235,-717.6003856175155,45.246822661425085,57.96853734672402,-775.5689229642395,0.06299216228929527,0.7797885200950998,False,False,500325-RELIANCE INDUSTRIES LTD.
2018-01-05,0.9382506111170156,0.9364095001208392,2.4698161334892124,1.5665737498084882,923.0,-1356.6402912105432,-522.9475710732345,56.99468593899462,58.69403138846542,-581.6416024616999,0.06359049987916077,0.5665737498084882,False,False,500325-RELIANCE INDUSTRIES LTD.
2018-01-08,0.9376526818906,0.9374024012414006,2.4682421667551777,1.3397891245343578,928.45,-1363.189439723845,-315.47721267392444,57.88636749867237,58.11874056742158,-373.595953241346,0.06259759875859938,0.33978912453435783,False,False,500325-RELIANCE INDUSTRIES LTD.
2018-01-09,0.9419547588561672,0.9246316352708182,2.4795667947076394,1.514949426867147,940.9,-1392.1243971404178,-484.51591573929875,54.61476739223224,70.91409437368725,-555.430010112986,0.07536836472918185,0.5149494268671471,False,False,500325-RELIANCE INDUSTRIES LTD.
2018-01-10,0.9559285327558202,0.9742174483608718,2.5163508391987004,1.534709397792422,941.5,-1427.6443151055764,-503.4288980215654,41.493286410395285,24.27427236823928,-527.7031703898047,0.025782551639128237,0.534709397792422,False,False,500325-RELIANCE INDUSTRIES LTD.
2018-01-11,0.9547396312118098,0.9665647244690136,2.513221218839561,1.652859274544097,937.2,-1418.1909262964366,-611.8597121027278,42.418017628291864,31.335540227640422,-643.1952523303682,0.03343527553098635,0.6528592745440971,False,False,500325-RELIANCE INDUSTRIES LTD.
2018-01-16,0.960295877297944,0.9275460105635942,2.52784727510062,1.5263405804490688,923.5,-1410.9669585554225,-486.07552604471516,36.66675731534872,66.9112592445208,-552.986785289236,0.0724539894364058,0.5263405804490688,False,False,500325-RELIANCE INDUSTRIES LTD.
2018-01-17,0.9499112282778284,0.9450963873354942,2.500511109915532,1.4508209972235682,924.65,-1387.4475977833968,-416.8516350827723,46.314582772905965,50.766625450235324,-467.61826053300763,0.05490361266450583,0.45082099722356817,False,False,500325-RELIANCE INDUSTRIES LTD.
2018-01-18,0.908978583196046,0.9120795077748831,2.392761532125206,1.3831321462673807,919.3,-1280.3656764827017,-352.21338206360315,83.67598846787496,80.82530850255,-433.03869056615315,0.08792049222511689,0.3831321462673807,False,False,500325-RELIANCE INDUSTRIES LTD.
2018-01-19,0.8992563919731078,0.9075725743999261,2.367169196292146,1.3206487692266058,929.35,-1270.5786925741063,-297.99493368074616,93.6260721197923,85.89742798142868,-383.89236166217484,0.09242742560007389,0.3206487692266058,False,False,500325-RELIANCE INDUSTRIES LTD.
2018-01-22,0.9152454512466952,0.9021137331762958,2.4092582033072416,1.3783018672022982,971.2,-1368.6715670519932,-367.40677342687195,82.31361774920958,95.06714233918149,-462.47391576605344,0.09788626682370416,0.3783018672022982,False,False,500325-RELIANCE INDUSTRIES LTD.
2018-01-23,0.9152454512466952,0.8835805299004121,2.4092582033072416,1.6113015105043078,981.7,-1383.468778186719,-600.114692862079,83.20354051111929,114.28899379676545,-714.4036866588444,0.11641947009958786,0.6113015105043078,False,False,500325-RELIANCE INDUSTRIES LTD.
2018-01-24,0.915957667565885,0.9087829719064467,2.411133015148371,1.6619357279790474,964.55,-1361.108349761361,-638.4701064221902,81.06303174932555,87.98338444763681,-726.453490869827,0.09121702809355325,0.6619357279790474,False,False,500325-RELIANCE INDUSTRIES LTD.
2018-01-25,0.9299973663418488,0.9157839084490561,2.4480905978404004,1.538967590789572,964.55,-1396.755786146958,-519.8611896960815,67.52104029496968,81.23063110546298,-601.0918208015445,0.0842160915509439,0.5389675907895719,False,False,500325-RELIANCE INDUSTRIES LTD.
2018-01-29,0.9184830671591324,0.9008571760266884,2.417780783436508,1.4786742493209437,963.8,-1366.4571190761064,-461.3462414955254,78.56601987202816,95.5538537454778,-556.9000952410032,0.09914282397331164,0.4786742493209437,False,False,500325-RELIANCE INDUSTRIES LTD.
2018-01-30,0.9350704374536596,0.9245558152386296,2.461444762207393,1.353014609792492,949.25,-1387.276440525368,-335.09911834552304,61.63438724711364,71.61539238473085,-406.7145107302539,0.07544418476137038,0.353014609792492,False,False,500325-RELIANCE INDUSTRIES LTD.
2018-01-31,0.9747156895219168,0.9574946539569721,2.565805454344705,1.3667987347900092,961.15,-1504.9739124434132,-352.54860394341733,24.302015016009705,40.85401334925632,-393.40261729267365,0.042505346043027914,0.36679873479000924,False,False,500325-RELIANCE INDUSTRIES LTD.
2018-02-01,0.976062800597048,0.9298768005097499,2.569351539609708,1.3978285751649633,944.1,-1481.6247885455255,-375.58995781324177,22.59910995632697,66.20331263874516,-441.7932704519869,0.07012319949025014,0.3978285751649633,False,False,500325-RELIANCE INDUSTRIES LTD.
2018-02-02,0.988854662559507,0.9754699018680494,2.6030243629235508,1.5532904953455333,905.7,-1451.8591654998602,-501.1152016344495,10.09433211985447,22.216909878107685,-523.3321115125572,0.024530098131950617,0.5532904953455333,False,False,500325-RELIANCE INDUSTRIES LTD.
2018-02-05,0.9874720357941834,0.9652406243171537,2.599384787472036,1.652592670737901,904.45,-1446.5635710290833,-590.2374410488947,11.33091722595077,31.438117336350274,-621.6755583852449,0.03475937568284626,0.6525926707379011,False,False,500325-RELIANCE INDUSTRIES LTD.
2018-02-06,0.9769809650287736,0.9785922141126644,2.57176848162904,1.7469214598679847,892.75,-1403.1963119743255,-666.8141332971434,20.55024347056235,19.111800850918826,-685.9259341480622,0.021407785887335606,0.7469214598679847,False,False,500325-RELIANCE INDUSTRIES LTD.
2018-02-07,0.9831282365387828,0.9759970698576363,2.587950331310206,1.4109985454447407,894.0,-1419.6275961913243,-367.43269962759814,15.083356534328232,21.458619547273088,-388.8913191748712,0.024002930142363654,0.4109985454447407,False,False,500325-RELIANCE INDUSTRIES LTD.
2018-02-08,0.9651251776538756,0.965460227845169,2.540559746364928,1.3739939100069436,903.6,-1392.0497868153493,-337.9408970822743,31.512889471958033,31.210138119105295,-369.1510352013796,0.03453977215483095,0.3739939100069436,False,False,500325-RELIANCE INDUSTRIES LTD.
2018-02-09,0.9468039468039467,0.9418294728015649,2.492331617331617,1.517186175550434,897.95,-1340.0391757829254,-464.40732633551215,47.767395967396055,52.23422489783479,-516.641551233347,0.058170527198435074,0.5171861755504339,False,False,500325-RELIANCE INDUSTRIES LTD.
2018-02-12,0.9451314169477008,0.9302144408783976,2.487928911728494,1.517186175550434,914.7,-1361.0085755580537,-473.0701947759819,50.188292917938156,63.83285092852975,-536.9030457045117,0.06978555912160245,0.5171861755504339,False,False,500325-RELIANCE INDUSTRIES LTD.
2018-02-14,0.960191429192952,0.9567273039841405,2.527572329780292,1.5563011661400532,932.4,-1424.308440287144,-518.6952073089857,37.11751142049161,40.347461765187404,-559.0426690741731,0.04327269601585948,0.5563011661400532,False,False,500325-RELIANCE INDUSTRIES LTD.
2018-02-15,0.950934453600474,0.9485642806842731,2.5032046103301555,1.439904338872641,934.05,-1404.0682662788815,-410.8926477239902,45.8296736144772,48.043533626854696,-458.9361813508449,0.05143571931572688,0.4399043388726409,False,False,500325-RELIANCE INDUSTRIES LTD.
2018-02-20,0.9555146660894036,0.9499127161038871,2.515261391925533,1.7127070481386384,919.4,-1393.1313237363352,-655.2628600586642,40.89981599740236,46.05024881408622,-701.3131088727504,0.050087283896112944,0.7127070481386384,False,False,500325-RELIANCE INDUSTRIES LTD.
2018-02-21,0.9451820128479655,0.9154050546429566,2.48806209850107,1.622390256385426,928.35,-1381.4424491434688,-577.7959945154101,50.89027837259118,78.53371752221119,-656.3297120376213,0.08459494535704337,0.622390256385426,False,False,500325-RELIANCE INDUSTRIES LTD.
2018-02-22,0.940549754954187,0.9300625264215435,2.475868314510973,1.4583603858567638,923.9,-1363.5547357766877,-423.4791604930641,54.92608139782658,64.61523183913596,-488.0943923322001,0.06993747357845648,0.45836038585676375,False,False,500325-RELIANCE INDUSTRIES LTD.
2018-02-23,0.929312069056266,0.9165824145063853,2.4462866466656137,1.5600991894403387,934.0,-1350.8317279856833,-523.1326429372764,66.0225275014476,77.91202485103611,-601.0446677883125,0.08341758549361467,0.5600991894403387,False,False,500325-RELIANCE INDUSTRIES LTD.
2018-02-26,0.926872801721875,0.8952277577827352,2.4398656097432934,1.560099189440339,938.6,-1351.4578613050553,-525.7090992087022,68.63718830384812,98.33922654512469,-624.0483257538269,0.10477224221726478,0.5600991894403391,False,False,500325-RELIANCE INDUSTRIES LTD.
2018-02-27,0.9315184129998944,0.9216964836436908,2.452094544687137,1.713107973344099,949.95,-1379.4172127255458,-677.4169192782269,65.05408357075032,74.38442536267587,-751.8013446409028,0.07830351635630917,0.713107973344099,False,False,500325-RELIANCE INDUSTRIES LTD.
2018-02-28,0.9552045011902184,0.9451812339561236,2.514444925340835,1.495417715321766,952.45,-1442.4330691408784,-471.8606029582161,42.66547284137653,52.21213371849001,-524.0727366767061,0.054818766043876366,0.49541771532176604,False,False,500325-RELIANCE INDUSTRIES LTD.
2018-03-01,0.9691513887364144,0.9340232683186521,2.5511581951915687,1.4614555446936062,947.7,-1470.0326215830498,-437.32141970613065,29.235228894500096,62.52614861441339,-499.84756832054404,0.06597673168134788,0.46145554469360617,False,False,500325-RELIANCE INDUSTRIES LTD.
2018-03-05,0.9901856317649038,0.954690670310167,2.606527956928944,1.700396981368455,924.2,-1484.75313779373,-647.3068901807262,9.070439122875882,41.8748824993437,-689.1817726800699,0.04530932968983303,0.700396981368455,False,False,500325-RELIANCE INDUSTRIES LTD.
2018-03-06,0.9684071961386572,0.9681068129569622,2.5491992101799035,1.642214486827743,910.9,-1411.165560552874,-584.9931760513911,28.777885037297096,29.05150407750307,-614.0446801288941,0.031893187043037785,0.6422144868277431,False,False,500325-RELIANCE INDUSTRIES LTD.
2018-03-07,0.9679293898360836,0.9024280333097607,2.547941450578368,1.7469214598679847,891.55,-1380.0672002631443,-665.9178275453019,28.592552491639708,86.99028690268278,-752.9081144479846,0.09757196669023926,0.7469214598679847,False,False,500325-RELIANCE INDUSTRIES LTD.
2018-03-08,0.9499112282778284,0.9400279388073265,2.500511109915532,1.535462144569133,911.6,-1367.865927798999,-488.1272909892217,45.660924301931686,54.67053098324118,-542.7978219724629,0.05997206119267351,0.535462144569133,False,False,500325-RELIANCE INDUSTRIES LTD.
2018-03-09,0.948635289060821,0.9391078963005492,2.4971523748119493,1.5070669577610123,912.05,-1365.4778234472385,-462.47041882593135,46.847184612078195,55.53664317908408,-518.0070620050154,0.06089210369945075,0.5070669577610123,False,False,500325-RELIANCE INDUSTRIES LTD.
2018-03-12,0.9506784406633642,0.9045675268259303,2.5025306913633427,1.503612789444984,929.35,-1396.3768980185228,-468.0325458706958,45.83699116950254,88.69016894432161,-556.7227148150174,0.09543247317406967,0.503612789444984,False,False,500325-RELIANCE INDUSTRIES LTD.
2018-03-13,0.9677171827898052,0.9110792997692281,2.547382844614963,1.7519868022003293,930.6,-1439.994475198685,-699.7989181276265,30.042389695807287,82.74960363475634,-782.5485217623828,0.08892070023077192,0.7519868022003293,False,False,500325-RELIANCE INDUSTRIES LTD.
2018-03-14,0.9803442531926708,0.9548283532295118,2.580621876735147,1.3659300542156028,928.6,-1467.7654747362576,-339.80264834460866,18.252326485285835,41.94639119107535,-381.749039535684,0.04517164677048824,0.36593005421560276,False,False,500325-RELIANCE INDUSTRIES LTD.
2018-03-15,0.9860381994862056,0.939653598580767,2.595610409918463,1.6614123981573659,912.25,-1455.5955964481177,-603.373460219057,12.736652518708866,55.05100469469528,-658.4244649137523,0.060346401419232976,0.6614123981573659,False,False,500325-RELIANCE INDUSTRIES LTD.
2018-03-16,0.9924118936540948,0.9618808164710849,2.6123882862121297,1.6492224725958895,900.5,-1451.955651734023,-584.6248365725985,6.833089764487681,34.32632476778804,-618.9511613403865,0.03811918352891508,0.6492224725958895,False,False,500325-RELIANCE INDUSTRIES LTD.
2018-03-19,0.9848831371674012,0.9739796974009348,2.5925698666815418,1.6318379884374976,895.3,-1425.8278016399843,-565.6845510480916,13.53412729402578,23.295976916943005,-588.9805279650346,0.02602030259906518,0.6318379884374976,False,False,500325-RELIANCE INDUSTRIES LTD.
2018-03-20,0.9729968037032954,0.9436083410990828,2.561280723024358,1.3346233285361897,889.55,-1388.8372671663176,-297.6641818993676,24.020693265733485,50.163200175310976,-347.82738207467855,0.05639165890091724,0.3346233285361897,False,False,500325-RELIANCE INDUSTRIES LTD.
2018-03-21,0.9887439099512796,0.9911676022037381,2.602732821862575,1.5886765842196395,896.35,-1436.609564876519,-527.6602562652739,10.089396315170575,7.916919764679392,-535.5771760299533,0.008832397796261882,0.5886765842196395,True,False,500325-RELIANCE INDUSTRIES LTD.
2018-03-22,0.9797458520614838,0.9541351141760754,2.579046667776483,1.452158769364582,907.3,-1432.669041673603,-410.2436514444853,18.37658842461576,41.61321090804677,-451.85686235253206,0.04586488582392456,0.4521587693645821,False,False,500325-RELIANCE INDUSTRIES LTD.
2018-03-23,0.9809433857436524,0.9752943816488402,2.582199011056169,1.5534349792061188,892.85,-1412.6663870215007,-494.1344211841832,17.01469803878001,22.058411344833075,-516.1928325290163,0.024705618351159808,0.5534349792061188,False,False,500325-RELIANCE INDUSTRIES LTD.
2018-03-26,1.0011893973719983,0.977110811787697,2.63236293611237,1.3589102621793545,901.05,-1470.840623584051,-323.3960917367074,-1.071706502039092,20.624303038695643,-344.020394775403,0.022889188212303013,0.3589102621793545,False,False,500325-RELIANCE INDUSTRIES LTD.
2018-03-27,0.990086255180912,0.954744706048683,2.6031701579477984,1.6485043663796737,899.95,-1442.772983645121,-583.6215045233873,8.921874649938218,40.727501791487725,-624.349006314875,0.045255293951317,0.6485043663796737,False,False,500325-RELIANCE INDUSTRIES LTD.
2018-03-28,0.9833667111704496,0.9722515957640651,2.5855028927458834,1.6014930424048803,882.8,-1399.6819537160657,-530.9980578350282,14.683867378727086,24.496291259483314,-555.4943490945116,0.027748404235934943,0.6014930424048803,False,False,500325-RELIANCE INDUSTRIES LTD.
2018-04-02,0.9874315718914088,0.9400676828684181,2.5961903697910844,1.615246609865314,892.7,-1424.9191431125012,-549.2306486267657,11.21983577253934,53.50157950336313,-602.7322281301289,0.05993231713158187,0.615246609865314,False,False,500325-RELIANCE INDUSTRIES LTD.
2018-04-03,0.9747449682933554,0.9802091399440561,2.5628342983181693,1.5556723092077605,898.8,-1404.6754673283706,-499.43827151593496,22.69922249793217,17.788025018282383,-517.2262965342173,0.019790860055943882,0.5556723092077605,False,False,500325-RELIANCE INDUSTRIES LTD.
2018-04-04,0.9715306402857928,0.9667923095427581,2.554383072272602,1.5258919403439388,895.1,-1391.3282879912063,-470.7258758018596,25.48292388018683,29.724203728277303,-500.4500795301369,0.03320769045724192,0.5258919403439388,False,False,500325-RELIANCE INDUSTRIES LTD.
2018-04-05,0.9648490802903772,0.9694128330894352,2.5368156760002183,1.518025896372956,906.75,-1393.507614213198,-469.7199815361778,31.873096446700515,27.734913596154684,-497.45489513233247,0.030587166910564845,0.518025896372956,False,False,500325-RELIANCE INDUSTRIES LTD.
2018-04-06,0.9644279556986196,0.9686000350746179,2.535708440176769,1.5485250887907374,909.75,-1397.1107534508155,-499.0206995273734,32.361667303180866,28.566118090866325,-527.5868176182397,0.03139996492538211,0.5485250887907374,False,False,500325-RELIANCE INDUSTRIES LTD.
2018-04-09,0.9513481513373876,0.9284596041580802,2.5013185512082234,1.5677363306352574,916.05,-1375.282858834293,-520.0748656784276,44.56752596738613,65.5345796109907,-585.6094452894183,0.07154039584191985,0.5677363306352574,False,False,500325-RELIANCE INDUSTRIES LTD.
2018-04-10,0.9528866368389844,0.9686000350746179,2.5053635922591773,1.5485250887907374,916.45,-1379.5904641259233,-502.6958176222713,43.17704166891269,28.77649785586641,-531.4723154781377,0.03139996492538211,0.5485250887907374,False,False,500325-RELIANCE INDUSTRIES LTD.
2018-04-11,0.9414176918570591,0.9315809742063532,2.4752090323267826,1.5210229237707404,929.05,-1370.5429514831974,-484.05634732920635,54.42589338019923,63.56469591358757,-547.6210432427939,0.06841902579364678,0.5210229237707404,False,False,500325-RELIANCE INDUSTRIES LTD.
2018-04-12,0.9430248066150974,0.9583729064893414,2.479434515870899,1.5346374339521656,927.55,-1372.249485196052,-495.90295186233107,52.84734062416646,38.611210585811364,-534.5141624481424,0.04162709351065863,0.5346374339521656,False,False,500325-RELIANCE INDUSTRIES LTD.
2018-04-13,0.9365794214263008,0.944326356808015,2.462488078838614,1.5417145065713185,938.85,-1373.056932817633,-508.58866449448226,59.542410193917476,52.26919991079512,-560.8578644052774,0.05567364319198498,0.5417145065713185,False,False,500325-RELIANCE INDUSTRIES LTD.
2018-04-16,0.9432764140875134,0.9551917366416234,2.480096051227321,1.525683882271719,937.25,-1387.2200240128068,-492.6972186591686,53.164180896478115,41.996544832638506,-534.6937634918071,0.04480826335837662,0.5256838822717189,False,False,500325-RELIANCE INDUSTRIES LTD.
2018-04-17,0.9390172642762284,0.9670164019714502,2.4688977423638776,1.490507073012287,943.7,-1386.1987994687913,-462.89152480169514,57.54940770252324,31.126621459542434,-494.0181462612376,0.032983598028549777,0.4905070730122869,False,False,500325-RELIANCE INDUSTRIES LTD.
2018-04-18,0.9523732557513066,0.9721498707165651,2.5040137923603254,1.6642278028333948,937.0,-1409.260923441625,-622.3814512548909,44.626259361025745,26.09557113857852,-648.4770223934694,0.027850129283434888,0.6642278028333948,False,False,500325-RELIANCE INDUSTRIES LTD.
2018-04-19,0.945142490509544,0.9909614506842119,2.4850024060311178,1.7235485352996158,941.25,-1397.7585146767897,-681.0400588507634,51.634630807891654,8.507534543485576,-689.547593394249,0.00903854931578807,0.7235485352996158,True,False,500325-RELIANCE INDUSTRIES LTD.
2018-04-20,0.911420469193091,0.9423156215058637,2.3963392626965714,1.465579110466663,928.05,-1295.872652745553,-432.08069346858656,82.2062335653518,53.53398746148321,-485.61468093006977,0.057684378494136324,0.4655791104666629,False,False,500325-RELIANCE INDUSTRIES LTD.
2018-04-23,0.9105284845987432,0.9193488804972872,2.3939940249304623,1.5329452580711178,935.15,-1303.5935124137218,-498.38375808520584,83.66928762748523,75.42089440296184,-573.8046524881677,0.08065111950271275,0.5329452580711178,False,False,500325-RELIANCE INDUSTRIES LTD.
2018-04-24,0.9061875224278464,0.9057938113484513,2.382580612087968,1.7054603193906086,969.75,-1340.7575485723069,-684.1201447290427,90.97465012559599,91.35645144483942,-775.4765961738822,0.09420618865154873,0.7054603193906086,False,False,500325-RELIANCE INDUSTRIES LTD.
2018-04-25,0.888514702186479,0.9161885722283365,2.336114601658708,1.5959489351216347,970.7,-1296.9664438301081,-578.4876313225709,108.2187785875849,81.35575293795375,-659.8433842605247,0.0838114277716635,0.5959489351216347,False,False,500325-RELIANCE INDUSTRIES LTD.
2018-04-26,0.9177136330599108,0.8904269737102579,2.41288547399024,1.712241825220909,975.35,-1378.057847056381,-694.6850642292137,80.25800799501599,106.87205119169994,-801.5571154209136,0.10957302628974208,0.7122418252209091,False,False,500325-RELIANCE INDUSTRIES LTD.
2018-04-27,0.9083761562178828,0.9143776876174827,2.388335046248715,1.564866384850848,994.75,-1381.0462872559096,-561.900836330381,91.14281860226106,85.1727952425091,-647.0736315728901,0.08562231238251727,0.564866384850848,False,False,500325-RELIANCE INDUSTRIES LTD.
2018-04-30,0.9181903178890504,0.9370315577758598,2.414138790774984,1.6850061700991952,963.1,-1361.9570693953874,-659.7294424225348,78.79090484105564,60.64490670606949,-720.3743491286043,0.06296844222414022,0.6850061700991952,False,False,500325-RELIANCE INDUSTRIES LTD.
2018-05-02,0.9265646294160814,0.9540537239526291,2.436156829856379,1.6412019122922228,973.0,-1397.3805954502568,-623.8894606603328,71.45261557815275,44.70572659409186,-668.5951872544247,0.04594627604737089,0.6412019122922228,False,False,500325-RELIANCE INDUSTRIES LTD.
2018-05-03,0.9094510469722694,0.8852707656527722,2.391161187426043,1.5291871494603766,962.6,-1339.131759016309,-509.39555007055844,87.1624221844935,110.43836098264148,-619.8339110531999,0.11472923434722782,0.5291871494603766,False,False,500325-RELIANCE INDUSTRIES LTD.
2018-05-04,0.9133984395184208,0.9424318937296674,2.4015398129488967,1.5353809251588753,953.9,-1336.9288275719523,-510.69986450905105,82.60922854337844,54.91421657127023,-565.6140810803213,0.0575681062703326,0.5353809251588753,False,False,500325-RELIANCE INDUSTRIES LTD.
